0.000000000	  0.346 	  -85.32 	 
0.000200000	  0.347 	  -84.82 	 
0.000400000	  0.347 	  -84.01 	 
0.000600000	  0.346 	  -82.96 	 
0.000800000	  0.347 	  -81.68 	 
0.001000000	  0.348 	  -80.29 	 
0.001200000	  0.349 	  -78.64 	 
0.001400000	  0.350 	  -76.81 	 
0.001600000	  0.350 	  -74.69 	 
0.001800000	  0.352 	  -72.53 	 
0.002000000	  0.353 	  -70.25 	 
0.002200000	  0.354 	  -67.84 	 
0.002400000	  0.356 	  -65.25 	 
0.002600000	  0.357 	  -62.36 	 
0.002800000	  0.360 	  -59.53 	 
0.003000000	  0.361 	  -56.68 	 
0.003200000	  0.363 	  -53.97 	 
0.003400000	  0.365 	  -51.36 	 
0.003600000	  0.366 	  -48.92 	 
0.003800000	  0.368 	  -46.67 	 
0.004000000	  0.369 	  -44.63 	 
0.004200000	  0.371 	  -42.84 	 
0.004400000	  0.373 	  -41.26 	 
0.004600000	  0.373 	  -39.95 	 
0.004800000	  0.374 	  -38.83 	 
0.005000000	  0.375 	  -38.10 	 
0.005200000	  0.376 	  -37.71 	 
0.005400000	  0.376 	  -37.71 	 
0.005600000	  0.377 	  -38.01 	 
0.005800000	  0.376 	  -38.65 	 
0.006000000	  0.376 	  -39.57 	 
0.006200000	  0.376 	  -40.70 	 
0.006400000	  0.375 	  -41.94 	 
0.006600000	  0.375 	  -43.38 	 
0.006800000	  0.374 	  -44.98 	 
0.007000000	  0.373 	  -46.84 	 
0.007200000	  0.373 	  -48.93 	 
0.007400000	  0.372 	  -51.19 	 
0.007600000	  0.370 	  -53.68 	 
0.007800000	  0.368 	  -56.28 	 
0.008000000	  0.367 	  -59.08 	 
0.008200000	  0.366 	  -62.05 	 
0.008400000	  0.363 	  -65.07 	 
0.008600000	  0.361 	  -67.98 	 
0.008800000	  0.359 	  -70.67 	 
0.009000000	  0.356 	  -73.14 	 
0.009200000	  0.355 	  -75.37 	 
0.009400000	  0.353 	  -77.43 	 
0.009600000	  0.352 	  -79.25 	 
0.009800000	  0.351 	  -80.92 	 
0.010000000	  0.350 	  -82.36 	 
0.010200000	  0.349 	  -83.57 	 
0.010400000	  0.348 	  -84.50 	 
0.010600000	  0.347 	  -85.17 	 
0.010800000	  0.346 	  -85.50 	 
0.011000000	  0.347 	  -85.51 	 
0.011200000	  0.346 	  -85.13 	 
0.011400000	  0.345 	  -84.48 	 
0.011600000	  0.346 	  -83.55 	 
0.011800000	  0.347 	  -82.36 	 
0.012000000	  0.347 	  -81.07 	 
0.012200000	  0.348 	  -79.61 	 
0.012400000	  0.350 	  -77.88 	 
0.012600000	  0.350 	  -76.01 	 
0.012800000	  0.352 	  -73.82 	 
0.013000000	  0.352 	  -71.54 	 
0.013200000	  0.354 	  -69.14 	 
0.013400000	  0.355 	  -66.63 	 
0.013600000	  0.356 	  -63.89 	 
0.013800000	  0.358 	  -61.02 	 
0.014000000	  0.360 	  -58.28 	 
0.014200000	  0.361 	  -55.50 	 
0.014400000	  0.363 	  -52.92 	 
0.014600000	  0.365 	  -50.35 	 
0.014800000	  0.366 	  -48.00 	 
0.015000000	  0.368 	  -45.78 	 
0.015200000	  0.370 	  -43.80 	 
0.015400000	  0.371 	  -42.05 	 
0.015600000	  0.373 	  -40.55 	 
0.015800000	  0.374 	  -39.32 	 
0.016000000	  0.375 	  -38.33 	 
0.016200000	  0.376 	  -37.79 	 
0.016400000	  0.376 	  -37.61 	 
0.016600000	  0.376 	  -37.82 	 
0.016800000	  0.376 	  -38.32 	 
0.017000000	  0.375 	  -39.12 	 
0.017200000	  0.376 	  -40.06 	 
0.017400000	  0.375 	  -41.21 	 
0.017600000	  0.376 	  -42.49 	 
0.017800000	  0.375 	  -43.98 	 
0.018000000	  0.374 	  -45.68 	 
0.018200000	  0.374 	  -47.68 	 
0.018400000	  0.372 	  -49.91 	 
0.018600000	  0.371 	  -52.35 	 
0.018800000	  0.369 	  -54.91 	 
0.019000000	  0.368 	  -57.58 	 
0.019200000	  0.366 	  -60.45 	 
0.019400000	  0.364 	  -63.38 	 
0.019600000	  0.362 	  -66.31 	 
0.019799999	  0.361 	  -69.11 	 
0.019999999	  0.358 	  -71.73 	 
0.020199999	  0.356 	  -74.13 	 
0.020399999	  0.355 	  -76.30 	 
0.020599999	  0.354 	  -78.27 	 
0.020799999	  0.352 	  -80.04 	 
0.020999999	  0.350 	  -81.65 	 
0.021199999	  0.349 	  -82.99 	 
0.021399999	  0.348 	  -84.09 	 
0.021599999	  0.348 	  -84.89 	 
0.021799999	  0.347 	  -85.33 	 
0.021999999	  0.347 	  -85.50 	 
0.022199999	  0.346 	  -85.33 	 
0.022399999	  0.346 	  -84.84 	 
0.022599999	  0.346 	  -84.08 	 
0.022799999	  0.346 	  -83.06 	 
0.022999999	  0.347 	  -81.80 	 
0.023199999	  0.348 	  -80.44 	 
0.023399999	  0.348 	  -78.82 	 
0.023599999	  0.349 	  -76.98 	 
0.023799999	  0.351 	  -74.87 	 
0.023999999	  0.352 	  -72.72 	 
0.024199999	  0.353 	  -70.49 	 
0.024399999	  0.355 	  -68.10 	 
0.024599999	  0.356 	  -65.58 	 
0.024799999	  0.357 	  -62.68 	 
0.024999999	  0.359 	  -59.86 	 
0.025199999	  0.361 	  -57.02 	 
0.025399999	  0.363 	  -54.29 	 
0.025599999	  0.365 	  -51.64 	 
0.025799999	  0.366 	  -49.19 	 
0.025999999	  0.367 	  -46.93 	 
0.026199999	  0.369 	  -44.85 	 
0.026399999	  0.370 	  -43.03 	 
0.026599999	  0.372 	  -41.43 	 
0.026799999	  0.374 	  -40.09 	 
0.026999999	  0.374 	  -38.90 	 
0.027199999	  0.375 	  -38.10 	 
0.027399999	  0.376 	  -37.68 	 
0.027599999	  0.377 	  -37.64 	 
0.027799999	  0.376 	  -37.90 	 
0.027999999	  0.376 	  -38.56 	 
0.028199999	  0.376 	  -39.45 	 
0.028399999	  0.376 	  -40.55 	 
0.028599999	  0.376 	  -41.81 	 
0.028799999	  0.375 	  -43.20 	 
0.028999999	  0.374 	  -44.78 	 
0.029199999	  0.373 	  -46.56 	 
0.029399999	  0.373 	  -48.60 	 
0.029599999	  0.371 	  -50.87 	 
0.029799999	  0.370 	  -53.36 	 
0.029999999	  0.368 	  -55.98 	 
0.030199999	  0.367 	  -58.80 	 
0.030399999	  0.366 	  -61.72 	 
0.030599999	  0.363 	  -64.72 	 
0.030799999	  0.361 	  -67.62 	 
0.030999999	  0.359 	  -70.29 	 
0.031199999	  0.357 	  -72.79 	 
0.031399999	  0.355 	  -75.05 	 
0.031599999	  0.354 	  -77.13 	 
0.031799999	  0.353 	  -79.01 	 
0.031999999	  0.351 	  -80.75 	 
0.032199999	  0.350 	  -82.30 	 
0.032399999	  0.349 	  -83.56 	 
0.032599999	  0.348 	  -84.55 	 
0.032799999	  0.347 	  -85.17 	 
0.032999999	  0.347 	  -85.52 	 
0.033199999	  0.346 	  -85.48 	 
0.033399999	  0.346 	  -85.15 	 
0.033599999	  0.346 	  -84.54 	 
0.033799999	  0.346 	  -83.66 	 
0.033999999	  0.347 	  -82.52 	 
0.034199999	  0.347 	  -81.26 	 
0.034399999	  0.348 	  -79.81 	 
0.034599999	  0.349 	  -78.06 	 
0.034799999	  0.350 	  -76.18 	 
0.034999999	  0.351 	  -74.00 	 
0.035199999	  0.352 	  -71.75 	 
0.035399999	  0.353 	  -69.37 	 
0.035599999	  0.355 	  -66.90 	 
0.035799999	  0.357 	  -64.20 	 
0.035999999	  0.358 	  -61.32 	 
0.036199999	  0.360 	  -58.53 	 
0.036399999	  0.362 	  -55.74 	 
0.036599999	  0.363 	  -53.11 	 
0.036799999	  0.365 	  -50.52 	 
0.036999999	  0.367 	  -48.18 	 
0.037199999	  0.368 	  -45.96 	 
0.037399999	  0.370 	  -43.96 	 
0.037599999	  0.371 	  -42.21 	 
0.037799999	  0.372 	  -40.71 	 
0.037999999	  0.373 	  -39.43 	 
0.038199999	  0.375 	  -38.43 	 
0.038399999	  0.376 	  -37.86 	 
0.038599999	  0.376 	  -37.64 	 
0.038799999	  0.377 	  -37.81 	 
0.038999999	  0.376 	  -38.24 	 
0.039199999	  0.376 	  -38.98 	 
0.039399999	  0.376 	  -39.96 	 
0.039599999	  0.376 	  -41.09 	 
0.039799999	  0.375 	  -42.39 	 
0.039999999	  0.375 	  -43.85 	 
0.040199999	  0.374 	  -45.50 	 
0.040399999	  0.373 	  -47.45 	 
0.040599999	  0.372 	  -49.63 	 
0.040799999	  0.371 	  -52.02 	 
0.040999999	  0.369 	  -54.57 	 
0.041199999	  0.368 	  -57.25 	 
0.041399999	  0.366 	  -60.12 	 
0.041599999	  0.364 	  -63.06 	 
0.041799999	  0.362 	  -66.01 	 
0.041999999	  0.360 	  -68.79 	 
0.042199999	  0.358 	  -71.39 	 
0.042399999	  0.357 	  -73.78 	 
0.042599999	  0.355 	  -75.98 	 
0.042799999	  0.353 	  -78.01 	 
0.042999999	  0.352 	  -79.85 	 
0.043199999	  0.351 	  -81.49 	 
0.043399999	  0.349 	  -82.88 	 
0.043599999	  0.349 	  -84.01 	 
0.043799999	  0.348 	  -84.80 	 
0.043999999	  0.347 	  -85.26 	 
0.044199999	  0.347 	  -85.41 	 
0.044399999	  0.347 	  -85.26 	 
0.044599999	  0.346 	  -84.84 	 
0.044799999	  0.346 	  -84.19 	 
0.044999999	  0.347 	  -83.22 	 
0.045199999	  0.347 	  -82.04 	 
0.045399999	  0.348 	  -80.64 	 
0.045599999	  0.349 	  -79.00 	 
0.045799999	  0.350 	  -77.20 	 
0.045999999	  0.350 	  -75.14 	 
0.046199999	  0.351 	  -73.04 	 
0.046399999	  0.353 	  -70.82 	 
0.046599999	  0.354 	  -68.47 	 
0.046799999	  0.355 	  -65.96 	 
0.046999999	  0.357 	  -63.08 	 
0.047199999	  0.358 	  -60.21 	 
0.047399999	  0.360 	  -57.33 	 
0.047599999	  0.362 	  -54.59 	 
0.047799999	  0.364 	  -51.91 	 
0.047999999	  0.366 	  -49.43 	 
0.048199999	  0.368 	  -47.12 	 
0.048399999	  0.369 	  -45.04 	 
0.048599999	  0.371 	  -43.20 	 
0.048799999	  0.373 	  -41.56 	 
0.048999999	  0.373 	  -40.20 	 
0.049199999	  0.374 	  -39.04 	 
0.049399999	  0.375 	  -38.19 	 
0.049599999	  0.376 	  -37.74 	 
0.049799999	  0.376 	  -37.65 	 
0.049999999	  0.376 	  -37.89 	 
0.050199999	  0.377 	  -38.45 	 
0.050399999	  0.377 	  -39.31 	 
0.050599999	  0.377 	  -40.39 	 
0.050799999	  0.376 	  -41.64 	 
0.050999999	  0.375 	  -43.03 	 
0.051199999	  0.374 	  -44.61 	 
0.051399999	  0.374 	  -46.38 	 
0.051599999	  0.373 	  -48.42 	 
0.051799999	  0.372 	  -50.66 	 
0.051999999	  0.371 	  -53.14 	 
0.052199999	  0.369 	  -55.72 	 
0.052399999	  0.367 	  -58.50 	 
0.052599999	  0.365 	  -61.45 	 
0.052799999	  0.364 	  -64.43 	 
0.052999999	  0.361 	  -67.33 	 
0.053199999	  0.359 	  -70.07 	 
0.053399999	  0.358 	  -72.60 	 
0.053599999	  0.356 	  -74.90 	 
0.053799999	  0.354 	  -76.98 	 
0.053999999	  0.353 	  -78.85 	 
0.054199999	  0.351 	  -80.53 	 
0.054399999	  0.350 	  -82.04 	 
0.054599999	  0.349 	  -83.31 	 
0.054799999	  0.348 	  -84.30 	 
0.054999999	  0.347 	  -85.02 	 
0.055199999	  0.346 	  -85.43 	 
0.055399999	  0.346 	  -85.50 	 
0.055599999	  0.345 	  -85.22 	 
0.055799999	  0.346 	  -84.62 	 
0.055999999	  0.346 	  -83.75 	 
0.056199999	  0.347 	  -82.60 	 
0.056399999	  0.347 	  -81.31 	 
0.056599999	  0.348 	  -79.87 	 
0.056799999	  0.349 	  -78.18 	 
0.056999999	  0.350 	  -76.42 	 
0.057199999	  0.351 	  -74.30 	 
0.057399999	  0.352 	  -72.07 	 
0.057599999	  0.353 	  -69.70 	 
0.057799999	  0.354 	  -67.20 	 
0.057999999	  0.356 	  -64.53 	 
0.058199999	  0.358 	  -61.64 	 
0.058399999	  0.359 	  -58.87 	 
0.058599999	  0.362 	  -56.07 	 
0.058799999	  0.363 	  -53.48 	 
0.058999999	  0.364 	  -50.90 	 
0.059199999	  0.366 	  -48.54 	 
0.059399998	  0.368 	  -46.27 	 
0.059599998	  0.369 	  -44.26 	 
0.059799998	  0.371 	  -42.44 	 
0.059999998	  0.373 	  -40.88 	 
0.060199998	  0.374 	  -39.57 	 
0.060399998	  0.374 	  -38.54 	 
0.060599998	  0.376 	  -37.94 	 
0.060799998	  0.376 	  -37.73 	 
0.060999998	  0.376 	  -37.89 	 
0.061199998	  0.376 	  -38.27 	 
0.061399998	  0.376 	  -38.93 	 
0.061599998	  0.377 	  -39.78 	 
0.061799998	  0.376 	  -40.86 	 
0.061999998	  0.375 	  -42.10 	 
0.062199998	  0.374 	  -43.58 	 
0.062399998	  0.374 	  -45.25 	 
0.062599998	  0.373 	  -47.23 	 
0.062799998	  0.372 	  -49.45 	 
0.062999998	  0.371 	  -51.82 	 
0.063199998	  0.370 	  -54.34 	 
0.063399998	  0.368 	  -56.97 	 
0.063599998	  0.366 	  -59.81 	 
0.063799998	  0.364 	  -62.73 	 
0.063999998	  0.362 	  -65.66 	 
0.064199998	  0.361 	  -68.47 	 
0.064399998	  0.359 	  -71.09 	 
0.064599998	  0.357 	  -73.58 	 
0.064799998	  0.355 	  -75.83 	 
0.064999998	  0.353 	  -77.93 	 
0.065199998	  0.352 	  -79.80 	 
0.065399998	  0.352 	  -81.43 	 
0.065599998	  0.349 	  -82.78 	 
0.065799998	  0.349 	  -83.88 	 
0.065999998	  0.348 	  -84.67 	 
0.066199998	  0.347 	  -85.19 	 
0.066399998	  0.346 	  -85.44 	 
0.066599998	  0.346 	  -85.39 	 
0.066799998	  0.346 	  -85.06 	 
0.066999998	  0.346 	  -84.40 	 
0.067199998	  0.346 	  -83.42 	 
0.067399998	  0.347 	  -82.17 	 
0.067599998	  0.347 	  -80.83 	 
0.067799998	  0.348 	  -79.28 	 
0.067999998	  0.349 	  -77.48 	 
0.068199998	  0.350 	  -75.62 	 
0.068399998	  0.351 	  -73.41 	 
0.068599998	  0.352 	  -71.10 	 
0.068799998	  0.354 	  -68.61 	 
0.068999998	  0.355 	  -65.99 	 
0.069199998	  0.357 	  -63.21 	 
0.069399998	  0.358 	  -60.35 	 
0.069599998	  0.361 	  -57.62 	 
0.069799998	  0.363 	  -54.88 	 
0.069999998	  0.364 	  -52.33 	 
0.070199998	  0.366 	  -49.82 	 
0.070399998	  0.367 	  -47.51 	 
0.070599998	  0.369 	  -45.34 	 
0.070799998	  0.369 	  -43.45 	 
0.070999998	  0.371 	  -41.75 	 
0.071199998	  0.373 	  -40.31 	 
0.071399998	  0.374 	  -39.09 	 
0.071599998	  0.375 	  -38.23 	 
0.071799998	  0.376 	  -37.77 	 
0.071999998	  0.376 	  -37.70 	 
0.072199998	  0.376 	  -37.97 	 
0.072399998	  0.377 	  -38.53 	 
0.072599998	  0.376 	  -39.38 	 
0.072799998	  0.376 	  -40.38 	 
0.072999998	  0.376 	  -41.54 	 
0.073199998	  0.375 	  -42.87 	 
0.073399998	  0.374 	  -44.39 	 
0.073599998	  0.373 	  -46.14 	 
0.073799998	  0.373 	  -48.20 	 
0.073999998	  0.371 	  -50.45 	 
0.074199998	  0.370 	  -52.95 	 
0.074399998	  0.369 	  -55.52 	 
0.074599998	  0.367 	  -58.26 	 
0.074799998	  0.365 	  -61.13 	 
0.074999998	  0.363 	  -64.07 	 
0.075199998	  0.362 	  -66.96 	 
0.075399998	  0.360 	  -69.69 	 
0.075599998	  0.358 	  -72.24 	 
0.075799998	  0.356 	  -74.57 	 
0.075999998	  0.355 	  -76.74 	 
0.076199998	  0.353 	  -78.71 	 
0.076399998	  0.352 	  -80.48 	 
0.076599998	  0.350 	  -82.04 	 
0.076799998	  0.349 	  -83.33 	 
0.076999998	  0.348 	  -84.37 	 
0.077199998	  0.347 	  -85.04 	 
0.077399998	  0.347 	  -85.44 	 
0.077599998	  0.347 	  -85.44 	 
0.077799998	  0.346 	  -85.19 	 
0.077999998	  0.347 	  -84.66 	 
0.078199998	  0.346 	  -83.88 	 
0.078399998	  0.347 	  -82.85 	 
0.078599998	  0.347 	  -81.62 	 
0.078799998	  0.347 	  -80.17 	 
0.078999998	  0.349 	  -78.47 	 
0.079199998	  0.349 	  -76.53 	 
0.079399998	  0.350 	  -74.45 	 
0.079599998	  0.352 	  -72.37 	 
0.079799998	  0.353 	  -70.14 	 
0.079999998	  0.355 	  -67.77 	 
0.080199998	  0.355 	  -65.09 	 
0.080399998	  0.357 	  -62.17 	 
0.080599998	  0.359 	  -59.24 	 
0.080799998	  0.361 	  -56.39 	 
0.080999998	  0.363 	  -53.68 	 
0.081199998	  0.364 	  -51.10 	 
0.081399998	  0.366 	  -48.66 	 
0.081599998	  0.368 	  -46.45 	 
0.081799998	  0.369 	  -44.45 	 
0.081999998	  0.371 	  -42.70 	 
0.082199998	  0.373 	  -41.15 	 
0.082399998	  0.374 	  -39.86 	 
0.082599998	  0.374 	  -38.77 	 
0.082799998	  0.375 	  -38.04 	 
0.082999998	  0.376 	  -37.64 	 
0.083199998	  0.376 	  -37.66 	 
0.083399998	  0.376 	  -37.99 	 
0.083599998	  0.376 	  -38.72 	 
0.083799998	  0.376 	  -39.70 	 
0.083999998	  0.376 	  -40.91 	 
0.084199998	  0.376 	  -42.24 	 
0.084399998	  0.375 	  -43.67 	 
0.084599998	  0.374 	  -45.27 	 
0.084799998	  0.373 	  -47.06 	 
0.084999998	  0.372 	  -49.15 	 
0.085199998	  0.371 	  -51.47 	 
0.085399998	  0.369 	  -54.01 	 
0.085599998	  0.368 	  -56.70 	 
0.085799998	  0.367 	  -59.57 	 
0.085999998	  0.365 	  -62.54 	 
0.086199998	  0.362 	  -65.49 	 
0.086399998	  0.361 	  -68.34 	 
0.086599998	  0.358 	  -70.95 	 
0.086799998	  0.357 	  -73.37 	 
0.086999998	  0.355 	  -75.58 	 
0.087199998	  0.354 	  -77.65 	 
0.087399998	  0.352 	  -79.47 	 
0.087599998	  0.351 	  -81.16 	 
0.087799998	  0.350 	  -82.65 	 
0.087999998	  0.349 	  -83.86 	 
0.088199998	  0.347 	  -84.78 	 
0.088399998	  0.347 	  -85.35 	 
0.088599998	  0.346 	  -85.55 	 
0.088799998	  0.346 	  -85.41 	 
0.088999998	  0.346 	  -85.02 	 
0.089199998	  0.346 	  -84.36 	 
0.089399998	  0.346 	  -83.44 	 
0.089599998	  0.347 	  -82.30 	 
0.089799998	  0.347 	  -81.05 	 
0.089999998	  0.348 	  -79.55 	 
0.090199998	  0.349 	  -77.76 	 
0.090399998	  0.350 	  -75.90 	 
0.090599998	  0.352 	  -73.67 	 
0.090799998	  0.352 	  -71.36 	 
0.090999998	  0.353 	  -68.89 	 
0.091199998	  0.355 	  -66.31 	 
0.091399998	  0.356 	  -63.56 	 
0.091599998	  0.359 	  -60.69 	 
0.091799998	  0.360 	  -57.98 	 
0.091999998	  0.361 	  -55.22 	 
0.092199998	  0.364 	  -52.67 	 
0.092399998	  0.366 	  -50.13 	 
0.092599998	  0.367 	  -47.80 	 
0.092799998	  0.369 	  -45.57 	 
0.092999998	  0.370 	  -43.63 	 
0.093199998	  0.372 	  -41.88 	 
0.093399998	  0.373 	  -40.44 	 
0.093599998	  0.374 	  -39.23 	 
0.093799998	  0.374 	  -38.33 	 
0.093999998	  0.376 	  -37.84 	 
0.094199998	  0.375 	  -37.73 	 
0.094399998	  0.376 	  -37.96 	 
0.094599998	  0.376 	  -38.47 	 
0.094799998	  0.376 	  -39.24 	 
0.094999998	  0.376 	  -40.21 	 
0.095199998	  0.375 	  -41.36 	 
0.095399998	  0.375 	  -42.66 	 
0.095599998	  0.374 	  -44.17 	 
0.095799998	  0.374 	  -45.88 	 
0.095999998	  0.373 	  -47.94 	 
0.096199998	  0.372 	  -50.20 	 
0.096399998	  0.370 	  -52.69 	 
0.096599998	  0.369 	  -55.30 	 
0.096799998	  0.367 	  -57.99 	 
0.096999998	  0.365 	  -60.87 	 
0.097199998	  0.363 	  -63.78 	 
0.097399998	  0.362 	  -66.69 	 
0.097599998	  0.360 	  -69.38 	 
0.097799998	  0.359 	  -71.96 	 
0.097999998	  0.356 	  -74.35 	 
0.098199998	  0.355 	  -76.55 	 
0.098399998	  0.353 	  -78.58 	 
0.098599998	  0.352 	  -80.38 	 
0.098799998	  0.350 	  -81.97 	 
0.098999997	  0.350 	  -83.29 	 
0.099199997	  0.348 	  -84.31 	 
0.099399997	  0.347 	  -85.00 	 
0.099599997	  0.347 	  -85.37 	 
0.099799997	  0.346 	  -85.46 	 
0.099999997	  0.346 	  -85.25 	 
0.100199997	  0.346 	  -84.81 	 
0.100399997	  0.346 	  -84.12 	 
0.100599997	  0.346 	  -83.10 	 
0.100799997	  0.346 	  -81.83 	 
0.100999997	  0.348 	  -80.39 	 
0.101199997	  0.348 	  -78.67 	 
0.101399997	  0.349 	  -76.81 	 
0.101599997	  0.351 	  -74.67 	 
0.101799997	  0.352 	  -72.55 	 
0.101999997	  0.353 	  -70.29 	 
0.102199997	  0.354 	  -67.93 	 
0.102399997	  0.356 	  -65.40 	 
0.102599997	  0.357 	  -62.49 	 
0.102799997	  0.360 	  -59.65 	 
0.102999997	  0.361 	  -56.75 	 
0.103199997	  0.362 	  -54.01 	 
0.103399997	  0.364 	  -51.34 	 
0.103599997	  0.366 	  -48.88 	 
0.103799997	  0.368 	  -46.61 	 
0.103999997	  0.369 	  -44.61 	 
0.104199997	  0.370 	  -42.83 	 
0.104399997	  0.372 	  -41.29 	 
0.104599997	  0.373 	  -40.01 	 
0.104799997	  0.374 	  -38.90 	 
0.104999997	  0.375 	  -38.16 	 
0.105199997	  0.376 	  -37.75 	 
0.105399997	  0.376 	  -37.74 	 
0.105599997	  0.376 	  -38.03 	 
0.105799997	  0.376 	  -38.69 	 
0.105999997	  0.376 	  -39.61 	 
0.106199997	  0.376 	  -40.72 	 
0.106399997	  0.376 	  -42.03 	 
0.106599997	  0.375 	  -43.47 	 
0.106799997	  0.374 	  -45.05 	 
0.106999997	  0.374 	  -46.88 	 
0.107199997	  0.373 	  -48.92 	 
0.107399997	  0.371 	  -51.25 	 
0.107599997	  0.370 	  -53.76 	 
0.107799997	  0.368 	  -56.42 	 
0.107999997	  0.367 	  -59.23 	 
0.108199997	  0.365 	  -62.18 	 
0.108399997	  0.363 	  -65.12 	 
0.108599997	  0.360 	  -67.97 	 
0.108799997	  0.359 	  -70.62 	 
0.108999997	  0.357 	  -73.11 	 
0.109199997	  0.355 	  -75.36 	 
0.109399997	  0.353 	  -77.41 	 
0.109599997	  0.352 	  -79.32 	 
0.109799997	  0.351 	  -81.03 	 
0.109999997	  0.350 	  -82.53 	 
0.110199997	  0.348 	  -83.79 	 
0.110399997	  0.347 	  -84.71 	 
0.110599997	  0.347 	  -85.30 	 
0.110799997	  0.347 	  -85.56 	 
0.110999997	  0.347 	  -85.49 	 
0.111199997	  0.346 	  -85.12 	 
0.111399997	  0.346 	  -84.49 	 
0.111599997	  0.346 	  -83.59 	 
0.111799997	  0.346 	  -82.46 	 
0.111999997	  0.347 	  -81.18 	 
0.112199997	  0.348 	  -79.71 	 
0.112399997	  0.349 	  -77.93 	 
0.112599997	  0.350 	  -76.06 	 
0.112799997	  0.351 	  -73.86 	 
0.112999997	  0.352 	  -71.65 	 
0.113199997	  0.354 	  -69.23 	 
0.113399997	  0.355 	  -66.74 	 
0.113599997	  0.357 	  -64.02 	 
0.113799997	  0.358 	  -61.11 	 
0.113999997	  0.360 	  -58.33 	 
0.114199997	  0.362 	  -55.56 	 
0.114399997	  0.363 	  -52.92 	 
0.114599997	  0.365 	  -50.34 	 
0.114799997	  0.367 	  -47.98 	 
0.114999997	  0.368 	  -45.74 	 
0.115199997	  0.370 	  -43.77 	 
0.115399997	  0.372 	  -42.03 	 
0.115599997	  0.373 	  -40.56 	 
0.115799997	  0.373 	  -39.32 	 
0.115999997	  0.374 	  -38.39 	 
0.116199997	  0.376 	  -37.84 	 
0.116399997	  0.375 	  -37.68 	 
0.116599997	  0.376 	  -37.89 	 
0.116799997	  0.377 	  -38.36 	 
0.116999997	  0.376 	  -39.11 	 
0.117199997	  0.375 	  -40.06 	 
0.117399997	  0.376 	  -41.21 	 
0.117599997	  0.375 	  -42.54 	 
0.117799997	  0.374 	  -44.02 	 
0.117999997	  0.374 	  -45.73 	 
0.118199997	  0.373 	  -47.73 	 
0.118399997	  0.372 	  -49.95 	 
0.118599997	  0.371 	  -52.43 	 
0.118799997	  0.369 	  -54.97 	 
0.118999997	  0.367 	  -57.68 	 
0.119199997	  0.366 	  -60.55 	 
0.119399997	  0.364 	  -63.48 	 
0.119599997	  0.362 	  -66.37 	 
0.119799997	  0.360 	  -69.11 	 
0.119999997	  0.359 	  -71.69 	 
0.120199997	  0.356 	  -74.09 	 
0.120399997	  0.355 	  -76.32 	 
0.120599997	  0.353 	  -78.37 	 
0.120799997	  0.351 	  -80.22 	 
0.120999997	  0.351 	  -81.84 	 
0.121199997	  0.349 	  -83.20 	 
0.121399997	  0.348 	  -84.24 	 
0.121599997	  0.348 	  -84.96 	 
0.121799997	  0.347 	  -85.37 	 
0.121999997	  0.347 	  -85.47 	 
0.122199997	  0.347 	  -85.30 	 
0.122399997	  0.347 	  -84.88 	 
0.122599997	  0.346 	  -84.19 	 
0.122799997	  0.346 	  -83.19 	 
0.122999997	  0.346 	  -81.97 	 
0.123199997	  0.347 	  -80.55 	 
0.123399997	  0.349 	  -78.85 	 
0.123599997	  0.349 	  -76.99 	 
0.123799997	  0.351 	  -74.89 	 
0.123999997	  0.352 	  -72.78 	 
0.124199997	  0.353 	  -70.58 	 
0.124399997	  0.354 	  -68.25 	 
0.124599997	  0.355 	  -65.73 	 
0.124799997	  0.357 	  -62.91 	 
0.124999997	  0.359 	  -60.04 	 
0.125199997	  0.361 	  -57.14 	 
0.125399997	  0.362 	  -54.37 	 
0.125599997	  0.364 	  -51.67 	 
0.125799997	  0.366 	  -49.19 	 
0.125999997	  0.368 	  -46.87 	 
0.126199997	  0.369 	  -44.83 	 
0.126399997	  0.370 	  -43.03 	 
0.126599997	  0.372 	  -41.48 	 
0.126799997	  0.373 	  -40.15 	 
0.126999997	  0.374 	  -39.01 	 
0.127199997	  0.375 	  -38.20 	 
0.127399997	  0.376 	  -37.73 	 
0.127599997	  0.376 	  -37.59 	 
0.127799997	  0.377 	  -37.81 	 
0.127999997	  0.376 	  -38.43 	 
0.128199997	  0.376 	  -39.39 	 
0.128399997	  0.376 	  -40.57 	 
0.128599997	  0.375 	  -41.91 	 
0.128799997	  0.374 	  -43.35 	 
0.128999997	  0.374 	  -44.92 	 
0.129199997	  0.373 	  -46.67 	 
0.129399997	  0.372 	  -48.66 	 
0.129599997	  0.371 	  -50.93 	 
0.129799997	  0.370 	  -53.41 	 
0.129999997	  0.368 	  -56.03 	 
0.130199997	  0.367 	  -58.86 	 
0.130399997	  0.365 	  -61.85 	 
0.130599997	  0.364 	  -64.84 	 
0.130799997	  0.361 	  -67.74 	 
0.130999997	  0.359 	  -70.40 	 
0.131199997	  0.357 	  -72.92 	 
0.131399997	  0.355 	  -75.15 	 
0.131599997	  0.354 	  -77.22 	 
0.131799997	  0.352 	  -79.10 	 
0.131999997	  0.351 	  -80.82 	 
0.132199997	  0.350 	  -82.35 	 
0.132399997	  0.349 	  -83.65 	 
0.132599997	  0.348 	  -84.66 	 
0.132799997	  0.347 	  -85.29 	 
0.132999997	  0.346 	  -85.59 	 
0.133199997	  0.346 	  -85.54 	 
0.133399997	  0.346 	  -85.22 	 
0.133599997	  0.346 	  -84.58 	 
0.133799997	  0.346 	  -83.70 	 
0.133999997	  0.347 	  -82.60 	 
0.134199997	  0.348 	  -81.34 	 
0.134399997	  0.348 	  -79.85 	 
0.134599997	  0.349 	  -78.10 	 
0.134799997	  0.350 	  -76.13 	 
0.134999997	  0.351 	  -73.98 	 
0.135199997	  0.353 	  -71.85 	 
0.135399997	  0.353 	  -69.55 	 
0.135599997	  0.355 	  -67.11 	 
0.135799997	  0.356 	  -64.39 	 
0.135999997	  0.358 	  -61.50 	 
0.136199997	  0.360 	  -58.65 	 
0.136399997	  0.361 	  -55.83 	 
0.136599997	  0.363 	  -53.13 	 
0.136799997	  0.365 	  -50.54 	 
0.136999997	  0.367 	  -48.16 	 
0.137199997	  0.368 	  -45.93 	 
0.137399997	  0.369 	  -43.99 	 
0.137599997	  0.371 	  -42.26 	 
0.137799997	  0.373 	  -40.81 	 
0.137999997	  0.373 	  -39.54 	 
0.138199997	  0.375 	  -38.57 	 
0.138399997	  0.375 	  -37.97 	 
0.138599996	  0.376 	  -37.70 	 
0.138799996	  0.376 	  -37.82 	 
0.138999996	  0.377 	  -38.22 	 
0.139199996	  0.376 	  -38.93 	 
0.139399996	  0.376 	  -39.89 	 
0.139599996	  0.376 	  -41.08 	 
0.139799996	  0.375 	  -42.39 	 
0.139999996	  0.375 	  -43.92 	 
0.140199996	  0.374 	  -45.59 	 
0.140399996	  0.373 	  -47.52 	 
0.140599996	  0.372 	  -49.67 	 
0.140799996	  0.371 	  -52.07 	 
0.140999996	  0.369 	  -54.62 	 
0.141199996	  0.367 	  -57.31 	 
0.141399996	  0.366 	  -60.20 	 
0.141599996	  0.365 	  -63.17 	 
0.141799996	  0.362 	  -66.14 	 
0.141999996	  0.360 	  -68.95 	 
0.142199996	  0.359 	  -71.56 	 
0.142399996	  0.357 	  -73.95 	 
0.142599996	  0.355 	  -76.14 	 
0.142799996	  0.353 	  -78.14 	 
0.142999996	  0.351 	  -79.93 	 
0.143199996	  0.351 	  -81.55 	 
0.143399996	  0.349 	  -82.88 	 
0.143599996	  0.349 	  -83.98 	 
0.143799996	  0.347 	  -84.81 	 
0.143999996	  0.347 	  -85.33 	 
0.144199996	  0.346 	  -85.57 	 
0.144399996	  0.346 	  -85.47 	 
0.144599996	  0.346 	  -85.06 	 
0.144799996	  0.346 	  -84.30 	 
0.144999996	  0.347 	  -83.31 	 
0.145199996	  0.347 	  -82.05 	 
0.145399996	  0.347 	  -80.70 	 
0.145599996	  0.348 	  -79.08 	 
0.145799996	  0.349 	  -77.28 	 
0.145999996	  0.350 	  -75.21 	 
0.146199996	  0.352 	  -73.08 	 
0.146399996	  0.352 	  -70.87 	 
0.146599996	  0.354 	  -68.52 	 
0.146799996	  0.355 	  -65.99 	 
0.146999996	  0.357 	  -63.14 	 
0.147199996	  0.359 	  -60.25 	 
0.147399996	  0.361 	  -57.38 	 
0.147599996	  0.362 	  -54.63 	 
0.147799996	  0.364 	  -51.97 	 
0.147999996	  0.365 	  -49.49 	 
0.148199996	  0.368 	  -47.20 	 
0.148399996	  0.369 	  -45.10 	 
0.148599996	  0.370 	  -43.26 	 
0.148799996	  0.372 	  -41.61 	 
0.148999996	  0.372 	  -40.21 	 
0.149199996	  0.374 	  -39.04 	 
0.149399996	  0.375 	  -38.20 	 
0.149599996	  0.376 	  -37.76 	 
0.149799996	  0.376 	  -37.71 	 
0.149999996	  0.377 	  -37.98 	 
0.150199996	  0.376 	  -38.52 	 
0.150399996	  0.376 	  -39.35 	 
0.150599996	  0.376 	  -40.38 	 
0.150799996	  0.375 	  -41.60 	 
0.150999996	  0.375 	  -42.99 	 
0.151199996	  0.374 	  -44.57 	 
0.151399996	  0.373 	  -46.36 	 
0.151599996	  0.373 	  -48.44 	 
0.151799996	  0.372 	  -50.70 	 
0.151999996	  0.370 	  -53.18 	 
0.152199996	  0.369 	  -55.77 	 
0.152399996	  0.367 	  -58.57 	 
0.152599996	  0.365 	  -61.50 	 
0.152799996	  0.363 	  -64.49 	 
0.152999996	  0.361 	  -67.41 	 
0.153199996	  0.359 	  -70.12 	 
0.153399996	  0.357 	  -72.63 	 
0.153599996	  0.356 	  -74.95 	 
0.153799996	  0.354 	  -77.07 	 
0.153999996	  0.353 	  -78.99 	 
0.154199996	  0.352 	  -80.70 	 
0.154399996	  0.350 	  -82.19 	 
0.154599996	  0.349 	  -83.42 	 
0.154799996	  0.348 	  -84.38 	 
0.154999996	  0.347 	  -85.03 	 
0.155199996	  0.346 	  -85.40 	 
0.155399996	  0.346 	  -85.47 	 
0.155599996	  0.346 	  -85.22 	 
0.155799996	  0.346 	  -84.67 	 
0.155999996	  0.346 	  -83.83 	 
0.156199996	  0.346 	  -82.72 	 
0.156399996	  0.347 	  -81.44 	 
0.156599996	  0.348 	  -80.00 	 
0.156799996	  0.349 	  -78.25 	 
0.156999996	  0.350 	  -76.39 	 
0.157199996	  0.351 	  -74.24 	 
0.157399996	  0.352 	  -72.05 	 
0.157599996	  0.353 	  -69.69 	 
0.157799996	  0.355 	  -67.25 	 
0.157999996	  0.356 	  -64.62 	 
0.158199996	  0.358 	  -61.74 	 
0.158399996	  0.360 	  -58.94 	 
0.158599996	  0.361 	  -56.16 	 
0.158799996	  0.363 	  -53.51 	 
0.158999996	  0.365 	  -50.87 	 
0.159199996	  0.366 	  -48.46 	 
0.159399996	  0.368 	  -46.19 	 
0.159599996	  0.370 	  -44.18 	 
0.159799996	  0.371 	  -42.39 	 
0.159999996	  0.373 	  -40.86 	 
0.160199996	  0.374 	  -39.60 	 
0.160399996	  0.374 	  -38.58 	 
0.160599996	  0.376 	  -37.98 	 
0.160799996	  0.376 	  -37.72 	 
0.160999996	  0.376 	  -37.81 	 
0.161199996	  0.376 	  -38.18 	 
0.161399996	  0.376 	  -38.87 	 
0.161599996	  0.376 	  -39.76 	 
0.161799996	  0.375 	  -40.88 	 
0.161999996	  0.375 	  -42.19 	 
0.162199996	  0.374 	  -43.64 	 
0.162399996	  0.374 	  -45.32 	 
0.162599996	  0.374 	  -47.26 	 
0.162799996	  0.372 	  -49.43 	 
0.162999996	  0.371 	  -51.80 	 
0.163199996	  0.369 	  -54.29 	 
0.163399996	  0.368 	  -56.94 	 
0.163599996	  0.366 	  -59.75 	 
0.163799996	  0.365 	  -62.68 	 
0.163999996	  0.363 	  -65.67 	 
0.164199996	  0.361 	  -68.54 	 
0.164399996	  0.358 	  -71.19 	 
0.164599996	  0.357 	  -73.69 	 
0.164799996	  0.355 	  -75.92 	 
0.164999996	  0.353 	  -77.99 	 
0.165199996	  0.352 	  -79.80 	 
0.165399996	  0.351 	  -81.40 	 
0.165599996	  0.350 	  -82.72 	 
0.165799996	  0.349 	  -83.82 	 
0.165999996	  0.347 	  -84.66 	 
0.166199996	  0.347 	  -85.22 	 
0.166399996	  0.346 	  -85.50 	 
0.166599996	  0.347 	  -85.46 	 
0.166799996	  0.346 	  -85.08 	 
0.166999996	  0.346 	  -84.40 	 
0.167199996	  0.346 	  -83.42 	 
0.167399996	  0.347 	  -82.17 	 
0.167599996	  0.347 	  -80.82 	 
0.167799996	  0.348 	  -79.28 	 
0.167999996	  0.350 	  -77.43 	 
0.168199996	  0.350 	  -75.49 	 
0.168399996	  0.351 	  -73.40 	 
0.168599996	  0.353 	  -71.22 	 
0.168799996	  0.354 	  -68.81 	 
0.168999996	  0.355 	  -66.23 	 
0.169199996	  0.357 	  -63.36 	 
0.169399996	  0.359 	  -60.40 	 
0.169599996	  0.360 	  -57.56 	 
0.169799996	  0.362 	  -54.78 	 
0.169999996	  0.364 	  -52.19 	 
0.170199996	  0.365 	  -49.69 	 
0.170399996	  0.367 	  -47.44 	 
0.170599996	  0.368 	  -45.31 	 
0.170799996	  0.370 	  -43.45 	 
0.170999996	  0.371 	  -41.76 	 
0.171199996	  0.373 	  -40.32 	 
0.171399996	  0.374 	  -39.11 	 
0.171599996	  0.375 	  -38.19 	 
0.171799996	  0.376 	  -37.68 	 
0.171999996	  0.376 	  -37.57 	 
0.172199996	  0.377 	  -37.85 	 
0.172399996	  0.376 	  -38.42 	 
0.172599996	  0.376 	  -39.28 	 
0.172799996	  0.376 	  -40.31 	 
0.172999996	  0.375 	  -41.54 	 
0.173199996	  0.376 	  -42.85 	 
0.173399996	  0.374 	  -44.37 	 
0.173599996	  0.374 	  -46.10 	 
0.173799996	  0.373 	  -48.13 	 
0.173999996	  0.371 	  -50.37 	 
0.174199996	  0.371 	  -52.84 	 
0.174399996	  0.368 	  -55.45 	 
0.174599996	  0.367 	  -58.20 	 
0.174799996	  0.366 	  -61.10 	 
0.174999996	  0.363 	  -64.06 	 
0.175199996	  0.361 	  -66.98 	 
0.175399996	  0.359 	  -69.74 	 
0.175599996	  0.358 	  -72.31 	 
0.175799996	  0.356 	  -74.65 	 
0.175999996	  0.355 	  -76.80 	 
0.176199996	  0.353 	  -78.73 	 
0.176399996	  0.352 	  -80.46 	 
0.176599996	  0.350 	  -81.98 	 
0.176799996	  0.349 	  -83.24 	 
0.176999996	  0.348 	  -84.24 	 
0.177199996	  0.347 	  -84.93 	 
0.177399996	  0.347 	  -85.37 	 
0.177599996	  0.347 	  -85.48 	 
0.177799996	  0.346 	  -85.28 	 
0.177999996	  0.346 	  -84.75 	 
0.178199995	  0.346 	  -83.94 	 
0.178399995	  0.346 	  -82.84 	 
0.178599995	  0.347 	  -81.56 	 
0.178799995	  0.348 	  -80.09 	 
0.178999995	  0.349 	  -78.44 	 
0.179199995	  0.349 	  -76.63 	 
0.179399995	  0.351 	  -74.50 	 
0.179599995	  0.352 	  -72.34 	 
0.179799995	  0.353 	  -69.98 	 
0.179999995	  0.354 	  -67.55 	 
0.180199995	  0.356 	  -64.92 	 
0.180399995	  0.357 	  -62.03 	 
0.180599995	  0.359 	  -59.20 	 
0.180799995	  0.361 	  -56.39 	 
0.180999995	  0.363 	  -53.70 	 
0.181199995	  0.364 	  -51.07 	 
0.181399995	  0.366 	  -48.66 	 
0.181599995	  0.368 	  -46.42 	 
0.181799995	  0.369 	  -44.39 	 
0.181999995	  0.371 	  -42.59 	 
0.182199995	  0.373 	  -41.06 	 
0.182399995	  0.374 	  -39.75 	 
0.182599995	  0.375 	  -38.66 	 
0.182799995	  0.376 	  -37.97 	 
0.182999995	  0.376 	  -37.66 	 
0.183199995	  0.377 	  -37.74 	 
0.183399995	  0.376 	  -38.08 	 
0.183599995	  0.377 	  -38.73 	 
0.183799995	  0.376 	  -39.61 	 
0.183999995	  0.376 	  -40.70 	 
0.184199995	  0.376 	  -42.00 	 
0.184399995	  0.375 	  -43.45 	 
0.184599995	  0.374 	  -45.10 	 
0.184799995	  0.373 	  -47.01 	 
0.184999995	  0.373 	  -49.19 	 
0.185199995	  0.371 	  -51.52 	 
0.185399995	  0.369 	  -54.00 	 
0.185599995	  0.368 	  -56.61 	 
0.185799995	  0.366 	  -59.44 	 
0.185999995	  0.364 	  -62.41 	 
0.186199995	  0.363 	  -65.40 	 
0.186399995	  0.361 	  -68.26 	 
0.186599995	  0.359 	  -70.93 	 
0.186799995	  0.357 	  -73.43 	 
0.186999995	  0.355 	  -75.67 	 
0.187199995	  0.354 	  -77.70 	 
0.187399995	  0.352 	  -79.55 	 
0.187599995	  0.351 	  -81.15 	 
0.187799995	  0.350 	  -82.53 	 
0.187999995	  0.349 	  -83.68 	 
0.188199995	  0.347 	  -84.58 	 
0.188399995	  0.347 	  -85.17 	 
0.188599995	  0.347 	  -85.47 	 
0.188799995	  0.346 	  -85.44 	 
0.188999995	  0.346 	  -85.11 	 
0.189199995	  0.346 	  -84.46 	 
0.189399995	  0.346 	  -83.50 	 
0.189599995	  0.347 	  -82.28 	 
0.189799995	  0.348 	  -80.92 	 
0.189999995	  0.349 	  -79.37 	 
0.190199995	  0.349 	  -77.61 	 
0.190399995	  0.351 	  -75.60 	 
0.190599995	  0.351 	  -73.47 	 
0.190799995	  0.353 	  -71.32 	 
0.190999995	  0.353 	  -68.96 	 
0.191199995	  0.354 	  -66.52 	 
0.191399995	  0.357 	  -63.70 	 
0.191599995	  0.358 	  -60.82 	 
0.191799995	  0.360 	  -57.94 	 
0.191999995	  0.362 	  -55.15 	 
0.192199995	  0.364 	  -52.52 	 
0.192399995	  0.365 	  -49.98 	 
0.192599995	  0.367 	  -47.66 	 
0.192799995	  0.369 	  -45.49 	 
0.192999995	  0.371 	  -43.60 	 
0.193199995	  0.372 	  -41.91 	 
0.193399995	  0.373 	  -40.49 	 
0.193599995	  0.374 	  -39.24 	 
0.193799995	  0.375 	  -38.34 	 
0.193999995	  0.376 	  -37.76 	 
0.194199995	  0.376 	  -37.60 	 
0.194399995	  0.376 	  -37.79 	 
0.194599995	  0.377 	  -38.28 	 
0.194799995	  0.376 	  -39.09 	 
0.194999995	  0.376 	  -40.10 	 
0.195199995	  0.375 	  -41.30 	 
0.195399995	  0.375 	  -42.63 	 
0.195599995	  0.374 	  -44.17 	 
0.195799995	  0.374 	  -45.88 	 
0.195999995	  0.373 	  -47.90 	 
0.196199995	  0.372 	  -50.11 	 
0.196399995	  0.371 	  -52.55 	 
0.196599995	  0.369 	  -55.10 	 
0.196799995	  0.367 	  -57.84 	 
0.196999995	  0.366 	  -60.76 	 
0.197199995	  0.364 	  -63.76 	 
0.197399995	  0.362 	  -66.72 	 
0.197599995	  0.360 	  -69.50 	 
0.197799995	  0.358 	  -72.09 	 
0.197999995	  0.355 	  -74.43 	 
0.198199995	  0.354 	  -76.56 	 
0.198399995	  0.353 	  -78.52 	 
0.198599995	  0.352 	  -80.26 	 
0.198799995	  0.350 	  -81.80 	 
0.198999995	  0.349 	  -83.09 	 
0.199199995	  0.348 	  -84.13 	 
0.199399995	  0.347 	  -84.91 	 
0.199599995	  0.347 	  -85.39 	 
0.199799995	  0.347 	  -85.54 	 
0.199999995	  0.347 	  -85.35 	 
0.200199995	  0.346 	  -84.82 	 
0.200399995	  0.346 	  -84.02 	 
0.200599995	  0.346 	  -82.93 	 
0.200799995	  0.347 	  -81.65 	 
0.200999995	  0.347 	  -80.26 	 
0.201199995	  0.349 	  -78.60 	 
0.201399995	  0.350 	  -76.82 	 
0.201599995	  0.351 	  -74.73 	 
0.201799995	  0.351 	  -72.57 	 
0.201999995	  0.353 	  -70.27 	 
0.202199995	  0.354 	  -67.88 	 
0.202399995	  0.356 	  -65.27 	 
0.202599995	  0.357 	  -62.38 	 
0.202799995	  0.359 	  -59.52 	 
0.202999995	  0.360 	  -56.66 	 
0.203199995	  0.362 	  -53.96 	 
0.203399995	  0.364 	  -51.35 	 
0.203599995	  0.366 	  -48.96 	 
0.203799995	  0.367 	  -46.70 	 
0.203999995	  0.369 	  -44.66 	 
0.204199995	  0.371 	  -42.83 	 
0.204399995	  0.372 	  -41.24 	 
0.204599995	  0.373 	  -39.92 	 
