0.000000000	 -0.265 	  -85.22 	 
0.000200000	 -0.266 	  -85.48 	 
0.000400000	 -0.268 	  -85.39 	 
0.000600000	 -0.268 	  -84.95 	 
0.000800000	 -0.268 	  -84.14 	 
0.001000000	 -0.269 	  -83.04 	 
0.001200000	 -0.267 	  -81.71 	 
0.001400000	 -0.266 	  -80.22 	 
0.001600000	 -0.265 	  -78.60 	 
0.001800000	 -0.263 	  -76.89 	 
0.002000000	 -0.262 	  -75.14 	 
0.002200000	 -0.260 	  -73.30 	 
0.002400000	 -0.258 	  -71.47 	 
0.002600000	 -0.256 	  -69.58 	 
0.002800000	 -0.254 	  -67.57 	 
0.003000000	 -0.251 	  -65.46 	 
0.003200000	 -0.248 	  -63.19 	 
0.003400000	 -0.246 	  -60.82 	 
0.003600000	 -0.243 	  -58.35 	 
0.003800000	 -0.239 	  -55.82 	 
0.004000000	 -0.235 	  -53.24 	 
0.004200000	 -0.231 	  -50.72 	 
0.004400000	 -0.227 	  -48.31 	 
0.004600000	 -0.224 	  -46.01 	 
0.004800000	 -0.219 	  -43.89 	 
0.005000000	 -0.216 	  -42.02 	 
0.005200000	 -0.212 	  -40.43 	 
0.005400000	 -0.209 	  -39.19 	 
0.005600000	 -0.206 	  -38.29 	 
0.005800000	 -0.204 	  -37.76 	 
0.006000000	 -0.203 	  -37.64 	 
0.006200000	 -0.201 	  -37.90 	 
0.006400000	 -0.201 	  -38.62 	 
0.006600000	 -0.202 	  -39.76 	 
0.006800000	 -0.202 	  -41.28 	 
0.007000000	 -0.203 	  -43.12 	 
0.007200000	 -0.206 	  -45.18 	 
0.007400000	 -0.207 	  -47.36 	 
0.007600000	 -0.210 	  -49.54 	 
0.007800000	 -0.214 	  -51.73 	 
0.008000000	 -0.215 	  -53.90 	 
0.008200000	 -0.218 	  -56.07 	 
0.008400000	 -0.222 	  -58.26 	 
0.008600000	 -0.225 	  -60.47 	 
0.008800000	 -0.228 	  -62.78 	 
0.009000000	 -0.231 	  -65.12 	 
0.009200000	 -0.235 	  -67.52 	 
0.009400000	 -0.238 	  -69.97 	 
0.009600000	 -0.243 	  -72.44 	 
0.009800000	 -0.246 	  -74.87 	 
0.010000000	 -0.250 	  -77.15 	 
0.010200000	 -0.253 	  -79.28 	 
0.010400000	 -0.256 	  -81.16 	 
0.010600000	 -0.259 	  -82.78 	 
0.010800000	 -0.262 	  -84.03 	 
0.011000000	 -0.263 	  -84.90 	 
0.011200000	 -0.266 	  -85.41 	 
0.011400000	 -0.267 	  -85.49 	 
0.011600000	 -0.268 	  -85.22 	 
0.011800000	 -0.268 	  -84.58 	 
0.012000000	 -0.268 	  -83.63 	 
0.012200000	 -0.267 	  -82.41 	 
0.012400000	 -0.267 	  -80.96 	 
0.012600000	 -0.265 	  -79.42 	 
0.012800000	 -0.264 	  -77.79 	 
0.013000000	 -0.262 	  -76.08 	 
0.013200000	 -0.261 	  -74.34 	 
0.013400000	 -0.259 	  -72.49 	 
0.013600000	 -0.257 	  -70.64 	 
0.013800000	 -0.255 	  -68.71 	 
0.014000000	 -0.252 	  -66.65 	 
0.014200000	 -0.250 	  -64.52 	 
0.014400000	 -0.247 	  -62.21 	 
0.014600000	 -0.245 	  -59.80 	 
0.014800000	 -0.241 	  -57.28 	 
0.015000000	 -0.238 	  -54.73 	 
0.015200000	 -0.234 	  -52.17 	 
0.015400000	 -0.229 	  -49.67 	 
0.015600000	 -0.226 	  -47.30 	 
0.015800000	 -0.222 	  -45.04 	 
0.016000000	 -0.218 	  -43.03 	 
0.016200000	 -0.214 	  -41.27 	 
0.016400000	 -0.211 	  -39.81 	 
0.016600000	 -0.207 	  -38.73 	 
0.016800000	 -0.207 	  -37.97 	 
0.017000000	 -0.204 	  -37.64 	 
0.017200000	 -0.202 	  -37.66 	 
0.017400000	 -0.201 	  -38.13 	 
0.017600000	 -0.201 	  -39.06 	 
0.017800000	 -0.202 	  -40.33 	 
0.018000000	 -0.203 	  -42.07 	 
0.018200000	 -0.204 	  -44.02 	 
0.018400000	 -0.207 	  -46.14 	 
0.018600000	 -0.209 	  -48.33 	 
0.018800000	 -0.212 	  -50.51 	 
0.019000000	 -0.214 	  -52.65 	 
0.019200000	 -0.217 	  -54.82 	 
0.019400000	 -0.220 	  -56.97 	 
0.019600000	 -0.223 	  -59.17 	 
0.019799999	 -0.226 	  -61.42 	 
0.019999999	 -0.230 	  -63.76 	 
0.020199999	 -0.233 	  -66.17 	 
0.020399999	 -0.237 	  -68.65 	 
0.020599999	 -0.240 	  -71.11 	 
0.020799999	 -0.244 	  -73.56 	 
0.020999999	 -0.247 	  -75.95 	 
0.021199999	 -0.250 	  -78.19 	 
0.021399999	 -0.254 	  -80.20 	 
0.021599999	 -0.257 	  -81.97 	 
0.021799999	 -0.261 	  -83.40 	 
0.021999999	 -0.263 	  -84.48 	 
0.022199999	 -0.265 	  -85.16 	 
0.022399999	 -0.266 	  -85.48 	 
0.022599999	 -0.267 	  -85.44 	 
0.022799999	 -0.268 	  -84.97 	 
0.022999999	 -0.268 	  -84.19 	 
0.023199999	 -0.268 	  -83.13 	 
0.023399999	 -0.267 	  -81.81 	 
0.023599999	 -0.266 	  -80.31 	 
0.023799999	 -0.264 	  -78.73 	 
0.023999999	 -0.264 	  -77.04 	 
0.024199999	 -0.261 	  -75.33 	 
0.024399999	 -0.261 	  -73.53 	 
0.024599999	 -0.259 	  -71.64 	 
0.024799999	 -0.256 	  -69.74 	 
0.024999999	 -0.254 	  -67.71 	 
0.025199999	 -0.251 	  -65.62 	 
0.025399999	 -0.249 	  -63.39 	 
0.025599999	 -0.245 	  -61.04 	 
0.025799999	 -0.243 	  -58.59 	 
0.025999999	 -0.239 	  -56.06 	 
0.026199999	 -0.236 	  -53.51 	 
0.026399999	 -0.232 	  -50.99 	 
0.026599999	 -0.228 	  -48.56 	 
0.026799999	 -0.224 	  -46.24 	 
0.026999999	 -0.220 	  -44.11 	 
0.027199999	 -0.217 	  -42.24 	 
0.027399999	 -0.213 	  -40.61 	 
0.027599999	 -0.210 	  -39.33 	 
0.027799999	 -0.207 	  -38.41 	 
0.027999999	 -0.205 	  -37.82 	 
0.028199999	 -0.202 	  -37.66 	 
0.028399999	 -0.202 	  -37.86 	 
0.028599999	 -0.201 	  -38.52 	 
0.028799999	 -0.201 	  -39.61 	 
0.028999999	 -0.202 	  -41.10 	 
0.029199999	 -0.203 	  -42.90 	 
0.029399999	 -0.205 	  -44.93 	 
0.029599999	 -0.207 	  -47.10 	 
0.029799999	 -0.210 	  -49.28 	 
0.029999999	 -0.212 	  -51.47 	 
0.030199999	 -0.216 	  -53.64 	 
0.030399999	 -0.219 	  -55.77 	 
0.030599999	 -0.221 	  -57.96 	 
0.030799999	 -0.224 	  -60.16 	 
0.030999999	 -0.228 	  -62.45 	 
0.031199999	 -0.231 	  -64.81 	 
0.031399999	 -0.235 	  -67.20 	 
0.031599999	 -0.238 	  -69.69 	 
0.031799999	 -0.242 	  -72.14 	 
0.031999999	 -0.245 	  -74.58 	 
0.032199999	 -0.248 	  -76.86 	 
0.032399999	 -0.252 	  -79.04 	 
0.032599999	 -0.255 	  -80.93 	 
0.032799999	 -0.258 	  -82.56 	 
0.032999999	 -0.261 	  -83.90 	 
0.033199999	 -0.264 	  -84.84 	 
0.033399999	 -0.266 	  -85.41 	 
0.033599999	 -0.267 	  -85.57 	 
0.033799999	 -0.268 	  -85.37 	 
0.033999999	 -0.268 	  -84.78 	 
0.034199999	 -0.268 	  -83.86 	 
0.034399999	 -0.268 	  -82.66 	 
0.034599999	 -0.267 	  -81.23 	 
0.034799999	 -0.266 	  -79.67 	 
0.034999999	 -0.265 	  -78.03 	 
0.035199999	 -0.263 	  -76.30 	 
0.035399999	 -0.261 	  -74.56 	 
0.035599999	 -0.259 	  -72.71 	 
0.035799999	 -0.257 	  -70.83 	 
0.035999999	 -0.255 	  -68.89 	 
0.036199999	 -0.253 	  -66.86 	 
0.036399999	 -0.250 	  -64.73 	 
0.036599999	 -0.248 	  -62.42 	 
0.036799999	 -0.244 	  -60.04 	 
0.036999999	 -0.241 	  -57.54 	 
0.037199999	 -0.238 	  -55.00 	 
0.037399999	 -0.234 	  -52.43 	 
0.037599999	 -0.230 	  -49.93 	 
0.037799999	 -0.226 	  -47.54 	 
0.037999999	 -0.222 	  -45.29 	 
0.038199999	 -0.218 	  -43.25 	 
0.038399999	 -0.215 	  -41.47 	 
0.038599999	 -0.212 	  -40.00 	 
0.038799999	 -0.208 	  -38.88 	 
0.038999999	 -0.206 	  -38.11 	 
0.039199999	 -0.204 	  -37.73 	 
0.039399999	 -0.203 	  -37.72 	 
0.039599999	 -0.201 	  -38.10 	 
0.039799999	 -0.202 	  -38.96 	 
0.039999999	 -0.202 	  -40.19 	 
0.040199999	 -0.202 	  -41.84 	 
0.040399999	 -0.204 	  -43.77 	 
0.040599999	 -0.207 	  -45.89 	 
0.040799999	 -0.208 	  -48.09 	 
0.040999999	 -0.211 	  -50.28 	 
0.041199999	 -0.214 	  -52.46 	 
0.041399999	 -0.217 	  -54.63 	 
0.041599999	 -0.219 	  -56.78 	 
0.041799999	 -0.223 	  -58.98 	 
0.041999999	 -0.226 	  -61.23 	 
0.042199999	 -0.229 	  -63.56 	 
0.042399999	 -0.232 	  -65.94 	 
0.042599999	 -0.235 	  -68.37 	 
0.042799999	 -0.240 	  -70.84 	 
0.042999999	 -0.243 	  -73.29 	 
0.043199999	 -0.247 	  -75.66 	 
0.043399999	 -0.250 	  -77.90 	 
0.043599999	 -0.254 	  -79.94 	 
0.043799999	 -0.256 	  -81.71 	 
0.043999999	 -0.260 	  -83.20 	 
0.044199999	 -0.263 	  -84.32 	 
0.044399999	 -0.264 	  -85.10 	 
0.044599999	 -0.266 	  -85.46 	 
0.044799999	 -0.267 	  -85.46 	 
0.044999999	 -0.268 	  -85.07 	 
0.045199999	 -0.268 	  -84.33 	 
0.045399999	 -0.268 	  -83.28 	 
0.045599999	 -0.267 	  -81.99 	 
0.045799999	 -0.266 	  -80.51 	 
0.045999999	 -0.264 	  -78.95 	 
0.046199999	 -0.264 	  -77.28 	 
0.046399999	 -0.262 	  -75.49 	 
0.046599999	 -0.260 	  -73.71 	 
0.046799999	 -0.259 	  -71.85 	 
0.046999999	 -0.256 	  -69.95 	 
0.047199999	 -0.254 	  -67.91 	 
0.047399999	 -0.252 	  -65.80 	 
0.047599999	 -0.250 	  -63.60 	 
0.047799999	 -0.246 	  -61.28 	 
0.047999999	 -0.243 	  -58.85 	 
0.048199999	 -0.240 	  -56.35 	 
0.048399999	 -0.236 	  -53.83 	 
0.048599999	 -0.232 	  -51.35 	 
0.048799999	 -0.228 	  -48.92 	 
0.048999999	 -0.224 	  -46.58 	 
0.049199999	 -0.220 	  -44.44 	 
0.049399999	 -0.217 	  -42.52 	 
0.049599999	 -0.213 	  -40.86 	 
0.049799999	 -0.210 	  -39.54 	 
0.049999999	 -0.207 	  -38.55 	 
0.050199999	 -0.205 	  -37.91 	 
0.050399999	 -0.203 	  -37.71 	 
0.050599999	 -0.202 	  -37.87 	 
0.050799999	 -0.202 	  -38.46 	 
0.050999999	 -0.201 	  -39.48 	 
0.051199999	 -0.202 	  -40.86 	 
0.051399999	 -0.204 	  -42.66 	 
0.051599999	 -0.205 	  -44.66 	 
0.051799999	 -0.207 	  -46.82 	 
0.051999999	 -0.210 	  -49.01 	 
0.052199999	 -0.212 	  -51.20 	 
0.052399999	 -0.215 	  -53.37 	 
0.052599999	 -0.218 	  -55.52 	 
0.052799999	 -0.221 	  -57.71 	 
0.052999999	 -0.224 	  -59.95 	 
0.053199999	 -0.228 	  -62.26 	 
0.053399999	 -0.230 	  -64.63 	 
0.053599999	 -0.235 	  -67.08 	 
0.053799999	 -0.238 	  -69.54 	 
0.053999999	 -0.241 	  -72.03 	 
0.054199999	 -0.245 	  -74.46 	 
0.054399999	 -0.249 	  -76.76 	 
0.054599999	 -0.252 	  -78.91 	 
0.054799999	 -0.255 	  -80.81 	 
0.054999999	 -0.258 	  -82.44 	 
0.055199999	 -0.261 	  -83.72 	 
0.055399999	 -0.263 	  -84.66 	 
0.055599999	 -0.266 	  -85.20 	 
0.055799999	 -0.266 	  -85.39 	 
0.055999999	 -0.268 	  -85.19 	 
0.056199999	 -0.268 	  -84.67 	 
0.056399999	 -0.268 	  -83.81 	 
0.056599999	 -0.268 	  -82.70 	 
0.056799999	 -0.268 	  -81.33 	 
0.056999999	 -0.265 	  -79.80 	 
0.057199999	 -0.264 	  -78.20 	 
0.057399999	 -0.263 	  -76.52 	 
0.057599999	 -0.261 	  -74.75 	 
0.057799999	 -0.260 	  -72.89 	 
0.057999999	 -0.257 	  -71.00 	 
0.058199999	 -0.255 	  -69.11 	 
0.058399999	 -0.253 	  -67.06 	 
0.058599999	 -0.251 	  -64.94 	 
0.058799999	 -0.248 	  -62.64 	 
0.058999999	 -0.245 	  -60.23 	 
0.059199999	 -0.241 	  -57.75 	 
0.059399998	 -0.238 	  -55.21 	 
0.059599998	 -0.234 	  -52.64 	 
0.059799998	 -0.231 	  -50.13 	 
0.059999998	 -0.226 	  -47.72 	 
0.060199998	 -0.223 	  -45.47 	 
0.060399998	 -0.219 	  -43.40 	 
0.060599998	 -0.215 	  -41.61 	 
0.060799998	 -0.211 	  -40.10 	 
0.060999998	 -0.208 	  -38.92 	 
0.061199998	 -0.206 	  -38.15 	 
0.061399998	 -0.204 	  -37.72 	 
0.061599998	 -0.202 	  -37.68 	 
0.061799998	 -0.201 	  -38.05 	 
0.061999998	 -0.202 	  -38.87 	 
0.062199998	 -0.201 	  -40.10 	 
0.062399998	 -0.203 	  -41.71 	 
0.062599998	 -0.204 	  -43.60 	 
0.062799998	 -0.206 	  -45.68 	 
0.062999998	 -0.208 	  -47.83 	 
0.063199998	 -0.211 	  -50.01 	 
0.063399998	 -0.214 	  -52.15 	 
0.063599998	 -0.216 	  -54.29 	 
0.063799998	 -0.219 	  -56.44 	 
0.063999998	 -0.222 	  -58.59 	 
0.064199998	 -0.225 	  -60.82 	 
0.064399998	 -0.229 	  -63.15 	 
0.064599998	 -0.231 	  -65.53 	 
0.064799998	 -0.235 	  -67.97 	 
0.064999998	 -0.239 	  -70.46 	 
0.065199998	 -0.242 	  -72.92 	 
0.065399998	 -0.246 	  -75.33 	 
0.065599998	 -0.250 	  -77.60 	 
0.065799998	 -0.253 	  -79.68 	 
0.065999998	 -0.256 	  -81.50 	 
0.066199998	 -0.259 	  -83.05 	 
0.066399998	 -0.261 	  -84.23 	 
0.066599998	 -0.264 	  -85.03 	 
0.066799998	 -0.267 	  -85.45 	 
0.066999998	 -0.267 	  -85.45 	 
0.067199998	 -0.267 	  -85.11 	 
0.067399998	 -0.268 	  -84.39 	 
0.067599998	 -0.268 	  -83.39 	 
0.067799998	 -0.267 	  -82.14 	 
0.067999998	 -0.267 	  -80.64 	 
0.068199998	 -0.265 	  -79.06 	 
0.068399998	 -0.264 	  -77.41 	 
0.068599998	 -0.263 	  -75.66 	 
0.068799998	 -0.260 	  -73.86 	 
0.068999998	 -0.259 	  -71.98 	 
0.069199998	 -0.256 	  -70.13 	 
0.069399998	 -0.255 	  -68.16 	 
0.069599998	 -0.251 	  -66.12 	 
0.069799998	 -0.250 	  -63.93 	 
0.069999998	 -0.246 	  -61.59 	 
0.070199998	 -0.243 	  -59.18 	 
0.070399998	 -0.240 	  -56.67 	 
0.070599998	 -0.236 	  -54.12 	 
0.070799998	 -0.233 	  -51.56 	 
0.070999998	 -0.229 	  -49.07 	 
0.071199998	 -0.224 	  -46.73 	 
0.071399998	 -0.221 	  -44.54 	 
0.071599998	 -0.218 	  -42.59 	 
0.071799998	 -0.214 	  -40.88 	 
0.071999998	 -0.210 	  -39.53 	 
0.072199998	 -0.208 	  -38.52 	 
0.072399998	 -0.205 	  -37.90 	 
0.072599998	 -0.203 	  -37.66 	 
0.072799998	 -0.202 	  -37.79 	 
0.072999998	 -0.202 	  -38.34 	 
0.073199998	 -0.201 	  -39.34 	 
0.073399998	 -0.203 	  -40.71 	 
0.073599998	 -0.203 	  -42.46 	 
0.073799998	 -0.205 	  -44.45 	 
0.073999998	 -0.206 	  -46.62 	 
0.074199998	 -0.209 	  -48.79 	 
0.074399998	 -0.212 	  -50.96 	 
0.074599998	 -0.215 	  -53.14 	 
0.074799998	 -0.218 	  -55.30 	 
0.074999998	 -0.220 	  -57.49 	 
0.075199998	 -0.224 	  -59.68 	 
0.075399998	 -0.226 	  -61.97 	 
0.075599998	 -0.230 	  -64.31 	 
0.075799998	 -0.234 	  -66.72 	 
0.075999998	 -0.237 	  -69.17 	 
0.076199998	 -0.241 	  -71.63 	 
0.076399998	 -0.245 	  -74.05 	 
0.076599998	 -0.248 	  -76.41 	 
0.076799998	 -0.251 	  -78.59 	 
0.076999998	 -0.254 	  -80.55 	 
0.077199998	 -0.258 	  -82.23 	 
0.077399998	 -0.261 	  -83.60 	 
0.077599998	 -0.263 	  -84.62 	 
0.077799998	 -0.266 	  -85.24 	 
0.077999998	 -0.267 	  -85.51 	 
0.078199998	 -0.268 	  -85.39 	 
0.078399998	 -0.268 	  -84.88 	 
0.078599998	 -0.268 	  -84.05 	 
0.078799998	 -0.268 	  -82.91 	 
0.078999998	 -0.267 	  -81.53 	 
0.079199998	 -0.266 	  -79.99 	 
0.079399998	 -0.265 	  -78.37 	 
0.079599998	 -0.263 	  -76.67 	 
0.079799998	 -0.261 	  -74.94 	 
0.079999998	 -0.259 	  -73.08 	 
0.080199998	 -0.258 	  -71.23 	 
0.080399998	 -0.255 	  -69.35 	 
0.080599998	 -0.254 	  -67.32 	 
0.080799998	 -0.251 	  -65.19 	 
0.080999998	 -0.248 	  -62.95 	 
0.081199998	 -0.245 	  -60.54 	 
0.081399998	 -0.242 	  -58.06 	 
0.081599998	 -0.238 	  -55.51 	 
0.081799998	 -0.235 	  -52.98 	 
0.081999998	 -0.231 	  -50.46 	 
0.082199998	 -0.227 	  -48.06 	 
0.082399998	 -0.223 	  -45.80 	 
0.082599998	 -0.219 	  -43.73 	 
0.082799998	 -0.216 	  -41.90 	 
0.082999998	 -0.212 	  -40.32 	 
0.083199998	 -0.209 	  -39.12 	 
0.083399998	 -0.206 	  -38.24 	 
0.083599998	 -0.204 	  -37.75 	 
0.083799998	 -0.203 	  -37.63 	 
0.083999998	 -0.201 	  -37.92 	 
0.084199998	 -0.201 	  -38.67 	 
0.084399998	 -0.201 	  -39.83 	 
0.084599998	 -0.202 	  -41.39 	 
0.084799998	 -0.205 	  -43.27 	 
0.084999998	 -0.206 	  -45.36 	 
0.085199998	 -0.208 	  -47.55 	 
0.085399998	 -0.210 	  -49.76 	 
0.085599998	 -0.213 	  -51.95 	 
0.085799998	 -0.216 	  -54.12 	 
0.085999998	 -0.219 	  -56.30 	 
0.086199998	 -0.222 	  -58.49 	 
0.086399998	 -0.225 	  -60.75 	 
0.086599998	 -0.228 	  -63.07 	 
0.086799998	 -0.232 	  -65.45 	 
0.086999998	 -0.235 	  -67.88 	 
0.087199998	 -0.239 	  -70.34 	 
0.087399998	 -0.243 	  -72.79 	 
0.087599998	 -0.246 	  -75.20 	 
0.087799998	 -0.250 	  -77.46 	 
0.087999998	 -0.254 	  -79.54 	 
0.088199998	 -0.257 	  -81.36 	 
0.088399998	 -0.259 	  -82.89 	 
0.088599998	 -0.261 	  -84.09 	 
0.088799998	 -0.264 	  -84.93 	 
0.088999998	 -0.266 	  -85.37 	 
0.089199998	 -0.267 	  -85.46 	 
0.089399998	 -0.268 	  -85.17 	 
0.089599998	 -0.268 	  -84.51 	 
0.089799998	 -0.268 	  -83.54 	 
0.089999998	 -0.267 	  -82.32 	 
0.090199998	 -0.267 	  -80.89 	 
0.090399998	 -0.266 	  -79.33 	 
0.090599998	 -0.263 	  -77.68 	 
0.090799998	 -0.262 	  -75.95 	 
0.090999998	 -0.261 	  -74.17 	 
0.091199998	 -0.259 	  -72.27 	 
0.091399998	 -0.257 	  -70.37 	 
0.091599998	 -0.255 	  -68.42 	 
0.091799998	 -0.252 	  -66.33 	 
0.091999998	 -0.250 	  -64.16 	 
0.092199998	 -0.247 	  -61.83 	 
0.092399998	 -0.244 	  -59.44 	 
0.092599998	 -0.240 	  -56.93 	 
0.092799998	 -0.237 	  -54.38 	 
0.092999998	 -0.233 	  -51.84 	 
0.093199998	 -0.229 	  -49.38 	 
0.093399998	 -0.226 	  -47.03 	 
0.093599998	 -0.221 	  -44.83 	 
0.093799998	 -0.218 	  -42.86 	 
0.093999998	 -0.214 	  -41.14 	 
0.094199998	 -0.210 	  -39.74 	 
0.094399998	 -0.208 	  -38.70 	 
0.094599998	 -0.206 	  -38.01 	 
0.094799998	 -0.203 	  -37.72 	 
0.094999998	 -0.202 	  -37.79 	 
0.095199998	 -0.201 	  -38.29 	 
0.095399998	 -0.201 	  -39.24 	 
0.095599998	 -0.202 	  -40.59 	 
0.095799998	 -0.203 	  -42.32 	 
0.095999998	 -0.205 	  -44.28 	 
0.096199998	 -0.207 	  -46.43 	 
0.096399998	 -0.209 	  -48.59 	 
0.096599998	 -0.212 	  -50.74 	 
0.096799998	 -0.214 	  -52.90 	 
0.096999998	 -0.217 	  -55.02 	 
0.097199998	 -0.220 	  -57.18 	 
0.097399998	 -0.224 	  -59.38 	 
0.097599998	 -0.226 	  -61.65 	 
0.097799998	 -0.230 	  -63.98 	 
0.097999998	 -0.233 	  -66.43 	 
0.098199998	 -0.237 	  -68.88 	 
0.098399998	 -0.240 	  -71.37 	 
0.098599998	 -0.244 	  -73.83 	 
0.098799998	 -0.248 	  -76.19 	 
0.098999997	 -0.251 	  -78.40 	 
0.099199997	 -0.255 	  -80.42 	 
0.099399997	 -0.258 	  -82.11 	 
0.099599997	 -0.260 	  -83.54 	 
0.099799997	 -0.264 	  -84.57 	 
0.099999997	 -0.266 	  -85.25 	 
0.100199997	 -0.266 	  -85.51 	 
0.100399997	 -0.268 	  -85.41 	 
0.100599997	 -0.268 	  -84.93 	 
0.100799997	 -0.268 	  -84.13 	 
0.100999997	 -0.268 	  -83.02 	 
0.101199997	 -0.267 	  -81.71 	 
0.101399997	 -0.266 	  -80.20 	 
0.101599997	 -0.265 	  -78.64 	 
0.101799997	 -0.264 	  -76.95 	 
0.101999997	 -0.261 	  -75.17 	 
0.102199997	 -0.260 	  -73.35 	 
0.102399997	 -0.258 	  -71.47 	 
0.102599997	 -0.256 	  -69.55 	 
0.102799997	 -0.254 	  -67.57 	 
0.102999997	 -0.251 	  -65.45 	 
0.103199997	 -0.249 	  -63.21 	 
0.103399997	 -0.245 	  -60.82 	 
0.103599997	 -0.243 	  -58.36 	 
0.103799997	 -0.239 	  -55.82 	 
0.103999997	 -0.235 	  -53.25 	 
0.104199997	 -0.231 	  -50.75 	 
0.104399997	 -0.228 	  -48.31 	 
0.104599997	 -0.224 	  -46.02 	 
0.104799997	 -0.220 	  -43.91 	 
0.104999997	 -0.216 	  -42.07 	 
0.105199997	 -0.212 	  -40.47 	 
0.105399997	 -0.209 	  -39.25 	 
0.105599997	 -0.207 	  -38.34 	 
0.105799997	 -0.204 	  -37.84 	 
0.105999997	 -0.203 	  -37.69 	 
0.106199997	 -0.202 	  -37.95 	 
0.106399997	 -0.202 	  -38.65 	 
0.106599997	 -0.201 	  -39.78 	 
0.106799997	 -0.203 	  -41.29 	 
0.106999997	 -0.204 	  -43.15 	 
0.107199997	 -0.206 	  -45.20 	 
0.107399997	 -0.208 	  -47.37 	 
0.107599997	 -0.210 	  -49.56 	 
0.107799997	 -0.213 	  -51.76 	 
0.107999997	 -0.215 	  -53.91 	 
0.108199997	 -0.219 	  -56.08 	 
0.108399997	 -0.222 	  -58.26 	 
0.108599997	 -0.224 	  -60.48 	 
0.108799997	 -0.228 	  -62.80 	 
0.108999997	 -0.231 	  -65.16 	 
0.109199997	 -0.234 	  -67.59 	 
0.109399997	 -0.239 	  -70.03 	 
0.109599997	 -0.241 	  -72.47 	 
0.109799997	 -0.245 	  -74.87 	 
0.109999997	 -0.249 	  -77.17 	 
0.110199997	 -0.252 	  -79.30 	 
0.110399997	 -0.256 	  -81.16 	 
0.110599997	 -0.259 	  -82.77 	 
0.110799997	 -0.261 	  -84.03 	 
0.110999997	 -0.264 	  -84.93 	 
0.111199997	 -0.266 	  -85.43 	 
0.111399997	 -0.267 	  -85.53 	 
0.111599997	 -0.268 	  -85.24 	 
0.111799997	 -0.268 	  -84.60 	 
0.111999997	 -0.268 	  -83.64 	 
0.112199997	 -0.268 	  -82.43 	 
0.112399997	 -0.267 	  -81.01 	 
0.112599997	 -0.266 	  -79.44 	 
0.112799997	 -0.264 	  -77.83 	 
0.112999997	 -0.263 	  -76.12 	 
0.113199997	 -0.261 	  -74.37 	 
0.113399997	 -0.259 	  -72.53 	 
0.113599997	 -0.257 	  -70.65 	 
0.113799997	 -0.255 	  -68.76 	 
0.113999997	 -0.253 	  -66.69 	 
0.114199997	 -0.251 	  -64.55 	 
0.114399997	 -0.247 	  -62.21 	 
0.114599997	 -0.245 	  -59.79 	 
0.114799997	 -0.240 	  -57.29 	 
0.114999997	 -0.238 	  -54.74 	 
0.115199997	 -0.233 	  -52.17 	 
0.115399997	 -0.230 	  -49.68 	 
0.115599997	 -0.226 	  -47.30 	 
0.115799997	 -0.222 	  -45.05 	 
0.115999997	 -0.219 	  -43.05 	 
0.116199997	 -0.215 	  -41.30 	 
0.116399997	 -0.211 	  -39.86 	 
0.116599997	 -0.208 	  -38.80 	 
0.116799997	 -0.206 	  -38.05 	 
0.116999997	 -0.204 	  -37.70 	 
0.117199997	 -0.203 	  -37.74 	 
0.117399997	 -0.202 	  -38.20 	 
0.117599997	 -0.202 	  -39.12 	 
0.117799997	 -0.202 	  -40.41 	 
0.117999997	 -0.203 	  -42.12 	 
0.118199997	 -0.205 	  -44.08 	 
0.118399997	 -0.207 	  -46.18 	 
0.118599997	 -0.209 	  -48.38 	 
0.118799997	 -0.212 	  -50.55 	 
0.118999997	 -0.214 	  -52.69 	 
0.119199997	 -0.217 	  -54.84 	 
0.119399997	 -0.220 	  -57.00 	 
0.119599997	 -0.224 	  -59.20 	 
0.119799997	 -0.226 	  -61.44 	 
0.119999997	 -0.230 	  -63.78 	 
0.120199997	 -0.232 	  -66.16 	 
0.120399997	 -0.235 	  -68.62 	 
0.120599997	 -0.240 	  -71.08 	 
0.120799997	 -0.243 	  -73.54 	 
0.120999997	 -0.248 	  -75.92 	 
0.121199997	 -0.251 	  -78.15 	 
0.121399997	 -0.255 	  -80.18 	 
0.121599997	 -0.257 	  -81.94 	 
0.121799997	 -0.260 	  -83.42 	 
0.121999997	 -0.263 	  -84.49 	 
0.122199997	 -0.265 	  -85.22 	 
0.122399997	 -0.267 	  -85.55 	 
0.122599997	 -0.268 	  -85.48 	 
0.122799997	 -0.268 	  -85.04 	 
0.122999997	 -0.268 	  -84.26 	 
0.123199997	 -0.267 	  -83.17 	 
0.123399997	 -0.268 	  -81.87 	 
0.123599997	 -0.266 	  -80.35 	 
0.123799997	 -0.265 	  -78.76 	 
0.123999997	 -0.264 	  -77.08 	 
0.124199997	 -0.262 	  -75.31 	 
0.124399997	 -0.261 	  -73.56 	 
0.124599997	 -0.258 	  -71.65 	 
0.124799997	 -0.256 	  -69.72 	 
0.124999997	 -0.254 	  -67.69 	 
0.125199997	 -0.251 	  -65.60 	 
0.125399997	 -0.249 	  -63.37 	 
0.125599997	 -0.245 	  -60.99 	 
0.125799997	 -0.243 	  -58.60 	 
0.125999997	 -0.240 	  -56.09 	 
0.126199997	 -0.235 	  -53.57 	 
0.126399997	 -0.232 	  -51.05 	 
0.126599997	 -0.228 	  -48.64 	 
0.126799997	 -0.224 	  -46.34 	 
0.126999997	 -0.220 	  -44.21 	 
0.127199997	 -0.217 	  -42.33 	 
0.127399997	 -0.213 	  -40.68 	 
0.127599997	 -0.210 	  -39.40 	 
0.127799997	 -0.207 	  -38.47 	 
0.127999997	 -0.205 	  -37.86 	 
0.128199997	 -0.203 	  -37.71 	 
0.128399997	 -0.202 	  -37.90 	 
0.128599997	 -0.202 	  -38.52 	 
0.128799997	 -0.201 	  -39.61 	 
0.128999997	 -0.203 	  -41.07 	 
0.129199997	 -0.203 	  -42.88 	 
0.129399997	 -0.205 	  -44.91 	 
0.129599997	 -0.207 	  -47.10 	 
0.129799997	 -0.210 	  -49.29 	 
0.129999997	 -0.213 	  -51.50 	 
0.130199997	 -0.215 	  -53.68 	 
0.130399997	 -0.219 	  -55.85 	 
0.130599997	 -0.221 	  -58.04 	 
0.130799997	 -0.225 	  -60.23 	 
0.130999997	 -0.228 	  -62.51 	 
0.131199997	 -0.231 	  -64.85 	 
0.131399997	 -0.234 	  -67.25 	 
0.131599997	 -0.238 	  -69.70 	 
0.131799997	 -0.242 	  -72.14 	 
0.131999997	 -0.245 	  -74.57 	 
0.132199997	 -0.249 	  -76.87 	 
0.132399997	 -0.252 	  -79.02 	 
0.132599997	 -0.256 	  -80.94 	 
0.132799997	 -0.258 	  -82.58 	 
0.132999997	 -0.261 	  -83.89 	 
0.133199997	 -0.264 	  -84.83 	 
0.133399997	 -0.266 	  -85.40 	 
0.133599997	 -0.267 	  -85.57 	 
0.133799997	 -0.268 	  -85.33 	 
0.133999997	 -0.268 	  -84.73 	 
0.134199997	 -0.268 	  -83.77 	 
0.134399997	 -0.267 	  -82.59 	 
0.134599997	 -0.267 	  -81.16 	 
0.134799997	 -0.266 	  -79.61 	 
0.134999997	 -0.264 	  -77.98 	 
0.135199997	 -0.263 	  -76.30 	 
0.135399997	 -0.261 	  -74.61 	 
0.135599997	 -0.259 	  -72.75 	 
0.135799997	 -0.258 	  -70.92 	 
0.135999997	 -0.255 	  -69.00 	 
0.136199997	 -0.253 	  -66.94 	 
0.136399997	 -0.250 	  -64.77 	 
0.136599997	 -0.247 	  -62.45 	 
0.136799997	 -0.245 	  -60.03 	 
0.136999997	 -0.241 	  -57.50 	 
0.137199997	 -0.238 	  -54.95 	 
0.137399997	 -0.234 	  -52.39 	 
0.137599997	 -0.230 	  -49.87 	 
0.137799997	 -0.227 	  -47.48 	 
0.137999997	 -0.222 	  -45.25 	 
0.138199997	 -0.219 	  -43.25 	 
0.138399997	 -0.215 	  -41.50 	 
0.138599996	 -0.212 	  -39.99 	 
0.138799996	 -0.209 	  -38.89 	 
0.138999996	 -0.206 	  -38.12 	 
0.139199996	 -0.204 	  -37.74 	 
0.139399996	 -0.202 	  -37.73 	 
0.139599996	 -0.202 	  -38.14 	 
0.139799996	 -0.201 	  -38.99 	 
0.139999996	 -0.202 	  -40.25 	 
0.140199996	 -0.203 	  -41.89 	 
0.140399996	 -0.204 	  -43.82 	 
0.140599996	 -0.207 	  -45.92 	 
0.140799996	 -0.208 	  -48.09 	 
0.140999996	 -0.211 	  -50.28 	 
0.141199996	 -0.214 	  -52.42 	 
0.141399996	 -0.217 	  -54.59 	 
0.141599996	 -0.220 	  -56.76 	 
0.141799996	 -0.223 	  -58.94 	 
0.141999996	 -0.226 	  -61.15 	 
0.142199996	 -0.229 	  -63.49 	 
0.142399996	 -0.232 	  -65.87 	 
0.142599996	 -0.236 	  -68.33 	 
0.142799996	 -0.239 	  -70.80 	 
0.142999996	 -0.243 	  -73.24 	 
0.143199996	 -0.247 	  -75.61 	 
0.143399996	 -0.251 	  -77.85 	 
0.143599996	 -0.254 	  -79.87 	 
0.143799996	 -0.256 	  -81.65 	 
0.143999996	 -0.260 	  -83.15 	 
0.144199996	 -0.262 	  -84.28 	 
0.144399996	 -0.265 	  -85.05 	 
0.144599996	 -0.266 	  -85.45 	 
0.144799996	 -0.267 	  -85.44 	 
0.144999996	 -0.268 	  -85.06 	 
0.145199996	 -0.268 	  -84.36 	 
0.145399996	 -0.268 	  -83.29 	 
0.145599996	 -0.268 	  -82.02 	 
0.145799996	 -0.266 	  -80.51 	 
0.145999996	 -0.265 	  -78.93 	 
0.146199996	 -0.264 	  -77.26 	 
0.146399996	 -0.261 	  -75.49 	 
0.146599996	 -0.260 	  -73.75 	 
0.146799996	 -0.258 	  -71.87 	 
0.146999996	 -0.256 	  -69.95 	 
0.147199996	 -0.255 	  -67.97 	 
0.147399996	 -0.252 	  -65.82 	 
0.147599996	 -0.250 	  -63.64 	 
0.147799996	 -0.246 	  -61.26 	 
0.147999996	 -0.243 	  -58.86 	 
0.148199996	 -0.240 	  -56.34 	 
0.148399996	 -0.236 	  -53.82 	 
0.148599996	 -0.232 	  -51.30 	 
0.148799996	 -0.228 	  -48.86 	 
0.148999996	 -0.224 	  -46.54 	 
0.149199996	 -0.221 	  -44.38 	 
0.149399996	 -0.217 	  -42.45 	 
0.149599996	 -0.213 	  -40.79 	 
0.149799996	 -0.210 	  -39.45 	 
0.149999996	 -0.207 	  -38.48 	 
0.150199996	 -0.205 	  -37.87 	 
0.150399996	 -0.203 	  -37.65 	 
0.150599996	 -0.202 	  -37.81 	 
0.150799996	 -0.201 	  -38.41 	 
0.150999996	 -0.202 	  -39.44 	 
0.151199996	 -0.202 	  -40.86 	 
0.151399996	 -0.203 	  -42.66 	 
0.151599996	 -0.205 	  -44.67 	 
0.151799996	 -0.207 	  -46.84 	 
0.151999996	 -0.210 	  -49.03 	 
0.152199996	 -0.212 	  -51.23 	 
0.152399996	 -0.214 	  -53.37 	 
0.152599996	 -0.218 	  -55.53 	 
0.152799996	 -0.222 	  -57.72 	 
0.152999996	 -0.224 	  -59.94 	 
0.153199996	 -0.227 	  -62.23 	 
0.153399996	 -0.230 	  -64.56 	 
0.153599996	 -0.233 	  -66.99 	 
0.153799996	 -0.238 	  -69.44 	 
0.153999996	 -0.241 	  -71.90 	 
0.154199996	 -0.245 	  -74.32 	 
0.154399996	 -0.249 	  -76.65 	 
0.154599996	 -0.252 	  -78.82 	 
0.154799996	 -0.255 	  -80.74 	 
0.154999996	 -0.258 	  -82.41 	 
0.155199996	 -0.261 	  -83.74 	 
0.155399996	 -0.263 	  -84.69 	 
0.155599996	 -0.266 	  -85.28 	 
0.155799996	 -0.266 	  -85.49 	 
0.155999996	 -0.267 	  -85.30 	 
0.156199996	 -0.268 	  -84.76 	 
0.156399996	 -0.268 	  -83.86 	 
0.156599996	 -0.268 	  -82.70 	 
0.156799996	 -0.266 	  -81.31 	 
0.156999996	 -0.266 	  -79.76 	 
0.157199996	 -0.264 	  -78.16 	 
0.157399996	 -0.263 	  -76.44 	 
0.157599996	 -0.261 	  -74.71 	 
0.157799996	 -0.259 	  -72.86 	 
0.157999996	 -0.258 	  -71.00 	 
0.158199996	 -0.255 	  -69.10 	 
0.158399996	 -0.253 	  -67.07 	 
0.158599996	 -0.251 	  -64.94 	 
0.158799996	 -0.247 	  -62.66 	 
0.158999996	 -0.245 	  -60.24 	 
0.159199996	 -0.242 	  -57.76 	 
0.159399996	 -0.238 	  -55.21 	 
0.159599996	 -0.234 	  -52.67 	 
0.159799996	 -0.231 	  -50.16 	 
0.159999996	 -0.228 	  -47.77 	 
0.160199996	 -0.222 	  -45.51 	 
0.160399996	 -0.219 	  -43.47 	 
0.160599996	 -0.215 	  -41.65 	 
0.160799996	 -0.211 	  -40.14 	 
0.160999996	 -0.209 	  -38.98 	 
0.161199996	 -0.206 	  -38.19 	 
0.161399996	 -0.204 	  -37.73 	 
0.161599996	 -0.202 	  -37.69 	 
0.161799996	 -0.202 	  -38.05 	 
0.161999996	 -0.201 	  -38.87 	 
0.162199996	 -0.202 	  -40.07 	 
0.162399996	 -0.203 	  -41.66 	 
0.162599996	 -0.204 	  -43.55 	 
0.162799996	 -0.206 	  -45.63 	 
0.162999996	 -0.208 	  -47.81 	 
0.163199996	 -0.212 	  -49.98 	 
0.163399996	 -0.214 	  -52.16 	 
0.163599996	 -0.216 	  -54.31 	 
0.163799996	 -0.219 	  -56.46 	 
0.163999996	 -0.222 	  -58.66 	 
0.164199996	 -0.225 	  -60.91 	 
0.164399996	 -0.229 	  -63.26 	 
0.164599996	 -0.232 	  -65.65 	 
0.164799996	 -0.235 	  -68.10 	 
0.164999996	 -0.239 	  -70.55 	 
0.165199996	 -0.243 	  -73.02 	 
0.165399996	 -0.246 	  -75.41 	 
0.165599996	 -0.250 	  -77.63 	 
0.165799996	 -0.253 	  -79.69 	 
0.165999996	 -0.256 	  -81.49 	 
0.166199996	 -0.259 	  -83.02 	 
0.166399996	 -0.262 	  -84.19 	 
0.166599996	 -0.264 	  -85.00 	 
0.166799996	 -0.266 	  -85.39 	 
0.166999996	 -0.267 	  -85.42 	 
0.167199996	 -0.268 	  -85.06 	 
0.167399996	 -0.268 	  -84.39 	 
0.167599996	 -0.268 	  -83.37 	 
0.167799996	 -0.268 	  -82.13 	 
0.167999996	 -0.266 	  -80.66 	 
0.168199996	 -0.265 	  -79.10 	 
0.168399996	 -0.264 	  -77.45 	 
0.168599996	 -0.262 	  -75.71 	 
0.168799996	 -0.261 	  -73.97 	 
0.168999996	 -0.259 	  -72.08 	 
0.169199996	 -0.256 	  -70.17 	 
0.169399996	 -0.254 	  -68.18 	 
0.169599996	 -0.252 	  -66.11 	 
0.169799996	 -0.250 	  -63.94 	 
0.169999996	 -0.246 	  -61.58 	 
0.170199996	 -0.244 	  -59.16 	 
0.170399996	 -0.240 	  -56.63 	 
0.170599996	 -0.237 	  -54.10 	 
0.170799996	 -0.233 	  -51.58 	 
0.170999996	 -0.229 	  -49.10 	 
0.171199996	 -0.225 	  -46.78 	 
0.171399996	 -0.221 	  -44.58 	 
0.171599996	 -0.217 	  -42.63 	 
0.171799996	 -0.214 	  -40.95 	 
0.171999996	 -0.210 	  -39.59 	 
0.172199996	 -0.207 	  -38.58 	 
0.172399996	 -0.205 	  -37.92 	 
0.172599996	 -0.203 	  -37.68 	 
0.172799996	 -0.203 	  -37.81 	 
0.172999996	 -0.201 	  -38.36 	 
0.173199996	 -0.202 	  -39.39 	 
0.173399996	 -0.202 	  -40.81 	 
0.173599996	 -0.203 	  -42.57 	 
0.173799996	 -0.205 	  -44.59 	 
0.173999996	 -0.207 	  -46.73 	 
0.174199996	 -0.210 	  -48.92 	 
0.174399996	 -0.212 	  -51.08 	 
0.174599996	 -0.215 	  -53.21 	 
0.174799996	 -0.218 	  -55.35 	 
0.174999996	 -0.221 	  -57.47 	 
0.175199996	 -0.224 	  -59.66 	 
0.175399996	 -0.227 	  -61.93 	 
0.175599996	 -0.230 	  -64.26 	 
0.175799996	 -0.233 	  -66.68 	 
0.175999996	 -0.237 	  -69.13 	 
0.176199996	 -0.241 	  -71.58 	 
0.176399996	 -0.244 	  -74.03 	 
0.176599996	 -0.248 	  -76.38 	 
0.176799996	 -0.252 	  -78.58 	 
0.176999996	 -0.254 	  -80.57 	 
0.177199996	 -0.259 	  -82.27 	 
0.177399996	 -0.261 	  -83.64 	 
0.177599996	 -0.263 	  -84.66 	 
0.177799996	 -0.266 	  -85.30 	 
0.177999996	 -0.266 	  -85.54 	 
0.178199995	 -0.268 	  -85.37 	 
0.178399995	 -0.268 	  -84.86 	 
0.178599995	 -0.268 	  -84.02 	 
0.178799995	 -0.268 	  -82.87 	 
0.178999995	 -0.267 	  -81.51 	 
0.179199995	 -0.266 	  -79.98 	 
0.179399995	 -0.264 	  -78.38 	 
0.179599995	 -0.263 	  -76.67 	 
0.179799995	 -0.261 	  -74.94 	 
0.179999995	 -0.259 	  -73.10 	 
0.180199995	 -0.258 	  -71.26 	 
0.180399995	 -0.255 	  -69.35 	 
0.180599995	 -0.253 	  -67.35 	 
0.180799995	 -0.252 	  -65.23 	 
0.180999995	 -0.248 	  -62.96 	 
0.181199995	 -0.245 	  -60.61 	 
0.181399995	 -0.242 	  -58.11 	 
0.181599995	 -0.239 	  -55.59 	 
0.181799995	 -0.235 	  -53.02 	 
0.181999995	 -0.231 	  -50.51 	 
0.182199995	 -0.227 	  -48.11 	 
0.182399995	 -0.223 	  -45.81 	 
0.182599995	 -0.219 	  -43.75 	 
0.182799995	 -0.216 	  -41.86 	 
0.182999995	 -0.212 	  -40.30 	 
0.183199995	 -0.209 	  -39.09 	 
0.183399995	 -0.207 	  -38.24 	 
0.183599995	 -0.204 	  -37.76 	 
0.183799995	 -0.203 	  -37.69 	 
0.183999995	 -0.202 	  -37.98 	 
0.184199995	 -0.201 	  -38.73 	 
0.184399995	 -0.202 	  -39.89 	 
0.184599995	 -0.202 	  -41.43 	 
0.184799995	 -0.203 	  -43.30 	 
0.184999995	 -0.206 	  -45.40 	 
0.185199995	 -0.208 	  -47.60 	 
0.185399995	 -0.211 	  -49.80 	 
0.185599995	 -0.214 	  -51.99 	 
0.185799995	 -0.216 	  -54.14 	 
0.185999995	 -0.219 	  -56.33 	 
0.186199995	 -0.222 	  -58.55 	 
0.186399995	 -0.226 	  -60.77 	 
0.186599995	 -0.228 	  -63.07 	 
0.186799995	 -0.232 	  -65.43 	 
0.186999995	 -0.235 	  -67.85 	 
0.187199995	 -0.239 	  -70.31 	 
0.187399995	 -0.242 	  -72.75 	 
0.187599995	 -0.246 	  -75.14 	 
0.187799995	 -0.249 	  -77.41 	 
0.187999995	 -0.253 	  -79.50 	 
0.188199995	 -0.256 	  -81.35 	 
0.188399995	 -0.259 	  -82.91 	 
0.188599995	 -0.262 	  -84.14 	 
0.188799995	 -0.264 	  -84.98 	 
0.188999995	 -0.266 	  -85.46 	 
0.189199995	 -0.267 	  -85.56 	 
0.189399995	 -0.267 	  -85.27 	 
0.189599995	 -0.268 	  -84.59 	 
0.189799995	 -0.268 	  -83.62 	 
0.189999995	 -0.268 	  -82.35 	 
0.190199995	 -0.267 	  -80.89 	 
0.190399995	 -0.266 	  -79.32 	 
0.190599995	 -0.264 	  -77.68 	 
0.190799995	 -0.263 	  -75.94 	 
0.190999995	 -0.260 	  -74.21 	 
0.191199995	 -0.259 	  -72.33 	 
0.191399995	 -0.256 	  -70.41 	 
0.191599995	 -0.255 	  -68.45 	 
0.191799995	 -0.252 	  -66.35 	 
0.191999995	 -0.250 	  -64.20 	 
0.192199995	 -0.247 	  -61.87 	 
0.192399995	 -0.244 	  -59.46 	 
0.192599995	 -0.240 	  -56.95 	 
0.192799995	 -0.238 	  -54.43 	 
0.192999995	 -0.233 	  -51.91 	 
0.193199995	 -0.229 	  -49.47 	 
0.193399995	 -0.225 	  -47.13 	 
0.193599995	 -0.222 	  -44.93 	 
0.193799995	 -0.218 	  -42.96 	 
0.193999995	 -0.214 	  -41.24 	 
0.194199995	 -0.211 	  -39.84 	 
0.194399995	 -0.208 	  -38.79 	 
0.194599995	 -0.206 	  -38.07 	 
0.194799995	 -0.204 	  -37.76 	 
0.194999995	 -0.202 	  -37.83 	 
0.195199995	 -0.201 	  -38.30 	 
0.195399995	 -0.201 	  -39.24 	 
0.195599995	 -0.202 	  -40.56 	 
0.195799995	 -0.203 	  -42.28 	 
0.195999995	 -0.204 	  -44.23 	 
0.196199995	 -0.207 	  -46.38 	 
0.196399995	 -0.209 	  -48.56 	 
0.196599995	 -0.212 	  -50.76 	 
0.196799995	 -0.214 	  -52.94 	 
0.196999995	 -0.217 	  -55.10 	 
0.197199995	 -0.220 	  -57.30 	 
0.197399995	 -0.223 	  -59.54 	 
0.197599995	 -0.227 	  -61.81 	 
0.197799995	 -0.230 	  -64.19 	 
0.197999995	 -0.234 	  -66.61 	 
0.198199995	 -0.236 	  -69.07 	 
0.198399995	 -0.240 	  -71.50 	 
0.198599995	 -0.244 	  -73.95 	 
0.198799995	 -0.248 	  -76.27 	 
0.198999995	 -0.252 	  -78.44 	 
0.199199995	 -0.254 	  -80.39 	 
0.199399995	 -0.258 	  -82.10 	 
0.199599995	 -0.261 	  -83.51 	 
0.199799995	 -0.263 	  -84.54 	 
0.199999995	 -0.265 	  -85.21 	 
0.200199995	 -0.267 	  -85.48 	 
0.200399995	 -0.268 	  -85.36 	 
0.200599995	 -0.268 	  -84.92 	 
0.200799995	 -0.268 	  -84.14 	 
0.200999995	 -0.268 	  -83.05 	 
0.201199995	 -0.267 	  -81.75 	 
0.201399995	 -0.266 	  -80.25 	 
0.201599995	 -0.265 	  -78.67 	 
0.201799995	 -0.264 	  -77.02 	 
0.201999995	 -0.262 	  -75.25 	 
0.202199995	 -0.260 	  -73.41 	 
0.202399995	 -0.258 	  -71.50 	 
0.202599995	 -0.256 	  -69.58 	 
0.202799995	 -0.254 	  -67.55 	 
0.202999995	 -0.251 	  -65.46 	 
0.203199995	 -0.248 	  -63.21 	 
0.203399995	 -0.245 	  -60.82 	 
0.203599995	 -0.242 	  -58.34 	 
0.203799995	 -0.239 	  -55.81 	 
0.203999995	 -0.235 	  -53.25 	 
0.204199995	 -0.231 	  -50.74 	 
0.204399995	 -0.227 	  -48.30 	 
0.204599995	 -0.224 	  -46.01 	 
