0.000000000	 -0.255 	  -85.21 	 
0.000200000	 -0.256 	  -84.65 	 
0.000400000	 -0.256 	  -83.84 	 
0.000600000	 -0.255 	  -82.70 	 
0.000800000	 -0.255 	  -81.48 	 
0.001000000	 -0.254 	  -80.18 	 
0.001200000	 -0.254 	  -78.66 	 
0.001400000	 -0.253 	  -76.98 	 
0.001600000	 -0.251 	  -75.13 	 
0.001800000	 -0.250 	  -73.01 	 
0.002000000	 -0.249 	  -70.80 	 
0.002200000	 -0.248 	  -68.51 	 
0.002400000	 -0.247 	  -66.08 	 
0.002600000	 -0.245 	  -63.50 	 
0.002800000	 -0.243 	  -60.79 	 
0.003000000	 -0.241 	  -58.04 	 
0.003200000	 -0.238 	  -55.30 	 
0.003400000	 -0.237 	  -52.65 	 
0.003600000	 -0.234 	  -50.13 	 
0.003800000	 -0.232 	  -47.76 	 
0.004000000	 -0.229 	  -45.62 	 
0.004200000	 -0.226 	  -43.66 	 
0.004400000	 -0.224 	  -41.96 	 
0.004600000	 -0.223 	  -40.49 	 
0.004800000	 -0.221 	  -39.28 	 
0.005000000	 -0.219 	  -38.43 	 
0.005200000	 -0.217 	  -37.89 	 
0.005400000	 -0.215 	  -37.66 	 
0.005600000	 -0.214 	  -37.77 	 
0.005800000	 -0.214 	  -38.26 	 
0.006000000	 -0.214 	  -39.11 	 
0.006200000	 -0.215 	  -40.33 	 
0.006400000	 -0.215 	  -41.80 	 
0.006600000	 -0.216 	  -43.41 	 
0.006800000	 -0.217 	  -45.19 	 
0.007000000	 -0.218 	  -47.17 	 
0.007200000	 -0.220 	  -49.30 	 
0.007400000	 -0.222 	  -51.61 	 
0.007600000	 -0.224 	  -54.06 	 
0.007800000	 -0.226 	  -56.75 	 
0.008000000	 -0.229 	  -59.60 	 
0.008200000	 -0.231 	  -62.52 	 
0.008400000	 -0.234 	  -65.47 	 
0.008600000	 -0.237 	  -68.39 	 
0.008800000	 -0.240 	  -71.12 	 
0.009000000	 -0.243 	  -73.64 	 
0.009200000	 -0.245 	  -75.96 	 
0.009400000	 -0.246 	  -78.09 	 
0.009600000	 -0.250 	  -79.96 	 
0.009800000	 -0.251 	  -81.60 	 
0.010000000	 -0.252 	  -82.96 	 
0.010200000	 -0.254 	  -84.02 	 
0.010400000	 -0.254 	  -84.80 	 
0.010600000	 -0.256 	  -85.28 	 
0.010800000	 -0.256 	  -85.47 	 
0.011000000	 -0.256 	  -85.37 	 
0.011200000	 -0.256 	  -84.93 	 
0.011400000	 -0.256 	  -84.25 	 
0.011600000	 -0.256 	  -83.33 	 
0.011800000	 -0.255 	  -82.19 	 
0.012000000	 -0.254 	  -80.98 	 
0.012200000	 -0.254 	  -79.52 	 
0.012400000	 -0.253 	  -77.92 	 
0.012600000	 -0.252 	  -76.14 	 
0.012800000	 -0.251 	  -74.16 	 
0.013000000	 -0.250 	  -72.04 	 
0.013200000	 -0.249 	  -69.88 	 
0.013400000	 -0.247 	  -67.53 	 
0.013600000	 -0.246 	  -65.03 	 
0.013800000	 -0.244 	  -62.37 	 
0.014000000	 -0.241 	  -59.59 	 
0.014200000	 -0.239 	  -56.79 	 
0.014400000	 -0.238 	  -54.08 	 
0.014600000	 -0.235 	  -51.47 	 
0.014800000	 -0.233 	  -49.04 	 
0.015000000	 -0.230 	  -46.77 	 
0.015200000	 -0.228 	  -44.65 	 
0.015400000	 -0.226 	  -42.80 	 
0.015600000	 -0.223 	  -41.18 	 
0.015800000	 -0.222 	  -39.80 	 
0.016000000	 -0.219 	  -38.75 	 
0.016200000	 -0.217 	  -38.10 	 
0.016400000	 -0.216 	  -37.75 	 
0.016600000	 -0.215 	  -37.70 	 
0.016800000	 -0.214 	  -38.01 	 
0.017000000	 -0.214 	  -38.65 	 
0.017200000	 -0.214 	  -39.61 	 
0.017400000	 -0.214 	  -40.95 	 
0.017600000	 -0.214 	  -42.49 	 
0.017800000	 -0.216 	  -44.17 	 
0.018000000	 -0.217 	  -46.05 	 
0.018200000	 -0.219 	  -48.11 	 
0.018400000	 -0.220 	  -50.33 	 
0.018600000	 -0.222 	  -52.69 	 
0.018800000	 -0.225 	  -55.25 	 
0.019000000	 -0.227 	  -58.00 	 
0.019200000	 -0.230 	  -60.89 	 
0.019400000	 -0.233 	  -63.82 	 
0.019600000	 -0.235 	  -66.80 	 
0.019799999	 -0.238 	  -69.66 	 
0.019999999	 -0.241 	  -72.31 	 
0.020199999	 -0.243 	  -74.73 	 
0.020399999	 -0.246 	  -76.96 	 
0.020599999	 -0.248 	  -78.95 	 
0.020799999	 -0.250 	  -80.73 	 
0.020999999	 -0.252 	  -82.19 	 
0.021199999	 -0.253 	  -83.42 	 
0.021399999	 -0.254 	  -84.34 	 
0.021599999	 -0.255 	  -85.01 	 
0.021799999	 -0.256 	  -85.37 	 
0.021999999	 -0.256 	  -85.49 	 
0.022199999	 -0.256 	  -85.26 	 
0.022399999	 -0.256 	  -84.71 	 
0.022599999	 -0.256 	  -83.91 	 
0.022799999	 -0.256 	  -82.83 	 
0.022999999	 -0.255 	  -81.61 	 
0.023199999	 -0.255 	  -80.36 	 
0.023399999	 -0.253 	  -78.84 	 
0.023599999	 -0.253 	  -77.17 	 
0.023799999	 -0.252 	  -75.35 	 
0.023999999	 -0.250 	  -73.28 	 
0.024199999	 -0.249 	  -71.07 	 
0.024399999	 -0.249 	  -68.79 	 
0.024599999	 -0.246 	  -66.39 	 
0.024799999	 -0.245 	  -63.85 	 
0.024999999	 -0.243 	  -61.20 	 
0.025199999	 -0.241 	  -58.45 	 
0.025399999	 -0.239 	  -55.70 	 
0.025599999	 -0.236 	  -52.99 	 
0.025799999	 -0.234 	  -50.45 	 
0.025999999	 -0.232 	  -48.03 	 
0.026199999	 -0.229 	  -45.79 	 
0.026399999	 -0.226 	  -43.77 	 
0.026599999	 -0.224 	  -42.03 	 
0.026799999	 -0.222 	  -40.56 	 
0.026999999	 -0.221 	  -39.33 	 
0.027199999	 -0.218 	  -38.47 	 
0.027399999	 -0.217 	  -37.98 	 
0.027599999	 -0.216 	  -37.76 	 
0.027799999	 -0.215 	  -37.80 	 
0.027999999	 -0.214 	  -38.20 	 
0.028199999	 -0.214 	  -39.00 	 
0.028399999	 -0.214 	  -40.12 	 
0.028599999	 -0.215 	  -41.58 	 
0.028799999	 -0.216 	  -43.21 	 
0.028999999	 -0.217 	  -45.02 	 
0.029199999	 -0.219 	  -47.00 	 
0.029399999	 -0.220 	  -49.14 	 
0.029599999	 -0.222 	  -51.43 	 
0.029799999	 -0.224 	  -53.83 	 
0.029999999	 -0.226 	  -56.49 	 
0.030199999	 -0.229 	  -59.29 	 
0.030399999	 -0.231 	  -62.19 	 
0.030599999	 -0.234 	  -65.14 	 
0.030799999	 -0.237 	  -68.08 	 
0.030999999	 -0.239 	  -70.84 	 
0.031199999	 -0.242 	  -73.40 	 
0.031399999	 -0.245 	  -75.75 	 
0.031599999	 -0.246 	  -77.90 	 
0.031799999	 -0.249 	  -79.77 	 
0.031999999	 -0.251 	  -81.45 	 
0.032199999	 -0.252 	  -82.83 	 
0.032399999	 -0.254 	  -83.94 	 
0.032599999	 -0.255 	  -84.76 	 
0.032799999	 -0.255 	  -85.29 	 
0.032999999	 -0.255 	  -85.52 	 
0.033199999	 -0.256 	  -85.43 	 
0.033399999	 -0.256 	  -85.04 	 
0.033599999	 -0.256 	  -84.34 	 
0.033799999	 -0.255 	  -83.44 	 
0.033999999	 -0.255 	  -82.30 	 
0.034199999	 -0.254 	  -81.08 	 
0.034399999	 -0.253 	  -79.67 	 
0.034599999	 -0.253 	  -78.08 	 
0.034799999	 -0.253 	  -76.34 	 
0.034999999	 -0.251 	  -74.31 	 
0.035199999	 -0.251 	  -72.20 	 
0.035399999	 -0.249 	  -70.04 	 
0.035599999	 -0.248 	  -67.79 	 
0.035799999	 -0.246 	  -65.35 	 
0.035999999	 -0.244 	  -62.72 	 
0.036199999	 -0.242 	  -59.97 	 
0.036399999	 -0.240 	  -57.19 	 
0.036599999	 -0.238 	  -54.43 	 
0.036799999	 -0.235 	  -51.77 	 
0.036999999	 -0.233 	  -49.32 	 
0.037199999	 -0.231 	  -47.02 	 
0.037399999	 -0.229 	  -44.92 	 
0.037599999	 -0.225 	  -43.05 	 
0.037799999	 -0.223 	  -41.43 	 
0.037999999	 -0.222 	  -40.04 	 
0.038199999	 -0.219 	  -38.93 	 
0.038399999	 -0.218 	  -38.21 	 
0.038599999	 -0.217 	  -37.79 	 
0.038799999	 -0.215 	  -37.68 	 
0.038999999	 -0.215 	  -37.93 	 
0.039199999	 -0.214 	  -38.54 	 
0.039399999	 -0.214 	  -39.51 	 
0.039599999	 -0.214 	  -40.79 	 
0.039799999	 -0.215 	  -42.30 	 
0.039999999	 -0.216 	  -43.94 	 
0.040199999	 -0.217 	  -45.80 	 
0.040399999	 -0.218 	  -47.88 	 
0.040599999	 -0.220 	  -50.09 	 
0.040799999	 -0.223 	  -52.45 	 
0.040999999	 -0.225 	  -54.99 	 
0.041199999	 -0.228 	  -57.74 	 
0.041399999	 -0.229 	  -60.59 	 
0.041599999	 -0.233 	  -63.51 	 
0.041799999	 -0.235 	  -66.43 	 
0.041999999	 -0.238 	  -69.27 	 
0.042199999	 -0.240 	  -71.93 	 
0.042399999	 -0.244 	  -74.39 	 
0.042599999	 -0.245 	  -76.67 	 
0.042799999	 -0.249 	  -78.73 	 
0.042999999	 -0.250 	  -80.55 	 
0.043199999	 -0.251 	  -82.09 	 
0.043399999	 -0.253 	  -83.35 	 
0.043599999	 -0.254 	  -84.33 	 
0.043799999	 -0.255 	  -85.03 	 
0.043999999	 -0.256 	  -85.41 	 
0.044199999	 -0.256 	  -85.50 	 
0.044399999	 -0.256 	  -85.28 	 
0.044599999	 -0.256 	  -84.76 	 
0.044799999	 -0.256 	  -84.02 	 
0.044999999	 -0.256 	  -82.98 	 
0.045199999	 -0.255 	  -81.81 	 
0.045399999	 -0.254 	  -80.54 	 
0.045599999	 -0.254 	  -79.04 	 
0.045799999	 -0.252 	  -77.40 	 
0.045999999	 -0.252 	  -75.62 	 
0.046199999	 -0.251 	  -73.51 	 
0.046399999	 -0.250 	  -71.25 	 
0.046599999	 -0.249 	  -68.96 	 
0.046799999	 -0.246 	  -66.61 	 
0.046999999	 -0.245 	  -64.08 	 
0.047199999	 -0.243 	  -61.44 	 
0.047399999	 -0.241 	  -58.70 	 
0.047599999	 -0.239 	  -55.94 	 
0.047799999	 -0.237 	  -53.24 	 
0.047999999	 -0.234 	  -50.66 	 
0.048199999	 -0.233 	  -48.23 	 
0.048399999	 -0.229 	  -45.99 	 
0.048599999	 -0.226 	  -43.96 	 
0.048799999	 -0.225 	  -42.20 	 
0.048999999	 -0.223 	  -40.70 	 
0.049199999	 -0.220 	  -39.48 	 
0.049399999	 -0.219 	  -38.55 	 
0.049599999	 -0.217 	  -37.97 	 
0.049799999	 -0.216 	  -37.65 	 
0.049999999	 -0.215 	  -37.67 	 
0.050199999	 -0.214 	  -38.08 	 
0.050399999	 -0.215 	  -38.85 	 
0.050599999	 -0.214 	  -40.01 	 
0.050799999	 -0.215 	  -41.47 	 
0.050999999	 -0.215 	  -43.07 	 
0.051199999	 -0.217 	  -44.78 	 
0.051399999	 -0.218 	  -46.71 	 
0.051599999	 -0.219 	  -48.77 	 
0.051799999	 -0.221 	  -51.03 	 
0.051999999	 -0.224 	  -53.46 	 
0.052199999	 -0.226 	  -56.13 	 
0.052399999	 -0.228 	  -58.98 	 
0.052599999	 -0.231 	  -61.92 	 
0.052799999	 -0.233 	  -64.87 	 
0.052999999	 -0.236 	  -67.79 	 
0.053199999	 -0.240 	  -70.52 	 
0.053399999	 -0.241 	  -73.06 	 
0.053599999	 -0.245 	  -75.39 	 
0.053799999	 -0.246 	  -77.52 	 
0.053999999	 -0.249 	  -79.45 	 
0.054199999	 -0.250 	  -81.14 	 
0.054399999	 -0.252 	  -82.62 	 
0.054599999	 -0.253 	  -83.81 	 
0.054799999	 -0.254 	  -84.65 	 
0.054999999	 -0.255 	  -85.20 	 
0.055199999	 -0.256 	  -85.45 	 
0.055399999	 -0.256 	  -85.40 	 
0.055599999	 -0.256 	  -85.03 	 
0.055799999	 -0.256 	  -84.39 	 
0.055999999	 -0.255 	  -83.55 	 
0.056199999	 -0.255 	  -82.45 	 
0.056399999	 -0.255 	  -81.28 	 
0.056599999	 -0.253 	  -79.90 	 
0.056799999	 -0.253 	  -78.28 	 
0.056999999	 -0.252 	  -76.49 	 
0.057199999	 -0.251 	  -74.48 	 
0.057399999	 -0.250 	  -72.36 	 
0.057599999	 -0.249 	  -70.25 	 
0.057799999	 -0.248 	  -68.04 	 
0.057999999	 -0.246 	  -65.65 	 
0.058199999	 -0.244 	  -63.07 	 
0.058399999	 -0.242 	  -60.32 	 
0.058599999	 -0.240 	  -57.47 	 
0.058799999	 -0.238 	  -54.68 	 
0.058999999	 -0.235 	  -51.98 	 
0.059199999	 -0.233 	  -49.49 	 
0.059399998	 -0.231 	  -47.18 	 
0.059599998	 -0.229 	  -45.06 	 
0.059799998	 -0.226 	  -43.21 	 
0.059999998	 -0.224 	  -41.61 	 
0.060199998	 -0.222 	  -40.18 	 
0.060399998	 -0.220 	  -39.03 	 
0.060599998	 -0.218 	  -38.22 	 
0.060799998	 -0.217 	  -37.77 	 
0.060999998	 -0.215 	  -37.65 	 
0.061199998	 -0.215 	  -37.87 	 
0.061399998	 -0.214 	  -38.43 	 
0.061599998	 -0.214 	  -39.33 	 
0.061799998	 -0.215 	  -40.58 	 
0.061999998	 -0.215 	  -42.06 	 
0.062199998	 -0.216 	  -43.71 	 
0.062399998	 -0.217 	  -45.49 	 
0.062599998	 -0.218 	  -47.55 	 
0.062799998	 -0.220 	  -49.77 	 
0.062999998	 -0.222 	  -52.11 	 
0.063199998	 -0.225 	  -54.67 	 
0.063399998	 -0.227 	  -57.43 	 
0.063599998	 -0.229 	  -60.32 	 
0.063799998	 -0.232 	  -63.21 	 
0.063999998	 -0.235 	  -66.16 	 
0.064199998	 -0.238 	  -69.01 	 
0.064399998	 -0.240 	  -71.69 	 
0.064599998	 -0.243 	  -74.17 	 
0.064799998	 -0.245 	  -76.45 	 
0.064999998	 -0.247 	  -78.53 	 
0.065199998	 -0.250 	  -80.40 	 
0.065399998	 -0.251 	  -81.97 	 
0.065599998	 -0.253 	  -83.26 	 
0.065799998	 -0.254 	  -84.27 	 
0.065999998	 -0.256 	  -84.97 	 
0.066199998	 -0.256 	  -85.36 	 
0.066399998	 -0.256 	  -85.50 	 
0.066599998	 -0.257 	  -85.31 	 
0.066799998	 -0.256 	  -84.84 	 
0.066999998	 -0.256 	  -84.12 	 
0.067199998	 -0.256 	  -83.09 	 
0.067399998	 -0.255 	  -81.93 	 
0.067599998	 -0.255 	  -80.66 	 
0.067799998	 -0.254 	  -79.17 	 
0.067999998	 -0.253 	  -77.51 	 
0.068199998	 -0.252 	  -75.74 	 
0.068399998	 -0.251 	  -73.70 	 
0.068599998	 -0.250 	  -71.56 	 
0.068799998	 -0.249 	  -69.36 	 
0.068999998	 -0.247 	  -67.02 	 
0.069199998	 -0.245 	  -64.48 	 
0.069399998	 -0.243 	  -61.81 	 
0.069599998	 -0.241 	  -59.01 	 
0.069799998	 -0.239 	  -56.22 	 
0.069999998	 -0.237 	  -53.48 	 
0.070199998	 -0.234 	  -50.94 	 
0.070399998	 -0.232 	  -48.55 	 
0.070599998	 -0.230 	  -46.32 	 
0.070799998	 -0.227 	  -44.28 	 
0.070999998	 -0.225 	  -42.49 	 
0.071199998	 -0.223 	  -40.91 	 
0.071399998	 -0.221 	  -39.61 	 
0.071599998	 -0.219 	  -38.64 	 
0.071799998	 -0.217 	  -38.02 	 
0.071999998	 -0.217 	  -37.70 	 
0.072199998	 -0.215 	  -37.73 	 
0.072399998	 -0.214 	  -38.12 	 
0.072599998	 -0.214 	  -38.87 	 
0.072799998	 -0.214 	  -39.91 	 
0.072999998	 -0.214 	  -41.30 	 
0.073199998	 -0.216 	  -42.85 	 
0.073399998	 -0.217 	  -44.56 	 
0.073599998	 -0.218 	  -46.47 	 
0.073799998	 -0.219 	  -48.57 	 
0.073999998	 -0.222 	  -50.84 	 
0.074199998	 -0.223 	  -53.29 	 
0.074399998	 -0.225 	  -55.88 	 
0.074599998	 -0.228 	  -58.66 	 
0.074799998	 -0.231 	  -61.53 	 
0.074999998	 -0.233 	  -64.46 	 
0.075199998	 -0.236 	  -67.38 	 
0.075399998	 -0.239 	  -70.20 	 
0.075599998	 -0.241 	  -72.80 	 
0.075799998	 -0.244 	  -75.22 	 
0.075999998	 -0.247 	  -77.44 	 
0.076199998	 -0.249 	  -79.43 	 
0.076399998	 -0.251 	  -81.14 	 
0.076599998	 -0.252 	  -82.58 	 
0.076799998	 -0.253 	  -83.75 	 
0.076999998	 -0.255 	  -84.60 	 
0.077199998	 -0.256 	  -85.19 	 
0.077399998	 -0.256 	  -85.48 	 
0.077599998	 -0.256 	  -85.50 	 
0.077799998	 -0.256 	  -85.17 	 
0.077999998	 -0.256 	  -84.53 	 
0.078199998	 -0.256 	  -83.70 	 
0.078399998	 -0.255 	  -82.61 	 
0.078599998	 -0.255 	  -81.39 	 
0.078799998	 -0.254 	  -80.09 	 
0.078999998	 -0.254 	  -78.59 	 
0.079199998	 -0.252 	  -76.87 	 
0.079399998	 -0.252 	  -74.98 	 
0.079599998	 -0.251 	  -72.77 	 
0.079799998	 -0.250 	  -70.47 	 
0.079999998	 -0.247 	  -68.16 	 
0.080199998	 -0.247 	  -65.74 	 
0.080399998	 -0.245 	  -63.18 	 
0.080599998	 -0.243 	  -60.53 	 
0.080799998	 -0.240 	  -57.82 	 
0.080999998	 -0.238 	  -55.08 	 
0.081199998	 -0.236 	  -52.45 	 
0.081399998	 -0.234 	  -49.97 	 
0.081599998	 -0.231 	  -47.54 	 
0.081799998	 -0.228 	  -45.34 	 
0.081999998	 -0.226 	  -43.38 	 
0.082199998	 -0.224 	  -41.68 	 
0.082399998	 -0.222 	  -40.25 	 
0.082599998	 -0.220 	  -39.11 	 
0.082799998	 -0.218 	  -38.32 	 
0.082999998	 -0.217 	  -37.88 	 
0.083199998	 -0.216 	  -37.73 	 
0.083399998	 -0.214 	  -37.89 	 
0.083599998	 -0.214 	  -38.38 	 
0.083799998	 -0.214 	  -39.27 	 
0.083999998	 -0.214 	  -40.51 	 
0.084199998	 -0.215 	  -42.03 	 
0.084399998	 -0.216 	  -43.68 	 
0.084599998	 -0.217 	  -45.45 	 
0.084799998	 -0.219 	  -47.43 	 
0.084999998	 -0.220 	  -49.57 	 
0.085199998	 -0.223 	  -51.86 	 
0.085399998	 -0.224 	  -54.36 	 
0.085599998	 -0.226 	  -57.08 	 
0.085799998	 -0.229 	  -59.98 	 
0.085999998	 -0.231 	  -62.94 	 
0.086199998	 -0.234 	  -65.91 	 
0.086399998	 -0.238 	  -68.82 	 
0.086599998	 -0.240 	  -71.52 	 
0.086799998	 -0.243 	  -73.98 	 
0.086999998	 -0.245 	  -76.21 	 
0.087199998	 -0.247 	  -78.26 	 
0.087399998	 -0.250 	  -80.11 	 
0.087599998	 -0.250 	  -81.73 	 
0.087799998	 -0.252 	  -83.06 	 
0.087999998	 -0.254 	  -84.16 	 
0.088199998	 -0.255 	  -84.97 	 
0.088399998	 -0.256 	  -85.40 	 
0.088599998	 -0.255 	  -85.57 	 
0.088799998	 -0.256 	  -85.44 	 
0.088999998	 -0.256 	  -84.94 	 
0.089199998	 -0.256 	  -84.24 	 
0.089399998	 -0.256 	  -83.27 	 
0.089599998	 -0.255 	  -82.10 	 
0.089799998	 -0.255 	  -80.88 	 
0.089999998	 -0.254 	  -79.41 	 
0.090199998	 -0.254 	  -77.75 	 
0.090399998	 -0.252 	  -75.95 	 
0.090599998	 -0.251 	  -73.89 	 
0.090799998	 -0.250 	  -71.74 	 
0.090999998	 -0.249 	  -69.57 	 
0.091199998	 -0.247 	  -67.25 	 
0.091399998	 -0.246 	  -64.78 	 
0.091599998	 -0.244 	  -62.16 	 
0.091799998	 -0.242 	  -59.42 	 
0.091999998	 -0.239 	  -56.59 	 
0.092199998	 -0.237 	  -53.86 	 
0.092399998	 -0.235 	  -51.25 	 
0.092599998	 -0.232 	  -48.79 	 
0.092799998	 -0.230 	  -46.53 	 
0.092999998	 -0.228 	  -44.44 	 
0.093199998	 -0.225 	  -42.63 	 
0.093399998	 -0.223 	  -41.07 	 
0.093599998	 -0.221 	  -39.74 	 
0.093799998	 -0.219 	  -38.72 	 
0.093999998	 -0.217 	  -38.03 	 
0.094199998	 -0.216 	  -37.69 	 
0.094399998	 -0.215 	  -37.64 	 
0.094599998	 -0.215 	  -37.98 	 
0.094799998	 -0.213 	  -38.70 	 
0.094999998	 -0.214 	  -39.75 	 
0.095199998	 -0.214 	  -41.12 	 
0.095399998	 -0.215 	  -42.67 	 
0.095599998	 -0.216 	  -44.36 	 
0.095799998	 -0.217 	  -46.23 	 
0.095999998	 -0.219 	  -48.32 	 
0.096199998	 -0.221 	  -50.58 	 
0.096399998	 -0.223 	  -53.00 	 
0.096599998	 -0.225 	  -55.59 	 
0.096799998	 -0.228 	  -58.39 	 
0.096999998	 -0.230 	  -61.29 	 
0.097199998	 -0.233 	  -64.19 	 
0.097399998	 -0.235 	  -67.14 	 
0.097599998	 -0.239 	  -69.94 	 
0.097799998	 -0.242 	  -72.57 	 
0.097999998	 -0.244 	  -74.97 	 
0.098199998	 -0.247 	  -77.17 	 
0.098399998	 -0.248 	  -79.20 	 
0.098599998	 -0.250 	  -80.95 	 
0.098799998	 -0.252 	  -82.41 	 
0.098999997	 -0.253 	  -83.60 	 
0.099199997	 -0.254 	  -84.51 	 
0.099399997	 -0.256 	  -85.13 	 
0.099599997	 -0.256 	  -85.47 	 
0.099799997	 -0.256 	  -85.53 	 
0.099999997	 -0.256 	  -85.24 	 
0.100199997	 -0.256 	  -84.65 	 
0.100399997	 -0.256 	  -83.84 	 
0.100599997	 -0.256 	  -82.72 	 
0.100799997	 -0.255 	  -81.50 	 
0.100999997	 -0.254 	  -80.20 	 
0.101199997	 -0.254 	  -78.67 	 
0.101399997	 -0.253 	  -77.00 	 
0.101599997	 -0.252 	  -75.16 	 
0.101799997	 -0.251 	  -73.05 	 
0.101999997	 -0.249 	  -70.82 	 
0.102199997	 -0.248 	  -68.53 	 
0.102399997	 -0.246 	  -66.11 	 
0.102599997	 -0.244 	  -63.52 	 
0.102799997	 -0.243 	  -60.85 	 
0.102999997	 -0.241 	  -58.06 	 
0.103199997	 -0.238 	  -55.35 	 
0.103399997	 -0.236 	  -52.69 	 
0.103599997	 -0.233 	  -50.19 	 
0.103799997	 -0.231 	  -47.82 	 
0.103999997	 -0.229 	  -45.64 	 
0.104199997	 -0.227 	  -43.69 	 
0.104399997	 -0.224 	  -41.98 	 
0.104599997	 -0.222 	  -40.51 	 
0.104799997	 -0.220 	  -39.30 	 
0.104999997	 -0.219 	  -38.46 	 
0.105199997	 -0.217 	  -37.90 	 
0.105399997	 -0.216 	  -37.67 	 
0.105599997	 -0.215 	  -37.77 	 
0.105799997	 -0.214 	  -38.24 	 
0.105999997	 -0.215 	  -39.11 	 
0.106199997	 -0.214 	  -40.32 	 
0.106399997	 -0.215 	  -41.80 	 
0.106599997	 -0.216 	  -43.46 	 
0.106799997	 -0.217 	  -45.24 	 
0.106999997	 -0.219 	  -47.22 	 
0.107199997	 -0.220 	  -49.33 	 
0.107399997	 -0.222 	  -51.60 	 
0.107599997	 -0.224 	  -54.06 	 
0.107799997	 -0.227 	  -56.75 	 
0.107999997	 -0.229 	  -59.61 	 
0.108199997	 -0.231 	  -62.56 	 
0.108399997	 -0.234 	  -65.51 	 
0.108599997	 -0.238 	  -68.43 	 
0.108799997	 -0.240 	  -71.18 	 
0.108999997	 -0.242 	  -73.71 	 
0.109199997	 -0.245 	  -76.00 	 
0.109399997	 -0.247 	  -78.11 	 
0.109599997	 -0.249 	  -79.98 	 
0.109799997	 -0.250 	  -81.61 	 
0.109999997	 -0.252 	  -82.96 	 
0.110199997	 -0.254 	  -84.05 	 
0.110399997	 -0.255 	  -84.85 	 
0.110599997	 -0.255 	  -85.31 	 
0.110799997	 -0.256 	  -85.51 	 
0.110999997	 -0.256 	  -85.39 	 
0.111199997	 -0.256 	  -84.93 	 
0.111399997	 -0.256 	  -84.25 	 
0.111599997	 -0.256 	  -83.33 	 
0.111799997	 -0.255 	  -82.19 	 
0.111999997	 -0.255 	  -80.99 	 
0.112199997	 -0.254 	  -79.53 	 
0.112399997	 -0.253 	  -77.90 	 
0.112599997	 -0.252 	  -76.12 	 
0.112799997	 -0.251 	  -74.19 	 
0.112999997	 -0.250 	  -72.11 	 
0.113199997	 -0.248 	  -69.97 	 
0.113399997	 -0.247 	  -67.61 	 
0.113599997	 -0.246 	  -65.10 	 
0.113799997	 -0.244 	  -62.42 	 
0.113999997	 -0.242 	  -59.64 	 
0.114199997	 -0.240 	  -56.85 	 
0.114399997	 -0.238 	  -54.17 	 
0.114599997	 -0.235 	  -51.51 	 
0.114799997	 -0.233 	  -49.08 	 
0.114999997	 -0.230 	  -46.77 	 
0.115199997	 -0.228 	  -44.70 	 
0.115399997	 -0.226 	  -42.83 	 
0.115599997	 -0.224 	  -41.22 	 
0.115799997	 -0.222 	  -39.84 	 
0.115999997	 -0.219 	  -38.80 	 
0.116199997	 -0.217 	  -38.10 	 
0.116399997	 -0.216 	  -37.75 	 
0.116599997	 -0.215 	  -37.70 	 
0.116799997	 -0.214 	  -37.99 	 
0.116999997	 -0.214 	  -38.65 	 
0.117199997	 -0.214 	  -39.67 	 
0.117399997	 -0.215 	  -41.00 	 
0.117599997	 -0.215 	  -42.52 	 
0.117799997	 -0.217 	  -44.23 	 
0.117999997	 -0.217 	  -46.11 	 
0.118199997	 -0.219 	  -48.15 	 
0.118399997	 -0.221 	  -50.33 	 
0.118599997	 -0.222 	  -52.67 	 
0.118799997	 -0.225 	  -55.24 	 
0.118999997	 -0.228 	  -58.03 	 
0.119199997	 -0.230 	  -60.95 	 
0.119399997	 -0.233 	  -63.92 	 
0.119599997	 -0.235 	  -66.85 	 
0.119799997	 -0.238 	  -69.70 	 
0.119999997	 -0.241 	  -72.31 	 
0.120199997	 -0.244 	  -74.74 	 
0.120399997	 -0.246 	  -76.95 	 
0.120599997	 -0.249 	  -78.97 	 
0.120799997	 -0.250 	  -80.73 	 
0.120999997	 -0.252 	  -82.21 	 
0.121199997	 -0.253 	  -83.44 	 
0.121399997	 -0.254 	  -84.39 	 
0.121599997	 -0.255 	  -85.04 	 
0.121799997	 -0.256 	  -85.37 	 
0.121999997	 -0.256 	  -85.48 	 
0.122199997	 -0.256 	  -85.27 	 
0.122399997	 -0.256 	  -84.73 	 
0.122599997	 -0.256 	  -83.97 	 
0.122799997	 -0.255 	  -82.91 	 
0.122999997	 -0.255 	  -81.68 	 
0.123199997	 -0.254 	  -80.39 	 
0.123399997	 -0.254 	  -78.84 	 
0.123599997	 -0.253 	  -77.20 	 
0.123799997	 -0.252 	  -75.37 	 
0.123999997	 -0.251 	  -73.27 	 
0.124199997	 -0.250 	  -71.05 	 
0.124399997	 -0.248 	  -68.75 	 
0.124599997	 -0.247 	  -66.39 	 
0.124799997	 -0.245 	  -63.87 	 
0.124999997	 -0.243 	  -61.21 	 
0.125199997	 -0.241 	  -58.46 	 
0.125399997	 -0.240 	  -55.70 	 
0.125599997	 -0.237 	  -53.02 	 
0.125799997	 -0.234 	  -50.45 	 
0.125999997	 -0.232 	  -48.05 	 
0.126199997	 -0.229 	  -45.81 	 
0.126399997	 -0.227 	  -43.82 	 
0.126599997	 -0.225 	  -42.07 	 
0.126799997	 -0.223 	  -40.58 	 
0.126999997	 -0.221 	  -39.36 	 
0.127199997	 -0.218 	  -38.52 	 
0.127399997	 -0.217 	  -38.01 	 
0.127599997	 -0.216 	  -37.77 	 
0.127799997	 -0.215 	  -37.80 	 
0.127999997	 -0.215 	  -38.24 	 
0.128199997	 -0.214 	  -39.03 	 
0.128399997	 -0.214 	  -40.16 	 
0.128599997	 -0.215 	  -41.63 	 
0.128799997	 -0.217 	  -43.24 	 
0.128999997	 -0.217 	  -45.00 	 
0.129199997	 -0.218 	  -46.97 	 
0.129399997	 -0.219 	  -49.10 	 
0.129599997	 -0.222 	  -51.38 	 
0.129799997	 -0.224 	  -53.83 	 
0.129999997	 -0.226 	  -56.49 	 
0.130199997	 -0.229 	  -59.31 	 
0.130399997	 -0.231 	  -62.21 	 
0.130599997	 -0.234 	  -65.14 	 
0.130799997	 -0.237 	  -68.10 	 
0.130999997	 -0.240 	  -70.88 	 
0.131199997	 -0.242 	  -73.40 	 
0.131399997	 -0.245 	  -75.74 	 
0.131599997	 -0.247 	  -77.87 	 
0.131799997	 -0.249 	  -79.78 	 
0.131999997	 -0.251 	  -81.43 	 
0.132199997	 -0.252 	  -82.81 	 
0.132399997	 -0.254 	  -83.96 	 
0.132599997	 -0.255 	  -84.80 	 
0.132799997	 -0.255 	  -85.30 	 
0.132999997	 -0.256 	  -85.56 	 
0.133199997	 -0.257 	  -85.44 	 
0.133399997	 -0.256 	  -85.02 	 
0.133599997	 -0.256 	  -84.33 	 
0.133799997	 -0.255 	  -83.42 	 
0.133999997	 -0.256 	  -82.26 	 
0.134199997	 -0.255 	  -81.08 	 
0.134399997	 -0.254 	  -79.69 	 
0.134599997	 -0.253 	  -78.10 	 
0.134799997	 -0.252 	  -76.36 	 
0.134999997	 -0.251 	  -74.37 	 
0.135199997	 -0.250 	  -72.26 	 
0.135399997	 -0.249 	  -70.10 	 
0.135599997	 -0.247 	  -67.83 	 
0.135799997	 -0.246 	  -65.36 	 
0.135999997	 -0.244 	  -62.72 	 
0.136199997	 -0.243 	  -59.96 	 
0.136399997	 -0.240 	  -57.17 	 
0.136599997	 -0.237 	  -54.45 	 
0.136799997	 -0.235 	  -51.81 	 
0.136999997	 -0.233 	  -49.34 	 
0.137199997	 -0.231 	  -47.05 	 
0.137399997	 -0.229 	  -44.94 	 
0.137599997	 -0.226 	  -43.10 	 
0.137799997	 -0.224 	  -41.50 	 
0.137999997	 -0.222 	  -40.06 	 
0.138199997	 -0.220 	  -38.96 	 
0.138399997	 -0.218 	  -38.19 	 
0.138599996	 -0.217 	  -37.75 	 
0.138799996	 -0.216 	  -37.63 	 
0.138999996	 -0.214 	  -37.90 	 
0.139199996	 -0.214 	  -38.50 	 
0.139399996	 -0.214 	  -39.51 	 
0.139599996	 -0.214 	  -40.82 	 
0.139799996	 -0.214 	  -42.36 	 
0.139999996	 -0.216 	  -44.04 	 
0.140199996	 -0.217 	  -45.90 	 
0.140399996	 -0.219 	  -47.94 	 
0.140599996	 -0.220 	  -50.08 	 
0.140799996	 -0.223 	  -52.41 	 
0.140999996	 -0.225 	  -54.93 	 
0.141199996	 -0.227 	  -57.71 	 
0.141399996	 -0.230 	  -60.59 	 
0.141599996	 -0.232 	  -63.52 	 
0.141799996	 -0.235 	  -66.48 	 
0.141999996	 -0.238 	  -69.32 	 
0.142199996	 -0.240 	  -71.96 	 
0.142399996	 -0.243 	  -74.41 	 
0.142599996	 -0.245 	  -76.67 	 
0.142799996	 -0.248 	  -78.73 	 
0.142999996	 -0.250 	  -80.54 	 
0.143199996	 -0.251 	  -82.11 	 
0.143399996	 -0.253 	  -83.39 	 
0.143599996	 -0.254 	  -84.41 	 
0.143799996	 -0.255 	  -85.09 	 
0.143999996	 -0.255 	  -85.47 	 
0.144199996	 -0.256 	  -85.52 	 
0.144399996	 -0.256 	  -85.25 	 
0.144599996	 -0.256 	  -84.70 	 
0.144799996	 -0.256 	  -84.00 	 
0.144999996	 -0.256 	  -82.99 	 
0.145199996	 -0.255 	  -81.86 	 
0.145399996	 -0.254 	  -80.60 	 
0.145599996	 -0.254 	  -79.10 	 
0.145799996	 -0.253 	  -77.42 	 
0.145999996	 -0.252 	  -75.58 	 
0.146199996	 -0.251 	  -73.47 	 
0.146399996	 -0.249 	  -71.27 	 
0.146599996	 -0.248 	  -69.00 	 
0.146799996	 -0.247 	  -66.66 	 
0.146999996	 -0.245 	  -64.17 	 
0.147199996	 -0.244 	  -61.55 	 
0.147399996	 -0.241 	  -58.79 	 
0.147599996	 -0.239 	  -55.98 	 
0.147799996	 -0.236 	  -53.27 	 
0.147999996	 -0.235 	  -50.68 	 
0.148199996	 -0.233 	  -48.27 	 
0.148399996	 -0.229 	  -46.03 	 
0.148599996	 -0.227 	  -44.06 	 
0.148799996	 -0.224 	  -42.33 	 
0.148999996	 -0.223 	  -40.82 	 
0.149199996	 -0.220 	  -39.54 	 
0.149399996	 -0.219 	  -38.58 	 
0.149599996	 -0.217 	  -37.98 	 
0.149799996	 -0.215 	  -37.66 	 
0.149999996	 -0.216 	  -37.66 	 
0.150199996	 -0.214 	  -38.10 	 
0.150399996	 -0.214 	  -38.94 	 
0.150599996	 -0.214 	  -40.09 	 
0.150799996	 -0.215 	  -41.57 	 
0.150999996	 -0.216 	  -43.18 	 
0.151199996	 -0.217 	  -44.87 	 
0.151399996	 -0.218 	  -46.76 	 
0.151599996	 -0.220 	  -48.82 	 
0.151799996	 -0.222 	  -51.05 	 
0.151999996	 -0.224 	  -53.48 	 
0.152199996	 -0.225 	  -56.17 	 
0.152399996	 -0.227 	  -59.06 	 
0.152599996	 -0.231 	  -62.00 	 
0.152799996	 -0.233 	  -64.95 	 
0.152999996	 -0.236 	  -67.85 	 
0.153199996	 -0.240 	  -70.58 	 
0.153399996	 -0.242 	  -73.03 	 
0.153599996	 -0.244 	  -75.29 	 
0.153799996	 -0.247 	  -77.44 	 
0.153999996	 -0.249 	  -79.42 	 
0.154199996	 -0.250 	  -81.20 	 
0.154399996	 -0.252 	  -82.71 	 
0.154599996	 -0.254 	  -83.92 	 
0.154799996	 -0.255 	  -84.76 	 
0.154999996	 -0.255 	  -85.28 	 
0.155199996	 -0.256 	  -85.47 	 
0.155399996	 -0.257 	  -85.41 	 
0.155599996	 -0.256 	  -85.07 	 
0.155799996	 -0.256 	  -84.46 	 
0.155999996	 -0.256 	  -83.64 	 
0.156199996	 -0.255 	  -82.55 	 
0.156399996	 -0.255 	  -81.38 	 
0.156599996	 -0.254 	  -79.96 	 
0.156799996	 -0.253 	  -78.31 	 
0.156999996	 -0.252 	  -76.49 	 
0.157199996	 -0.251 	  -74.48 	 
0.157399996	 -0.250 	  -72.43 	 
0.157599996	 -0.249 	  -70.36 	 
0.157799996	 -0.247 	  -68.13 	 
0.157999996	 -0.246 	  -65.76 	 
0.158199996	 -0.245 	  -63.14 	 
0.158399996	 -0.242 	  -60.37 	 
0.158599996	 -0.240 	  -57.52 	 
0.158799996	 -0.238 	  -54.71 	 
0.158999996	 -0.235 	  -52.05 	 
0.159199996	 -0.233 	  -49.58 	 
0.159399996	 -0.231 	  -47.29 	 
0.159599996	 -0.228 	  -45.19 	 
0.159799996	 -0.226 	  -43.31 	 
0.159999996	 -0.224 	  -41.66 	 
0.160199996	 -0.222 	  -40.20 	 
0.160399996	 -0.220 	  -39.05 	 
0.160599996	 -0.218 	  -38.25 	 
0.160799996	 -0.217 	  -37.80 	 
0.160999996	 -0.216 	  -37.73 	 
0.161199996	 -0.215 	  -37.98 	 
0.161399996	 -0.215 	  -38.56 	 
0.161599996	 -0.214 	  -39.48 	 
0.161799996	 -0.214 	  -40.69 	 
0.161999996	 -0.215 	  -42.15 	 
0.162199996	 -0.216 	  -43.76 	 
0.162399996	 -0.218 	  -45.57 	 
0.162599996	 -0.219 	  -47.65 	 
0.162799996	 -0.220 	  -49.85 	 
0.162999996	 -0.222 	  -52.23 	 
0.163199996	 -0.225 	  -54.80 	 
0.163399996	 -0.227 	  -57.54 	 
0.163599996	 -0.230 	  -60.39 	 
0.163799996	 -0.232 	  -63.24 	 
0.163999996	 -0.235 	  -66.16 	 
0.164199996	 -0.238 	  -69.00 	 
0.164399996	 -0.241 	  -71.68 	 
0.164599996	 -0.243 	  -74.18 	 
0.164799996	 -0.245 	  -76.50 	 
0.164999996	 -0.247 	  -78.57 	 
0.165199996	 -0.250 	  -80.42 	 
0.165399996	 -0.251 	  -82.02 	 
0.165599996	 -0.252 	  -83.25 	 
0.165799996	 -0.254 	  -84.24 	 
0.165999996	 -0.255 	  -84.95 	 
0.166199996	 -0.256 	  -85.36 	 
0.166399996	 -0.256 	  -85.53 	 
0.166599996	 -0.256 	  -85.35 	 
0.166799996	 -0.256 	  -84.87 	 
0.166999996	 -0.256 	  -84.12 	 
0.167199996	 -0.255 	  -83.09 	 
0.167399996	 -0.256 	  -81.91 	 
0.167599996	 -0.255 	  -80.65 	 
0.167799996	 -0.254 	  -79.17 	 
0.167999996	 -0.252 	  -77.56 	 
0.168199996	 -0.252 	  -75.80 	 
0.168399996	 -0.252 	  -73.77 	 
0.168599996	 -0.250 	  -71.64 	 
0.168799996	 -0.249 	  -69.40 	 
0.168999996	 -0.247 	  -67.02 	 
0.169199996	 -0.245 	  -64.48 	 
0.169399996	 -0.244 	  -61.81 	 
0.169599996	 -0.242 	  -59.09 	 
0.169799996	 -0.239 	  -56.30 	 
0.169999996	 -0.237 	  -53.57 	 
0.170199996	 -0.235 	  -50.98 	 
0.170399996	 -0.232 	  -48.57 	 
0.170599996	 -0.230 	  -46.34 	 
0.170799996	 -0.228 	  -44.32 	 
0.170999996	 -0.225 	  -42.55 	 
0.171199996	 -0.223 	  -40.98 	 
0.171399996	 -0.221 	  -39.65 	 
0.171599996	 -0.219 	  -38.69 	 
0.171799996	 -0.218 	  -38.06 	 
0.171999996	 -0.216 	  -37.75 	 
0.172199996	 -0.215 	  -37.75 	 
0.172399996	 -0.215 	  -38.12 	 
0.172599996	 -0.214 	  -38.87 	 
0.172799996	 -0.215 	  -39.94 	 
0.172999996	 -0.215 	  -41.34 	 
0.173199996	 -0.216 	  -42.90 	 
0.173399996	 -0.217 	  -44.62 	 
0.173599996	 -0.217 	  -46.53 	 
0.173799996	 -0.220 	  -48.64 	 
0.173999996	 -0.222 	  -50.88 	 
0.174199996	 -0.223 	  -53.29 	 
0.174399996	 -0.225 	  -55.87 	 
0.174599996	 -0.228 	  -58.66 	 
0.174799996	 -0.230 	  -61.55 	 
0.174999996	 -0.233 	  -64.49 	 
0.175199996	 -0.235 	  -67.42 	 
0.175399996	 -0.240 	  -70.23 	 
0.175599996	 -0.242 	  -72.80 	 
0.175799996	 -0.244 	  -75.21 	 
0.175999996	 -0.246 	  -77.43 	 
0.176199996	 -0.249 	  -79.39 	 
0.176399996	 -0.251 	  -81.10 	 
0.176599996	 -0.252 	  -82.54 	 
0.176799996	 -0.253 	  -83.71 	 
0.176999996	 -0.255 	  -84.56 	 
0.177199996	 -0.255 	  -85.15 	 
0.177399996	 -0.255 	  -85.46 	 
0.177599996	 -0.256 	  -85.46 	 
0.177799996	 -0.257 	  -85.15 	 
0.177999996	 -0.256 	  -84.51 	 
0.178199995	 -0.256 	  -83.67 	 
0.178399995	 -0.256 	  -82.56 	 
0.178599995	 -0.255 	  -81.38 	 
0.178799995	 -0.254 	  -80.07 	 
0.178999995	 -0.253 	  -78.55 	 
0.179199995	 -0.253 	  -76.84 	 
0.179399995	 -0.252 	  -74.97 	 
0.179599995	 -0.251 	  -72.75 	 
0.179799995	 -0.249 	  -70.45 	 
0.179999995	 -0.248 	  -68.13 	 
0.180199995	 -0.246 	  -65.72 	 
0.180399995	 -0.245 	  -63.18 	 
0.180599995	 -0.243 	  -60.55 	 
0.180799995	 -0.240 	  -57.84 	 
0.180999995	 -0.238 	  -55.13 	 
0.181199995	 -0.236 	  -52.45 	 
0.181399995	 -0.234 	  -49.94 	 
0.181599995	 -0.232 	  -47.54 	 
0.181799995	 -0.229 	  -45.35 	 
0.181999995	 -0.227 	  -43.38 	 
0.182199995	 -0.224 	  -41.71 	 
0.182399995	 -0.222 	  -40.29 	 
0.182599995	 -0.220 	  -39.17 	 
0.182799995	 -0.219 	  -38.38 	 
0.182999995	 -0.216 	  -37.88 	 
0.183199995	 -0.216 	  -37.64 	 
0.183399995	 -0.215 	  -37.76 	 
0.183599995	 -0.214 	  -38.30 	 
0.183799995	 -0.214 	  -39.25 	 
0.183999995	 -0.214 	  -40.53 	 
0.184199995	 -0.215 	  -42.09 	 
0.184399995	 -0.217 	  -43.73 	 
0.184599995	 -0.217 	  -45.51 	 
0.184799995	 -0.218 	  -47.46 	 
0.184999995	 -0.220 	  -49.57 	 
0.185199995	 -0.223 	  -51.83 	 
0.185399995	 -0.224 	  -54.29 	 
0.185599995	 -0.226 	  -57.01 	 
0.185799995	 -0.229 	  -59.94 	 
0.185999995	 -0.232 	  -62.94 	 
0.186199995	 -0.234 	  -65.94 	 
0.186399995	 -0.238 	  -68.87 	 
0.186599995	 -0.240 	  -71.52 	 
0.186799995	 -0.242 	  -73.94 	 
0.186999995	 -0.245 	  -76.19 	 
0.187199995	 -0.247 	  -78.23 	 
0.187399995	 -0.250 	  -80.07 	 
0.187599995	 -0.251 	  -81.70 	 
0.187799995	 -0.253 	  -83.06 	 
0.187999995	 -0.254 	  -84.15 	 
0.188199995	 -0.255 	  -84.93 	 
0.188399995	 -0.256 	  -85.37 	 
0.188599995	 -0.256 	  -85.52 	 
0.188799995	 -0.256 	  -85.33 	 
0.188999995	 -0.256 	  -84.85 	 
0.189199995	 -0.256 	  -84.14 	 
0.189399995	 -0.256 	  -83.19 	 
0.189599995	 -0.255 	  -82.06 	 
0.189799995	 -0.255 	  -80.85 	 
0.189999995	 -0.255 	  -79.36 	 
0.190199995	 -0.254 	  -77.66 	 
0.190399995	 -0.252 	  -75.79 	 
0.190599995	 -0.251 	  -73.81 	 
0.190799995	 -0.250 	  -71.76 	 
0.190999995	 -0.249 	  -69.65 	 
0.191199995	 -0.247 	  -67.35 	 
0.191399995	 -0.245 	  -64.90 	 
0.191599995	 -0.244 	  -62.21 	 
0.191799995	 -0.242 	  -59.41 	 
0.191999995	 -0.240 	  -56.57 	 
0.192199995	 -0.238 	  -53.81 	 
0.192399995	 -0.235 	  -51.20 	 
0.192599995	 -0.233 	  -48.77 	 
0.192799995	 -0.230 	  -46.53 	 
0.192999995	 -0.228 	  -44.50 	 
0.193199995	 -0.225 	  -42.71 	 
0.193399995	 -0.223 	  -41.14 	 
0.193599995	 -0.222 	  -39.77 	 
0.193799995	 -0.219 	  -38.73 	 
0.193999995	 -0.218 	  -38.05 	 
0.194199995	 -0.217 	  -37.69 	 
0.194399995	 -0.215 	  -37.68 	 
0.194599995	 -0.215 	  -38.02 	 
0.194799995	 -0.214 	  -38.76 	 
0.194999995	 -0.214 	  -39.78 	 
0.195199995	 -0.215 	  -41.12 	 
0.195399995	 -0.216 	  -42.66 	 
0.195599995	 -0.216 	  -44.34 	 
0.195799995	 -0.218 	  -46.25 	 
0.195999995	 -0.219 	  -48.34 	 
0.196199995	 -0.221 	  -50.61 	 
0.196399995	 -0.223 	  -53.03 	 
0.196599995	 -0.225 	  -55.62 	 
0.196799995	 -0.227 	  -58.42 	 
0.196999995	 -0.231 	  -61.29 	 
0.197199995	 -0.233 	  -64.17 	 
0.197399995	 -0.236 	  -67.10 	 
0.197599995	 -0.238 	  -69.90 	 
0.197799995	 -0.241 	  -72.50 	 
0.197999995	 -0.244 	  -74.94 	 
0.198199995	 -0.246 	  -77.19 	 
0.198399995	 -0.248 	  -79.21 	 
0.198599995	 -0.251 	  -80.95 	 
0.198799995	 -0.252 	  -82.40 	 
0.198999995	 -0.253 	  -83.57 	 
0.199199995	 -0.255 	  -84.43 	 
0.199399995	 -0.256 	  -85.06 	 
0.199599995	 -0.256 	  -85.39 	 
0.199799995	 -0.256 	  -85.47 	 
0.199999995	 -0.256 	  -85.23 	 
0.200199995	 -0.256 	  -84.65 	 
0.200399995	 -0.256 	  -83.84 	 
0.200599995	 -0.256 	  -82.69 	 
0.200799995	 -0.255 	  -81.46 	 
0.200999995	 -0.254 	  -80.15 	 
0.201199995	 -0.254 	  -78.64 	 
0.201399995	 -0.253 	  -76.95 	 
0.201599995	 -0.251 	  -75.02 	 
0.201799995	 -0.251 	  -72.93 	 
0.201999995	 -0.250 	  -70.80 	 
0.202199995	 -0.248 	  -68.58 	 
0.202399995	 -0.247 	  -66.17 	 
0.202599995	 -0.245 	  -63.61 	 
0.202799995	 -0.243 	  -60.89 	 
0.202999995	 -0.240 	  -58.11 	 
0.203199995	 -0.238 	  -55.35 	 
0.203399995	 -0.236 	  -52.68 	 
0.203599995	 -0.234 	  -50.17 	 
0.203799995	 -0.231 	  -47.84 	 
0.203999995	 -0.229 	  -45.66 	 
0.204199995	 -0.227 	  -43.71 	 
0.204399995	 -0.224 	  -42.02 	 
0.204599995	 -0.223 	  -40.56 	 
