0.000000000	  0.035 	  -85.48 	 
0.000200000	  0.034 	  -85.19 	 
0.000400000	  0.035 	  -84.58 	 
0.000600000	  0.035 	  -83.67 	 
0.000800000	  0.035 	  -82.48 	 
0.001000000	  0.035 	  -81.16 	 
0.001200000	  0.036 	  -79.63 	 
0.001400000	  0.037 	  -77.94 	 
0.001600000	  0.037 	  -76.00 	 
0.001800000	  0.038 	  -73.80 	 
0.002000000	  0.039 	  -71.48 	 
0.002200000	  0.040 	  -69.09 	 
0.002400000	  0.041 	  -66.59 	 
0.002600000	  0.042 	  -63.96 	 
0.002800000	  0.043 	  -61.26 	 
0.003000000	  0.045 	  -58.50 	 
0.003200000	  0.047 	  -55.68 	 
0.003400000	  0.048 	  -52.88 	 
0.003600000	  0.050 	  -50.13 	 
0.003800000	  0.051 	  -47.52 	 
0.004000000	  0.054 	  -45.11 	 
0.004200000	  0.055 	  -42.99 	 
0.004400000	  0.057 	  -41.19 	 
0.004600000	  0.058 	  -39.83 	 
0.004800000	  0.059 	  -38.86 	 
0.005000000	  0.059 	  -38.24 	 
0.005200000	  0.060 	  -37.87 	 
0.005400000	  0.061 	  -37.69 	 
0.005600000	  0.061 	  -37.71 	 
0.005800000	  0.061 	  -37.99 	 
0.006000000	  0.061 	  -38.64 	 
0.006200000	  0.060 	  -39.59 	 
0.006400000	  0.060 	  -40.85 	 
0.006600000	  0.060 	  -42.33 	 
0.006800000	  0.059 	  -44.02 	 
0.007000000	  0.058 	  -45.94 	 
0.007200000	  0.057 	  -48.06 	 
0.007400000	  0.057 	  -50.33 	 
0.007600000	  0.056 	  -52.72 	 
0.007800000	  0.055 	  -55.21 	 
0.008000000	  0.053 	  -57.82 	 
0.008200000	  0.051 	  -60.50 	 
0.008400000	  0.050 	  -63.27 	 
0.008600000	  0.048 	  -66.10 	 
0.008800000	  0.047 	  -68.96 	 
0.009000000	  0.045 	  -71.76 	 
0.009200000	  0.044 	  -74.47 	 
0.009400000	  0.041 	  -76.91 	 
0.009600000	  0.040 	  -78.97 	 
0.009800000	  0.039 	  -80.70 	 
0.010000000	  0.039 	  -82.15 	 
0.010200000	  0.037 	  -83.31 	 
0.010400000	  0.036 	  -84.19 	 
0.010600000	  0.035 	  -84.87 	 
0.010800000	  0.035 	  -85.34 	 
0.011000000	  0.035 	  -85.52 	 
0.011200000	  0.035 	  -85.44 	 
0.011400000	  0.034 	  -84.98 	 
0.011600000	  0.034 	  -84.22 	 
0.011800000	  0.035 	  -83.13 	 
0.012000000	  0.035 	  -81.85 	 
0.012200000	  0.035 	  -80.53 	 
0.012400000	  0.036 	  -78.97 	 
0.012600000	  0.037 	  -77.15 	 
0.012800000	  0.038 	  -75.16 	 
0.013000000	  0.038 	  -72.86 	 
0.013200000	  0.040 	  -70.39 	 
0.013400000	  0.040 	  -67.86 	 
0.013600000	  0.041 	  -65.29 	 
0.013800000	  0.043 	  -62.68 	 
0.014000000	  0.045 	  -60.03 	 
0.014200000	  0.045 	  -57.30 	 
0.014400000	  0.048 	  -54.52 	 
0.014600000	  0.049 	  -51.73 	 
0.014800000	  0.051 	  -49.01 	 
0.015000000	  0.052 	  -46.45 	 
0.015200000	  0.054 	  -44.13 	 
0.015400000	  0.056 	  -42.11 	 
0.015600000	  0.057 	  -40.49 	 
0.015800000	  0.058 	  -39.29 	 
0.016000000	  0.060 	  -38.49 	 
0.016200000	  0.061 	  -38.02 	 
0.016400000	  0.060 	  -37.79 	 
0.016600000	  0.061 	  -37.71 	 
0.016800000	  0.061 	  -37.79 	 
0.017000000	  0.061 	  -38.19 	 
0.017200000	  0.061 	  -38.95 	 
0.017400000	  0.061 	  -40.06 	 
0.017600000	  0.060 	  -41.46 	 
0.017800000	  0.060 	  -43.08 	 
0.018000000	  0.059 	  -44.87 	 
0.018200000	  0.058 	  -46.86 	 
0.018400000	  0.057 	  -49.02 	 
0.018600000	  0.056 	  -51.31 	 
0.018800000	  0.055 	  -53.75 	 
0.019000000	  0.054 	  -56.29 	 
0.019200000	  0.053 	  -58.96 	 
0.019400000	  0.051 	  -61.72 	 
0.019600000	  0.049 	  -64.56 	 
0.019799999	  0.048 	  -67.41 	 
0.019999999	  0.046 	  -70.27 	 
0.020199999	  0.045 	  -73.05 	 
0.020399999	  0.042 	  -75.59 	 
0.020599999	  0.041 	  -77.83 	 
0.020799999	  0.040 	  -79.76 	 
0.020999999	  0.038 	  -81.33 	 
0.021199999	  0.038 	  -82.65 	 
0.021399999	  0.037 	  -83.71 	 
0.021599999	  0.036 	  -84.54 	 
0.021799999	  0.035 	  -85.12 	 
0.021999999	  0.035 	  -85.44 	 
0.022199999	  0.035 	  -85.48 	 
0.022399999	  0.035 	  -85.19 	 
0.022599999	  0.035 	  -84.62 	 
0.022799999	  0.035 	  -83.74 	 
0.022999999	  0.036 	  -82.59 	 
0.023199999	  0.035 	  -81.32 	 
0.023399999	  0.036 	  -79.86 	 
0.023599999	  0.036 	  -78.16 	 
0.023799999	  0.038 	  -76.21 	 
0.023999999	  0.038 	  -73.97 	 
0.024199999	  0.039 	  -71.65 	 
0.024399999	  0.040 	  -69.29 	 
0.024599999	  0.042 	  -66.85 	 
0.024799999	  0.042 	  -64.27 	 
0.024999999	  0.043 	  -61.61 	 
0.025199999	  0.044 	  -58.85 	 
0.025399999	  0.047 	  -56.07 	 
0.025599999	  0.048 	  -53.25 	 
0.025799999	  0.050 	  -50.48 	 
0.025999999	  0.051 	  -47.85 	 
0.026199999	  0.053 	  -45.40 	 
0.026399999	  0.056 	  -43.24 	 
0.026599999	  0.057 	  -41.43 	 
0.026799999	  0.057 	  -40.01 	 
0.026999999	  0.059 	  -39.00 	 
0.027199999	  0.060 	  -38.32 	 
0.027399999	  0.060 	  -37.90 	 
0.027599999	  0.060 	  -37.68 	 
0.027799999	  0.061 	  -37.69 	 
0.027999999	  0.061 	  -37.94 	 
0.028199999	  0.061 	  -38.52 	 
0.028399999	  0.060 	  -39.44 	 
0.028599999	  0.061 	  -40.66 	 
0.028799999	  0.060 	  -42.15 	 
0.028999999	  0.060 	  -43.87 	 
0.029199999	  0.058 	  -45.77 	 
0.029399999	  0.058 	  -47.82 	 
0.029599999	  0.057 	  -50.04 	 
0.029799999	  0.056 	  -52.37 	 
0.029999999	  0.055 	  -54.84 	 
0.030199999	  0.053 	  -57.45 	 
0.030399999	  0.052 	  -60.18 	 
0.030599999	  0.051 	  -62.96 	 
0.030799999	  0.048 	  -65.79 	 
0.030999999	  0.047 	  -68.69 	 
0.031199999	  0.045 	  -71.52 	 
0.031399999	  0.044 	  -74.21 	 
0.031599999	  0.041 	  -76.65 	 
0.031799999	  0.040 	  -78.71 	 
0.031999999	  0.039 	  -80.47 	 
0.032199999	  0.038 	  -81.94 	 
0.032399999	  0.037 	  -83.15 	 
0.032599999	  0.037 	  -84.14 	 
0.032799999	  0.036 	  -84.83 	 
0.032999999	  0.035 	  -85.31 	 
0.033199999	  0.035 	  -85.50 	 
0.033399999	  0.034 	  -85.42 	 
0.033599999	  0.034 	  -85.01 	 
0.033799999	  0.035 	  -84.30 	 
0.033999999	  0.035 	  -83.27 	 
0.034199999	  0.035 	  -82.08 	 
0.034399999	  0.035 	  -80.75 	 
0.034599999	  0.036 	  -79.19 	 
0.034799999	  0.036 	  -77.40 	 
0.034999999	  0.038 	  -75.33 	 
0.035199999	  0.038 	  -73.00 	 
0.035399999	  0.040 	  -70.59 	 
0.035599999	  0.040 	  -68.12 	 
0.035799999	  0.042 	  -65.61 	 
0.035999999	  0.042 	  -63.02 	 
0.036199999	  0.044 	  -60.34 	 
0.036399999	  0.046 	  -57.58 	 
0.036599999	  0.048 	  -54.80 	 
0.036799999	  0.049 	  -51.99 	 
0.036999999	  0.051 	  -49.26 	 
0.037199999	  0.053 	  -46.68 	 
0.037399999	  0.055 	  -44.33 	 
0.037599999	  0.055 	  -42.29 	 
0.037799999	  0.057 	  -40.66 	 
0.037999999	  0.058 	  -39.45 	 
0.038199999	  0.059 	  -38.60 	 
0.038399999	  0.060 	  -38.12 	 
0.038599999	  0.060 	  -37.87 	 
0.038799999	  0.060 	  -37.78 	 
0.038999999	  0.061 	  -37.84 	 
0.039199999	  0.061 	  -38.16 	 
0.039399999	  0.061 	  -38.82 	 
0.039599999	  0.060 	  -39.86 	 
0.039799999	  0.060 	  -41.21 	 
0.039999999	  0.060 	  -42.81 	 
0.040199999	  0.059 	  -44.65 	 
0.040399999	  0.058 	  -46.65 	 
0.040599999	  0.057 	  -48.84 	 
0.040799999	  0.057 	  -51.13 	 
0.040999999	  0.055 	  -53.54 	 
0.041199999	  0.054 	  -56.00 	 
0.041399999	  0.053 	  -58.62 	 
0.041599999	  0.051 	  -61.32 	 
0.041799999	  0.050 	  -64.15 	 
0.041999999	  0.048 	  -67.03 	 
0.042199999	  0.047 	  -69.97 	 
0.042399999	  0.044 	  -72.77 	 
0.042599999	  0.043 	  -75.38 	 
0.042799999	  0.041 	  -77.65 	 
0.042999999	  0.040 	  -79.55 	 
0.043199999	  0.039 	  -81.16 	 
0.043399999	  0.038 	  -82.51 	 
0.043599999	  0.037 	  -83.57 	 
0.043799999	  0.036 	  -84.42 	 
0.043999999	  0.036 	  -85.06 	 
0.044199999	  0.035 	  -85.45 	 
0.044399999	  0.035 	  -85.54 	 
0.044599999	  0.035 	  -85.31 	 
0.044799999	  0.034 	  -84.76 	 
0.044999999	  0.034 	  -83.87 	 
0.045199999	  0.035 	  -82.74 	 
0.045399999	  0.035 	  -81.45 	 
0.045599999	  0.036 	  -80.02 	 
0.045799999	  0.037 	  -78.41 	 
0.045999999	  0.037 	  -76.51 	 
0.046199999	  0.038 	  -74.28 	 
0.046399999	  0.039 	  -71.98 	 
0.046599999	  0.039 	  -69.61 	 
0.046799999	  0.041 	  -67.16 	 
0.046999999	  0.042 	  -64.58 	 
0.047199999	  0.043 	  -61.92 	 
0.047399999	  0.045 	  -59.18 	 
0.047599999	  0.046 	  -56.38 	 
0.047799999	  0.048 	  -53.54 	 
0.047999999	  0.050 	  -50.76 	 
0.048199999	  0.052 	  -48.09 	 
0.048399999	  0.053 	  -45.62 	 
0.048599999	  0.055 	  -43.43 	 
0.048799999	  0.057 	  -41.54 	 
0.048999999	  0.057 	  -40.07 	 
0.049199999	  0.059 	  -39.02 	 
0.049399999	  0.060 	  -38.34 	 
0.049599999	  0.060 	  -37.90 	 
0.049799999	  0.061 	  -37.70 	 
0.049999999	  0.061 	  -37.68 	 
0.050199999	  0.061 	  -37.88 	 
0.050399999	  0.061 	  -38.45 	 
0.050599999	  0.061 	  -39.35 	 
0.050799999	  0.061 	  -40.54 	 
0.050999999	  0.060 	  -41.98 	 
0.051199999	  0.059 	  -43.63 	 
0.051399999	  0.059 	  -45.48 	 
0.051599999	  0.058 	  -47.54 	 
0.051799999	  0.057 	  -49.76 	 
0.051999999	  0.056 	  -52.12 	 
0.052199999	  0.055 	  -54.61 	 
0.052399999	  0.053 	  -57.20 	 
0.052599999	  0.052 	  -59.88 	 
0.052799999	  0.051 	  -62.67 	 
0.052999999	  0.049 	  -65.51 	 
0.053199999	  0.047 	  -68.36 	 
0.053399999	  0.046 	  -71.21 	 
0.053599999	  0.043 	  -73.93 	 
0.053799999	  0.043 	  -76.40 	 
0.053999999	  0.040 	  -78.54 	 
0.054199999	  0.040 	  -80.35 	 
0.054399999	  0.037 	  -81.85 	 
0.054599999	  0.037 	  -83.08 	 
0.054799999	  0.036 	  -84.04 	 
0.054999999	  0.036 	  -84.76 	 
0.055199999	  0.035 	  -85.26 	 
0.055399999	  0.035 	  -85.46 	 
0.055599999	  0.035 	  -85.35 	 
0.055799999	  0.035 	  -85.01 	 
0.055999999	  0.035 	  -84.38 	 
0.056199999	  0.035 	  -83.40 	 
0.056399999	  0.035 	  -82.19 	 
0.056599999	  0.036 	  -80.86 	 
0.056799999	  0.036 	  -79.33 	 
0.056999999	  0.036 	  -77.56 	 
0.057199999	  0.038 	  -75.62 	 
0.057399999	  0.038 	  -73.34 	 
0.057599999	  0.039 	  -70.94 	 
0.057799999	  0.040 	  -68.43 	 
0.057999999	  0.041 	  -65.87 	 
0.058199999	  0.042 	  -63.26 	 
0.058399999	  0.044 	  -60.63 	 
0.058599999	  0.045 	  -57.91 	 
0.058799999	  0.047 	  -55.13 	 
0.058999999	  0.049 	  -52.34 	 
0.059199999	  0.050 	  -49.59 	 
0.059399998	  0.052 	  -46.96 	 
0.059599998	  0.054 	  -44.56 	 
0.059799998	  0.055 	  -42.50 	 
0.059999998	  0.057 	  -40.79 	 
0.060199998	  0.058 	  -39.55 	 
0.060399998	  0.059 	  -38.70 	 
0.060599998	  0.059 	  -38.18 	 
0.060799998	  0.060 	  -37.87 	 
0.060999998	  0.061 	  -37.74 	 
0.061199998	  0.061 	  -37.74 	 
0.061399998	  0.061 	  -38.00 	 
0.061599998	  0.061 	  -38.69 	 
0.061799998	  0.060 	  -39.74 	 
0.061999998	  0.061 	  -41.12 	 
0.062199998	  0.060 	  -42.75 	 
0.062399998	  0.059 	  -44.56 	 
0.062599998	  0.058 	  -46.51 	 
0.062799998	  0.058 	  -48.59 	 
0.062999998	  0.056 	  -50.79 	 
0.063199998	  0.056 	  -53.09 	 
0.063399998	  0.054 	  -55.57 	 
0.063599998	  0.053 	  -58.22 	 
0.063799998	  0.052 	  -61.01 	 
0.063999998	  0.050 	  -63.85 	 
0.064199998	  0.047 	  -66.74 	 
0.064399998	  0.046 	  -69.66 	 
0.064599998	  0.045 	  -72.48 	 
0.064799998	  0.043 	  -75.13 	 
0.064999998	  0.041 	  -77.47 	 
0.065199998	  0.040 	  -79.41 	 
0.065399998	  0.039 	  -81.06 	 
0.065599998	  0.038 	  -82.40 	 
0.065799998	  0.036 	  -83.51 	 
0.065999998	  0.036 	  -84.38 	 
0.066199998	  0.035 	  -85.01 	 
0.066399998	  0.035 	  -85.39 	 
0.066599998	  0.034 	  -85.49 	 
0.066799998	  0.035 	  -85.27 	 
0.066999998	  0.034 	  -84.77 	 
0.067199998	  0.035 	  -83.94 	 
0.067399998	  0.035 	  -82.85 	 
0.067599998	  0.035 	  -81.58 	 
0.067799998	  0.036 	  -80.17 	 
0.067999998	  0.036 	  -78.54 	 
0.068199998	  0.037 	  -76.65 	 
0.068399998	  0.038 	  -74.52 	 
0.068599998	  0.039 	  -72.27 	 
0.068799998	  0.040 	  -69.93 	 
0.068999998	  0.041 	  -67.46 	 
0.069199998	  0.042 	  -64.87 	 
0.069399998	  0.043 	  -62.15 	 
0.069599998	  0.044 	  -59.40 	 
0.069799998	  0.046 	  -56.62 	 
0.069999998	  0.048 	  -53.85 	 
0.070199998	  0.050 	  -51.07 	 
0.070399998	  0.051 	  -48.40 	 
0.070599998	  0.053 	  -45.90 	 
0.070799998	  0.055 	  -43.68 	 
0.070999998	  0.056 	  -41.76 	 
0.071199998	  0.057 	  -40.23 	 
0.071399998	  0.058 	  -39.13 	 
0.071599998	  0.060 	  -38.35 	 
0.071799998	  0.060 	  -37.92 	 
0.071999998	  0.060 	  -37.70 	 
0.072199998	  0.060 	  -37.66 	 
0.072399998	  0.061 	  -37.84 	 
0.072599998	  0.061 	  -38.34 	 
0.072799998	  0.061 	  -39.18 	 
0.072999998	  0.060 	  -40.35 	 
0.073199998	  0.060 	  -41.76 	 
0.073399998	  0.060 	  -43.42 	 
0.073599998	  0.058 	  -45.28 	 
0.073799998	  0.058 	  -47.36 	 
0.073999998	  0.057 	  -49.58 	 
0.074199998	  0.056 	  -51.91 	 
0.074399998	  0.055 	  -54.34 	 
0.074599998	  0.053 	  -56.87 	 
0.074799998	  0.053 	  -59.54 	 
0.074999998	  0.051 	  -62.27 	 
0.075199998	  0.049 	  -65.08 	 
0.075399998	  0.048 	  -67.95 	 
0.075599998	  0.046 	  -70.84 	 
0.075799998	  0.044 	  -73.60 	 
0.075999998	  0.042 	  -76.15 	 
0.076199998	  0.041 	  -78.31 	 
0.076399998	  0.040 	  -80.10 	 
0.076599998	  0.038 	  -81.61 	 
0.076799998	  0.037 	  -82.81 	 
0.076999998	  0.036 	  -83.82 	 
0.077199998	  0.036 	  -84.60 	 
0.077399998	  0.035 	  -85.13 	 
0.077599998	  0.035 	  -85.45 	 
0.077799998	  0.035 	  -85.46 	 
0.077999998	  0.035 	  -85.13 	 
0.078199998	  0.034 	  -84.49 	 
0.078399998	  0.035 	  -83.52 	 
0.078599998	  0.035 	  -82.28 	 
0.078799998	  0.035 	  -80.92 	 
0.078999998	  0.035 	  -79.35 	 
0.079199998	  0.037 	  -77.59 	 
0.079399998	  0.037 	  -75.60 	 
0.079599998	  0.038 	  -73.50 	 
0.079799998	  0.038 	  -71.35 	 
0.079999998	  0.040 	  -69.04 	 
0.080199998	  0.041 	  -66.49 	 
0.080399998	  0.043 	  -63.74 	 
0.080599998	  0.044 	  -60.91 	 
0.080799998	  0.046 	  -58.07 	 
0.080999998	  0.047 	  -55.21 	 
0.081199998	  0.049 	  -52.45 	 
0.081399998	  0.050 	  -49.78 	 
0.081599998	  0.052 	  -47.28 	 
0.081799998	  0.053 	  -44.95 	 
0.081999998	  0.056 	  -42.88 	 
0.082199998	  0.056 	  -41.12 	 
0.082399998	  0.058 	  -39.71 	 
0.082599998	  0.059 	  -38.70 	 
0.082799998	  0.059 	  -38.06 	 
0.082999998	  0.060 	  -37.73 	 
0.083199998	  0.061 	  -37.69 	 
0.083399998	  0.061 	  -37.80 	 
0.083599998	  0.061 	  -38.12 	 
0.083799998	  0.061 	  -38.74 	 
0.083999998	  0.061 	  -39.65 	 
0.084199998	  0.061 	  -40.86 	 
0.084399998	  0.060 	  -42.33 	 
0.084599998	  0.059 	  -44.06 	 
0.084799998	  0.059 	  -46.10 	 
0.084999998	  0.057 	  -48.30 	 
0.085199998	  0.056 	  -50.63 	 
0.085399998	  0.055 	  -53.04 	 
0.085599998	  0.055 	  -55.53 	 
0.085799998	  0.053 	  -58.11 	 
0.085999998	  0.052 	  -60.74 	 
0.086199998	  0.050 	  -63.49 	 
0.086399998	  0.049 	  -66.33 	 
0.086599998	  0.047 	  -69.24 	 
0.086799998	  0.045 	  -72.10 	 
0.086999998	  0.043 	  -74.82 	 
0.087199998	  0.042 	  -77.23 	 
0.087399998	  0.040 	  -79.25 	 
0.087599998	  0.039 	  -80.92 	 
0.087799998	  0.038 	  -82.26 	 
0.087999998	  0.036 	  -83.35 	 
0.088199998	  0.036 	  -84.21 	 
0.088399998	  0.036 	  -84.87 	 
0.088599998	  0.035 	  -85.31 	 
0.088799998	  0.035 	  -85.53 	 
0.088999998	  0.035 	  -85.39 	 
0.089199998	  0.035 	  -84.93 	 
0.089399998	  0.035 	  -84.08 	 
0.089599998	  0.035 	  -82.96 	 
0.089799998	  0.035 	  -81.66 	 
0.089999998	  0.035 	  -80.24 	 
0.090199998	  0.036 	  -78.63 	 
0.090399998	  0.037 	  -76.78 	 
0.090599998	  0.037 	  -74.74 	 
0.090799998	  0.038 	  -72.59 	 
0.090999998	  0.039 	  -70.32 	 
0.091199998	  0.041 	  -67.87 	 
0.091399998	  0.041 	  -65.23 	 
0.091599998	  0.043 	  -62.48 	 
0.091799998	  0.044 	  -59.64 	 
0.091999998	  0.046 	  -56.80 	 
0.092199998	  0.047 	  -54.01 	 
0.092399998	  0.050 	  -51.28 	 
0.092599998	  0.051 	  -48.68 	 
0.092799998	  0.053 	  -46.25 	 
0.092999998	  0.054 	  -44.04 	 
0.093199998	  0.057 	  -42.09 	 
0.093399998	  0.057 	  -40.47 	 
0.093599998	  0.058 	  -39.23 	 
0.093799998	  0.059 	  -38.43 	 
0.093999998	  0.060 	  -37.92 	 
0.094199998	  0.060 	  -37.74 	 
0.094399998	  0.061 	  -37.79 	 
0.094599998	  0.061 	  -37.99 	 
0.094799998	  0.061 	  -38.41 	 
0.094999998	  0.061 	  -39.11 	 
0.095199998	  0.061 	  -40.12 	 
0.095399998	  0.060 	  -41.43 	 
0.095599998	  0.059 	  -43.07 	 
0.095799998	  0.059 	  -44.96 	 
0.095999998	  0.058 	  -47.05 	 
0.096199998	  0.057 	  -49.38 	 
0.096399998	  0.056 	  -51.72 	 
0.096599998	  0.054 	  -54.15 	 
0.096799998	  0.054 	  -56.63 	 
0.096999998	  0.053 	  -59.18 	 
0.097199998	  0.051 	  -61.86 	 
0.097399998	  0.049 	  -64.67 	 
0.097599998	  0.048 	  -67.55 	 
0.097799998	  0.045 	  -70.51 	 
0.097999998	  0.045 	  -73.37 	 
0.098199998	  0.042 	  -76.01 	 
0.098399998	  0.041 	  -78.23 	 
0.098599998	  0.039 	  -80.06 	 
0.098799998	  0.039 	  -81.50 	 
0.098999997	  0.038 	  -82.70 	 
0.099199997	  0.036 	  -83.68 	 
0.099399997	  0.036 	  -84.51 	 
0.099599997	  0.036 	  -85.13 	 
0.099799997	  0.035 	  -85.52 	 
0.099999997	  0.035 	  -85.57 	 
0.100199997	  0.035 	  -85.28 	 
0.100399997	  0.035 	  -84.63 	 
0.100599997	  0.034 	  -83.62 	 
0.100799997	  0.036 	  -82.36 	 
0.100999997	  0.036 	  -81.02 	 
0.101199997	  0.036 	  -79.57 	 
0.101399997	  0.036 	  -77.94 	 
0.101599997	  0.037 	  -76.08 	 
0.101799997	  0.038 	  -73.93 	 
0.101999997	  0.039 	  -71.58 	 
0.102199997	  0.040 	  -69.09 	 
0.102399997	  0.041 	  -66.52 	 
0.102599997	  0.042 	  -63.84 	 
0.102799997	  0.043 	  -61.15 	 
0.102999997	  0.045 	  -58.41 	 
0.103199997	  0.047 	  -55.68 	 
0.103399997	  0.049 	  -52.92 	 
0.103599997	  0.050 	  -50.23 	 
0.103799997	  0.052 	  -47.63 	 
0.103999997	  0.054 	  -45.18 	 
0.104199997	  0.055 	  -42.96 	 
0.104399997	  0.056 	  -41.11 	 
0.104599997	  0.057 	  -39.72 	 
0.104799997	  0.060 	  -38.75 	 
0.104999997	  0.059 	  -38.16 	 
0.105199997	  0.060 	  -37.88 	 
0.105399997	  0.061 	  -37.79 	 
0.105599997	  0.061 	  -37.84 	 
0.105799997	  0.061 	  -38.08 	 
0.105999997	  0.061 	  -38.66 	 
0.106199997	  0.061 	  -39.57 	 
0.106399997	  0.060 	  -40.79 	 
0.106599997	  0.060 	  -42.29 	 
0.106799997	  0.060 	  -44.02 	 
0.106999997	  0.059 	  -45.99 	 
0.107199997	  0.058 	  -48.11 	 
0.107399997	  0.057 	  -50.37 	 
0.107599997	  0.056 	  -52.72 	 
0.107799997	  0.054 	  -55.19 	 
0.107999997	  0.054 	  -57.76 	 
0.108199997	  0.051 	  -60.42 	 
0.108399997	  0.050 	  -63.19 	 
0.108599997	  0.049 	  -66.04 	 
0.108799997	  0.046 	  -68.93 	 
0.108999997	  0.045 	  -71.79 	 
0.109199997	  0.043 	  -74.51 	 
0.109399997	  0.042 	  -76.93 	 
0.109599997	  0.040 	  -78.95 	 
0.109799997	  0.039 	  -80.64 	 
0.109999997	  0.037 	  -82.03 	 
0.110199997	  0.037 	  -83.18 	 
0.110399997	  0.036 	  -84.12 	 
0.110599997	  0.035 	  -84.87 	 
0.110799997	  0.035 	  -85.35 	 
0.110999997	  0.035 	  -85.57 	 
0.111199997	  0.035 	  -85.46 	 
0.111399997	  0.034 	  -84.99 	 
0.111599997	  0.035 	  -84.19 	 
0.111799997	  0.035 	  -83.06 	 
0.111999997	  0.036 	  -81.76 	 
0.112199997	  0.035 	  -80.42 	 
0.112399997	  0.036 	  -78.85 	 
0.112599997	  0.037 	  -77.04 	 
0.112799997	  0.039 	  -74.98 	 
0.112999997	  0.038 	  -72.76 	 
0.113199997	  0.040 	  -70.44 	 
0.113399997	  0.040 	  -68.01 	 
0.113599997	  0.042 	  -65.44 	 
0.113799997	  0.043 	  -62.74 	 
0.113999997	  0.044 	  -59.99 	 
0.114199997	  0.046 	  -57.21 	 
0.114399997	  0.048 	  -54.42 	 
0.114599997	  0.049 	  -51.64 	 
0.114799997	  0.051 	  -48.95 	 
0.114999997	  0.053 	  -46.40 	 
0.115199997	  0.054 	  -44.11 	 
0.115399997	  0.056 	  -42.11 	 
0.115599997	  0.057 	  -40.48 	 
0.115799997	  0.058 	  -39.27 	 
0.115999997	  0.059 	  -38.45 	 
0.116199997	  0.061 	  -38.00 	 
0.116399997	  0.060 	  -37.76 	 
0.116599997	  0.060 	  -37.66 	 
0.116799997	  0.061 	  -37.74 	 
0.116999997	  0.061 	  -38.14 	 
0.117199997	  0.061 	  -38.89 	 
0.117399997	  0.061 	  -40.03 	 
0.117599997	  0.060 	  -41.41 	 
0.117799997	  0.060 	  -43.02 	 
0.117999997	  0.059 	  -44.85 	 
0.118199997	  0.057 	  -46.84 	 
0.118399997	  0.058 	  -49.01 	 
0.118599997	  0.056 	  -51.29 	 
0.118799997	  0.055 	  -53.71 	 
0.118999997	  0.054 	  -56.26 	 
0.119199997	  0.053 	  -58.90 	 
0.119399997	  0.051 	  -61.64 	 
0.119599997	  0.050 	  -64.48 	 
0.119799997	  0.048 	  -67.29 	 
0.119999997	  0.046 	  -70.17 	 
0.120199997	  0.045 	  -72.97 	 
0.120399997	  0.043 	  -75.61 	 
0.120599997	  0.041 	  -77.87 	 
0.120799997	  0.040 	  -79.79 	 
0.120999997	  0.038 	  -81.39 	 
0.121199997	  0.037 	  -82.66 	 
0.121399997	  0.037 	  -83.71 	 
0.121599997	  0.036 	  -84.51 	 
0.121799997	  0.036 	  -85.06 	 
0.121999997	  0.035 	  -85.35 	 
0.122199997	  0.035 	  -85.37 	 
0.122399997	  0.034 	  -85.12 	 
0.122599997	  0.035 	  -84.58 	 
0.122799997	  0.035 	  -83.74 	 
0.122999997	  0.035 	  -82.59 	 
0.123199997	  0.036 	  -81.27 	 
0.123399997	  0.036 	  -79.76 	 
0.123599997	  0.037 	  -78.08 	 
0.123799997	  0.037 	  -76.14 	 
0.123999997	  0.038 	  -73.96 	 
0.124199997	  0.039 	  -71.67 	 
0.124399997	  0.040 	  -69.30 	 
0.124599997	  0.041 	  -66.82 	 
0.124799997	  0.042 	  -64.22 	 
0.124999997	  0.043 	  -61.53 	 
0.125199997	  0.045 	  -58.81 	 
0.125399997	  0.047 	  -56.00 	 
0.125599997	  0.048 	  -53.20 	 
0.125799997	  0.050 	  -50.44 	 
0.125999997	  0.052 	  -47.81 	 
0.126199997	  0.053 	  -45.41 	 
0.126399997	  0.055 	  -43.21 	 
0.126599997	  0.057 	  -41.39 	 
0.126799997	  0.057 	  -39.99 	 
0.126999997	  0.058 	  -38.94 	 
0.127199997	  0.060 	  -38.26 	 
0.127399997	  0.060 	  -37.86 	 
0.127599997	  0.060 	  -37.70 	 
0.127799997	  0.061 	  -37.69 	 
0.127999997	  0.061 	  -37.93 	 
0.128199997	  0.061 	  -38.49 	 
0.128399997	  0.061 	  -39.40 	 
0.128599997	  0.061 	  -40.63 	 
0.128799997	  0.060 	  -42.13 	 
0.128999997	  0.059 	  -43.84 	 
0.129199997	  0.058 	  -45.74 	 
0.129399997	  0.058 	  -47.81 	 
0.129599997	  0.056 	  -49.98 	 
0.129799997	  0.055 	  -52.32 	 
0.129999997	  0.054 	  -54.78 	 
0.130199997	  0.053 	  -57.40 	 
0.130399997	  0.051 	  -60.12 	 
0.130599997	  0.050 	  -62.93 	 
0.130799997	  0.048 	  -65.79 	 
0.130999997	  0.047 	  -68.67 	 
0.131199997	  0.046 	  -71.52 	 
0.131399997	  0.043 	  -74.19 	 
0.131599997	  0.042 	  -76.62 	 
0.131799997	  0.041 	  -78.69 	 
0.131999997	  0.039 	  -80.44 	 
0.132199997	  0.038 	  -81.92 	 
0.132399997	  0.037 	  -83.15 	 
0.132599997	  0.036 	  -84.13 	 
0.132799997	  0.036 	  -84.87 	 
0.132999997	  0.035 	  -85.30 	 
0.133199997	  0.035 	  -85.49 	 
0.133399997	  0.035 	  -85.37 	 
0.133599997	  0.035 	  -84.95 	 
0.133799997	  0.035 	  -84.26 	 
0.133999997	  0.035 	  -83.26 	 
0.134199997	  0.035 	  -82.04 	 
0.134399997	  0.035 	  -80.73 	 
0.134599997	  0.036 	  -79.19 	 
0.134799997	  0.037 	  -77.35 	 
0.134999997	  0.038 	  -75.33 	 
0.135199997	  0.038 	  -73.14 	 
0.135399997	  0.040 	  -70.82 	 
0.135599997	  0.040 	  -68.31 	 
0.135799997	  0.042 	  -65.66 	 
0.135999997	  0.043 	  -62.94 	 
0.136199997	  0.044 	  -60.23 	 
0.136399997	  0.046 	  -57.45 	 
0.136599997	  0.047 	  -54.66 	 
0.136799997	  0.049 	  -51.93 	 
0.136999997	  0.051 	  -49.27 	 
0.137199997	  0.052 	  -46.75 	 
0.137399997	  0.054 	  -44.41 	 
0.137599997	  0.055 	  -42.37 	 
0.137799997	  0.057 	  -40.66 	 
0.137999997	  0.058 	  -39.39 	 
0.138199997	  0.059 	  -38.49 	 
0.138399997	  0.059 	  -37.99 	 
0.138599996	  0.061 	  -37.75 	 
0.138799996	  0.061 	  -37.69 	 
0.138999996	  0.061 	  -37.81 	 
0.139199996	  0.061 	  -38.19 	 
0.139399996	  0.061 	  -38.89 	 
0.139599996	  0.061 	  -39.92 	 
0.139799996	  0.061 	  -41.23 	 
0.139999996	  0.060 	  -42.81 	 
0.140199996	  0.059 	  -44.62 	 
0.140399996	  0.058 	  -46.60 	 
0.140599996	  0.057 	  -48.81 	 
0.140799996	  0.056 	  -51.12 	 
0.140999996	  0.055 	  -53.55 	 
0.141199996	  0.054 	  -56.07 	 
0.141399996	  0.053 	  -58.66 	 
0.141599996	  0.051 	  -61.36 	 
0.141799996	  0.050 	  -64.12 	 
0.141999996	  0.048 	  -66.98 	 
0.142199996	  0.047 	  -69.88 	 
0.142399996	  0.044 	  -72.69 	 
0.142599996	  0.043 	  -75.34 	 
0.142799996	  0.041 	  -77.63 	 
0.142999996	  0.040 	  -79.58 	 
0.143199996	  0.038 	  -81.19 	 
0.143399996	  0.038 	  -82.51 	 
0.143599996	  0.036 	  -83.59 	 
0.143799996	  0.036 	  -84.43 	 
0.143999996	  0.035 	  -85.04 	 
0.144199996	  0.036 	  -85.42 	 
0.144399996	  0.035 	  -85.53 	 
0.144599996	  0.035 	  -85.37 	 
0.144799996	  0.034 	  -84.83 	 
0.144999996	  0.034 	  -83.92 	 
0.145199996	  0.034 	  -82.73 	 
0.145399996	  0.035 	  -81.39 	 
0.145599996	  0.036 	  -79.94 	 
0.145799996	  0.036 	  -78.33 	 
0.145999996	  0.037 	  -76.48 	 
0.146199996	  0.038 	  -74.38 	 
0.146399996	  0.039 	  -72.08 	 
0.146599996	  0.040 	  -69.72 	 
0.146799996	  0.041 	  -67.22 	 
0.146999996	  0.042 	  -64.57 	 
0.147199996	  0.043 	  -61.83 	 
0.147399996	  0.045 	  -59.06 	 
0.147599996	  0.046 	  -56.26 	 
0.147799996	  0.048 	  -53.48 	 
0.147999996	  0.050 	  -50.74 	 
0.148199996	  0.052 	  -48.12 	 
0.148399996	  0.053 	  -45.69 	 
0.148599996	  0.055 	  -43.50 	 
0.148799996	  0.056 	  -41.61 	 
0.148999996	  0.057 	  -40.12 	 
0.149199996	  0.058 	  -39.02 	 
0.149399996	  0.060 	  -38.28 	 
0.149599996	  0.060 	  -37.93 	 
0.149799996	  0.061 	  -37.80 	 
0.149999996	  0.061 	  -37.86 	 
0.150199996	  0.061 	  -38.03 	 
0.150399996	  0.061 	  -38.51 	 
0.150599996	  0.061 	  -39.32 	 
0.150799996	  0.061 	  -40.44 	 
0.150999996	  0.060 	  -41.87 	 
0.151199996	  0.059 	  -43.53 	 
0.151399996	  0.059 	  -45.45 	 
0.151599996	  0.058 	  -47.54 	 
0.151799996	  0.057 	  -49.83 	 
0.151999996	  0.056 	  -52.17 	 
0.152199996	  0.055 	  -54.64 	 
0.152399996	  0.054 	  -57.22 	 
0.152599996	  0.052 	  -59.90 	 
0.152799996	  0.050 	  -62.64 	 
0.152999996	  0.049 	  -65.47 	 
0.153199996	  0.047 	  -68.35 	 
0.153399996	  0.046 	  -71.23 	 
0.153599996	  0.043 	  -73.95 	 
0.153799996	  0.041 	  -76.43 	 
0.153999996	  0.041 	  -78.56 	 
0.154199996	  0.039 	  -80.36 	 
0.154399996	  0.038 	  -81.83 	 
0.154599996	  0.037 	  -83.09 	 
0.154799996	  0.037 	  -84.05 	 
0.154999996	  0.036 	  -84.82 	 
0.155199996	  0.035 	  -85.30 	 
0.155399996	  0.035 	  -85.52 	 
0.155599996	  0.035 	  -85.46 	 
0.155799996	  0.035 	  -85.11 	 
0.155999996	  0.034 	  -84.42 	 
0.156199996	  0.035 	  -83.38 	 
0.156399996	  0.035 	  -82.14 	 
0.156599996	  0.035 	  -80.81 	 
0.156799996	  0.036 	  -79.29 	 
0.156999996	  0.037 	  -77.54 	 
0.157199996	  0.037 	  -75.60 	 
0.157399996	  0.038 	  -73.33 	 
0.157599996	  0.039 	  -70.98 	 
0.157799996	  0.040 	  -68.52 	 
0.157999996	  0.041 	  -65.96 	 
0.158199996	  0.043 	  -63.34 	 
0.158399996	  0.044 	  -60.67 	 
0.158599996	  0.046 	  -57.92 	 
0.158799996	  0.047 	  -55.13 	 
0.158999996	  0.048 	  -52.34 	 
0.159199996	  0.050 	  -49.63 	 
0.159399996	  0.052 	  -47.00 	 
0.159599996	  0.054 	  -44.63 	 
0.159799996	  0.055 	  -42.55 	 
0.159999996	  0.057 	  -40.86 	 
0.160199996	  0.057 	  -39.61 	 
0.160399996	  0.059 	  -38.73 	 
0.160599996	  0.059 	  -38.21 	 
0.160799996	  0.060 	  -37.91 	 
0.160999996	  0.061 	  -37.77 	 
0.161199996	  0.061 	  -37.77 	 
0.161399996	  0.061 	  -38.03 	 
0.161599996	  0.061 	  -38.71 	 
0.161799996	  0.061 	  -39.78 	 
0.161999996	  0.061 	  -41.15 	 
0.162199996	  0.060 	  -42.76 	 
0.162399996	  0.059 	  -44.54 	 
0.162599996	  0.058 	  -46.48 	 
0.162799996	  0.058 	  -48.57 	 
0.162999996	  0.057 	  -50.82 	 
0.163199996	  0.055 	  -53.20 	 
0.163399996	  0.055 	  -55.70 	 
0.163599996	  0.053 	  -58.35 	 
0.163799996	  0.051 	  -61.13 	 
0.163999996	  0.050 	  -63.96 	 
0.164199996	  0.048 	  -66.83 	 
0.164399996	  0.047 	  -69.72 	 
0.164599996	  0.044 	  -72.51 	 
0.164799996	  0.043 	  -75.11 	 
0.164999996	  0.041 	  -77.41 	 
0.165199996	  0.039 	  -79.36 	 
0.165399996	  0.039 	  -81.02 	 
0.165599996	  0.038 	  -82.42 	 
0.165799996	  0.037 	  -83.59 	 
0.165999996	  0.036 	  -84.51 	 
0.166199996	  0.035 	  -85.17 	 
0.166399996	  0.035 	  -85.54 	 
0.166599996	  0.034 	  -85.56 	 
0.166799996	  0.034 	  -85.30 	 
0.166999996	  0.034 	  -84.78 	 
0.167199996	  0.035 	  -83.95 	 
0.167399996	  0.035 	  -82.94 	 
0.167599996	  0.035 	  -81.68 	 
0.167799996	  0.036 	  -80.26 	 
0.167999996	  0.036 	  -78.66 	 
0.168199996	  0.037 	  -76.76 	 
0.168399996	  0.038 	  -74.60 	 
0.168599996	  0.039 	  -72.33 	 
0.168799996	  0.040 	  -69.94 	 
0.168999996	  0.040 	  -67.46 	 
0.169199996	  0.042 	  -64.87 	 
0.169399996	  0.043 	  -62.20 	 
0.169599996	  0.045 	  -59.48 	 
0.169799996	  0.046 	  -56.73 	 
0.169999996	  0.048 	  -53.92 	 
0.170199996	  0.049 	  -51.10 	 
0.170399996	  0.051 	  -48.41 	 
0.170599996	  0.053 	  -45.90 	 
0.170799996	  0.055 	  -43.68 	 
0.170999996	  0.056 	  -41.77 	 
0.171199996	  0.057 	  -40.30 	 
0.171399996	  0.058 	  -39.17 	 
0.171599996	  0.059 	  -38.42 	 
0.171799996	  0.060 	  -37.94 	 
0.171999996	  0.061 	  -37.73 	 
0.172199996	  0.061 	  -37.68 	 
0.172399996	  0.061 	  -37.86 	 
0.172599996	  0.061 	  -38.35 	 
0.172799996	  0.061 	  -39.19 	 
0.172999996	  0.061 	  -40.37 	 
0.173199996	  0.061 	  -41.82 	 
0.173399996	  0.059 	  -43.51 	 
0.173599996	  0.060 	  -45.37 	 
0.173799996	  0.058 	  -47.40 	 
0.173999996	  0.057 	  -49.60 	 
0.174199996	  0.056 	  -51.90 	 
0.174399996	  0.055 	  -54.30 	 
0.174599996	  0.054 	  -56.87 	 
0.174799996	  0.053 	  -59.53 	 
0.174999996	  0.050 	  -62.33 	 
0.175199996	  0.049 	  -65.15 	 
0.175399996	  0.048 	  -68.03 	 
0.175599996	  0.045 	  -70.92 	 
0.175799996	  0.044 	  -73.67 	 
0.175999996	  0.043 	  -76.19 	 
0.176199996	  0.041 	  -78.34 	 
0.176399996	  0.039 	  -80.14 	 
0.176599996	  0.039 	  -81.66 	 
0.176799996	  0.037 	  -82.89 	 
0.176999996	  0.037 	  -83.87 	 
0.177199996	  0.035 	  -84.67 	 
0.177399996	  0.036 	  -85.22 	 
0.177599996	  0.035 	  -85.49 	 
0.177799996	  0.034 	  -85.50 	 
0.177999996	  0.034 	  -85.19 	 
0.178199995	  0.035 	  -84.55 	 
0.178399995	  0.035 	  -83.53 	 
0.178599995	  0.035 	  -82.32 	 
0.178799995	  0.035 	  -80.99 	 
0.178999995	  0.036 	  -79.44 	 
0.179199995	  0.037 	  -77.70 	 
0.179399995	  0.037 	  -75.79 	 
0.179599995	  0.038 	  -73.58 	 
0.179799995	  0.039 	  -71.26 	 
0.179999995	  0.040 	  -68.82 	 
0.180199995	  0.041 	  -66.31 	 
0.180399995	  0.042 	  -63.65 	 
0.180599995	  0.044 	  -60.94 	 
0.180799995	  0.046 	  -58.15 	 
0.180999995	  0.047 	  -55.32 	 
0.181199995	  0.048 	  -52.57 	 
0.181399995	  0.050 	  -49.85 	 
0.181599995	  0.052 	  -47.26 	 
0.181799995	  0.054 	  -44.89 	 
0.181999995	  0.055 	  -42.78 	 
0.182199995	  0.057 	  -41.00 	 
0.182399995	  0.058 	  -39.63 	 
0.182599995	  0.059 	  -38.69 	 
0.182799995	  0.060 	  -38.10 	 
0.182999995	  0.060 	  -37.78 	 
0.183199995	  0.061 	  -37.68 	 
0.183399995	  0.061 	  -37.73 	 
0.183599995	  0.061 	  -38.00 	 
0.183799995	  0.061 	  -38.62 	 
0.183999995	  0.061 	  -39.57 	 
0.184199995	  0.060 	  -40.84 	 
0.184399995	  0.060 	  -42.41 	 
0.184599995	  0.059 	  -44.16 	 
0.184799995	  0.059 	  -46.18 	 
0.184999995	  0.058 	  -48.31 	 
0.185199995	  0.056 	  -50.61 	 
0.185399995	  0.056 	  -52.96 	 
0.185599995	  0.054 	  -55.45 	 
0.185799995	  0.053 	  -58.03 	 
0.185999995	  0.052 	  -60.72 	 
0.186199995	  0.050 	  -63.52 	 
0.186399995	  0.049 	  -66.38 	 
0.186599995	  0.047 	  -69.31 	 
0.186799995	  0.045 	  -72.15 	 
0.186999995	  0.043 	  -74.85 	 
0.187199995	  0.041 	  -77.22 	 
0.187399995	  0.040 	  -79.21 	 
0.187599995	  0.039 	  -80.86 	 
0.187799995	  0.038 	  -82.23 	 
0.187999995	  0.037 	  -83.38 	 
0.188199995	  0.036 	  -84.26 	 
0.188399995	  0.035 	  -84.93 	 
0.188599995	  0.035 	  -85.39 	 
0.188799995	  0.035 	  -85.56 	 
0.188999995	  0.035 	  -85.43 	 
0.189199995	  0.034 	  -84.94 	 
0.189399995	  0.035 	  -84.10 	 
0.189599995	  0.035 	  -83.00 	 
0.189799995	  0.035 	  -81.72 	 
0.189999995	  0.036 	  -80.35 	 
0.190199995	  0.036 	  -78.76 	 
0.190399995	  0.037 	  -76.90 	 
0.190599995	  0.038 	  -74.76 	 
0.190799995	  0.038 	  -72.51 	 
0.190999995	  0.039 	  -70.16 	 
0.191199995	  0.040 	  -67.72 	 
0.191399995	  0.042 	  -65.14 	 
0.191599995	  0.043 	  -62.45 	 
0.191799995	  0.045 	  -59.70 	 
0.191999995	  0.046 	  -56.91 	 
0.192199995	  0.048 	  -54.07 	 
0.192399995	  0.049 	  -51.28 	 
0.192599995	  0.051 	  -48.60 	 
0.192799995	  0.053 	  -46.10 	 
0.192999995	  0.055 	  -43.87 	 
0.193199995	  0.056 	  -41.94 	 
0.193399995	  0.057 	  -40.40 	 
0.193599995	  0.058 	  -39.24 	 
0.193799995	  0.059 	  -38.44 	 
0.193999995	  0.060 	  -37.97 	 
0.194199995	  0.061 	  -37.70 	 
0.194399995	  0.061 	  -37.64 	 
0.194599995	  0.061 	  -37.78 	 
0.194799995	  0.061 	  -38.27 	 
0.194999995	  0.061 	  -39.09 	 
0.195199995	  0.060 	  -40.22 	 
0.195399995	  0.061 	  -41.60 	 
0.195599995	  0.060 	  -43.21 	 
0.195799995	  0.059 	  -44.99 	 
0.195999995	  0.057 	  -47.00 	 
0.196199995	  0.057 	  -49.19 	 
0.196399995	  0.056 	  -51.54 	 
0.196599995	  0.055 	  -53.99 	 
0.196799995	  0.053 	  -56.55 	 
0.196999995	  0.053 	  -59.24 	 
0.197199995	  0.051 	  -61.99 	 
0.197399995	  0.049 	  -64.83 	 
0.197599995	  0.048 	  -67.68 	 
0.197799995	  0.046 	  -70.53 	 
0.197999995	  0.044 	  -73.29 	 
0.198199995	  0.042 	  -75.86 	 
0.198399995	  0.041 	  -78.09 	 
0.198599995	  0.039 	  -79.97 	 
0.198799995	  0.038 	  -81.53 	 
0.198999995	  0.037 	  -82.79 	 
0.199199995	  0.036 	  -83.84 	 
0.199399995	  0.036 	  -84.62 	 
0.199599995	  0.036 	  -85.16 	 
0.199799995	  0.035 	  -85.44 	 
0.199999995	  0.034 	  -85.44 	 
0.200199995	  0.034 	  -85.13 	 
0.200399995	  0.034 	  -84.52 	 
0.200599995	  0.034 	  -83.62 	 
0.200799995	  0.035 	  -82.43 	 
0.200999995	  0.036 	  -81.14 	 
0.201199995	  0.036 	  -79.65 	 
0.201399995	  0.037 	  -77.90 	 
0.201599995	  0.037 	  -75.89 	 
0.201799995	  0.039 	  -73.73 	 
0.201999995	  0.038 	  -71.50 	 
0.202199995	  0.040 	  -69.20 	 
0.202399995	  0.041 	  -66.68 	 
0.202599995	  0.043 	  -64.02 	 
0.202799995	  0.043 	  -61.28 	 
0.202999995	  0.046 	  -58.47 	 
0.203199995	  0.047 	  -55.63 	 
0.203399995	  0.049 	  -52.81 	 
0.203599995	  0.050 	  -50.08 	 
0.203799995	  0.052 	  -47.46 	 
0.203999995	  0.054 	  -45.09 	 
0.204199995	  0.055 	  -42.97 	 
0.204399995	  0.056 	  -41.20 	 
0.204599995	  0.057 	  -39.81 	 
