0.000000000	  0.019 	  -85.42 	 
0.000200000	  0.019 	  -85.26 	 
0.000400000	  0.018 	  -84.79 	 
0.000600000	  0.018 	  -84.03 	 
0.000800000	  0.019 	  -82.94 	 
0.001000000	  0.019 	  -81.56 	 
0.001200000	  0.020 	  -80.00 	 
0.001400000	  0.021 	  -78.20 	 
0.001600000	  0.022 	  -76.29 	 
0.001800000	  0.024 	  -74.26 	 
0.002000000	  0.025 	  -72.28 	 
0.002200000	  0.027 	  -70.21 	 
0.002400000	  0.028 	  -68.08 	 
0.002600000	  0.030 	  -65.84 	 
0.002800000	  0.032 	  -63.39 	 
0.003000000	  0.034 	  -60.82 	 
0.003200000	  0.037 	  -58.11 	 
0.003400000	  0.039 	  -55.38 	 
0.003600000	  0.041 	  -52.61 	 
0.003800000	  0.045 	  -49.99 	 
0.004000000	  0.048 	  -47.46 	 
0.004200000	  0.051 	  -45.12 	 
0.004400000	  0.054 	  -43.05 	 
0.004600000	  0.057 	  -41.21 	 
0.004800000	  0.059 	  -39.74 	 
0.005000000	  0.061 	  -38.62 	 
0.005200000	  0.063 	  -37.95 	 
0.005400000	  0.064 	  -37.66 	 
0.005600000	  0.066 	  -37.79 	 
0.005800000	  0.065 	  -38.26 	 
0.006000000	  0.067 	  -39.14 	 
0.006200000	  0.065 	  -40.40 	 
0.006400000	  0.065 	  -41.91 	 
0.006600000	  0.064 	  -43.60 	 
0.006800000	  0.062 	  -45.33 	 
0.007000000	  0.061 	  -47.13 	 
0.007200000	  0.059 	  -48.98 	 
0.007400000	  0.057 	  -50.88 	 
0.007600000	  0.056 	  -52.90 	 
0.007800000	  0.054 	  -55.10 	 
0.008000000	  0.051 	  -57.50 	 
0.008200000	  0.049 	  -60.12 	 
0.008400000	  0.047 	  -62.93 	 
0.008600000	  0.043 	  -65.89 	 
0.008800000	  0.040 	  -68.86 	 
0.009000000	  0.038 	  -71.74 	 
0.009200000	  0.034 	  -74.43 	 
0.009400000	  0.032 	  -76.86 	 
0.009600000	  0.029 	  -79.05 	 
0.009800000	  0.026 	  -80.88 	 
0.010000000	  0.025 	  -82.34 	 
0.010200000	  0.023 	  -83.48 	 
0.010400000	  0.021 	  -84.34 	 
0.010600000	  0.020 	  -84.95 	 
0.010800000	  0.020 	  -85.30 	 
0.011000000	  0.019 	  -85.47 	 
0.011200000	  0.019 	  -85.39 	 
0.011400000	  0.018 	  -85.04 	 
0.011600000	  0.018 	  -84.43 	 
0.011800000	  0.019 	  -83.48 	 
0.012000000	  0.019 	  -82.26 	 
0.012200000	  0.019 	  -80.85 	 
0.012400000	  0.020 	  -79.25 	 
0.012600000	  0.021 	  -77.42 	 
0.012800000	  0.023 	  -75.53 	 
0.013000000	  0.024 	  -73.48 	 
0.013200000	  0.025 	  -71.42 	 
0.013400000	  0.028 	  -69.23 	 
0.013600000	  0.029 	  -67.00 	 
0.013800000	  0.031 	  -64.60 	 
0.014000000	  0.033 	  -62.11 	 
0.014200000	  0.036 	  -59.51 	 
0.014400000	  0.038 	  -56.81 	 
0.014600000	  0.041 	  -54.16 	 
0.014800000	  0.043 	  -51.50 	 
0.015000000	  0.046 	  -48.96 	 
0.015200000	  0.049 	  -46.52 	 
0.015400000	  0.052 	  -44.30 	 
0.015600000	  0.055 	  -42.27 	 
0.015800000	  0.058 	  -40.59 	 
0.016000000	  0.060 	  -39.24 	 
0.016200000	  0.062 	  -38.30 	 
0.016400000	  0.064 	  -37.77 	 
0.016600000	  0.065 	  -37.64 	 
0.016800000	  0.065 	  -37.92 	 
0.017000000	  0.066 	  -38.60 	 
0.017200000	  0.065 	  -39.68 	 
0.017400000	  0.064 	  -41.06 	 
0.017600000	  0.064 	  -42.66 	 
0.017800000	  0.063 	  -44.37 	 
0.018000000	  0.061 	  -46.17 	 
0.018200000	  0.060 	  -48.00 	 
0.018400000	  0.058 	  -49.82 	 
0.018600000	  0.057 	  -51.78 	 
0.018800000	  0.055 	  -53.89 	 
0.019000000	  0.053 	  -56.16 	 
0.019200000	  0.051 	  -58.66 	 
0.019400000	  0.048 	  -61.37 	 
0.019600000	  0.045 	  -64.25 	 
0.019799999	  0.043 	  -67.25 	 
0.019999999	  0.039 	  -70.21 	 
0.020199999	  0.036 	  -73.04 	 
0.020399999	  0.033 	  -75.64 	 
0.020599999	  0.031 	  -77.94 	 
0.020799999	  0.028 	  -79.95 	 
0.020999999	  0.025 	  -81.56 	 
0.021199999	  0.024 	  -82.85 	 
0.021399999	  0.023 	  -83.81 	 
0.021599999	  0.021 	  -84.56 	 
0.021799999	  0.021 	  -85.07 	 
0.021999999	  0.019 	  -85.39 	 
0.022199999	  0.019 	  -85.48 	 
0.022399999	  0.018 	  -85.31 	 
0.022599999	  0.018 	  -84.89 	 
0.022799999	  0.018 	  -84.12 	 
0.022999999	  0.018 	  -83.05 	 
0.023199999	  0.019 	  -81.67 	 
0.023399999	  0.021 	  -80.15 	 
0.023599999	  0.021 	  -78.42 	 
0.023799999	  0.023 	  -76.60 	 
0.023999999	  0.023 	  -74.61 	 
0.024199999	  0.025 	  -72.66 	 
0.024399999	  0.027 	  -70.58 	 
0.024599999	  0.028 	  -68.43 	 
0.024799999	  0.030 	  -66.12 	 
0.024999999	  0.032 	  -63.63 	 
0.025199999	  0.034 	  -61.03 	 
0.025399999	  0.037 	  -58.32 	 
0.025599999	  0.039 	  -55.57 	 
0.025799999	  0.042 	  -52.85 	 
0.025999999	  0.045 	  -50.25 	 
0.026199999	  0.047 	  -47.79 	 
0.026399999	  0.051 	  -45.47 	 
0.026599999	  0.053 	  -43.36 	 
0.026799999	  0.057 	  -41.50 	 
0.026999999	  0.059 	  -39.94 	 
0.027199999	  0.061 	  -38.77 	 
0.027399999	  0.063 	  -38.01 	 
0.027599999	  0.064 	  -37.64 	 
0.027799999	  0.065 	  -37.69 	 
0.027999999	  0.065 	  -38.16 	 
0.028199999	  0.065 	  -39.02 	 
0.028399999	  0.065 	  -40.25 	 
0.028599999	  0.064 	  -41.76 	 
0.028799999	  0.064 	  -43.45 	 
0.028999999	  0.062 	  -45.23 	 
0.029199999	  0.061 	  -47.01 	 
0.029399999	  0.060 	  -48.84 	 
0.029599999	  0.058 	  -50.73 	 
0.029799999	  0.056 	  -52.72 	 
0.029999999	  0.054 	  -54.91 	 
0.030199999	  0.052 	  -57.29 	 
0.030399999	  0.050 	  -59.87 	 
0.030599999	  0.047 	  -62.66 	 
0.030799999	  0.043 	  -65.60 	 
0.030999999	  0.041 	  -68.57 	 
0.031199999	  0.038 	  -71.45 	 
0.031399999	  0.035 	  -74.15 	 
0.031599999	  0.032 	  -76.62 	 
0.031799999	  0.030 	  -78.86 	 
0.031999999	  0.027 	  -80.74 	 
0.032199999	  0.025 	  -82.24 	 
0.032399999	  0.024 	  -83.45 	 
0.032599999	  0.021 	  -84.32 	 
0.032799999	  0.021 	  -84.95 	 
0.032999999	  0.019 	  -85.33 	 
0.033199999	  0.019 	  -85.49 	 
0.033399999	  0.018 	  -85.41 	 
0.033599999	  0.018 	  -85.09 	 
0.033799999	  0.018 	  -84.51 	 
0.033999999	  0.019 	  -83.63 	 
0.034199999	  0.019 	  -82.47 	 
0.034399999	  0.020 	  -81.10 	 
0.034599999	  0.020 	  -79.51 	 
0.034799999	  0.022 	  -77.70 	 
0.034999999	  0.022 	  -75.85 	 
0.035199999	  0.024 	  -73.78 	 
0.035399999	  0.026 	  -71.72 	 
0.035599999	  0.027 	  -69.55 	 
0.035799999	  0.029 	  -67.31 	 
0.035999999	  0.031 	  -64.92 	 
0.036199999	  0.033 	  -62.44 	 
0.036399999	  0.035 	  -59.84 	 
0.036599999	  0.037 	  -57.13 	 
0.036799999	  0.040 	  -54.46 	 
0.036999999	  0.043 	  -51.79 	 
0.037199999	  0.046 	  -49.25 	 
0.037399999	  0.049 	  -46.82 	 
0.037599999	  0.051 	  -44.59 	 
0.037799999	  0.055 	  -42.55 	 
0.037999999	  0.058 	  -40.76 	 
0.038199999	  0.060 	  -39.37 	 
0.038399999	  0.062 	  -38.34 	 
0.038599999	  0.063 	  -37.78 	 
0.038799999	  0.065 	  -37.58 	 
0.038999999	  0.066 	  -37.84 	 
0.039199999	  0.066 	  -38.47 	 
0.039399999	  0.066 	  -39.52 	 
0.039599999	  0.065 	  -40.94 	 
0.039799999	  0.064 	  -42.55 	 
0.039999999	  0.063 	  -44.30 	 
0.040199999	  0.062 	  -46.12 	 
0.040399999	  0.060 	  -47.89 	 
0.040599999	  0.059 	  -49.71 	 
0.040799999	  0.056 	  -51.63 	 
0.040999999	  0.055 	  -53.68 	 
0.041199999	  0.053 	  -55.92 	 
0.041399999	  0.051 	  -58.38 	 
0.041599999	  0.048 	  -61.08 	 
0.041799999	  0.046 	  -63.95 	 
0.041999999	  0.043 	  -66.94 	 
0.042199999	  0.040 	  -69.88 	 
0.042399999	  0.037 	  -72.71 	 
0.042599999	  0.034 	  -75.33 	 
0.042799999	  0.030 	  -77.69 	 
0.042999999	  0.028 	  -79.76 	 
0.043199999	  0.026 	  -81.45 	 
0.043399999	  0.024 	  -82.83 	 
0.043599999	  0.023 	  -83.86 	 
0.043799999	  0.021 	  -84.64 	 
0.043999999	  0.020 	  -85.15 	 
0.044199999	  0.019 	  -85.45 	 
0.044399999	  0.019 	  -85.51 	 
0.044599999	  0.019 	  -85.36 	 
0.044799999	  0.018 	  -84.90 	 
0.044999999	  0.018 	  -84.18 	 
0.045199999	  0.019 	  -83.14 	 
0.045399999	  0.019 	  -81.85 	 
0.045599999	  0.020 	  -80.39 	 
0.045799999	  0.021 	  -78.75 	 
0.045999999	  0.022 	  -76.91 	 
0.046199999	  0.024 	  -75.03 	 
0.046399999	  0.025 	  -72.94 	 
0.046599999	  0.026 	  -70.81 	 
0.046799999	  0.027 	  -68.56 	 
0.046999999	  0.030 	  -66.22 	 
0.047199999	  0.032 	  -63.78 	 
0.047399999	  0.034 	  -61.23 	 
0.047599999	  0.036 	  -58.61 	 
0.047799999	  0.038 	  -55.93 	 
0.047999999	  0.041 	  -53.28 	 
0.048199999	  0.045 	  -50.68 	 
0.048399999	  0.047 	  -48.22 	 
0.048599999	  0.050 	  -45.85 	 
0.048799999	  0.054 	  -43.68 	 
0.048999999	  0.056 	  -41.75 	 
0.049199999	  0.058 	  -40.14 	 
0.049399999	  0.061 	  -38.91 	 
0.049599999	  0.063 	  -38.11 	 
0.049799999	  0.064 	  -37.72 	 
0.049999999	  0.065 	  -37.75 	 
0.050199999	  0.066 	  -38.16 	 
0.050399999	  0.066 	  -38.99 	 
0.050599999	  0.065 	  -40.18 	 
0.050799999	  0.065 	  -41.65 	 
0.050999999	  0.064 	  -43.31 	 
0.051199999	  0.063 	  -45.05 	 
0.051399999	  0.061 	  -46.85 	 
0.051599999	  0.060 	  -48.66 	 
0.051799999	  0.058 	  -50.52 	 
0.051999999	  0.056 	  -52.52 	 
0.052199999	  0.054 	  -54.68 	 
0.052399999	  0.053 	  -57.03 	 
0.052599999	  0.050 	  -59.58 	 
0.052799999	  0.047 	  -62.38 	 
0.052999999	  0.044 	  -65.28 	 
0.053199999	  0.041 	  -68.25 	 
0.053399999	  0.039 	  -71.15 	 
0.053599999	  0.035 	  -73.91 	 
0.053799999	  0.032 	  -76.40 	 
0.053999999	  0.030 	  -78.64 	 
0.054199999	  0.027 	  -80.55 	 
0.054399999	  0.025 	  -82.10 	 
0.054599999	  0.023 	  -83.33 	 
0.054799999	  0.022 	  -84.23 	 
0.054999999	  0.021 	  -84.89 	 
0.055199999	  0.019 	  -85.33 	 
0.055399999	  0.019 	  -85.51 	 
0.055599999	  0.019 	  -85.49 	 
0.055799999	  0.018 	  -85.24 	 
0.055999999	  0.018 	  -84.65 	 
0.056199999	  0.018 	  -83.83 	 
0.056399999	  0.019 	  -82.66 	 
0.056599999	  0.020 	  -81.29 	 
0.056799999	  0.020 	  -79.70 	 
0.056999999	  0.021 	  -77.92 	 
0.057199999	  0.023 	  -76.01 	 
0.057399999	  0.024 	  -73.99 	 
0.057599999	  0.025 	  -71.99 	 
0.057799999	  0.027 	  -69.83 	 
0.057999999	  0.029 	  -67.64 	 
0.058199999	  0.031 	  -65.32 	 
0.058399999	  0.033 	  -62.82 	 
0.058599999	  0.035 	  -60.24 	 
0.058799999	  0.037 	  -57.53 	 
0.058999999	  0.040 	  -54.83 	 
0.059199999	  0.042 	  -52.15 	 
0.059399998	  0.046 	  -49.54 	 
0.059599998	  0.048 	  -47.08 	 
0.059799998	  0.051 	  -44.78 	 
0.059999998	  0.054 	  -42.73 	 
0.060199998	  0.057 	  -40.95 	 
0.060399998	  0.059 	  -39.55 	 
0.060599998	  0.061 	  -38.54 	 
0.060799998	  0.063 	  -37.92 	 
0.060999998	  0.065 	  -37.70 	 
0.061199998	  0.066 	  -37.92 	 
0.061399998	  0.066 	  -38.47 	 
0.061599998	  0.066 	  -39.48 	 
0.061799998	  0.065 	  -40.77 	 
0.061999998	  0.064 	  -42.34 	 
0.062199998	  0.063 	  -44.04 	 
0.062399998	  0.061 	  -45.84 	 
0.062599998	  0.060 	  -47.64 	 
0.062799998	  0.058 	  -49.49 	 
0.062999998	  0.057 	  -51.45 	 
0.063199998	  0.055 	  -53.49 	 
0.063399998	  0.053 	  -55.75 	 
0.063599998	  0.051 	  -58.18 	 
0.063799998	  0.048 	  -60.86 	 
0.063999998	  0.046 	  -63.69 	 
0.064199998	  0.043 	  -66.65 	 
0.064399998	  0.040 	  -69.61 	 
0.064599998	  0.037 	  -72.45 	 
0.064799998	  0.034 	  -75.09 	 
0.064999998	  0.031 	  -77.44 	 
0.065199998	  0.029 	  -79.54 	 
0.065399998	  0.026 	  -81.27 	 
0.065599998	  0.024 	  -82.63 	 
0.065799998	  0.023 	  -83.64 	 
0.065999998	  0.021 	  -84.43 	 
0.066199998	  0.021 	  -84.97 	 
0.066399998	  0.019 	  -85.32 	 
0.066599998	  0.019 	  -85.46 	 
0.066799998	  0.018 	  -85.37 	 
0.066999998	  0.018 	  -85.02 	 
0.067199998	  0.018 	  -84.36 	 
0.067399998	  0.018 	  -83.35 	 
0.067599998	  0.020 	  -82.08 	 
0.067799998	  0.021 	  -80.58 	 
0.067999998	  0.020 	  -78.88 	 
0.068199998	  0.022 	  -77.02 	 
0.068399998	  0.023 	  -75.03 	 
0.068599998	  0.024 	  -73.01 	 
0.068799998	  0.026 	  -70.99 	 
0.068999998	  0.027 	  -68.89 	 
0.069199998	  0.030 	  -66.65 	 
0.069399998	  0.032 	  -64.27 	 
0.069599998	  0.034 	  -61.73 	 
0.069799998	  0.035 	  -59.06 	 
0.069999998	  0.038 	  -56.33 	 
0.070199998	  0.041 	  -53.59 	 
0.070399998	  0.044 	  -50.90 	 
0.070599998	  0.047 	  -48.35 	 
0.070799998	  0.050 	  -45.96 	 
0.070999998	  0.054 	  -43.80 	 
0.071199998	  0.056 	  -41.86 	 
0.071399998	  0.059 	  -40.26 	 
0.071599998	  0.061 	  -39.00 	 
0.071799998	  0.062 	  -38.21 	 
0.071999998	  0.064 	  -37.82 	 
0.072199998	  0.065 	  -37.79 	 
0.072399998	  0.065 	  -38.16 	 
0.072599998	  0.066 	  -38.91 	 
0.072799998	  0.065 	  -40.03 	 
0.072999998	  0.064 	  -41.45 	 
0.073199998	  0.064 	  -43.07 	 
0.073399998	  0.063 	  -44.79 	 
0.073599998	  0.061 	  -46.57 	 
0.073799998	  0.060 	  -48.41 	 
0.073999998	  0.058 	  -50.31 	 
0.074199998	  0.057 	  -52.29 	 
0.074399998	  0.055 	  -54.44 	 
0.074599998	  0.052 	  -56.76 	 
0.074799998	  0.050 	  -59.32 	 
0.074999998	  0.047 	  -62.07 	 
0.075199998	  0.044 	  -65.00 	 
0.075399998	  0.041 	  -67.95 	 
0.075599998	  0.039 	  -70.88 	 
0.075799998	  0.036 	  -73.62 	 
0.075999998	  0.033 	  -76.16 	 
0.076199998	  0.030 	  -78.39 	 
0.076399998	  0.028 	  -80.33 	 
0.076599998	  0.025 	  -81.92 	 
0.076799998	  0.023 	  -83.18 	 
0.076999998	  0.023 	  -84.11 	 
0.077199998	  0.020 	  -84.83 	 
0.077399998	  0.020 	  -85.28 	 
0.077599998	  0.019 	  -85.52 	 
0.077799998	  0.018 	  -85.52 	 
0.077999998	  0.018 	  -85.25 	 
0.078199998	  0.018 	  -84.72 	 
0.078399998	  0.018 	  -83.88 	 
0.078599998	  0.019 	  -82.74 	 
0.078799998	  0.020 	  -81.36 	 
0.078999998	  0.020 	  -79.82 	 
0.079199998	  0.021 	  -78.06 	 
0.079399998	  0.023 	  -76.23 	 
0.079599998	  0.024 	  -74.21 	 
0.079799998	  0.026 	  -72.20 	 
0.079999998	  0.027 	  -70.07 	 
0.080199998	  0.029 	  -67.89 	 
0.080399998	  0.031 	  -65.57 	 
0.080599998	  0.033 	  -63.08 	 
0.080799998	  0.034 	  -60.50 	 
0.080999998	  0.037 	  -57.80 	 
0.081199998	  0.040 	  -55.10 	 
0.081399998	  0.043 	  -52.39 	 
0.081599998	  0.046 	  -49.79 	 
0.081799998	  0.048 	  -47.33 	 
0.081999998	  0.051 	  -45.03 	 
0.082199998	  0.054 	  -42.99 	 
0.082399998	  0.057 	  -41.12 	 
0.082599998	  0.060 	  -39.68 	 
0.082799998	  0.061 	  -38.60 	 
0.082999998	  0.063 	  -37.96 	 
0.083199998	  0.064 	  -37.70 	 
0.083399998	  0.065 	  -37.86 	 
0.083599998	  0.065 	  -38.41 	 
0.083799998	  0.066 	  -39.35 	 
0.083999998	  0.065 	  -40.63 	 
0.084199998	  0.064 	  -42.15 	 
0.084399998	  0.064 	  -43.86 	 
0.084599998	  0.062 	  -45.61 	 
0.084799998	  0.061 	  -47.40 	 
0.084999998	  0.059 	  -49.23 	 
0.085199998	  0.057 	  -51.14 	 
0.085399998	  0.056 	  -53.17 	 
0.085599998	  0.053 	  -55.39 	 
0.085799998	  0.051 	  -57.80 	 
0.085999998	  0.048 	  -60.42 	 
0.086199998	  0.046 	  -63.27 	 
0.086399998	  0.043 	  -66.24 	 
0.086599998	  0.040 	  -69.23 	 
0.086799998	  0.037 	  -72.11 	 
0.086999998	  0.034 	  -74.79 	 
0.087199998	  0.031 	  -77.20 	 
0.087399998	  0.029 	  -79.35 	 
0.087599998	  0.027 	  -81.10 	 
0.087799998	  0.024 	  -82.49 	 
0.087999998	  0.023 	  -83.56 	 
0.088199998	  0.021 	  -84.37 	 
0.088399998	  0.020 	  -84.94 	 
0.088599998	  0.019 	  -85.33 	 
0.088799998	  0.019 	  -85.48 	 
0.088999998	  0.019 	  -85.41 	 
0.089199998	  0.018 	  -85.05 	 
0.089399998	  0.019 	  -84.42 	 
0.089599998	  0.019 	  -83.44 	 
0.089799998	  0.019 	  -82.18 	 
0.089999998	  0.019 	  -80.72 	 
0.090199998	  0.020 	  -79.05 	 
0.090399998	  0.022 	  -77.23 	 
0.090599998	  0.023 	  -75.33 	 
0.090799998	  0.025 	  -73.27 	 
0.090999998	  0.026 	  -71.21 	 
0.091199998	  0.028 	  -69.04 	 
0.091399998	  0.029 	  -66.76 	 
0.091599998	  0.031 	  -64.38 	 
0.091799998	  0.033 	  -61.85 	 
0.091999998	  0.036 	  -59.21 	 
0.092199998	  0.038 	  -56.49 	 
0.092399998	  0.041 	  -53.81 	 
0.092599998	  0.043 	  -51.16 	 
0.092799998	  0.047 	  -48.64 	 
0.092999998	  0.050 	  -46.26 	 
0.093199998	  0.053 	  -44.06 	 
0.093399998	  0.056 	  -42.07 	 
0.093599998	  0.058 	  -40.40 	 
0.093799998	  0.061 	  -39.06 	 
0.093999998	  0.062 	  -38.15 	 
0.094199998	  0.064 	  -37.66 	 
0.094399998	  0.065 	  -37.58 	 
0.094599998	  0.066 	  -37.91 	 
0.094799998	  0.065 	  -38.65 	 
0.094999998	  0.065 	  -39.81 	 
0.095199998	  0.065 	  -41.26 	 
0.095399998	  0.064 	  -42.93 	 
0.095599998	  0.063 	  -44.65 	 
0.095799998	  0.062 	  -46.40 	 
0.095999998	  0.060 	  -48.22 	 
0.096199998	  0.058 	  -50.07 	 
0.096399998	  0.057 	  -52.01 	 
0.096599998	  0.054 	  -54.12 	 
0.096799998	  0.053 	  -56.42 	 
0.096999998	  0.051 	  -58.92 	 
0.097199998	  0.047 	  -61.67 	 
0.097399998	  0.045 	  -64.58 	 
0.097599998	  0.042 	  -67.55 	 
0.097799998	  0.039 	  -70.51 	 
0.097999998	  0.036 	  -73.30 	 
0.098199998	  0.032 	  -75.85 	 
0.098399998	  0.031 	  -78.13 	 
0.098599998	  0.028 	  -80.14 	 
0.098799998	  0.025 	  -81.74 	 
0.098999997	  0.024 	  -83.00 	 
0.099199997	  0.022 	  -83.99 	 
0.099399997	  0.021 	  -84.69 	 
0.099599997	  0.020 	  -85.17 	 
0.099799997	  0.019 	  -85.43 	 
0.099999997	  0.019 	  -85.46 	 
0.100199997	  0.018 	  -85.24 	 
0.100399997	  0.019 	  -84.75 	 
0.100599997	  0.019 	  -83.94 	 
0.100799997	  0.018 	  -82.85 	 
0.100999997	  0.020 	  -81.51 	 
0.101199997	  0.020 	  -79.98 	 
0.101399997	  0.021 	  -78.23 	 
0.101599997	  0.022 	  -76.36 	 
0.101799997	  0.023 	  -74.37 	 
0.101999997	  0.025 	  -72.40 	 
0.102199997	  0.026 	  -70.34 	 
0.102399997	  0.028 	  -68.17 	 
0.102599997	  0.030 	  -65.86 	 
0.102799997	  0.032 	  -63.38 	 
0.102999997	  0.034 	  -60.77 	 
0.103199997	  0.037 	  -58.05 	 
0.103399997	  0.039 	  -55.31 	 
0.103599997	  0.041 	  -52.57 	 
0.103799997	  0.046 	  -49.96 	 
0.103999997	  0.048 	  -47.48 	 
0.104199997	  0.051 	  -45.17 	 
0.104399997	  0.054 	  -43.09 	 
0.104599997	  0.056 	  -41.24 	 
0.104799997	  0.060 	  -39.75 	 
0.104999997	  0.061 	  -38.63 	 
0.105199997	  0.063 	  -37.94 	 
0.105399997	  0.064 	  -37.59 	 
0.105599997	  0.065 	  -37.70 	 
0.105799997	  0.066 	  -38.19 	 
0.105999997	  0.066 	  -39.11 	 
0.106199997	  0.066 	  -40.38 	 
0.106399997	  0.064 	  -41.90 	 
0.106599997	  0.064 	  -43.61 	 
0.106799997	  0.062 	  -45.39 	 
0.106999997	  0.061 	  -47.19 	 
0.107199997	  0.060 	  -49.06 	 
0.107399997	  0.057 	  -50.96 	 
0.107599997	  0.055 	  -52.96 	 
0.107799997	  0.054 	  -55.15 	 
0.107999997	  0.051 	  -57.57 	 
0.108199997	  0.049 	  -60.21 	 
0.108399997	  0.046 	  -63.05 	 
0.108599997	  0.043 	  -66.00 	 
0.108799997	  0.040 	  -68.99 	 
0.108999997	  0.037 	  -71.87 	 
0.109199997	  0.034 	  -74.54 	 
0.109399997	  0.032 	  -76.96 	 
0.109599997	  0.030 	  -79.09 	 
0.109799997	  0.026 	  -80.89 	 
0.109999997	  0.024 	  -82.30 	 
0.110199997	  0.023 	  -83.42 	 
0.110399997	  0.021 	  -84.27 	 
0.110599997	  0.020 	  -84.91 	 
0.110799997	  0.019 	  -85.33 	 
0.110999997	  0.019 	  -85.53 	 
0.111199997	  0.019 	  -85.50 	 
0.111399997	  0.018 	  -85.20 	 
0.111599997	  0.018 	  -84.57 	 
0.111799997	  0.018 	  -83.64 	 
0.111999997	  0.018 	  -82.36 	 
0.112199997	  0.020 	  -80.90 	 
0.112399997	  0.020 	  -79.28 	 
0.112599997	  0.021 	  -77.46 	 
0.112799997	  0.023 	  -75.60 	 
0.112999997	  0.024 	  -73.55 	 
0.113199997	  0.025 	  -71.52 	 
0.113399997	  0.028 	  -69.35 	 
0.113599997	  0.029 	  -67.11 	 
0.113799997	  0.031 	  -64.72 	 
0.113999997	  0.034 	  -62.18 	 
0.114199997	  0.035 	  -59.56 	 
0.114399997	  0.038 	  -56.87 	 
0.114599997	  0.040 	  -54.18 	 
0.114799997	  0.043 	  -51.53 	 
0.114999997	  0.047 	  -48.99 	 
0.115199997	  0.049 	  -46.57 	 
0.115399997	  0.053 	  -44.37 	 
0.115599997	  0.054 	  -42.39 	 
0.115799997	  0.058 	  -40.66 	 
0.115999997	  0.060 	  -39.33 	 
0.116199997	  0.062 	  -38.36 	 
0.116399997	  0.063 	  -37.86 	 
0.116599997	  0.064 	  -37.73 	 
0.116799997	  0.065 	  -38.03 	 
0.116999997	  0.066 	  -38.70 	 
0.117199997	  0.065 	  -39.79 	 
0.117399997	  0.065 	  -41.19 	 
0.117599997	  0.064 	  -42.80 	 
0.117799997	  0.062 	  -44.51 	 
0.117999997	  0.062 	  -46.25 	 
0.118199997	  0.060 	  -48.05 	 
0.118399997	  0.059 	  -49.89 	 
0.118599997	  0.057 	  -51.82 	 
0.118799997	  0.054 	  -53.92 	 
0.118999997	  0.053 	  -56.22 	 
0.119199997	  0.050 	  -58.72 	 
0.119399997	  0.048 	  -61.45 	 
0.119599997	  0.045 	  -64.35 	 
0.119799997	  0.042 	  -67.35 	 
0.119999997	  0.039 	  -70.28 	 
0.120199997	  0.036 	  -73.08 	 
0.120399997	  0.033 	  -75.66 	 
0.120599997	  0.030 	  -77.98 	 
0.120799997	  0.028 	  -79.99 	 
0.120999997	  0.026 	  -81.62 	 
0.121199997	  0.023 	  -82.95 	 
0.121399997	  0.022 	  -83.95 	 
0.121599997	  0.021 	  -84.69 	 
0.121799997	  0.020 	  -85.22 	 
0.121999997	  0.019 	  -85.50 	 
0.122199997	  0.019 	  -85.57 	 
0.122399997	  0.018 	  -85.39 	 
0.122599997	  0.018 	  -84.91 	 
0.122799997	  0.018 	  -84.16 	 
0.122999997	  0.019 	  -83.11 	 
0.123199997	  0.019 	  -81.77 	 
0.123399997	  0.020 	  -80.29 	 
0.123599997	  0.021 	  -78.60 	 
0.123799997	  0.021 	  -76.76 	 
0.123999997	  0.024 	  -74.78 	 
0.124199997	  0.025 	  -72.69 	 
0.124399997	  0.026 	  -70.59 	 
0.124599997	  0.028 	  -68.39 	 
0.124799997	  0.029 	  -66.09 	 
0.124999997	  0.032 	  -63.62 	 
0.125199997	  0.035 	  -61.09 	 
0.125399997	  0.036 	  -58.41 	 
0.125599997	  0.039 	  -55.73 	 
0.125799997	  0.041 	  -53.02 	 
0.125999997	  0.045 	  -50.37 	 
0.126199997	  0.048 	  -47.89 	 
0.126399997	  0.050 	  -45.55 	 
0.126599997	  0.054 	  -43.42 	 
0.126799997	  0.057 	  -41.52 	 
0.126999997	  0.059 	  -39.98 	 
0.127199997	  0.061 	  -38.80 	 
0.127399997	  0.063 	  -38.08 	 
0.127599997	  0.064 	  -37.75 	 
0.127799997	  0.065 	  -37.82 	 
0.127999997	  0.065 	  -38.30 	 
0.128199997	  0.066 	  -39.14 	 
0.128399997	  0.065 	  -40.36 	 
0.128599997	  0.064 	  -41.84 	 
0.128799997	  0.063 	  -43.50 	 
0.128999997	  0.062 	  -45.23 	 
0.129199997	  0.061 	  -47.03 	 
0.129399997	  0.060 	  -48.86 	 
0.129599997	  0.058 	  -50.77 	 
0.129799997	  0.056 	  -52.79 	 
0.129999997	  0.053 	  -55.00 	 
0.130199997	  0.052 	  -57.34 	 
0.130399997	  0.049 	  -59.94 	 
0.130599997	  0.046 	  -62.72 	 
0.130799997	  0.044 	  -65.64 	 
0.130999997	  0.041 	  -68.60 	 
0.131199997	  0.038 	  -71.45 	 
0.131399997	  0.035 	  -74.15 	 
0.131599997	  0.032 	  -76.60 	 
0.131799997	  0.029 	  -78.85 	 
0.131999997	  0.027 	  -80.75 	 
0.132199997	  0.025 	  -82.30 	 
0.132399997	  0.023 	  -83.52 	 
0.132599997	  0.021 	  -84.42 	 
0.132799997	  0.021 	  -85.04 	 
0.132999997	  0.019 	  -85.41 	 
0.133199997	  0.019 	  -85.58 	 
0.133399997	  0.018 	  -85.51 	 
0.133599997	  0.018 	  -85.16 	 
0.133799997	  0.018 	  -84.56 	 
0.133999997	  0.018 	  -83.68 	 
0.134199997	  0.019 	  -82.50 	 
0.134399997	  0.019 	  -81.12 	 
0.134599997	  0.021 	  -79.58 	 
0.134799997	  0.021 	  -77.81 	 
0.134999997	  0.023 	  -75.92 	 
0.135199997	  0.024 	  -73.86 	 
0.135399997	  0.025 	  -71.78 	 
0.135599997	  0.027 	  -69.59 	 
0.135799997	  0.029 	  -67.34 	 
0.135999997	  0.030 	  -64.99 	 
0.136199997	  0.034 	  -62.48 	 
0.136399997	  0.035 	  -59.92 	 
0.136599997	  0.037 	  -57.21 	 
0.136799997	  0.041 	  -54.56 	 
0.136999997	  0.043 	  -51.87 	 
0.137199997	  0.047 	  -49.30 	 
0.137399997	  0.049 	  -46.84 	 
0.137599997	  0.052 	  -44.60 	 
0.137799997	  0.055 	  -42.54 	 
0.137999997	  0.057 	  -40.79 	 
0.138199997	  0.060 	  -39.39 	 
0.138399997	  0.062 	  -38.41 	 
0.138599996	  0.063 	  -37.85 	 
0.138799996	  0.065 	  -37.66 	 
0.138999996	  0.065 	  -37.92 	 
0.139199996	  0.066 	  -38.55 	 
0.139399996	  0.065 	  -39.60 	 
0.139599996	  0.065 	  -40.96 	 
0.139799996	  0.064 	  -42.57 	 
0.139999996	  0.063 	  -44.30 	 
0.140199996	  0.062 	  -46.07 	 
0.140399996	  0.060 	  -47.88 	 
0.140599996	  0.059 	  -49.71 	 
0.140799996	  0.057 	  -51.66 	 
0.140999996	  0.055 	  -53.70 	 
0.141199996	  0.053 	  -55.98 	 
0.141399996	  0.050 	  -58.46 	 
0.141599996	  0.048 	  -61.12 	 
0.141799996	  0.046 	  -63.99 	 
0.141999996	  0.042 	  -67.00 	 
0.142199996	  0.040 	  -69.94 	 
0.142399996	  0.036 	  -72.76 	 
0.142599996	  0.034 	  -75.38 	 
0.142799996	  0.031 	  -77.73 	 
0.142999996	  0.028 	  -79.80 	 
0.143199996	  0.026 	  -81.49 	 
0.143399996	  0.025 	  -82.85 	 
0.143599996	  0.022 	  -83.88 	 
0.143799996	  0.021 	  -84.67 	 
0.143999996	  0.020 	  -85.19 	 
0.144199996	  0.020 	  -85.48 	 
0.144399996	  0.019 	  -85.55 	 
0.144599996	  0.018 	  -85.40 	 
0.144799996	  0.018 	  -84.95 	 
0.144999996	  0.018 	  -84.21 	 
0.145199996	  0.019 	  -83.19 	 
0.145399996	  0.020 	  -81.86 	 
0.145599996	  0.020 	  -80.40 	 
0.145799996	  0.021 	  -78.69 	 
0.145999996	  0.022 	  -76.87 	 
0.146199996	  0.023 	  -74.87 	 
0.146399996	  0.025 	  -72.86 	 
0.146599996	  0.026 	  -70.79 	 
0.146799996	  0.028 	  -68.67 	 
0.146999996	  0.029 	  -66.41 	 
0.147199996	  0.032 	  -63.98 	 
0.147399996	  0.034 	  -61.42 	 
0.147599996	  0.036 	  -58.75 	 
0.147799996	  0.039 	  -56.04 	 
0.147999996	  0.041 	  -53.33 	 
0.148199996	  0.044 	  -50.68 	 
0.148399996	  0.047 	  -48.16 	 
0.148599996	  0.050 	  -45.80 	 
0.148799996	  0.053 	  -43.62 	 
0.148999996	  0.056 	  -41.74 	 
0.149199996	  0.058 	  -40.18 	 
0.149399996	  0.061 	  -38.93 	 
0.149599996	  0.062 	  -38.16 	 
0.149799996	  0.064 	  -37.74 	 
0.149999996	  0.065 	  -37.73 	 
0.150199996	  0.065 	  -38.12 	 
0.150399996	  0.066 	  -38.93 	 
0.150599996	  0.065 	  -40.12 	 
0.150799996	  0.064 	  -41.59 	 
0.150999996	  0.064 	  -43.29 	 
0.151199996	  0.063 	  -45.07 	 
0.151399996	  0.061 	  -46.88 	 
0.151599996	  0.059 	  -48.71 	 
0.151799996	  0.057 	  -50.59 	 
0.151999996	  0.056 	  -52.58 	 
0.152199996	  0.054 	  -54.71 	 
0.152399996	  0.053 	  -57.06 	 
0.152599996	  0.049 	  -59.60 	 
0.152799996	  0.047 	  -62.38 	 
0.152999996	  0.044 	  -65.26 	 
0.153199996	  0.042 	  -68.24 	 
0.153399996	  0.038 	  -71.15 	 
0.153599996	  0.036 	  -73.90 	 
0.153799996	  0.032 	  -76.41 	 
0.153999996	  0.029 	  -78.66 	 
0.154199996	  0.027 	  -80.57 	 
0.154399996	  0.025 	  -82.13 	 
0.154599996	  0.024 	  -83.35 	 
0.154799996	  0.021 	  -84.27 	 
0.154999996	  0.021 	  -84.91 	 
0.155199996	  0.020 	  -85.32 	 
0.155399996	  0.019 	  -85.54 	 
0.155599996	  0.018 	  -85.52 	 
0.155799996	  0.018 	  -85.28 	 
0.155999996	  0.018 	  -84.71 	 
0.156199996	  0.018 	  -83.86 	 
0.156399996	  0.019 	  -82.68 	 
0.156599996	  0.020 	  -81.30 	 
0.156799996	  0.020 	  -79.73 	 
0.156999996	  0.022 	  -77.92 	 
0.157199996	  0.023 	  -76.06 	 
0.157399996	  0.024 	  -74.02 	 
0.157599996	  0.025 	  -72.01 	 
0.157799996	  0.026 	  -69.89 	 
0.157999996	  0.029 	  -67.68 	 
0.158199996	  0.030 	  -65.32 	 
0.158399996	  0.032 	  -62.82 	 
0.158599996	  0.036 	  -60.21 	 
0.158799996	  0.037 	  -57.49 	 
0.158999996	  0.040 	  -54.78 	 
0.159199996	  0.043 	  -52.10 	 
0.159399996	  0.045 	  -49.53 	 
0.159599996	  0.049 	  -47.09 	 
0.159799996	  0.051 	  -44.81 	 
0.159999996	  0.055 	  -42.78 	 
0.160199996	  0.057 	  -41.01 	 
0.160399996	  0.060 	  -39.57 	 
0.160599996	  0.061 	  -38.52 	 
0.160799996	  0.063 	  -37.92 	 
0.160999996	  0.064 	  -37.69 	 
0.161199996	  0.066 	  -37.88 	 
0.161399996	  0.066 	  -38.45 	 
0.161599996	  0.065 	  -39.44 	 
0.161799996	  0.065 	  -40.77 	 
0.161999996	  0.064 	  -42.37 	 
0.162199996	  0.063 	  -44.10 	 
0.162399996	  0.062 	  -45.91 	 
0.162599996	  0.060 	  -47.72 	 
0.162799996	  0.058 	  -49.56 	 
0.162999996	  0.057 	  -51.47 	 
0.163199996	  0.055 	  -53.53 	 
0.163399996	  0.053 	  -55.78 	 
0.163599996	  0.051 	  -58.22 	 
0.163799996	  0.048 	  -60.87 	 
0.163999996	  0.046 	  -63.70 	 
0.164199996	  0.043 	  -66.68 	 
0.164399996	  0.040 	  -69.61 	 
0.164599996	  0.037 	  -72.43 	 
0.164799996	  0.034 	  -75.05 	 
0.164999996	  0.031 	  -77.41 	 
0.165199996	  0.028 	  -79.51 	 
0.165399996	  0.026 	  -81.25 	 
0.165599996	  0.024 	  -82.65 	 
0.165799996	  0.022 	  -83.76 	 
0.165999996	  0.021 	  -84.54 	 
0.166199996	  0.020 	  -85.09 	 
0.166399996	  0.019 	  -85.42 	 
0.166599996	  0.018 	  -85.54 	 
0.166799996	  0.018 	  -85.40 	 
0.166999996	  0.018 	  -85.00 	 
0.167199996	  0.018 	  -84.31 	 
0.167399996	  0.019 	  -83.31 	 
0.167599996	  0.019 	  -82.04 	 
0.167799996	  0.020 	  -80.61 	 
0.167999996	  0.020 	  -78.97 	 
0.168199996	  0.022 	  -77.14 	 
0.168399996	  0.023 	  -75.26 	 
0.168599996	  0.024 	  -73.18 	 
0.168799996	  0.026 	  -71.05 	 
0.168999996	  0.028 	  -68.84 	 
0.169199996	  0.029 	  -66.52 	 
0.169399996	  0.032 	  -64.11 	 
0.169599996	  0.033 	  -61.55 	 
0.169799996	  0.036 	  -58.96 	 
0.169999996	  0.038 	  -56.27 	 
0.170199996	  0.041 	  -53.62 	 
0.170399996	  0.044 	  -51.00 	 
0.170599996	  0.047 	  -48.50 	 
0.170799996	  0.049 	  -46.13 	 
0.170999996	  0.053 	  -43.93 	 
0.171199996	  0.056 	  -41.96 	 
0.171399996	  0.058 	  -40.33 	 
0.171599996	  0.061 	  -39.04 	 
0.171799996	  0.062 	  -38.23 	 
0.171999996	  0.064 	  -37.81 	 
0.172199996	  0.065 	  -37.83 	 
0.172399996	  0.065 	  -38.21 	 
0.172599996	  0.066 	  -38.96 	 
0.172799996	  0.065 	  -40.07 	 
0.172999996	  0.065 	  -41.45 	 
0.173199996	  0.063 	  -43.05 	 
0.173399996	  0.063 	  -44.74 	 
0.173599996	  0.061 	  -46.51 	 
0.173799996	  0.060 	  -48.36 	 
0.173999996	  0.058 	  -50.27 	 
0.174199996	  0.056 	  -52.27 	 
0.174399996	  0.055 	  -54.46 	 
0.174599996	  0.052 	  -56.82 	 
0.174799996	  0.050 	  -59.40 	 
0.174999996	  0.048 	  -62.16 	 
0.175199996	  0.045 	  -65.09 	 
0.175399996	  0.041 	  -68.08 	 
0.175599996	  0.039 	  -70.97 	 
0.175799996	  0.035 	  -73.69 	 
0.175999996	  0.033 	  -76.21 	 
0.176199996	  0.030 	  -78.43 	 
0.176399996	  0.027 	  -80.33 	 
0.176599996	  0.026 	  -81.88 	 
0.176799996	  0.023 	  -83.11 	 
0.176999996	  0.022 	  -84.05 	 
0.177199996	  0.021 	  -84.76 	 
0.177399996	  0.020 	  -85.22 	 
0.177599996	  0.020 	  -85.49 	 
0.177799996	  0.018 	  -85.52 	 
0.177999996	  0.018 	  -85.30 	 
0.178199995	  0.018 	  -84.76 	 
0.178399995	  0.019 	  -83.94 	 
0.178599995	  0.019 	  -82.78 	 
0.178799995	  0.020 	  -81.39 	 
0.178999995	  0.020 	  -79.81 	 
0.179199995	  0.021 	  -78.06 	 
0.179399995	  0.022 	  -76.14 	 
0.179599995	  0.023 	  -74.19 	 
0.179799995	  0.025 	  -72.18 	 
0.179999995	  0.027 	  -70.03 	 
0.180199995	  0.028 	  -67.84 	 
0.180399995	  0.030 	  -65.51 	 
0.180599995	  0.033 	  -63.07 	 
0.180799995	  0.035 	  -60.49 	 
0.180999995	  0.037 	  -57.83 	 
0.181199995	  0.040 	  -55.10 	 
0.181399995	  0.042 	  -52.42 	 
0.181599995	  0.045 	  -49.82 	 
0.181799995	  0.048 	  -47.38 	 
0.181999995	  0.051 	  -45.07 	 
0.182199995	  0.054 	  -42.98 	 
0.182399995	  0.057 	  -41.18 	 
0.182599995	  0.060 	  -39.72 	 
0.182799995	  0.061 	  -38.65 	 
0.182999995	  0.063 	  -37.97 	 
0.183199995	  0.064 	  -37.73 	 
0.183399995	  0.065 	  -37.87 	 
0.183599995	  0.066 	  -38.41 	 
0.183799995	  0.065 	  -39.40 	 
0.183999995	  0.065 	  -40.67 	 
0.184199995	  0.064 	  -42.23 	 
0.184399995	  0.063 	  -43.95 	 
0.184599995	  0.061 	  -45.70 	 
0.184799995	  0.061 	  -47.48 	 
0.184999995	  0.059 	  -49.30 	 
0.185199995	  0.057 	  -51.16 	 
0.185399995	  0.056 	  -53.18 	 
0.185599995	  0.053 	  -55.38 	 
0.185799995	  0.052 	  -57.80 	 
0.185999995	  0.049 	  -60.45 	 
0.186199995	  0.046 	  -63.30 	 
0.186399995	  0.043 	  -66.28 	 
0.186599995	  0.040 	  -69.28 	 
0.186799995	  0.037 	  -72.18 	 
0.186999995	  0.035 	  -74.86 	 
0.187199995	  0.032 	  -77.26 	 
0.187399995	  0.029 	  -79.37 	 
0.187599995	  0.026 	  -81.15 	 
0.187799995	  0.024 	  -82.54 	 
0.187999995	  0.022 	  -83.62 	 
0.188199995	  0.021 	  -84.43 	 
0.188399995	  0.020 	  -85.01 	 
0.188599995	  0.020 	  -85.37 	 
0.188799995	  0.019 	  -85.51 	 
0.188999995	  0.018 	  -85.41 	 
0.189199995	  0.018 	  -85.04 	 
0.189399995	  0.018 	  -84.42 	 
0.189599995	  0.019 	  -83.45 	 
0.189799995	  0.019 	  -82.20 	 
0.189999995	  0.019 	  -80.77 	 
0.190199995	  0.021 	  -79.12 	 
0.190399995	  0.022 	  -77.30 	 
0.190599995	  0.024 	  -75.44 	 
0.190799995	  0.024 	  -73.40 	 
0.190999995	  0.025 	  -71.32 	 
0.191199995	  0.027 	  -69.12 	 
0.191399995	  0.029 	  -66.83 	 
0.191599995	  0.031 	  -64.43 	 
0.191799995	  0.033 	  -61.87 	 
0.191999995	  0.036 	  -59.27 	 
0.192199995	  0.038 	  -56.57 	 
0.192399995	  0.041 	  -53.89 	 
0.192599995	  0.043 	  -51.26 	 
0.192799995	  0.047 	  -48.72 	 
0.192999995	  0.050 	  -46.33 	 
0.193199995	  0.053 	  -44.13 	 
0.193399995	  0.055 	  -42.15 	 
0.193599995	  0.058 	  -40.48 	 
0.193799995	  0.060 	  -39.15 	 
0.193999995	  0.063 	  -38.27 	 
0.194199995	  0.064 	  -37.81 	 
0.194399995	  0.065 	  -37.74 	 
0.194599995	  0.066 	  -38.08 	 
0.194799995	  0.066 	  -38.79 	 
0.194999995	  0.065 	  -39.92 	 
0.195199995	  0.065 	  -41.34 	 
0.195399995	  0.064 	  -42.98 	 
0.195599995	  0.063 	  -44.69 	 
0.195799995	  0.061 	  -46.47 	 
0.195999995	  0.060 	  -48.26 	 
0.196199995	  0.057 	  -50.14 	 
0.196399995	  0.057 	  -52.10 	 
0.196599995	  0.054 	  -54.19 	 
0.196799995	  0.053 	  -56.53 	 
0.196999995	  0.050 	  -59.03 	 
0.197199995	  0.048 	  -61.77 	 
0.197399995	  0.045 	  -64.68 	 
0.197599995	  0.042 	  -67.66 	 
0.197799995	  0.038 	  -70.59 	 
0.197999995	  0.036 	  -73.37 	 
0.198199995	  0.033 	  -75.92 	 
0.198399995	  0.030 	  -78.18 	 
0.198599995	  0.028 	  -80.15 	 
0.198799995	  0.025 	  -81.74 	 
0.198999995	  0.024 	  -82.99 	 
0.199199995	  0.022 	  -83.93 	 
0.199399995	  0.021 	  -84.65 	 
0.199599995	  0.020 	  -85.15 	 
0.199799995	  0.019 	  -85.47 	 
0.199999995	  0.019 	  -85.55 	 
0.200199995	  0.018 	  -85.36 	 
0.200399995	  0.018 	  -84.86 	 
0.200599995	  0.019 	  -84.06 	 
0.200799995	  0.019 	  -82.91 	 
0.200999995	  0.019 	  -81.53 	 
0.201199995	  0.020 	  -79.99 	 
0.201399995	  0.021 	  -78.24 	 
0.201599995	  0.022 	  -76.39 	 
0.201799995	  0.024 	  -74.39 	 
0.201999995	  0.025 	  -72.42 	 
0.202199995	  0.027 	  -70.34 	 
0.202399995	  0.028 	  -68.17 	 
0.202599995	  0.030 	  -65.87 	 
0.202799995	  0.032 	  -63.40 	 
0.202999995	  0.035 	  -60.83 	 
0.203199995	  0.036 	  -58.14 	 
0.203399995	  0.040 	  -55.41 	 
0.203599995	  0.042 	  -52.67 	 
0.203799995	  0.045 	  -50.06 	 
0.203999995	  0.048 	  -47.57 	 
0.204199995	  0.051 	  -45.25 	 
0.204399995	  0.054 	  -43.15 	 
0.204599995	  0.057 	  -41.30 	 
