0.000000000	  0.114 	  -85.36 	 
0.000200000	  0.113 	  -84.89 	 
0.000400000	  0.113 	  -84.17 	 
0.000600000	  0.114 	  -83.20 	 
0.000800000	  0.114 	  -82.03 	 
0.001000000	  0.114 	  -80.77 	 
0.001200000	  0.115 	  -79.28 	 
0.001400000	  0.115 	  -77.59 	 
0.001600000	  0.116 	  -75.72 	 
0.001800000	  0.117 	  -73.54 	 
0.002000000	  0.119 	  -71.17 	 
0.002200000	  0.119 	  -68.70 	 
0.002400000	  0.120 	  -66.21 	 
0.002600000	  0.123 	  -63.61 	 
0.002800000	  0.123 	  -60.98 	 
0.003000000	  0.126 	  -58.26 	 
0.003200000	  0.127 	  -55.54 	 
0.003400000	  0.129 	  -52.89 	 
0.003600000	  0.130 	  -50.36 	 
0.003800000	  0.132 	  -47.94 	 
0.004000000	  0.133 	  -45.73 	 
0.004200000	  0.136 	  -43.69 	 
0.004400000	  0.137 	  -41.90 	 
0.004600000	  0.139 	  -40.36 	 
0.004800000	  0.139 	  -39.15 	 
0.005000000	  0.140 	  -38.30 	 
0.005200000	  0.142 	  -37.85 	 
0.005400000	  0.142 	  -37.70 	 
0.005600000	  0.143 	  -37.88 	 
0.005800000	  0.143 	  -38.36 	 
0.006000000	  0.143 	  -39.16 	 
0.006200000	  0.142 	  -40.25 	 
0.006400000	  0.142 	  -41.63 	 
0.006600000	  0.142 	  -43.14 	 
0.006800000	  0.140 	  -44.85 	 
0.007000000	  0.140 	  -46.70 	 
0.007200000	  0.139 	  -48.66 	 
0.007400000	  0.137 	  -50.81 	 
0.007600000	  0.136 	  -53.16 	 
0.007800000	  0.135 	  -55.70 	 
0.008000000	  0.134 	  -58.40 	 
0.008200000	  0.132 	  -61.22 	 
0.008400000	  0.130 	  -64.06 	 
0.008600000	  0.129 	  -66.90 	 
0.008800000	  0.127 	  -69.61 	 
0.009000000	  0.125 	  -72.20 	 
0.009200000	  0.123 	  -74.57 	 
0.009400000	  0.121 	  -76.73 	 
0.009600000	  0.120 	  -78.70 	 
0.009800000	  0.118 	  -80.45 	 
0.010000000	  0.117 	  -82.02 	 
0.010200000	  0.117 	  -83.30 	 
0.010400000	  0.115 	  -84.30 	 
0.010600000	  0.115 	  -85.02 	 
0.010800000	  0.114 	  -85.41 	 
0.011000000	  0.114 	  -85.51 	 
0.011200000	  0.113 	  -85.26 	 
0.011400000	  0.114 	  -84.69 	 
0.011600000	  0.113 	  -83.83 	 
0.011800000	  0.114 	  -82.71 	 
0.012000000	  0.114 	  -81.44 	 
0.012200000	  0.114 	  -80.00 	 
0.012400000	  0.115 	  -78.38 	 
0.012600000	  0.115 	  -76.53 	 
0.012800000	  0.117 	  -74.62 	 
0.013000000	  0.117 	  -72.48 	 
0.013200000	  0.118 	  -70.19 	 
0.013400000	  0.119 	  -67.76 	 
0.013600000	  0.121 	  -65.25 	 
0.013800000	  0.123 	  -62.57 	 
0.014000000	  0.124 	  -59.86 	 
0.014200000	  0.126 	  -57.06 	 
0.014400000	  0.128 	  -54.32 	 
0.014600000	  0.130 	  -51.71 	 
0.014800000	  0.131 	  -49.23 	 
0.015000000	  0.133 	  -46.91 	 
0.015200000	  0.134 	  -44.77 	 
0.015400000	  0.136 	  -42.85 	 
0.015600000	  0.138 	  -41.21 	 
0.015800000	  0.138 	  -39.85 	 
0.016000000	  0.140 	  -38.80 	 
0.016200000	  0.141 	  -38.13 	 
0.016400000	  0.141 	  -37.79 	 
0.016600000	  0.142 	  -37.80 	 
0.016800000	  0.142 	  -38.08 	 
0.017000000	  0.143 	  -38.67 	 
0.017200000	  0.143 	  -39.60 	 
0.017400000	  0.143 	  -40.81 	 
0.017600000	  0.141 	  -42.23 	 
0.017800000	  0.141 	  -43.83 	 
0.018000000	  0.141 	  -45.59 	 
0.018200000	  0.140 	  -47.53 	 
0.018400000	  0.138 	  -49.63 	 
0.018600000	  0.137 	  -51.97 	 
0.018800000	  0.136 	  -54.43 	 
0.019000000	  0.134 	  -57.05 	 
0.019200000	  0.133 	  -59.73 	 
0.019400000	  0.131 	  -62.51 	 
0.019600000	  0.129 	  -65.32 	 
0.019799999	  0.128 	  -68.07 	 
0.019999999	  0.126 	  -70.73 	 
0.020199999	  0.124 	  -73.24 	 
0.020399999	  0.122 	  -75.59 	 
0.020599999	  0.121 	  -77.70 	 
0.020799999	  0.120 	  -79.62 	 
0.020999999	  0.118 	  -81.27 	 
0.021199999	  0.117 	  -82.67 	 
0.021399999	  0.116 	  -83.79 	 
0.021599999	  0.115 	  -84.65 	 
0.021799999	  0.114 	  -85.21 	 
0.021999999	  0.113 	  -85.46 	 
0.022199999	  0.113 	  -85.39 	 
0.022399999	  0.113 	  -85.01 	 
0.022599999	  0.113 	  -84.32 	 
0.022799999	  0.114 	  -83.35 	 
0.022999999	  0.114 	  -82.18 	 
0.023199999	  0.114 	  -80.89 	 
0.023399999	  0.115 	  -79.47 	 
0.023599999	  0.115 	  -77.79 	 
0.023799999	  0.117 	  -75.89 	 
0.023999999	  0.117 	  -73.71 	 
0.024199999	  0.118 	  -71.42 	 
0.024399999	  0.120 	  -69.02 	 
0.024599999	  0.120 	  -66.58 	 
0.024799999	  0.121 	  -64.05 	 
0.024999999	  0.124 	  -61.39 	 
0.025199999	  0.124 	  -58.67 	 
0.025399999	  0.126 	  -55.92 	 
0.025599999	  0.128 	  -53.24 	 
0.025799999	  0.130 	  -50.64 	 
0.025999999	  0.132 	  -48.22 	 
0.026199999	  0.134 	  -45.96 	 
0.026399999	  0.136 	  -43.88 	 
0.026599999	  0.137 	  -42.06 	 
0.026799999	  0.138 	  -40.51 	 
0.026999999	  0.140 	  -39.26 	 
0.027199999	  0.141 	  -38.38 	 
0.027399999	  0.142 	  -37.86 	 
0.027599999	  0.143 	  -37.66 	 
0.027799999	  0.143 	  -37.80 	 
0.027999999	  0.143 	  -38.23 	 
0.028199999	  0.143 	  -39.02 	 
0.028399999	  0.143 	  -40.10 	 
0.028599999	  0.143 	  -41.43 	 
0.028799999	  0.142 	  -42.96 	 
0.028999999	  0.142 	  -44.63 	 
0.029199999	  0.140 	  -46.45 	 
0.029399999	  0.139 	  -48.40 	 
0.029599999	  0.139 	  -50.56 	 
0.029799999	  0.137 	  -52.89 	 
0.029999999	  0.135 	  -55.45 	 
0.030199999	  0.134 	  -58.14 	 
0.030399999	  0.132 	  -60.98 	 
0.030599999	  0.131 	  -63.83 	 
0.030799999	  0.129 	  -66.60 	 
0.030999999	  0.127 	  -69.33 	 
0.031199999	  0.125 	  -71.87 	 
0.031399999	  0.124 	  -74.26 	 
0.031599999	  0.123 	  -76.45 	 
0.031799999	  0.121 	  -78.48 	 
0.031999999	  0.119 	  -80.28 	 
0.032199999	  0.118 	  -81.86 	 
0.032399999	  0.116 	  -83.20 	 
0.032599999	  0.115 	  -84.25 	 
0.032799999	  0.114 	  -84.95 	 
0.032999999	  0.114 	  -85.39 	 
0.033199999	  0.113 	  -85.47 	 
0.033399999	  0.113 	  -85.26 	 
0.033599999	  0.113 	  -84.73 	 
0.033799999	  0.113 	  -83.92 	 
0.033999999	  0.114 	  -82.80 	 
0.034199999	  0.114 	  -81.58 	 
0.034399999	  0.114 	  -80.22 	 
0.034599999	  0.115 	  -78.63 	 
0.034799999	  0.115 	  -76.84 	 
0.034999999	  0.117 	  -74.78 	 
0.035199999	  0.117 	  -72.67 	 
0.035399999	  0.119 	  -70.44 	 
0.035599999	  0.119 	  -68.08 	 
0.035799999	  0.121 	  -65.56 	 
0.035999999	  0.122 	  -62.88 	 
0.036199999	  0.123 	  -60.08 	 
0.036399999	  0.125 	  -57.27 	 
0.036599999	  0.127 	  -54.53 	 
0.036799999	  0.129 	  -51.91 	 
0.036999999	  0.131 	  -49.43 	 
0.037199999	  0.132 	  -47.13 	 
0.037399999	  0.134 	  -45.00 	 
0.037599999	  0.136 	  -43.07 	 
0.037799999	  0.137 	  -41.39 	 
0.037999999	  0.139 	  -39.96 	 
0.038199999	  0.140 	  -38.82 	 
0.038399999	  0.141 	  -38.10 	 
0.038599999	  0.142 	  -37.73 	 
0.038799999	  0.143 	  -37.69 	 
0.038999999	  0.144 	  -37.92 	 
0.039199999	  0.143 	  -38.48 	 
0.039399999	  0.144 	  -39.39 	 
0.039599999	  0.143 	  -40.59 	 
0.039799999	  0.142 	  -42.01 	 
0.039999999	  0.142 	  -43.62 	 
0.040199999	  0.141 	  -45.35 	 
0.040399999	  0.139 	  -47.26 	 
0.040599999	  0.138 	  -49.30 	 
0.040799999	  0.138 	  -51.53 	 
0.040999999	  0.136 	  -53.97 	 
0.041199999	  0.135 	  -56.55 	 
0.041399999	  0.134 	  -59.30 	 
0.041599999	  0.132 	  -62.12 	 
0.041799999	  0.130 	  -64.97 	 
0.041999999	  0.128 	  -67.77 	 
0.042199999	  0.127 	  -70.46 	 
0.042399999	  0.124 	  -73.01 	 
0.042599999	  0.123 	  -75.31 	 
0.042799999	  0.121 	  -77.42 	 
0.042999999	  0.120 	  -79.32 	 
0.043199999	  0.118 	  -80.97 	 
0.043399999	  0.117 	  -82.41 	 
0.043599999	  0.116 	  -83.59 	 
0.043799999	  0.115 	  -84.51 	 
0.043999999	  0.114 	  -85.14 	 
0.044199999	  0.114 	  -85.44 	 
0.044399999	  0.113 	  -85.44 	 
0.044599999	  0.113 	  -85.11 	 
0.044799999	  0.113 	  -84.45 	 
0.044999999	  0.113 	  -83.50 	 
0.045199999	  0.114 	  -82.31 	 
0.045399999	  0.114 	  -81.01 	 
0.045599999	  0.114 	  -79.56 	 
0.045799999	  0.115 	  -77.89 	 
0.045999999	  0.116 	  -76.02 	 
0.046199999	  0.117 	  -73.91 	 
0.046399999	  0.118 	  -71.64 	 
0.046599999	  0.119 	  -69.27 	 
0.046799999	  0.120 	  -66.83 	 
0.046999999	  0.121 	  -64.29 	 
0.047199999	  0.123 	  -61.60 	 
0.047399999	  0.124 	  -58.86 	 
0.047599999	  0.126 	  -56.07 	 
0.047799999	  0.128 	  -53.37 	 
0.047999999	  0.129 	  -50.75 	 
0.048199999	  0.131 	  -48.31 	 
0.048399999	  0.134 	  -46.04 	 
0.048599999	  0.135 	  -44.01 	 
0.048799999	  0.137 	  -42.19 	 
0.048999999	  0.138 	  -40.64 	 
0.049199999	  0.140 	  -39.37 	 
0.049399999	  0.141 	  -38.45 	 
0.049599999	  0.141 	  -37.88 	 
0.049799999	  0.143 	  -37.63 	 
0.049999999	  0.143 	  -37.70 	 
0.050199999	  0.143 	  -38.10 	 
0.050399999	  0.144 	  -38.81 	 
0.050599999	  0.143 	  -39.86 	 
0.050799999	  0.143 	  -41.19 	 
0.050999999	  0.142 	  -42.71 	 
0.051199999	  0.141 	  -44.41 	 
0.051399999	  0.140 	  -46.21 	 
0.051599999	  0.139 	  -48.20 	 
0.051799999	  0.138 	  -50.32 	 
0.051999999	  0.137 	  -52.63 	 
0.052199999	  0.136 	  -55.10 	 
0.052399999	  0.134 	  -57.76 	 
0.052599999	  0.132 	  -60.55 	 
0.052799999	  0.130 	  -63.39 	 
0.052999999	  0.129 	  -66.24 	 
0.053199999	  0.127 	  -69.00 	 
0.053399999	  0.126 	  -71.61 	 
0.053599999	  0.123 	  -74.04 	 
0.053799999	  0.122 	  -76.26 	 
0.053999999	  0.121 	  -78.28 	 
0.054199999	  0.119 	  -80.07 	 
0.054399999	  0.118 	  -81.69 	 
0.054599999	  0.117 	  -83.04 	 
0.054799999	  0.115 	  -84.10 	 
0.054999999	  0.115 	  -84.88 	 
0.055199999	  0.114 	  -85.32 	 
0.055399999	  0.114 	  -85.47 	 
0.055599999	  0.114 	  -85.27 	 
0.055799999	  0.113 	  -84.78 	 
0.055999999	  0.113 	  -83.99 	 
0.056199999	  0.114 	  -82.94 	 
0.056399999	  0.114 	  -81.71 	 
0.056599999	  0.115 	  -80.42 	 
0.056799999	  0.115 	  -78.92 	 
0.056999999	  0.115 	  -77.18 	 
0.057199999	  0.116 	  -75.24 	 
0.057399999	  0.117 	  -73.03 	 
0.057599999	  0.119 	  -70.66 	 
0.057799999	  0.119 	  -68.19 	 
0.057999999	  0.121 	  -65.67 	 
0.058199999	  0.122 	  -63.05 	 
0.058399999	  0.123 	  -60.39 	 
0.058599999	  0.125 	  -57.67 	 
0.058799999	  0.127 	  -54.97 	 
0.058999999	  0.129 	  -52.30 	 
0.059199999	  0.131 	  -49.76 	 
0.059399998	  0.132 	  -47.39 	 
0.059599998	  0.134 	  -45.14 	 
0.059799998	  0.136 	  -43.16 	 
0.059999998	  0.137 	  -41.43 	 
0.060199998	  0.139 	  -39.99 	 
0.060399998	  0.140 	  -38.87 	 
0.060599998	  0.140 	  -38.14 	 
0.060799998	  0.142 	  -37.73 	 
0.060999998	  0.142 	  -37.64 	 
0.061199998	  0.143 	  -37.85 	 
0.061399998	  0.142 	  -38.40 	 
0.061599998	  0.143 	  -39.26 	 
0.061799998	  0.143 	  -40.47 	 
0.061999998	  0.142 	  -41.89 	 
0.062199998	  0.142 	  -43.48 	 
0.062399998	  0.141 	  -45.20 	 
0.062599998	  0.139 	  -47.06 	 
0.062799998	  0.139 	  -49.10 	 
0.062999998	  0.137 	  -51.31 	 
0.063199998	  0.136 	  -53.71 	 
0.063399998	  0.135 	  -56.28 	 
0.063599998	  0.134 	  -59.01 	 
0.063799998	  0.132 	  -61.82 	 
0.063999998	  0.130 	  -64.68 	 
0.064199998	  0.128 	  -67.51 	 
0.064399998	  0.126 	  -70.20 	 
0.064599998	  0.124 	  -72.73 	 
0.064799998	  0.123 	  -75.06 	 
0.064999998	  0.121 	  -77.20 	 
0.065199998	  0.120 	  -79.12 	 
0.065399998	  0.119 	  -80.87 	 
0.065599998	  0.117 	  -82.34 	 
0.065799998	  0.116 	  -83.54 	 
0.065999998	  0.114 	  -84.49 	 
0.066199998	  0.114 	  -85.13 	 
0.066399998	  0.114 	  -85.46 	 
0.066599998	  0.113 	  -85.47 	 
0.066799998	  0.113 	  -85.11 	 
0.066999998	  0.113 	  -84.47 	 
0.067199998	  0.113 	  -83.57 	 
0.067399998	  0.114 	  -82.41 	 
0.067599998	  0.114 	  -81.14 	 
0.067799998	  0.115 	  -79.74 	 
0.067999998	  0.115 	  -78.12 	 
0.068199998	  0.115 	  -76.25 	 
0.068399998	  0.117 	  -74.14 	 
0.068599998	  0.118 	  -71.92 	 
0.068799998	  0.119 	  -69.60 	 
0.068999998	  0.120 	  -67.19 	 
0.069199998	  0.121 	  -64.62 	 
0.069399998	  0.123 	  -61.95 	 
0.069599998	  0.124 	  -59.17 	 
0.069799998	  0.126 	  -56.38 	 
0.069999998	  0.128 	  -53.67 	 
0.070199998	  0.129 	  -51.09 	 
0.070399998	  0.131 	  -48.64 	 
0.070599998	  0.133 	  -46.38 	 
0.070799998	  0.135 	  -44.30 	 
0.070999998	  0.137 	  -42.44 	 
0.071199998	  0.138 	  -40.82 	 
0.071399998	  0.139 	  -39.50 	 
0.071599998	  0.141 	  -38.51 	 
0.071799998	  0.142 	  -37.90 	 
0.071999998	  0.143 	  -37.64 	 
0.072199998	  0.143 	  -37.70 	 
0.072399998	  0.143 	  -38.06 	 
0.072599998	  0.143 	  -38.76 	 
0.072799998	  0.143 	  -39.81 	 
0.072999998	  0.142 	  -41.12 	 
0.073199998	  0.141 	  -42.61 	 
0.073399998	  0.141 	  -44.26 	 
0.073599998	  0.140 	  -46.04 	 
0.073799998	  0.139 	  -47.95 	 
0.073999998	  0.138 	  -50.06 	 
0.074199998	  0.137 	  -52.32 	 
0.074399998	  0.135 	  -54.80 	 
0.074599998	  0.134 	  -57.47 	 
0.074799998	  0.133 	  -60.28 	 
0.074999998	  0.131 	  -63.13 	 
0.075199998	  0.129 	  -66.00 	 
0.075399998	  0.127 	  -68.78 	 
0.075599998	  0.126 	  -71.37 	 
0.075799998	  0.124 	  -73.81 	 
0.075999998	  0.122 	  -76.03 	 
0.076199998	  0.121 	  -78.05 	 
0.076399998	  0.119 	  -79.91 	 
0.076599998	  0.118 	  -81.52 	 
0.076799998	  0.117 	  -82.89 	 
0.076999998	  0.116 	  -84.03 	 
0.077199998	  0.114 	  -84.87 	 
0.077399998	  0.114 	  -85.39 	 
0.077599998	  0.114 	  -85.58 	 
0.077799998	  0.113 	  -85.46 	 
0.077999998	  0.113 	  -84.96 	 
0.078199998	  0.113 	  -84.17 	 
0.078399998	  0.113 	  -83.13 	 
0.078599998	  0.113 	  -81.90 	 
0.078799998	  0.114 	  -80.59 	 
0.078999998	  0.115 	  -79.10 	 
0.079199998	  0.115 	  -77.40 	 
0.079399998	  0.116 	  -75.49 	 
0.079599998	  0.117 	  -73.28 	 
0.079799998	  0.118 	  -70.93 	 
0.079999998	  0.119 	  -68.47 	 
0.080199998	  0.121 	  -65.98 	 
0.080399998	  0.122 	  -63.39 	 
0.080599998	  0.124 	  -60.70 	 
0.080799998	  0.125 	  -57.97 	 
0.080999998	  0.127 	  -55.25 	 
0.081199998	  0.129 	  -52.61 	 
0.081399998	  0.130 	  -50.07 	 
0.081599998	  0.132 	  -47.70 	 
0.081799998	  0.134 	  -45.46 	 
0.081999998	  0.136 	  -43.43 	 
0.082199998	  0.137 	  -41.68 	 
0.082399998	  0.139 	  -40.19 	 
0.082599998	  0.139 	  -39.04 	 
0.082799998	  0.141 	  -38.23 	 
0.082999998	  0.142 	  -37.79 	 
0.083199998	  0.142 	  -37.64 	 
0.083399998	  0.142 	  -37.84 	 
0.083599998	  0.143 	  -38.34 	 
0.083799998	  0.143 	  -39.18 	 
0.083999998	  0.142 	  -40.33 	 
0.084199998	  0.142 	  -41.74 	 
0.084399998	  0.142 	  -43.31 	 
0.084599998	  0.141 	  -45.05 	 
0.084799998	  0.140 	  -46.91 	 
0.084999998	  0.139 	  -48.93 	 
0.085199998	  0.137 	  -51.13 	 
0.085399998	  0.136 	  -53.51 	 
0.085599998	  0.135 	  -56.07 	 
0.085799998	  0.133 	  -58.77 	 
0.085999998	  0.133 	  -61.58 	 
0.086199998	  0.131 	  -64.41 	 
0.086399998	  0.128 	  -67.22 	 
0.086599998	  0.127 	  -69.90 	 
0.086799998	  0.125 	  -72.45 	 
0.086999998	  0.123 	  -74.84 	 
0.087199998	  0.121 	  -77.00 	 
0.087399998	  0.120 	  -78.95 	 
0.087599998	  0.118 	  -80.68 	 
0.087799998	  0.117 	  -82.18 	 
0.087999998	  0.116 	  -83.44 	 
0.088199998	  0.115 	  -84.41 	 
0.088399998	  0.114 	  -85.11 	 
0.088599998	  0.114 	  -85.47 	 
0.088799998	  0.113 	  -85.50 	 
0.088999998	  0.114 	  -85.19 	 
0.089199998	  0.113 	  -84.59 	 
0.089399998	  0.113 	  -83.70 	 
0.089599998	  0.114 	  -82.60 	 
0.089799998	  0.114 	  -81.36 	 
0.089999998	  0.115 	  -79.98 	 
0.090199998	  0.116 	  -78.40 	 
0.090399998	  0.116 	  -76.55 	 
0.090599998	  0.117 	  -74.42 	 
0.090799998	  0.118 	  -72.24 	 
0.090999998	  0.119 	  -69.92 	 
0.091199998	  0.120 	  -67.51 	 
0.091399998	  0.121 	  -64.97 	 
0.091599998	  0.122 	  -62.32 	 
0.091799998	  0.124 	  -59.55 	 
0.091999998	  0.125 	  -56.77 	 
0.092199998	  0.128 	  -54.06 	 
0.092399998	  0.129 	  -51.43 	 
0.092599998	  0.132 	  -48.95 	 
0.092799998	  0.133 	  -46.64 	 
0.092999998	  0.135 	  -44.52 	 
0.093199998	  0.136 	  -42.63 	 
0.093399998	  0.138 	  -40.99 	 
0.093599998	  0.138 	  -39.66 	 
0.093799998	  0.140 	  -38.67 	 
0.093999998	  0.141 	  -38.04 	 
0.094199998	  0.142 	  -37.71 	 
0.094399998	  0.143 	  -37.73 	 
0.094599998	  0.143 	  -38.02 	 
0.094799998	  0.143 	  -38.70 	 
0.094999998	  0.143 	  -39.70 	 
0.095199998	  0.142 	  -40.98 	 
0.095399998	  0.142 	  -42.46 	 
0.095599998	  0.141 	  -44.08 	 
0.095799998	  0.140 	  -45.84 	 
0.095999998	  0.139 	  -47.78 	 
0.096199998	  0.138 	  -49.83 	 
0.096399998	  0.137 	  -52.13 	 
0.096599998	  0.135 	  -54.59 	 
0.096799998	  0.134 	  -57.27 	 
0.096999998	  0.133 	  -60.06 	 
0.097199998	  0.131 	  -62.91 	 
0.097399998	  0.129 	  -65.73 	 
0.097599998	  0.127 	  -68.49 	 
0.097799998	  0.126 	  -71.08 	 
0.097999998	  0.124 	  -73.53 	 
0.098199998	  0.123 	  -75.78 	 
0.098399998	  0.121 	  -77.88 	 
0.098599998	  0.119 	  -79.77 	 
0.098799998	  0.117 	  -81.42 	 
0.098999997	  0.116 	  -82.85 	 
0.099199997	  0.116 	  -84.00 	 
0.099399997	  0.115 	  -84.82 	 
0.099599997	  0.114 	  -85.37 	 
0.099799997	  0.114 	  -85.55 	 
0.099999997	  0.113 	  -85.41 	 
0.100199997	  0.113 	  -84.98 	 
0.100399997	  0.113 	  -84.26 	 
0.100599997	  0.114 	  -83.27 	 
0.100799997	  0.114 	  -82.06 	 
0.100999997	  0.114 	  -80.79 	 
0.101199997	  0.115 	  -79.34 	 
0.101399997	  0.115 	  -77.65 	 
0.101599997	  0.116 	  -75.69 	 
0.101799997	  0.117 	  -73.47 	 
0.101999997	  0.118 	  -71.16 	 
0.102199997	  0.120 	  -68.80 	 
0.102399997	  0.120 	  -66.33 	 
0.102599997	  0.122 	  -63.76 	 
0.102799997	  0.123 	  -61.11 	 
0.102999997	  0.125 	  -58.37 	 
0.103199997	  0.126 	  -55.60 	 
0.103399997	  0.128 	  -52.91 	 
0.103599997	  0.130 	  -50.36 	 
0.103799997	  0.132 	  -47.94 	 
0.103999997	  0.134 	  -45.73 	 
0.104199997	  0.135 	  -43.71 	 
0.104399997	  0.137 	  -41.93 	 
0.104599997	  0.138 	  -40.41 	 
0.104799997	  0.140 	  -39.20 	 
0.104999997	  0.141 	  -38.36 	 
0.105199997	  0.142 	  -37.88 	 
0.105399997	  0.142 	  -37.70 	 
0.105599997	  0.143 	  -37.86 	 
0.105799997	  0.143 	  -38.34 	 
0.105999997	  0.143 	  -39.15 	 
0.106199997	  0.142 	  -40.26 	 
0.106399997	  0.142 	  -41.62 	 
0.106599997	  0.141 	  -43.20 	 
0.106799997	  0.140 	  -44.89 	 
0.106999997	  0.140 	  -46.74 	 
0.107199997	  0.139 	  -48.72 	 
0.107399997	  0.138 	  -50.87 	 
0.107599997	  0.136 	  -53.20 	 
0.107799997	  0.135 	  -55.74 	 
0.107999997	  0.134 	  -58.44 	 
0.108199997	  0.132 	  -61.24 	 
0.108399997	  0.131 	  -64.12 	 
0.108599997	  0.129 	  -66.97 	 
0.108799997	  0.127 	  -69.70 	 
0.108999997	  0.125 	  -72.28 	 
0.109199997	  0.123 	  -74.65 	 
0.109399997	  0.121 	  -76.82 	 
0.109599997	  0.120 	  -78.78 	 
0.109799997	  0.118 	  -80.54 	 
0.109999997	  0.117 	  -82.06 	 
0.110199997	  0.116 	  -83.36 	 
0.110399997	  0.115 	  -84.38 	 
0.110599997	  0.115 	  -85.07 	 
0.110799997	  0.114 	  -85.48 	 
0.110999997	  0.114 	  -85.57 	 
0.111199997	  0.113 	  -85.30 	 
0.111399997	  0.114 	  -84.73 	 
0.111599997	  0.113 	  -83.88 	 
0.111799997	  0.114 	  -82.76 	 
0.111999997	  0.115 	  -81.51 	 
0.112199997	  0.114 	  -80.12 	 
0.112399997	  0.115 	  -78.53 	 
0.112599997	  0.116 	  -76.72 	 
0.112799997	  0.117 	  -74.68 	 
0.112999997	  0.117 	  -72.54 	 
0.113199997	  0.119 	  -70.25 	 
0.113399997	  0.120 	  -67.90 	 
0.113599997	  0.121 	  -65.35 	 
0.113799997	  0.123 	  -62.65 	 
0.113999997	  0.124 	  -59.88 	 
0.114199997	  0.125 	  -57.07 	 
0.114399997	  0.127 	  -54.33 	 
0.114599997	  0.129 	  -51.69 	 
0.114799997	  0.131 	  -49.19 	 
0.114999997	  0.133 	  -46.89 	 
0.115199997	  0.135 	  -44.78 	 
0.115399997	  0.136 	  -42.90 	 
0.115599997	  0.137 	  -41.27 	 
0.115799997	  0.139 	  -39.87 	 
0.115999997	  0.140 	  -38.82 	 
0.116199997	  0.142 	  -38.12 	 
0.116399997	  0.142 	  -37.73 	 
0.116599997	  0.143 	  -37.68 	 
0.116799997	  0.143 	  -37.99 	 
0.116999997	  0.143 	  -38.64 	 
0.117199997	  0.142 	  -39.63 	 
0.117399997	  0.142 	  -40.93 	 
0.117599997	  0.142 	  -42.37 	 
0.117799997	  0.142 	  -43.96 	 
0.117999997	  0.141 	  -45.68 	 
0.118199997	  0.139 	  -47.57 	 
0.118399997	  0.139 	  -49.64 	 
0.118599997	  0.137 	  -51.91 	 
0.118799997	  0.136 	  -54.34 	 
0.118999997	  0.135 	  -56.97 	 
0.119199997	  0.133 	  -59.73 	 
0.119399997	  0.131 	  -62.54 	 
0.119599997	  0.130 	  -65.38 	 
0.119799997	  0.127 	  -68.15 	 
0.119999997	  0.126 	  -70.82 	 
0.120199997	  0.124 	  -73.33 	 
0.120399997	  0.122 	  -75.62 	 
0.120599997	  0.121 	  -77.71 	 
0.120799997	  0.119 	  -79.60 	 
0.120999997	  0.118 	  -81.28 	 
0.121199997	  0.117 	  -82.69 	 
0.121399997	  0.115 	  -83.87 	 
0.121599997	  0.115 	  -84.73 	 
0.121799997	  0.114 	  -85.30 	 
0.121999997	  0.114 	  -85.55 	 
0.122199997	  0.113 	  -85.48 	 
0.122399997	  0.113 	  -85.08 	 
0.122599997	  0.113 	  -84.36 	 
0.122799997	  0.113 	  -83.40 	 
0.122999997	  0.114 	  -82.24 	 
0.123199997	  0.114 	  -80.96 	 
0.123399997	  0.115 	  -79.53 	 
0.123599997	  0.116 	  -77.85 	 
0.123799997	  0.116 	  -75.91 	 
0.123999997	  0.117 	  -73.75 	 
0.124199997	  0.118 	  -71.50 	 
0.124399997	  0.120 	  -69.15 	 
0.124599997	  0.120 	  -66.69 	 
0.124799997	  0.122 	  -64.14 	 
0.124999997	  0.123 	  -61.46 	 
0.125199997	  0.125 	  -58.70 	 
0.125399997	  0.126 	  -55.93 	 
0.125599997	  0.128 	  -53.21 	 
0.125799997	  0.130 	  -50.63 	 
0.125999997	  0.132 	  -48.17 	 
0.126199997	  0.134 	  -45.92 	 
0.126399997	  0.135 	  -43.86 	 
0.126599997	  0.137 	  -42.07 	 
0.126799997	  0.138 	  -40.53 	 
0.126999997	  0.139 	  -39.28 	 
0.127199997	  0.141 	  -38.41 	 
0.127399997	  0.141 	  -37.88 	 
0.127599997	  0.142 	  -37.69 	 
0.127799997	  0.143 	  -37.78 	 
0.127999997	  0.143 	  -38.22 	 
0.128199997	  0.143 	  -39.02 	 
0.128399997	  0.143 	  -40.12 	 
0.128599997	  0.142 	  -41.46 	 
0.128799997	  0.142 	  -43.01 	 
0.128999997	  0.141 	  -44.70 	 
0.129199997	  0.140 	  -46.51 	 
0.129399997	  0.139 	  -48.47 	 
0.129599997	  0.138 	  -50.61 	 
0.129799997	  0.137 	  -52.94 	 
0.129999997	  0.135 	  -55.46 	 
0.130199997	  0.134 	  -58.17 	 
0.130399997	  0.133 	  -60.99 	 
0.130599997	  0.131 	  -63.86 	 
0.130799997	  0.128 	  -66.66 	 
0.130999997	  0.127 	  -69.38 	 
0.131199997	  0.125 	  -71.91 	 
0.131399997	  0.123 	  -74.30 	 
0.131599997	  0.122 	  -76.53 	 
0.131799997	  0.120 	  -78.55 	 
0.131999997	  0.119 	  -80.38 	 
0.132199997	  0.117 	  -81.96 	 
0.132399997	  0.116 	  -83.30 	 
0.132599997	  0.115 	  -84.34 	 
0.132799997	  0.114 	  -85.08 	 
0.132999997	  0.114 	  -85.49 	 
0.133199997	  0.114 	  -85.58 	 
0.133399997	  0.113 	  -85.34 	 
0.133599997	  0.113 	  -84.79 	 
0.133799997	  0.113 	  -83.98 	 
0.133999997	  0.114 	  -82.90 	 
0.134199997	  0.114 	  -81.69 	 
0.134399997	  0.114 	  -80.33 	 
0.134599997	  0.116 	  -78.74 	 
0.134799997	  0.115 	  -76.92 	 
0.134999997	  0.117 	  -74.85 	 
0.135199997	  0.117 	  -72.74 	 
0.135399997	  0.119 	  -70.51 	 
0.135599997	  0.120 	  -68.17 	 
0.135799997	  0.121 	  -65.66 	 
0.135999997	  0.122 	  -62.99 	 
0.136199997	  0.124 	  -60.23 	 
0.136399997	  0.126 	  -57.41 	 
0.136599997	  0.127 	  -54.64 	 
0.136799997	  0.129 	  -51.99 	 
0.136999997	  0.131 	  -49.52 	 
0.137199997	  0.133 	  -47.16 	 
0.137399997	  0.134 	  -45.05 	 
0.137599997	  0.136 	  -43.12 	 
0.137799997	  0.137 	  -41.45 	 
0.137999997	  0.138 	  -40.03 	 
0.138199997	  0.139 	  -38.93 	 
0.138399997	  0.141 	  -38.17 	 
0.138599996	  0.142 	  -37.78 	 
0.138799996	  0.142 	  -37.68 	 
0.138999996	  0.142 	  -37.90 	 
0.139199996	  0.143 	  -38.51 	 
0.139399996	  0.143 	  -39.44 	 
0.139599996	  0.143 	  -40.68 	 
0.139799996	  0.142 	  -42.16 	 
0.139999996	  0.141 	  -43.77 	 
0.140199996	  0.141 	  -45.53 	 
0.140399996	  0.140 	  -47.38 	 
0.140599996	  0.139 	  -49.38 	 
0.140799996	  0.138 	  -51.58 	 
0.140999996	  0.136 	  -54.00 	 
0.141199996	  0.135 	  -56.58 	 
0.141399996	  0.134 	  -59.33 	 
0.141599996	  0.132 	  -62.15 	 
0.141799996	  0.130 	  -65.01 	 
0.141999996	  0.128 	  -67.83 	 
0.142199996	  0.126 	  -70.55 	 
0.142399996	  0.124 	  -73.10 	 
0.142599996	  0.123 	  -75.42 	 
0.142799996	  0.121 	  -77.53 	 
0.142999996	  0.120 	  -79.43 	 
0.143199996	  0.118 	  -81.07 	 
0.143399996	  0.117 	  -82.50 	 
0.143599996	  0.116 	  -83.67 	 
0.143799996	  0.115 	  -84.60 	 
0.143999996	  0.115 	  -85.22 	 
0.144199996	  0.113 	  -85.55 	 
0.144399996	  0.113 	  -85.54 	 
0.144599996	  0.114 	  -85.19 	 
0.144799996	  0.113 	  -84.52 	 
0.144999996	  0.113 	  -83.55 	 
0.145199996	  0.114 	  -82.37 	 
0.145399996	  0.115 	  -81.04 	 
0.145599996	  0.115 	  -79.53 	 
0.145799996	  0.116 	  -77.87 	 
0.145999996	  0.116 	  -76.01 	 
0.146199996	  0.117 	  -73.94 	 
0.146399996	  0.118 	  -71.74 	 
0.146599996	  0.119 	  -69.44 	 
0.146799996	  0.120 	  -67.03 	 
0.146999996	  0.121 	  -64.42 	 
0.147199996	  0.123 	  -61.68 	 
0.147399996	  0.125 	  -58.87 	 
0.147599996	  0.127 	  -56.07 	 
0.147799996	  0.128 	  -53.35 	 
0.147999996	  0.130 	  -50.77 	 
0.148199996	  0.132 	  -48.36 	 
0.148399996	  0.134 	  -46.12 	 
0.148599996	  0.135 	  -44.10 	 
0.148799996	  0.137 	  -42.30 	 
0.148999996	  0.138 	  -40.75 	 
0.149199996	  0.140 	  -39.48 	 
0.149399996	  0.140 	  -38.52 	 
0.149599996	  0.142 	  -37.92 	 
0.149799996	  0.143 	  -37.64 	 
0.149999996	  0.143 	  -37.69 	 
0.150199996	  0.143 	  -38.10 	 
0.150399996	  0.143 	  -38.87 	 
0.150599996	  0.143 	  -39.96 	 
0.150799996	  0.142 	  -41.29 	 
0.150999996	  0.142 	  -42.83 	 
0.151199996	  0.141 	  -44.49 	 
0.151399996	  0.139 	  -46.27 	 
0.151599996	  0.139 	  -48.22 	 
0.151799996	  0.138 	  -50.35 	 
0.151999996	  0.136 	  -52.64 	 
0.152199996	  0.135 	  -55.16 	 
0.152399996	  0.135 	  -57.83 	 
0.152599996	  0.132 	  -60.63 	 
0.152799996	  0.131 	  -63.48 	 
0.152999996	  0.129 	  -66.32 	 
0.153199996	  0.128 	  -69.05 	 
0.153399996	  0.126 	  -71.65 	 
0.153599996	  0.124 	  -74.06 	 
0.153799996	  0.122 	  -76.30 	 
0.153999996	  0.121 	  -78.31 	 
0.154199996	  0.119 	  -80.13 	 
0.154399996	  0.118 	  -81.70 	 
0.154599996	  0.116 	  -83.05 	 
0.154799996	  0.116 	  -84.12 	 
0.154999996	  0.115 	  -84.89 	 
0.155199996	  0.114 	  -85.39 	 
0.155399996	  0.113 	  -85.52 	 
0.155599996	  0.113 	  -85.33 	 
0.155799996	  0.113 	  -84.83 	 
0.155999996	  0.114 	  -84.02 	 
0.156199996	  0.114 	  -82.98 	 
0.156399996	  0.114 	  -81.75 	 
0.156599996	  0.114 	  -80.48 	 
0.156799996	  0.114 	  -78.96 	 
0.156999996	  0.116 	  -77.22 	 
0.157199996	  0.116 	  -75.31 	 
0.157399996	  0.117 	  -73.12 	 
0.157599996	  0.119 	  -70.71 	 
0.157799996	  0.120 	  -68.22 	 
0.157999996	  0.121 	  -65.68 	 
0.158199996	  0.123 	  -63.05 	 
0.158399996	  0.124 	  -60.39 	 
0.158599996	  0.126 	  -57.68 	 
0.158799996	  0.127 	  -54.98 	 
0.158999996	  0.129 	  -52.35 	 
0.159199996	  0.131 	  -49.81 	 
0.159399996	  0.132 	  -47.43 	 
0.159599996	  0.134 	  -45.22 	 
0.159799996	  0.135 	  -43.23 	 
0.159999996	  0.137 	  -41.49 	 
0.160199996	  0.138 	  -40.04 	 
0.160399996	  0.140 	  -38.91 	 
0.160599996	  0.141 	  -38.17 	 
0.160799996	  0.142 	  -37.79 	 
0.160999996	  0.142 	  -37.72 	 
0.161199996	  0.143 	  -37.96 	 
0.161399996	  0.143 	  -38.52 	 
0.161599996	  0.143 	  -39.41 	 
0.161799996	  0.143 	  -40.55 	 
0.161999996	  0.142 	  -41.93 	 
0.162199996	  0.141 	  -43.47 	 
0.162399996	  0.140 	  -45.19 	 
0.162599996	  0.139 	  -47.08 	 
0.162799996	  0.138 	  -49.12 	 
0.162999996	  0.137 	  -51.33 	 
0.163199996	  0.137 	  -53.77 	 
0.163399996	  0.135 	  -56.37 	 
0.163599996	  0.134 	  -59.12 	 
0.163799996	  0.132 	  -61.90 	 
0.163999996	  0.130 	  -64.74 	 
0.164199996	  0.128 	  -67.50 	 
0.164399996	  0.126 	  -70.18 	 
0.164599996	  0.124 	  -72.67 	 
0.164799996	  0.123 	  -75.03 	 
0.164999996	  0.122 	  -77.19 	 
0.165199996	  0.120 	  -79.15 	 
0.165399996	  0.119 	  -80.89 	 
0.165599996	  0.118 	  -82.41 	 
0.165799996	  0.116 	  -83.63 	 
0.165999996	  0.115 	  -84.52 	 
0.166199996	  0.114 	  -85.12 	 
0.166399996	  0.113 	  -85.41 	 
0.166599996	  0.113 	  -85.40 	 
0.166799996	  0.113 	  -85.05 	 
0.166999996	  0.113 	  -84.46 	 
0.167199996	  0.113 	  -83.55 	 
0.167399996	  0.114 	  -82.43 	 
0.167599996	  0.114 	  -81.18 	 
0.167799996	  0.115 	  -79.78 	 
0.167999996	  0.115 	  -78.13 	 
0.168199996	  0.116 	  -76.25 	 
0.168399996	  0.116 	  -74.13 	 
0.168599996	  0.117 	  -71.92 	 
0.168799996	  0.119 	  -69.60 	 
0.168999996	  0.120 	  -67.22 	 
0.169199996	  0.121 	  -64.68 	 
0.169399996	  0.122 	  -62.01 	 
0.169599996	  0.124 	  -59.25 	 
0.169799996	  0.126 	  -56.47 	 
0.169999996	  0.128 	  -53.75 	 
0.170199996	  0.129 	  -51.14 	 
0.170399996	  0.131 	  -48.71 	 
0.170599996	  0.133 	  -46.42 	 
0.170799996	  0.135 	  -44.34 	 
0.170999996	  0.136 	  -42.50 	 
0.171199996	  0.139 	  -40.90 	 
0.171399996	  0.139 	  -39.59 	 
0.171599996	  0.141 	  -38.60 	 
0.171799996	  0.141 	  -38.00 	 
0.171999996	  0.142 	  -37.72 	 
0.172199996	  0.143 	  -37.79 	 
0.172399996	  0.143 	  -38.16 	 
0.172599996	  0.142 	  -38.84 	 
0.172799996	  0.142 	  -39.84 	 
0.172999996	  0.142 	  -41.11 	 
0.173199996	  0.142 	  -42.61 	 
0.173399996	  0.141 	  -44.28 	 
0.173599996	  0.140 	  -46.06 	 
0.173799996	  0.139 	  -48.01 	 
0.173999996	  0.138 	  -50.13 	 
0.174199996	  0.138 	  -52.37 	 
0.174399996	  0.136 	  -54.84 	 
0.174599996	  0.134 	  -57.44 	 
0.174799996	  0.133 	  -60.22 	 
0.174999996	  0.130 	  -63.06 	 
0.175199996	  0.129 	  -65.93 	 
0.175399996	  0.128 	  -68.73 	 
0.175599996	  0.125 	  -71.40 	 
0.175799996	  0.124 	  -73.87 	 
0.175999996	  0.122 	  -76.13 	 
0.176199996	  0.121 	  -78.16 	 
0.176399996	  0.119 	  -79.96 	 
0.176599996	  0.117 	  -81.55 	 
0.176799996	  0.116 	  -82.87 	 
0.176999996	  0.116 	  -83.97 	 
0.177199996	  0.114 	  -84.80 	 
0.177399996	  0.114 	  -85.32 	 
0.177599996	  0.114 	  -85.54 	 
0.177799996	  0.113 	  -85.44 	 
0.177999996	  0.113 	  -84.97 	 
0.178199995	  0.113 	  -84.22 	 
0.178399995	  0.114 	  -83.13 	 
0.178599995	  0.114 	  -81.91 	 
0.178799995	  0.114 	  -80.60 	 
0.178999995	  0.115 	  -79.12 	 
0.179199995	  0.116 	  -77.37 	 
0.179399995	  0.117 	  -75.44 	 
0.179599995	  0.118 	  -73.22 	 
0.179799995	  0.119 	  -70.86 	 
0.179999995	  0.119 	  -68.42 	 
0.180199995	  0.120 	  -65.96 	 
0.180399995	  0.122 	  -63.39 	 
0.180599995	  0.123 	  -60.74 	 
0.180799995	  0.125 	  -58.02 	 
0.180999995	  0.127 	  -55.28 	 
0.181199995	  0.129 	  -52.61 	 
0.181399995	  0.131 	  -50.05 	 
0.181599995	  0.132 	  -47.64 	 
0.181799995	  0.134 	  -45.44 	 
0.181999995	  0.136 	  -43.44 	 
0.182199995	  0.137 	  -41.71 	 
0.182399995	  0.139 	  -40.25 	 
0.182599995	  0.139 	  -39.09 	 
0.182799995	  0.141 	  -38.30 	 
0.182999995	  0.142 	  -37.87 	 
0.183199995	  0.143 	  -37.75 	 
0.183399995	  0.143 	  -37.92 	 
0.183599995	  0.143 	  -38.36 	 
0.183799995	  0.143 	  -39.17 	 
0.183999995	  0.142 	  -40.29 	 
0.184199995	  0.142 	  -41.70 	 
0.184399995	  0.141 	  -43.29 	 
0.184599995	  0.141 	  -45.06 	 
0.184799995	  0.140 	  -46.95 	 
0.184999995	  0.139 	  -49.01 	 
0.185199995	  0.138 	  -51.19 	 
0.185399995	  0.137 	  -53.52 	 
0.185599995	  0.135 	  -56.00 	 
0.185799995	  0.133 	  -58.68 	 
0.185999995	  0.131 	  -61.47 	 
0.186199995	  0.131 	  -64.31 	 
0.186399995	  0.128 	  -67.14 	 
0.186599995	  0.127 	  -69.87 	 
0.186799995	  0.125 	  -72.42 	 
0.186999995	  0.123 	  -74.81 	 
0.187199995	  0.122 	  -76.96 	 
0.187399995	  0.120 	  -78.93 	 
0.187599995	  0.118 	  -80.66 	 
0.187799995	  0.117 	  -82.15 	 
0.187999995	  0.116 	  -83.38 	 
0.188199995	  0.115 	  -84.34 	 
0.188399995	  0.114 	  -85.02 	 
0.188599995	  0.114 	  -85.41 	 
0.188799995	  0.114 	  -85.46 	 
0.188999995	  0.114 	  -85.17 	 
0.189199995	  0.113 	  -84.58 	 
0.189399995	  0.114 	  -83.68 	 
0.189599995	  0.114 	  -82.56 	 
0.189799995	  0.114 	  -81.27 	 
0.189999995	  0.115 	  -79.82 	 
0.190199995	  0.115 	  -78.14 	 
0.190399995	  0.116 	  -76.30 	 
0.190599995	  0.117 	  -74.35 	 
0.190799995	  0.118 	  -72.31 	 
0.190999995	  0.118 	  -70.13 	 
0.191199995	  0.120 	  -67.70 	 
0.191399995	  0.121 	  -65.07 	 
0.191599995	  0.123 	  -62.31 	 
0.191799995	  0.124 	  -59.49 	 
0.191999995	  0.126 	  -56.65 	 
0.192199995	  0.128 	  -53.89 	 
0.192399995	  0.129 	  -51.28 	 
0.192599995	  0.131 	  -48.84 	 
0.192799995	  0.132 	  -46.60 	 
0.192999995	  0.135 	  -44.54 	 
0.193199995	  0.136 	  -42.70 	 
0.193399995	  0.138 	  -41.08 	 
0.193599995	  0.139 	  -39.72 	 
0.193799995	  0.140 	  -38.68 	 
0.193999995	  0.142 	  -37.97 	 
0.194199995	  0.143 	  -37.61 	 
0.194399995	  0.142 	  -37.61 	 
0.194599995	  0.143 	  -37.97 	 
0.194799995	  0.143 	  -38.69 	 
0.194999995	  0.143 	  -39.72 	 
0.195199995	  0.143 	  -41.02 	 
0.195399995	  0.142 	  -42.49 	 
0.195599995	  0.142 	  -44.11 	 
0.195799995	  0.140 	  -45.82 	 
0.195999995	  0.139 	  -47.71 	 
0.196199995	  0.138 	  -49.77 	 
0.196399995	  0.137 	  -52.03 	 
0.196599995	  0.136 	  -54.51 	 
0.196799995	  0.134 	  -57.22 	 
0.196999995	  0.132 	  -59.97 	 
0.197199995	  0.131 	  -62.84 	 
0.197399995	  0.130 	  -65.67 	 
0.197599995	  0.128 	  -68.39 	 
0.197799995	  0.126 	  -71.01 	 
0.197999995	  0.124 	  -73.47 	 
0.198199995	  0.122 	  -75.73 	 
0.198399995	  0.121 	  -77.82 	 
0.198599995	  0.119 	  -79.69 	 
0.198799995	  0.119 	  -81.36 	 
0.198999995	  0.116 	  -82.75 	 
0.199199995	  0.116 	  -83.90 	 
0.199399995	  0.115 	  -84.73 	 
0.199599995	  0.114 	  -85.26 	 
0.199799995	  0.114 	  -85.46 	 
0.199999995	  0.113 	  -85.33 	 
0.200199995	  0.113 	  -84.90 	 
0.200399995	  0.114 	  -84.16 	 
0.200599995	  0.113 	  -83.18 	 
0.200799995	  0.114 	  -81.98 	 
0.200999995	  0.115 	  -80.72 	 
0.201199995	  0.115 	  -79.23 	 
0.201399995	  0.116 	  -77.50 	 
0.201599995	  0.116 	  -75.58 	 
0.201799995	  0.117 	  -73.40 	 
0.201999995	  0.118 	  -71.12 	 
0.202199995	  0.120 	  -68.76 	 
0.202399995	  0.121 	  -66.28 	 
0.202599995	  0.122 	  -63.70 	 
0.202799995	  0.123 	  -61.04 	 
0.202999995	  0.125 	  -58.28 	 
0.203199995	  0.127 	  -55.50 	 
0.203399995	  0.129 	  -52.83 	 
0.203599995	  0.131 	  -50.28 	 
0.203799995	  0.132 	  -47.87 	 
0.203999995	  0.134 	  -45.67 	 
0.204199995	  0.135 	  -43.67 	 
0.204399995	  0.137 	  -41.90 	 
0.204599995	  0.139 	  -40.40 	 
