0.000000000	  0.144 	  -85.51 	 
0.000200000	  0.144 	  -85.23 	 
0.000400000	  0.144 	  -84.60 	 
0.000600000	  0.144 	  -83.62 	 
0.000800000	  0.144 	  -82.35 	 
0.001000000	  0.145 	  -80.94 	 
0.001200000	  0.146 	  -79.34 	 
0.001400000	  0.147 	  -77.57 	 
0.001600000	  0.148 	  -75.72 	 
0.001800000	  0.149 	  -73.64 	 
0.002000000	  0.150 	  -71.49 	 
0.002200000	  0.152 	  -69.17 	 
0.002400000	  0.154 	  -66.81 	 
0.002600000	  0.155 	  -64.22 	 
0.002800000	  0.157 	  -61.53 	 
0.003000000	  0.159 	  -58.68 	 
0.003200000	  0.161 	  -55.81 	 
0.003400000	  0.162 	  -53.00 	 
0.003600000	  0.165 	  -50.30 	 
0.003800000	  0.168 	  -47.79 	 
0.004000000	  0.169 	  -45.53 	 
0.004200000	  0.171 	  -43.53 	 
0.004400000	  0.173 	  -41.81 	 
0.004600000	  0.175 	  -40.37 	 
0.004800000	  0.176 	  -39.22 	 
0.005000000	  0.178 	  -38.37 	 
0.005200000	  0.179 	  -37.86 	 
0.005400000	  0.179 	  -37.64 	 
0.005600000	  0.180 	  -37.70 	 
0.005800000	  0.180 	  -38.08 	 
0.006000000	  0.180 	  -38.81 	 
0.006200000	  0.179 	  -39.85 	 
0.006400000	  0.178 	  -41.21 	 
0.006600000	  0.178 	  -42.79 	 
0.006800000	  0.176 	  -44.59 	 
0.007000000	  0.175 	  -46.56 	 
0.007200000	  0.175 	  -48.68 	 
0.007400000	  0.172 	  -50.95 	 
0.007600000	  0.170 	  -53.33 	 
0.007800000	  0.169 	  -55.81 	 
0.008000000	  0.167 	  -58.43 	 
0.008200000	  0.165 	  -61.15 	 
0.008400000	  0.163 	  -63.99 	 
0.008600000	  0.161 	  -66.83 	 
0.008800000	  0.159 	  -69.63 	 
0.009000000	  0.157 	  -72.31 	 
0.009200000	  0.154 	  -74.83 	 
0.009400000	  0.153 	  -77.09 	 
0.009600000	  0.151 	  -79.01 	 
0.009800000	  0.150 	  -80.68 	 
0.010000000	  0.148 	  -82.08 	 
0.010200000	  0.147 	  -83.20 	 
0.010400000	  0.146 	  -84.14 	 
0.010600000	  0.146 	  -84.81 	 
0.010800000	  0.144 	  -85.29 	 
0.011000000	  0.145 	  -85.53 	 
0.011200000	  0.144 	  -85.46 	 
0.011400000	  0.143 	  -85.04 	 
0.011600000	  0.144 	  -84.24 	 
0.011800000	  0.145 	  -83.11 	 
0.012000000	  0.145 	  -81.75 	 
0.012200000	  0.145 	  -80.26 	 
0.012400000	  0.147 	  -78.58 	 
0.012600000	  0.148 	  -76.76 	 
0.012800000	  0.149 	  -74.74 	 
0.013000000	  0.150 	  -72.70 	 
0.013200000	  0.151 	  -70.55 	 
0.013400000	  0.153 	  -68.30 	 
0.013600000	  0.154 	  -65.83 	 
0.013800000	  0.155 	  -63.15 	 
0.014000000	  0.158 	  -60.29 	 
0.014200000	  0.159 	  -57.36 	 
0.014400000	  0.162 	  -54.44 	 
0.014600000	  0.164 	  -51.65 	 
0.014800000	  0.166 	  -49.04 	 
0.015000000	  0.168 	  -46.67 	 
0.015200000	  0.170 	  -44.59 	 
0.015400000	  0.172 	  -42.77 	 
0.015600000	  0.174 	  -41.22 	 
0.015800000	  0.175 	  -39.92 	 
0.016000000	  0.177 	  -38.89 	 
0.016200000	  0.178 	  -38.18 	 
0.016400000	  0.178 	  -37.73 	 
0.016600000	  0.180 	  -37.58 	 
0.016800000	  0.180 	  -37.73 	 
0.017000000	  0.180 	  -38.25 	 
0.017200000	  0.180 	  -39.13 	 
0.017400000	  0.179 	  -40.36 	 
0.017600000	  0.178 	  -41.89 	 
0.017800000	  0.177 	  -43.65 	 
0.018000000	  0.176 	  -45.60 	 
0.018200000	  0.174 	  -47.61 	 
0.018400000	  0.173 	  -49.76 	 
0.018600000	  0.171 	  -52.01 	 
0.018800000	  0.170 	  -54.34 	 
0.019000000	  0.168 	  -56.87 	 
0.019200000	  0.166 	  -59.52 	 
0.019400000	  0.164 	  -62.31 	 
0.019600000	  0.162 	  -65.16 	 
0.019799999	  0.160 	  -68.07 	 
0.019999999	  0.158 	  -70.93 	 
0.020199999	  0.156 	  -73.62 	 
0.020399999	  0.153 	  -76.04 	 
0.020599999	  0.152 	  -78.14 	 
0.020799999	  0.150 	  -79.92 	 
0.020999999	  0.149 	  -81.39 	 
0.021199999	  0.147 	  -82.57 	 
0.021399999	  0.146 	  -83.55 	 
0.021599999	  0.146 	  -84.34 	 
0.021799999	  0.145 	  -84.95 	 
0.021999999	  0.145 	  -85.36 	 
0.022199999	  0.144 	  -85.53 	 
0.022399999	  0.144 	  -85.36 	 
0.022599999	  0.144 	  -84.80 	 
0.022799999	  0.144 	  -83.86 	 
0.022999999	  0.145 	  -82.59 	 
0.023199999	  0.145 	  -81.14 	 
0.023399999	  0.146 	  -79.55 	 
0.023599999	  0.147 	  -77.78 	 
0.023799999	  0.148 	  -75.92 	 
0.023999999	  0.149 	  -73.88 	 
0.024199999	  0.150 	  -71.82 	 
0.024399999	  0.152 	  -69.59 	 
0.024599999	  0.154 	  -67.26 	 
0.024799999	  0.154 	  -64.70 	 
0.024999999	  0.157 	  -61.97 	 
0.025199999	  0.158 	  -59.09 	 
0.025399999	  0.160 	  -56.17 	 
0.025599999	  0.162 	  -53.26 	 
0.025799999	  0.165 	  -50.48 	 
0.025999999	  0.167 	  -47.94 	 
0.026199999	  0.169 	  -45.69 	 
0.026399999	  0.171 	  -43.72 	 
0.026599999	  0.173 	  -42.00 	 
0.026799999	  0.174 	  -40.58 	 
0.026999999	  0.176 	  -39.40 	 
0.027199999	  0.177 	  -38.55 	 
0.027399999	  0.178 	  -37.97 	 
0.027599999	  0.179 	  -37.69 	 
0.027799999	  0.180 	  -37.68 	 
0.027999999	  0.180 	  -38.02 	 
0.028199999	  0.180 	  -38.69 	 
0.028399999	  0.180 	  -39.70 	 
0.028599999	  0.179 	  -41.03 	 
0.028799999	  0.178 	  -42.59 	 
0.028999999	  0.176 	  -44.43 	 
0.029199999	  0.175 	  -46.39 	 
0.029399999	  0.174 	  -48.54 	 
0.029599999	  0.173 	  -50.77 	 
0.029799999	  0.171 	  -53.15 	 
0.029999999	  0.169 	  -55.61 	 
0.030199999	  0.167 	  -58.18 	 
0.030399999	  0.165 	  -60.89 	 
0.030599999	  0.163 	  -63.65 	 
0.030799999	  0.161 	  -66.47 	 
0.030999999	  0.158 	  -69.31 	 
0.031199999	  0.157 	  -72.05 	 
0.031399999	  0.155 	  -74.61 	 
0.031599999	  0.153 	  -76.93 	 
0.031799999	  0.151 	  -78.97 	 
0.031999999	  0.149 	  -80.68 	 
0.032199999	  0.148 	  -82.10 	 
0.032399999	  0.147 	  -83.22 	 
0.032599999	  0.146 	  -84.10 	 
0.032799999	  0.145 	  -84.75 	 
0.032999999	  0.145 	  -85.19 	 
0.033199999	  0.144 	  -85.45 	 
0.033399999	  0.144 	  -85.43 	 
0.033599999	  0.144 	  -85.09 	 
0.033799999	  0.144 	  -84.42 	 
0.033999999	  0.144 	  -83.38 	 
0.034199999	  0.145 	  -82.06 	 
0.034399999	  0.145 	  -80.55 	 
0.034599999	  0.147 	  -78.82 	 
0.034799999	  0.148 	  -76.98 	 
0.034999999	  0.149 	  -74.96 	 
0.035199999	  0.150 	  -72.94 	 
0.035399999	  0.151 	  -70.87 	 
0.035599999	  0.153 	  -68.65 	 
0.035799999	  0.153 	  -66.29 	 
0.035999999	  0.156 	  -63.65 	 
0.036199999	  0.158 	  -60.83 	 
0.036399999	  0.159 	  -57.89 	 
0.036599999	  0.161 	  -54.93 	 
0.036799999	  0.164 	  -52.06 	 
0.036999999	  0.166 	  -49.36 	 
0.037199999	  0.168 	  -46.91 	 
0.037399999	  0.171 	  -44.83 	 
0.037599999	  0.172 	  -42.96 	 
0.037799999	  0.174 	  -41.45 	 
0.037999999	  0.175 	  -40.16 	 
0.038199999	  0.177 	  -39.17 	 
0.038399999	  0.178 	  -38.41 	 
0.038599999	  0.179 	  -37.97 	 
0.038799999	  0.179 	  -37.75 	 
0.038999999	  0.180 	  -37.86 	 
0.039199999	  0.180 	  -38.27 	 
0.039399999	  0.180 	  -39.09 	 
0.039599999	  0.179 	  -40.25 	 
0.039799999	  0.179 	  -41.74 	 
0.039999999	  0.178 	  -43.48 	 
0.040199999	  0.176 	  -45.41 	 
0.040399999	  0.175 	  -47.46 	 
0.040599999	  0.174 	  -49.63 	 
0.040799999	  0.172 	  -51.88 	 
0.040999999	  0.170 	  -54.23 	 
0.041199999	  0.168 	  -56.72 	 
0.041399999	  0.167 	  -59.35 	 
0.041599999	  0.164 	  -62.10 	 
0.041799999	  0.162 	  -64.94 	 
0.041999999	  0.160 	  -67.79 	 
0.042199999	  0.158 	  -70.61 	 
0.042399999	  0.156 	  -73.28 	 
0.042599999	  0.153 	  -75.73 	 
0.042799999	  0.152 	  -77.90 	 
0.042999999	  0.150 	  -79.77 	 
0.043199999	  0.149 	  -81.36 	 
0.043399999	  0.147 	  -82.62 	 
0.043599999	  0.147 	  -83.66 	 
0.043799999	  0.146 	  -84.46 	 
0.043999999	  0.145 	  -85.05 	 
0.044199999	  0.144 	  -85.42 	 
0.044399999	  0.144 	  -85.54 	 
0.044599999	  0.144 	  -85.39 	 
0.044799999	  0.144 	  -84.84 	 
0.044999999	  0.144 	  -83.99 	 
0.045199999	  0.145 	  -82.81 	 
0.045399999	  0.145 	  -81.40 	 
0.045599999	  0.146 	  -79.80 	 
0.045799999	  0.147 	  -78.05 	 
0.045999999	  0.148 	  -76.14 	 
0.046199999	  0.150 	  -74.12 	 
0.046399999	  0.150 	  -72.11 	 
0.046599999	  0.152 	  -69.96 	 
0.046799999	  0.153 	  -67.64 	 
0.046999999	  0.155 	  -65.11 	 
0.047199999	  0.156 	  -62.37 	 
0.047399999	  0.158 	  -59.49 	 
0.047599999	  0.160 	  -56.56 	 
0.047799999	  0.162 	  -53.66 	 
0.047999999	  0.165 	  -50.88 	 
0.048199999	  0.167 	  -48.31 	 
0.048399999	  0.169 	  -46.02 	 
0.048599999	  0.171 	  -43.99 	 
0.048799999	  0.173 	  -42.25 	 
0.048999999	  0.174 	  -40.79 	 
0.049199999	  0.176 	  -39.61 	 
0.049399999	  0.178 	  -38.69 	 
0.049599999	  0.178 	  -38.12 	 
0.049799999	  0.179 	  -37.81 	 
0.049999999	  0.180 	  -37.79 	 
0.050199999	  0.180 	  -38.05 	 
0.050399999	  0.179 	  -38.68 	 
0.050599999	  0.179 	  -39.64 	 
0.050799999	  0.179 	  -40.94 	 
0.050999999	  0.178 	  -42.53 	 
0.051199999	  0.178 	  -44.30 	 
0.051399999	  0.175 	  -46.26 	 
0.051599999	  0.174 	  -48.34 	 
0.051799999	  0.173 	  -50.55 	 
0.051999999	  0.171 	  -52.86 	 
0.052199999	  0.169 	  -55.32 	 
0.052399999	  0.167 	  -57.90 	 
0.052599999	  0.166 	  -60.61 	 
0.052799999	  0.163 	  -63.41 	 
0.052999999	  0.161 	  -66.27 	 
0.053199999	  0.159 	  -69.09 	 
0.053399999	  0.157 	  -71.83 	 
0.053599999	  0.154 	  -74.36 	 
0.053799999	  0.153 	  -76.69 	 
0.053999999	  0.151 	  -78.71 	 
0.054199999	  0.150 	  -80.46 	 
0.054399999	  0.149 	  -81.90 	 
0.054599999	  0.147 	  -83.08 	 
0.054799999	  0.146 	  -84.01 	 
0.054999999	  0.146 	  -84.75 	 
0.055199999	  0.145 	  -85.29 	 
0.055399999	  0.144 	  -85.55 	 
0.055599999	  0.144 	  -85.61 	 
0.055799999	  0.144 	  -85.30 	 
0.055999999	  0.144 	  -84.64 	 
0.056199999	  0.144 	  -83.59 	 
0.056399999	  0.144 	  -82.26 	 
0.056599999	  0.145 	  -80.70 	 
0.056799999	  0.147 	  -78.94 	 
0.056999999	  0.147 	  -77.11 	 
0.057199999	  0.148 	  -75.18 	 
0.057399999	  0.150 	  -73.25 	 
0.057599999	  0.151 	  -71.23 	 
0.057799999	  0.152 	  -69.07 	 
0.057999999	  0.154 	  -66.68 	 
0.058199999	  0.156 	  -64.05 	 
0.058399999	  0.157 	  -61.18 	 
0.058599999	  0.159 	  -58.22 	 
0.058799999	  0.161 	  -55.20 	 
0.058999999	  0.164 	  -52.31 	 
0.059199999	  0.166 	  -49.58 	 
0.059399998	  0.167 	  -47.13 	 
0.059599998	  0.169 	  -44.98 	 
0.059799998	  0.173 	  -43.14 	 
0.059999998	  0.173 	  -41.59 	 
0.060199998	  0.175 	  -40.30 	 
0.060399998	  0.176 	  -39.26 	 
0.060599998	  0.178 	  -38.47 	 
0.060799998	  0.178 	  -37.99 	 
0.060999998	  0.179 	  -37.74 	 
0.061199998	  0.180 	  -37.79 	 
0.061399998	  0.180 	  -38.17 	 
0.061599998	  0.180 	  -38.96 	 
0.061799998	  0.179 	  -40.09 	 
0.061999998	  0.179 	  -41.58 	 
0.062199998	  0.178 	  -43.30 	 
0.062399998	  0.176 	  -45.21 	 
0.062599998	  0.175 	  -47.24 	 
0.062799998	  0.174 	  -49.39 	 
0.062999998	  0.172 	  -51.63 	 
0.063199998	  0.170 	  -53.97 	 
0.063399998	  0.168 	  -56.44 	 
0.063599998	  0.167 	  -59.06 	 
0.063799998	  0.165 	  -61.81 	 
0.063999998	  0.163 	  -64.66 	 
0.064199998	  0.161 	  -67.53 	 
0.064399998	  0.158 	  -70.34 	 
0.064599998	  0.156 	  -73.06 	 
0.064799998	  0.154 	  -75.53 	 
0.064999998	  0.153 	  -77.77 	 
0.065199998	  0.150 	  -79.66 	 
0.065399998	  0.149 	  -81.23 	 
0.065599998	  0.148 	  -82.52 	 
0.065799998	  0.146 	  -83.53 	 
0.065999998	  0.146 	  -84.33 	 
0.066199998	  0.145 	  -84.93 	 
0.066399998	  0.145 	  -85.35 	 
0.066599998	  0.144 	  -85.57 	 
0.066799998	  0.144 	  -85.48 	 
0.066999998	  0.144 	  -85.04 	 
0.067199998	  0.144 	  -84.22 	 
0.067399998	  0.145 	  -83.05 	 
0.067599998	  0.145 	  -81.64 	 
0.067799998	  0.146 	  -80.05 	 
0.067999998	  0.147 	  -78.27 	 
0.068199998	  0.148 	  -76.41 	 
0.068399998	  0.149 	  -74.38 	 
0.068599998	  0.150 	  -72.33 	 
0.068799998	  0.151 	  -70.16 	 
0.068999998	  0.153 	  -67.86 	 
0.069199998	  0.154 	  -65.36 	 
0.069399998	  0.156 	  -62.69 	 
0.069599998	  0.158 	  -59.85 	 
0.069799998	  0.160 	  -56.92 	 
0.069999998	  0.161 	  -54.01 	 
0.070199998	  0.164 	  -51.21 	 
0.070399998	  0.167 	  -48.58 	 
0.070599998	  0.168 	  -46.25 	 
0.070799998	  0.170 	  -44.18 	 
0.070999998	  0.173 	  -42.41 	 
0.071199998	  0.174 	  -40.93 	 
0.071399998	  0.176 	  -39.71 	 
0.071599998	  0.177 	  -38.78 	 
0.071799998	  0.179 	  -38.18 	 
0.071999998	  0.179 	  -37.84 	 
0.072199998	  0.180 	  -37.82 	 
0.072399998	  0.180 	  -38.03 	 
0.072599998	  0.180 	  -38.57 	 
0.072799998	  0.179 	  -39.48 	 
0.072999998	  0.179 	  -40.73 	 
0.073199998	  0.179 	  -42.26 	 
0.073399998	  0.177 	  -44.02 	 
0.073599998	  0.175 	  -45.97 	 
0.073799998	  0.175 	  -48.03 	 
0.073999998	  0.173 	  -50.26 	 
0.074199998	  0.171 	  -52.56 	 
0.074399998	  0.169 	  -55.00 	 
0.074599998	  0.168 	  -57.58 	 
0.074799998	  0.166 	  -60.27 	 
0.074999998	  0.163 	  -63.08 	 
0.075199998	  0.161 	  -65.93 	 
0.075399998	  0.160 	  -68.77 	 
0.075599998	  0.158 	  -71.52 	 
0.075799998	  0.155 	  -74.13 	 
0.075999998	  0.153 	  -76.47 	 
0.076199998	  0.151 	  -78.55 	 
0.076399998	  0.151 	  -80.35 	 
0.076599998	  0.148 	  -81.80 	 
0.076799998	  0.147 	  -82.98 	 
0.076999998	  0.147 	  -83.91 	 
0.077199998	  0.145 	  -84.62 	 
0.077399998	  0.145 	  -85.14 	 
0.077599998	  0.144 	  -85.46 	 
0.077799998	  0.144 	  -85.53 	 
0.077999998	  0.143 	  -85.26 	 
0.078199998	  0.144 	  -84.67 	 
0.078399998	  0.144 	  -83.70 	 
0.078599998	  0.145 	  -82.39 	 
0.078799998	  0.145 	  -80.92 	 
0.078999998	  0.146 	  -79.26 	 
0.079199998	  0.147 	  -77.42 	 
0.079399998	  0.148 	  -75.55 	 
0.079599998	  0.150 	  -73.47 	 
0.079799998	  0.151 	  -71.30 	 
0.079999998	  0.153 	  -68.98 	 
0.080199998	  0.153 	  -66.56 	 
0.080399998	  0.155 	  -63.97 	 
0.080599998	  0.158 	  -61.26 	 
0.080799998	  0.159 	  -58.39 	 
0.080999998	  0.161 	  -55.53 	 
0.081199998	  0.163 	  -52.72 	 
0.081399998	  0.165 	  -50.00 	 
0.081599998	  0.167 	  -47.50 	 
0.081799998	  0.169 	  -45.25 	 
0.081999998	  0.172 	  -43.31 	 
0.082199998	  0.174 	  -41.62 	 
0.082399998	  0.174 	  -40.26 	 
0.082599998	  0.176 	  -39.17 	 
0.082799998	  0.178 	  -38.41 	 
0.082999998	  0.179 	  -37.94 	 
0.083199998	  0.179 	  -37.74 	 
0.083399998	  0.180 	  -37.84 	 
0.083599998	  0.180 	  -38.19 	 
0.083799998	  0.179 	  -38.95 	 
0.083999998	  0.179 	  -40.01 	 
0.084199998	  0.179 	  -41.41 	 
0.084399998	  0.178 	  -43.02 	 
0.084599998	  0.176 	  -44.89 	 
0.084799998	  0.175 	  -46.86 	 
0.084999998	  0.174 	  -48.99 	 
0.085199998	  0.171 	  -51.26 	 
0.085399998	  0.170 	  -53.63 	 
0.085599998	  0.169 	  -56.13 	 
0.085799998	  0.167 	  -58.76 	 
0.085999998	  0.165 	  -61.49 	 
0.086199998	  0.163 	  -64.30 	 
0.086399998	  0.161 	  -67.18 	 
0.086599998	  0.159 	  -69.97 	 
0.086799998	  0.156 	  -72.66 	 
0.086999998	  0.154 	  -75.16 	 
0.087199998	  0.152 	  -77.39 	 
0.087399998	  0.151 	  -79.35 	 
0.087599998	  0.149 	  -80.99 	 
0.087799998	  0.148 	  -82.30 	 
0.087999998	  0.148 	  -83.38 	 
0.088199998	  0.146 	  -84.23 	 
0.088399998	  0.145 	  -84.87 	 
0.088599998	  0.145 	  -85.30 	 
0.088799998	  0.144 	  -85.50 	 
0.088999998	  0.144 	  -85.43 	 
0.089199998	  0.144 	  -84.98 	 
0.089399998	  0.144 	  -84.20 	 
0.089599998	  0.144 	  -83.03 	 
0.089799998	  0.145 	  -81.69 	 
0.089999998	  0.146 	  -80.15 	 
0.090199998	  0.146 	  -78.43 	 
0.090399998	  0.147 	  -76.61 	 
0.090599998	  0.149 	  -74.59 	 
0.090799998	  0.150 	  -72.53 	 
0.090999998	  0.151 	  -70.35 	 
0.091199998	  0.152 	  -68.06 	 
0.091399998	  0.154 	  -65.58 	 
0.091599998	  0.156 	  -62.92 	 
0.091799998	  0.158 	  -60.05 	 
0.091999998	  0.160 	  -57.14 	 
0.092199998	  0.162 	  -54.25 	 
0.092399998	  0.164 	  -51.43 	 
0.092599998	  0.167 	  -48.82 	 
0.092799998	  0.169 	  -46.45 	 
0.092999998	  0.171 	  -44.35 	 
0.093199998	  0.172 	  -42.55 	 
0.093399998	  0.174 	  -41.00 	 
0.093599998	  0.175 	  -39.74 	 
0.093799998	  0.176 	  -38.76 	 
0.093999998	  0.178 	  -38.10 	 
0.094199998	  0.179 	  -37.73 	 
0.094399998	  0.180 	  -37.66 	 
0.094599998	  0.180 	  -37.85 	 
0.094799998	  0.179 	  -38.42 	 
0.094999998	  0.180 	  -39.33 	 
0.095199998	  0.179 	  -40.58 	 
0.095399998	  0.178 	  -42.11 	 
0.095599998	  0.177 	  -43.86 	 
0.095799998	  0.176 	  -45.77 	 
0.095999998	  0.175 	  -47.82 	 
0.096199998	  0.173 	  -49.99 	 
0.096399998	  0.171 	  -52.26 	 
0.096599998	  0.170 	  -54.68 	 
0.096799998	  0.168 	  -57.21 	 
0.096999998	  0.165 	  -59.90 	 
0.097199998	  0.164 	  -62.69 	 
0.097399998	  0.162 	  -65.54 	 
0.097599998	  0.159 	  -68.38 	 
0.097799998	  0.158 	  -71.18 	 
0.097999998	  0.156 	  -73.84 	 
0.098199998	  0.153 	  -76.25 	 
0.098399998	  0.151 	  -78.35 	 
0.098599998	  0.150 	  -80.15 	 
0.098799998	  0.149 	  -81.61 	 
0.098999997	  0.147 	  -82.79 	 
0.099199997	  0.146 	  -83.74 	 
0.099399997	  0.145 	  -84.47 	 
0.099599997	  0.145 	  -85.03 	 
0.099799997	  0.145 	  -85.38 	 
0.099999997	  0.144 	  -85.46 	 
0.100199997	  0.144 	  -85.24 	 
0.100399997	  0.144 	  -84.65 	 
0.100599997	  0.143 	  -83.69 	 
0.100799997	  0.145 	  -82.41 	 
0.100999997	  0.146 	  -80.99 	 
0.101199997	  0.146 	  -79.39 	 
0.101399997	  0.147 	  -77.61 	 
0.101599997	  0.148 	  -75.73 	 
0.101799997	  0.150 	  -73.65 	 
0.101999997	  0.151 	  -71.52 	 
0.102199997	  0.152 	  -69.25 	 
0.102399997	  0.153 	  -66.89 	 
0.102599997	  0.156 	  -64.33 	 
0.102799997	  0.157 	  -61.65 	 
0.102999997	  0.158 	  -58.81 	 
0.103199997	  0.161 	  -55.92 	 
0.103399997	  0.163 	  -53.02 	 
0.103599997	  0.165 	  -50.30 	 
0.103799997	  0.167 	  -47.73 	 
0.103999997	  0.170 	  -45.47 	 
0.104199997	  0.172 	  -43.50 	 
0.104399997	  0.173 	  -41.79 	 
0.104599997	  0.175 	  -40.38 	 
0.104799997	  0.176 	  -39.26 	 
0.104999997	  0.177 	  -38.42 	 
0.105199997	  0.179 	  -37.88 	 
0.105399997	  0.180 	  -37.65 	 
0.105599997	  0.180 	  -37.68 	 
0.105799997	  0.180 	  -38.04 	 
0.105999997	  0.180 	  -38.76 	 
0.106199997	  0.180 	  -39.82 	 
0.106399997	  0.179 	  -41.17 	 
0.106599997	  0.177 	  -42.77 	 
0.106799997	  0.177 	  -44.61 	 
0.106999997	  0.176 	  -46.60 	 
0.107199997	  0.173 	  -48.74 	 
0.107399997	  0.172 	  -50.98 	 
0.107599997	  0.171 	  -53.37 	 
0.107799997	  0.169 	  -55.83 	 
0.107999997	  0.167 	  -58.43 	 
0.108199997	  0.165 	  -61.13 	 
0.108399997	  0.163 	  -63.94 	 
0.108599997	  0.160 	  -66.79 	 
0.108799997	  0.159 	  -69.57 	 
0.108999997	  0.157 	  -72.31 	 
0.109199997	  0.155 	  -74.86 	 
0.109399997	  0.152 	  -77.14 	 
0.109599997	  0.151 	  -79.13 	 
0.109799997	  0.149 	  -80.79 	 
0.109999997	  0.148 	  -82.19 	 
0.110199997	  0.146 	  -83.27 	 
0.110399997	  0.146 	  -84.14 	 
0.110599997	  0.145 	  -84.81 	 
0.110799997	  0.144 	  -85.26 	 
0.110999997	  0.144 	  -85.48 	 
0.111199997	  0.144 	  -85.43 	 
0.111399997	  0.144 	  -85.04 	 
0.111599997	  0.144 	  -84.30 	 
0.111799997	  0.145 	  -83.18 	 
0.111999997	  0.145 	  -81.81 	 
0.112199997	  0.146 	  -80.29 	 
0.112399997	  0.146 	  -78.58 	 
0.112599997	  0.148 	  -76.71 	 
0.112799997	  0.149 	  -74.67 	 
0.112999997	  0.150 	  -72.61 	 
0.113199997	  0.152 	  -70.48 	 
0.113399997	  0.153 	  -68.25 	 
0.113599997	  0.154 	  -65.84 	 
0.113799997	  0.156 	  -63.21 	 
0.113999997	  0.158 	  -60.39 	 
0.114199997	  0.160 	  -57.47 	 
0.114399997	  0.161 	  -54.54 	 
0.114599997	  0.164 	  -51.67 	 
0.114799997	  0.166 	  -49.01 	 
0.114999997	  0.168 	  -46.60 	 
0.115199997	  0.171 	  -44.51 	 
0.115399997	  0.173 	  -42.70 	 
0.115599997	  0.174 	  -41.17 	 
0.115799997	  0.176 	  -39.90 	 
0.115999997	  0.177 	  -38.93 	 
0.116199997	  0.178 	  -38.25 	 
0.116399997	  0.178 	  -37.80 	 
0.116599997	  0.179 	  -37.68 	 
0.116799997	  0.180 	  -37.80 	 
0.116999997	  0.180 	  -38.26 	 
0.117199997	  0.179 	  -39.09 	 
0.117399997	  0.179 	  -40.29 	 
0.117599997	  0.178 	  -41.80 	 
0.117799997	  0.178 	  -43.53 	 
0.117999997	  0.176 	  -45.52 	 
0.118199997	  0.174 	  -47.59 	 
0.118399997	  0.173 	  -49.80 	 
0.118599997	  0.172 	  -52.08 	 
0.118799997	  0.170 	  -54.49 	 
0.118999997	  0.168 	  -56.98 	 
0.119199997	  0.167 	  -59.62 	 
0.119399997	  0.164 	  -62.36 	 
0.119599997	  0.162 	  -65.19 	 
0.119799997	  0.160 	  -68.03 	 
0.119999997	  0.158 	  -70.85 	 
0.120199997	  0.155 	  -73.47 	 
0.120399997	  0.153 	  -75.92 	 
0.120599997	  0.152 	  -78.07 	 
0.120799997	  0.151 	  -79.91 	 
0.120999997	  0.149 	  -81.45 	 
0.121199997	  0.148 	  -82.68 	 
0.121399997	  0.146 	  -83.68 	 
0.121599997	  0.145 	  -84.45 	 
0.121799997	  0.145 	  -85.02 	 
0.121999997	  0.144 	  -85.39 	 
0.122199997	  0.144 	  -85.50 	 
0.122399997	  0.144 	  -85.30 	 
0.122599997	  0.144 	  -84.76 	 
0.122799997	  0.144 	  -83.85 	 
0.122999997	  0.144 	  -82.63 	 
0.123199997	  0.145 	  -81.20 	 
0.123399997	  0.146 	  -79.58 	 
0.123599997	  0.147 	  -77.82 	 
0.123799997	  0.148 	  -75.86 	 
0.123999997	  0.149 	  -73.86 	 
0.124199997	  0.151 	  -71.83 	 
0.124399997	  0.151 	  -69.67 	 
0.124599997	  0.153 	  -67.34 	 
0.124799997	  0.155 	  -64.79 	 
0.124999997	  0.156 	  -62.03 	 
0.125199997	  0.158 	  -59.14 	 
0.125399997	  0.160 	  -56.20 	 
0.125599997	  0.162 	  -53.30 	 
0.125799997	  0.165 	  -50.55 	 
0.125999997	  0.167 	  -47.97 	 
0.126199997	  0.169 	  -45.70 	 
0.126399997	  0.172 	  -43.68 	 
0.126599997	  0.173 	  -41.99 	 
0.126799997	  0.174 	  -40.58 	 
0.126999997	  0.176 	  -39.43 	 
0.127199997	  0.178 	  -38.57 	 
0.127399997	  0.178 	  -38.01 	 
0.127599997	  0.179 	  -37.70 	 
0.127799997	  0.179 	  -37.70 	 
0.127999997	  0.180 	  -37.99 	 
0.128199997	  0.180 	  -38.66 	 
0.128399997	  0.179 	  -39.67 	 
0.128599997	  0.178 	  -41.04 	 
0.128799997	  0.178 	  -42.64 	 
0.128999997	  0.177 	  -44.49 	 
0.129199997	  0.175 	  -46.45 	 
0.129399997	  0.174 	  -48.54 	 
0.129599997	  0.172 	  -50.75 	 
0.129799997	  0.171 	  -53.05 	 
0.129999997	  0.169 	  -55.53 	 
0.130199997	  0.167 	  -58.13 	 
0.130399997	  0.166 	  -60.89 	 
0.130599997	  0.163 	  -63.74 	 
0.130799997	  0.161 	  -66.59 	 
0.130999997	  0.159 	  -69.42 	 
0.131199997	  0.157 	  -72.14 	 
0.131399997	  0.155 	  -74.66 	 
0.131599997	  0.152 	  -76.91 	 
0.131799997	  0.151 	  -78.86 	 
0.131999997	  0.150 	  -80.55 	 
0.132199997	  0.149 	  -81.93 	 
0.132399997	  0.147 	  -83.10 	 
0.132599997	  0.146 	  -84.03 	 
0.132799997	  0.146 	  -84.75 	 
0.132999997	  0.145 	  -85.28 	 
0.133199997	  0.145 	  -85.56 	 
0.133399997	  0.144 	  -85.51 	 
0.133599997	  0.144 	  -85.14 	 
0.133799997	  0.144 	  -84.41 	 
0.133999997	  0.144 	  -83.32 	 
0.134199997	  0.145 	  -81.99 	 
0.134399997	  0.146 	  -80.47 	 
0.134599997	  0.147 	  -78.76 	 
0.134799997	  0.148 	  -76.93 	 
0.134999997	  0.149 	  -74.94 	 
0.135199997	  0.150 	  -72.94 	 
0.135399997	  0.152 	  -70.86 	 
0.135599997	  0.153 	  -68.67 	 
0.135799997	  0.153 	  -66.24 	 
0.135999997	  0.155 	  -63.60 	 
0.136199997	  0.158 	  -60.79 	 
0.136399997	  0.159 	  -57.83 	 
0.136599997	  0.161 	  -54.87 	 
0.136799997	  0.163 	  -52.02 	 
0.136999997	  0.166 	  -49.32 	 
0.137199997	  0.168 	  -46.87 	 
0.137399997	  0.170 	  -44.75 	 
0.137599997	  0.172 	  -42.91 	 
0.137799997	  0.174 	  -41.35 	 
0.137999997	  0.175 	  -40.08 	 
0.138199997	  0.177 	  -39.07 	 
0.138399997	  0.178 	  -38.34 	 
0.138599996	  0.179 	  -37.90 	 
0.138799996	  0.179 	  -37.69 	 
0.138999996	  0.180 	  -37.79 	 
0.139199996	  0.180 	  -38.22 	 
0.139399996	  0.180 	  -39.02 	 
0.139599996	  0.179 	  -40.18 	 
0.139799996	  0.178 	  -41.67 	 
0.139999996	  0.178 	  -43.40 	 
0.140199996	  0.176 	  -45.35 	 
0.140399996	  0.175 	  -47.39 	 
0.140599996	  0.174 	  -49.56 	 
0.140799996	  0.172 	  -51.82 	 
0.140999996	  0.170 	  -54.19 	 
0.141199996	  0.168 	  -56.67 	 
0.141399996	  0.166 	  -59.30 	 
0.141599996	  0.165 	  -62.04 	 
0.141799996	  0.162 	  -64.88 	 
0.141999996	  0.160 	  -67.76 	 
0.142199996	  0.158 	  -70.58 	 
0.142399996	  0.156 	  -73.28 	 
0.142599996	  0.154 	  -75.70 	 
0.142799996	  0.152 	  -77.91 	 
0.142999996	  0.150 	  -79.75 	 
0.143199996	  0.149 	  -81.29 	 
0.143399996	  0.147 	  -82.54 	 
0.143599996	  0.147 	  -83.56 	 
0.143799996	  0.146 	  -84.37 	 
0.143999996	  0.144 	  -84.94 	 
0.144199996	  0.144 	  -85.37 	 
0.144399996	  0.145 	  -85.51 	 
0.144599996	  0.144 	  -85.39 	 
0.144799996	  0.144 	  -84.87 	 
0.144999996	  0.144 	  -84.01 	 
0.145199996	  0.145 	  -82.77 	 
0.145399996	  0.145 	  -81.34 	 
0.145599996	  0.146 	  -79.69 	 
0.145799996	  0.146 	  -77.89 	 
0.145999996	  0.148 	  -75.98 	 
0.146199996	  0.150 	  -74.05 	 
0.146399996	  0.150 	  -72.07 	 
0.146599996	  0.152 	  -69.97 	 
0.146799996	  0.153 	  -67.64 	 
0.146999996	  0.154 	  -65.09 	 
0.147199996	  0.156 	  -62.36 	 
0.147399996	  0.158 	  -59.42 	 
0.147599996	  0.160 	  -56.47 	 
0.147799996	  0.162 	  -53.54 	 
0.147999996	  0.165 	  -50.77 	 
0.148199996	  0.167 	  -48.20 	 
0.148399996	  0.169 	  -45.92 	 
0.148599996	  0.171 	  -43.92 	 
0.148799996	  0.174 	  -42.19 	 
0.148999996	  0.175 	  -40.75 	 
0.149199996	  0.176 	  -39.56 	 
0.149399996	  0.177 	  -38.67 	 
0.149599996	  0.178 	  -38.06 	 
0.149799996	  0.179 	  -37.72 	 
0.149999996	  0.180 	  -37.70 	 
0.150199996	  0.180 	  -37.94 	 
0.150399996	  0.179 	  -38.58 	 
0.150599996	  0.179 	  -39.56 	 
0.150799996	  0.179 	  -40.90 	 
0.150999996	  0.178 	  -42.48 	 
0.151199996	  0.177 	  -44.28 	 
0.151399996	  0.176 	  -46.25 	 
0.151599996	  0.175 	  -48.29 	 
0.151799996	  0.173 	  -50.48 	 
0.151999996	  0.171 	  -52.78 	 
0.152199996	  0.169 	  -55.20 	 
0.152399996	  0.167 	  -57.80 	 
0.152599996	  0.165 	  -60.48 	 
0.152799996	  0.163 	  -63.30 	 
0.152999996	  0.162 	  -66.19 	 
0.153199996	  0.159 	  -69.02 	 
0.153399996	  0.157 	  -71.77 	 
0.153599996	  0.155 	  -74.35 	 
0.153799996	  0.153 	  -76.69 	 
0.153999996	  0.151 	  -78.69 	 
0.154199996	  0.150 	  -80.42 	 
0.154399996	  0.148 	  -81.84 	 
0.154599996	  0.147 	  -82.99 	 
0.154799996	  0.147 	  -83.90 	 
0.154999996	  0.145 	  -84.64 	 
0.155199996	  0.144 	  -85.15 	 
0.155399996	  0.144 	  -85.45 	 
0.155599996	  0.145 	  -85.51 	 
0.155799996	  0.144 	  -85.24 	 
0.155999996	  0.144 	  -84.60 	 
0.156199996	  0.144 	  -83.55 	 
0.156399996	  0.145 	  -82.21 	 
0.156599996	  0.146 	  -80.63 	 
0.156799996	  0.146 	  -78.88 	 
0.156999996	  0.147 	  -77.05 	 
0.157199996	  0.149 	  -75.09 	 
0.157399996	  0.150 	  -73.16 	 
0.157599996	  0.151 	  -71.10 	 
0.157799996	  0.153 	  -68.96 	 
0.157999996	  0.153 	  -66.54 	 
0.158199996	  0.155 	  -63.94 	 
0.158399996	  0.157 	  -61.10 	 
0.158599996	  0.159 	  -58.12 	 
0.158799996	  0.161 	  -55.13 	 
0.158999996	  0.163 	  -52.23 	 
0.159199996	  0.166 	  -49.52 	 
0.159399996	  0.169 	  -47.06 	 
0.159599996	  0.170 	  -44.91 	 
0.159799996	  0.172 	  -43.05 	 
0.159999996	  0.174 	  -41.50 	 
0.160199996	  0.175 	  -40.22 	 
0.160399996	  0.177 	  -39.17 	 
0.160599996	  0.177 	  -38.42 	 
0.160799996	  0.179 	  -37.93 	 
0.160999996	  0.180 	  -37.66 	 
0.161199996	  0.180 	  -37.69 	 
0.161399996	  0.179 	  -38.07 	 
0.161599996	  0.180 	  -38.87 	 
0.161799996	  0.179 	  -40.03 	 
0.161999996	  0.178 	  -41.53 	 
0.162199996	  0.177 	  -43.28 	 
0.162399996	  0.176 	  -45.19 	 
0.162599996	  0.175 	  -47.19 	 
0.162799996	  0.173 	  -49.32 	 
0.162999996	  0.172 	  -51.55 	 
0.163199996	  0.170 	  -53.88 	 
0.163399996	  0.168 	  -56.33 	 
0.163599996	  0.167 	  -58.96 	 
0.163799996	  0.165 	  -61.69 	 
0.163999996	  0.162 	  -64.54 	 
0.164199996	  0.160 	  -67.42 	 
0.164399996	  0.159 	  -70.28 	 
0.164599996	  0.156 	  -72.99 	 
0.164799996	  0.154 	  -75.48 	 
0.164999996	  0.153 	  -77.70 	 
0.165199996	  0.151 	  -79.60 	 
0.165399996	  0.149 	  -81.14 	 
0.165599996	  0.148 	  -82.39 	 
0.165799996	  0.147 	  -83.40 	 
0.165999996	  0.146 	  -84.21 	 
0.166199996	  0.145 	  -84.86 	 
0.166399996	  0.144 	  -85.30 	 
0.166599996	  0.144 	  -85.50 	 
0.166799996	  0.144 	  -85.41 	 
0.166999996	  0.144 	  -84.97 	 
0.167199996	  0.144 	  -84.13 	 
0.167399996	  0.144 	  -82.94 	 
0.167599996	  0.145 	  -81.51 	 
0.167799996	  0.145 	  -79.91 	 
0.167999996	  0.147 	  -78.13 	 
0.168199996	  0.148 	  -76.29 	 
0.168399996	  0.149 	  -74.25 	 
0.168599996	  0.150 	  -72.22 	 
0.168799996	  0.151 	  -70.08 	 
0.168999996	  0.153 	  -67.81 	 
0.169199996	  0.154 	  -65.30 	 
0.169399996	  0.156 	  -62.64 	 
0.169599996	  0.158 	  -59.76 	 
0.169799996	  0.161 	  -56.84 	 
0.169999996	  0.162 	  -53.92 	 
0.170199996	  0.164 	  -51.12 	 
0.170399996	  0.167 	  -48.51 	 
0.170599996	  0.169 	  -46.18 	 
0.170799996	  0.171 	  -44.13 	 
0.170999996	  0.172 	  -42.37 	 
0.171199996	  0.174 	  -40.91 	 
0.171399996	  0.175 	  -39.70 	 
0.171599996	  0.176 	  -38.77 	 
0.171799996	  0.178 	  -38.10 	 
0.171999996	  0.179 	  -37.69 	 
0.172199996	  0.180 	  -37.61 	 
0.172399996	  0.179 	  -37.84 	 
0.172599996	  0.180 	  -38.38 	 
0.172799996	  0.180 	  -39.34 	 
0.172999996	  0.179 	  -40.63 	 
0.173199996	  0.178 	  -42.24 	 
0.173399996	  0.177 	  -44.08 	 
0.173599996	  0.176 	  -46.05 	 
0.173799996	  0.174 	  -48.14 	 
0.173999996	  0.173 	  -50.31 	 
0.174199996	  0.172 	  -52.54 	 
0.174399996	  0.169 	  -54.94 	 
0.174599996	  0.168 	  -57.45 	 
0.174799996	  0.166 	  -60.09 	 
0.174999996	  0.164 	  -62.91 	 
0.175199996	  0.161 	  -65.80 	 
0.175399996	  0.159 	  -68.71 	 
0.175599996	  0.158 	  -71.52 	 
0.175799996	  0.155 	  -74.15 	 
0.175999996	  0.153 	  -76.54 	 
0.176199996	  0.151 	  -78.64 	 
0.176399996	  0.150 	  -80.42 	 
0.176599996	  0.149 	  -81.82 	 
0.176799996	  0.147 	  -82.96 	 
0.176999996	  0.146 	  -83.85 	 
0.177199996	  0.145 	  -84.54 	 
0.177399996	  0.145 	  -85.04 	 
0.177599996	  0.144 	  -85.35 	 
0.177799996	  0.144 	  -85.40 	 
0.177999996	  0.144 	  -85.19 	 
0.178199995	  0.144 	  -84.60 	 
0.178399995	  0.144 	  -83.65 	 
0.178599995	  0.144 	  -82.37 	 
0.178799995	  0.145 	  -80.90 	 
0.178999995	  0.146 	  -79.25 	 
0.179199995	  0.147 	  -77.39 	 
0.179399995	  0.149 	  -75.48 	 
0.179599995	  0.150 	  -73.38 	 
0.179799995	  0.151 	  -71.19 	 
0.179999995	  0.152 	  -68.90 	 
0.180199995	  0.154 	  -66.52 	 
0.180399995	  0.155 	  -63.98 	 
0.180599995	  0.157 	  -61.30 	 
0.180799995	  0.159 	  -58.46 	 
0.180999995	  0.161 	  -55.59 	 
0.181199995	  0.163 	  -52.73 	 
0.181399995	  0.165 	  -50.00 	 
0.181599995	  0.168 	  -47.49 	 
0.181799995	  0.169 	  -45.24 	 
0.181999995	  0.172 	  -43.27 	 
0.182199995	  0.173 	  -41.61 	 
0.182399995	  0.176 	  -40.25 	 
0.182599995	  0.176 	  -39.17 	 
0.182799995	  0.177 	  -38.40 	 
0.182999995	  0.179 	  -37.96 	 
0.183199995	  0.179 	  -37.79 	 
0.183399995	  0.180 	  -37.89 	 
0.183599995	  0.180 	  -38.25 	 
0.183799995	  0.180 	  -38.96 	 
0.183999995	  0.179 	  -40.01 	 
0.184199995	  0.179 	  -41.34 	 
0.184399995	  0.178 	  -42.95 	 
0.184599995	  0.176 	  -44.79 	 
0.184799995	  0.175 	  -46.80 	 
0.184999995	  0.174 	  -48.99 	 
0.185199995	  0.172 	  -51.28 	 
0.185399995	  0.170 	  -53.68 	 
0.185599995	  0.169 	  -56.20 	 
0.185799995	  0.167 	  -58.80 	 
0.185999995	  0.165 	  -61.52 	 
0.186199995	  0.162 	  -64.31 	 
0.186399995	  0.161 	  -67.11 	 
0.186599995	  0.158 	  -69.92 	 
0.186799995	  0.157 	  -72.59 	 
0.186999995	  0.154 	  -75.10 	 
0.187199995	  0.152 	  -77.35 	 
0.187399995	  0.151 	  -79.33 	 
0.187599995	  0.149 	  -81.00 	 
0.187799995	  0.148 	  -82.34 	 
0.187999995	  0.147 	  -83.41 	 
0.188199995	  0.146 	  -84.25 	 
0.188399995	  0.145 	  -84.89 	 
0.188599995	  0.144 	  -85.29 	 
0.188799995	  0.144 	  -85.50 	 
0.188999995	  0.144 	  -85.39 	 
0.189199995	  0.144 	  -84.97 	 
0.189399995	  0.144 	  -84.17 	 
0.189599995	  0.144 	  -83.05 	 
0.189799995	  0.145 	  -81.67 	 
0.189999995	  0.146 	  -80.17 	 
0.190199995	  0.147 	  -78.49 	 
0.190399995	  0.148 	  -76.70 	 
0.190599995	  0.149 	  -74.69 	 
0.190799995	  0.150 	  -72.59 	 
0.190999995	  0.151 	  -70.36 	 
0.191199995	  0.152 	  -68.03 	 
0.191399995	  0.154 	  -65.50 	 
0.191599995	  0.156 	  -62.84 	 
0.191799995	  0.158 	  -60.01 	 
0.191999995	  0.159 	  -57.11 	 
0.192199995	  0.162 	  -54.21 	 
0.192399995	  0.164 	  -51.45 	 
0.192599995	  0.166 	  -48.86 	 
0.192799995	  0.168 	  -46.50 	 
0.192999995	  0.171 	  -44.45 	 
0.193199995	  0.172 	  -42.64 	 
0.193399995	  0.173 	  -41.09 	 
0.193599995	  0.176 	  -39.82 	 
0.193799995	  0.178 	  -38.83 	 
0.193999995	  0.178 	  -38.14 	 
0.194199995	  0.179 	  -37.74 	 
0.194399995	  0.179 	  -37.64 	 
0.194599995	  0.180 	  -37.83 	 
0.194799995	  0.179 	  -38.41 	 
0.194999995	  0.180 	  -39.32 	 
0.195199995	  0.179 	  -40.58 	 
0.195399995	  0.179 	  -42.12 	 
0.195599995	  0.177 	  -43.91 	 
0.195799995	  0.176 	  -45.85 	 
0.195999995	  0.174 	  -47.89 	 
0.196199995	  0.173 	  -50.08 	 
0.196399995	  0.171 	  -52.36 	 
0.196599995	  0.169 	  -54.75 	 
0.196799995	  0.168 	  -57.27 	 
0.196999995	  0.166 	  -59.93 	 
0.197199995	  0.164 	  -62.73 	 
0.197399995	  0.162 	  -65.60 	 
0.197599995	  0.159 	  -68.45 	 
0.197799995	  0.157 	  -71.26 	 
0.197999995	  0.155 	  -73.88 	 
0.198199995	  0.153 	  -76.23 	 
0.198399995	  0.152 	  -78.31 	 
0.198599995	  0.150 	  -80.08 	 
0.198799995	  0.149 	  -81.56 	 
0.198999995	  0.147 	  -82.77 	 
0.199199995	  0.146 	  -83.75 	 
0.199399995	  0.146 	  -84.53 	 
0.199599995	  0.145 	  -85.11 	 
0.199799995	  0.144 	  -85.50 	 
0.199999995	  0.143 	  -85.57 	 
0.200199995	  0.144 	  -85.31 	 
0.200399995	  0.144 	  -84.69 	 
0.200599995	  0.144 	  -83.70 	 
0.200799995	  0.145 	  -82.39 	 
0.200999995	  0.145 	  -80.95 	 
0.201199995	  0.146 	  -79.41 	 
0.201399995	  0.147 	  -77.69 	 
0.201599995	  0.148 	  -75.86 	 
0.201799995	  0.150 	  -73.78 	 
0.201999995	  0.150 	  -71.63 	 
0.202199995	  0.152 	  -69.33 	 
0.202399995	  0.154 	  -66.94 	 
0.202599995	  0.154 	  -64.33 	 
0.202799995	  0.157 	  -61.63 	 
0.202999995	  0.158 	  -58.79 	 
0.203199995	  0.160 	  -55.90 	 
0.203399995	  0.163 	  -53.09 	 
0.203599995	  0.165 	  -50.38 	 
0.203799995	  0.167 	  -47.87 	 
0.203999995	  0.169 	  -45.62 	 
0.204199995	  0.171 	  -43.62 	 
0.204399995	  0.173 	  -41.90 	 
0.204599995	  0.175 	  -40.47 	 
