0.000000000	  0.134 	  -85.46 	 
0.000200000	  0.133 	  -85.08 	 
0.000400000	  0.133 	  -84.41 	 
0.000600000	  0.133 	  -83.41 	 
0.000800000	  0.134 	  -82.22 	 
0.001000000	  0.135 	  -80.83 	 
0.001200000	  0.135 	  -79.31 	 
0.001400000	  0.136 	  -77.57 	 
0.001600000	  0.138 	  -75.78 	 
0.001800000	  0.140 	  -73.78 	 
0.002000000	  0.142 	  -71.76 	 
0.002200000	  0.143 	  -69.62 	 
0.002400000	  0.145 	  -67.32 	 
0.002600000	  0.149 	  -64.92 	 
0.002800000	  0.150 	  -62.27 	 
0.003000000	  0.153 	  -59.61 	 
0.003200000	  0.157 	  -56.78 	 
0.003400000	  0.159 	  -53.98 	 
0.003600000	  0.162 	  -51.08 	 
0.003800000	  0.166 	  -48.21 	 
0.004000000	  0.169 	  -45.86 	 
0.004200000	  0.172 	  -43.61 	 
0.004400000	  0.175 	  -41.85 	 
0.004600000	  0.177 	  -40.24 	 
0.004800000	  0.180 	  -38.98 	 
0.005000000	  0.181 	  -38.16 	 
0.005200000	  0.183 	  -37.61 	 
0.005400000	  0.184 	  -37.61 	 
0.005600000	  0.184 	  -37.84 	 
0.005800000	  0.185 	  -38.49 	 
0.006000000	  0.184 	  -39.46 	 
0.006200000	  0.183 	  -40.71 	 
0.006400000	  0.182 	  -42.17 	 
0.006600000	  0.181 	  -43.75 	 
0.006800000	  0.179 	  -45.46 	 
0.007000000	  0.177 	  -47.15 	 
0.007200000	  0.176 	  -49.10 	 
0.007400000	  0.173 	  -51.19 	 
0.007600000	  0.171 	  -53.46 	 
0.007800000	  0.168 	  -55.98 	 
0.008000000	  0.166 	  -58.62 	 
0.008200000	  0.162 	  -61.51 	 
0.008400000	  0.159 	  -64.43 	 
0.008600000	  0.157 	  -67.38 	 
0.008800000	  0.153 	  -70.29 	 
0.009000000	  0.151 	  -72.97 	 
0.009200000	  0.148 	  -75.46 	 
0.009400000	  0.145 	  -77.61 	 
0.009600000	  0.142 	  -79.44 	 
0.009800000	  0.140 	  -81.00 	 
0.010000000	  0.139 	  -82.30 	 
0.010200000	  0.137 	  -83.39 	 
0.010400000	  0.136 	  -84.25 	 
0.010600000	  0.135 	  -84.95 	 
0.010800000	  0.134 	  -85.35 	 
0.011000000	  0.133 	  -85.52 	 
0.011200000	  0.133 	  -85.35 	 
0.011400000	  0.133 	  -84.84 	 
0.011600000	  0.133 	  -84.03 	 
0.011800000	  0.134 	  -82.92 	 
0.012000000	  0.135 	  -81.60 	 
0.012200000	  0.135 	  -80.11 	 
0.012400000	  0.136 	  -78.44 	 
0.012600000	  0.137 	  -76.70 	 
0.012800000	  0.139 	  -74.78 	 
0.013000000	  0.140 	  -72.80 	 
0.013200000	  0.142 	  -70.80 	 
0.013400000	  0.144 	  -68.63 	 
0.013600000	  0.146 	  -66.30 	 
0.013800000	  0.149 	  -63.79 	 
0.014000000	  0.151 	  -61.10 	 
0.014200000	  0.154 	  -58.34 	 
0.014400000	  0.157 	  -55.46 	 
0.014600000	  0.161 	  -52.63 	 
0.014800000	  0.164 	  -49.63 	 
0.015000000	  0.167 	  -47.04 	 
0.015200000	  0.171 	  -44.74 	 
0.015400000	  0.173 	  -42.72 	 
0.015600000	  0.176 	  -41.13 	 
0.015800000	  0.179 	  -39.63 	 
0.016000000	  0.180 	  -38.68 	 
0.016200000	  0.182 	  -37.95 	 
0.016400000	  0.183 	  -37.69 	 
0.016600000	  0.184 	  -37.79 	 
0.016800000	  0.184 	  -38.16 	 
0.017000000	  0.184 	  -38.95 	 
0.017200000	  0.183 	  -39.96 	 
0.017400000	  0.183 	  -41.28 	 
0.017600000	  0.181 	  -42.74 	 
0.017800000	  0.180 	  -44.37 	 
0.018000000	  0.178 	  -46.10 	 
0.018200000	  0.177 	  -47.92 	 
0.018400000	  0.175 	  -49.99 	 
0.018600000	  0.173 	  -52.19 	 
0.018800000	  0.169 	  -54.62 	 
0.019000000	  0.167 	  -57.25 	 
0.019200000	  0.164 	  -60.02 	 
0.019400000	  0.162 	  -62.94 	 
0.019600000	  0.158 	  -65.84 	 
0.019799999	  0.155 	  -68.71 	 
0.019999999	  0.153 	  -71.44 	 
0.020199999	  0.149 	  -73.97 	 
0.020399999	  0.147 	  -76.25 	 
0.020599999	  0.143 	  -78.23 	 
0.020799999	  0.142 	  -80.01 	 
0.020999999	  0.139 	  -81.48 	 
0.021199999	  0.139 	  -82.79 	 
0.021399999	  0.137 	  -83.88 	 
0.021599999	  0.135 	  -84.73 	 
0.021799999	  0.134 	  -85.34 	 
0.021999999	  0.134 	  -85.60 	 
0.022199999	  0.133 	  -85.57 	 
0.022399999	  0.133 	  -85.17 	 
0.022599999	  0.132 	  -84.49 	 
0.022799999	  0.134 	  -83.49 	 
0.022999999	  0.134 	  -82.28 	 
0.023199999	  0.135 	  -80.90 	 
0.023399999	  0.136 	  -79.46 	 
0.023599999	  0.137 	  -77.83 	 
0.023799999	  0.138 	  -76.10 	 
0.023999999	  0.139 	  -74.15 	 
0.024199999	  0.141 	  -72.13 	 
0.024399999	  0.143 	  -69.96 	 
0.024599999	  0.145 	  -67.60 	 
0.024799999	  0.147 	  -65.14 	 
0.024999999	  0.150 	  -62.49 	 
0.025199999	  0.152 	  -59.78 	 
0.025399999	  0.155 	  -56.93 	 
0.025599999	  0.159 	  -54.14 	 
0.025799999	  0.162 	  -51.30 	 
0.025999999	  0.165 	  -48.47 	 
0.026199999	  0.168 	  -46.15 	 
0.026399999	  0.172 	  -43.93 	 
0.026599999	  0.174 	  -42.16 	 
0.026799999	  0.177 	  -40.58 	 
0.026999999	  0.179 	  -39.27 	 
0.027199999	  0.182 	  -38.41 	 
0.027399999	  0.182 	  -37.77 	 
0.027599999	  0.184 	  -37.68 	 
0.027799999	  0.184 	  -37.81 	 
0.027999999	  0.184 	  -38.38 	 
0.028199999	  0.184 	  -39.28 	 
0.028399999	  0.183 	  -40.50 	 
0.028599999	  0.183 	  -41.96 	 
0.028799999	  0.181 	  -43.55 	 
0.028999999	  0.179 	  -45.29 	 
0.029199999	  0.178 	  -47.04 	 
0.029399999	  0.176 	  -48.98 	 
0.029599999	  0.173 	  -51.06 	 
0.029799999	  0.171 	  -53.29 	 
0.029999999	  0.169 	  -55.78 	 
0.030199999	  0.166 	  -58.41 	 
0.030399999	  0.162 	  -61.26 	 
0.030599999	  0.160 	  -64.16 	 
0.030799999	  0.157 	  -67.09 	 
0.030999999	  0.153 	  -70.01 	 
0.031199999	  0.151 	  -72.68 	 
0.031399999	  0.148 	  -75.17 	 
0.031599999	  0.145 	  -77.34 	 
0.031799999	  0.143 	  -79.20 	 
0.031999999	  0.141 	  -80.81 	 
0.032199999	  0.139 	  -82.12 	 
0.032399999	  0.137 	  -83.25 	 
0.032599999	  0.136 	  -84.16 	 
0.032799999	  0.135 	  -84.87 	 
0.032999999	  0.134 	  -85.30 	 
0.033199999	  0.134 	  -85.48 	 
0.033399999	  0.133 	  -85.34 	 
0.033599999	  0.133 	  -84.89 	 
0.033799999	  0.133 	  -84.12 	 
0.033999999	  0.132 	  -83.07 	 
0.034199999	  0.135 	  -81.78 	 
0.034399999	  0.135 	  -80.35 	 
0.034599999	  0.136 	  -78.83 	 
0.034799999	  0.137 	  -77.05 	 
0.034999999	  0.139 	  -75.26 	 
0.035199999	  0.141 	  -73.18 	 
0.035399999	  0.142 	  -71.10 	 
0.035599999	  0.144 	  -68.85 	 
0.035799999	  0.146 	  -66.46 	 
0.035999999	  0.148 	  -63.99 	 
0.036199999	  0.151 	  -61.28 	 
0.036399999	  0.154 	  -58.59 	 
0.036599999	  0.157 	  -55.74 	 
0.036799999	  0.160 	  -52.99 	 
0.036999999	  0.163 	  -50.08 	 
0.037199999	  0.167 	  -47.41 	 
0.037399999	  0.170 	  -45.15 	 
0.037599999	  0.173 	  -43.06 	 
0.037799999	  0.175 	  -41.44 	 
0.037999999	  0.178 	  -39.88 	 
0.038199999	  0.180 	  -38.79 	 
0.038399999	  0.182 	  -38.06 	 
0.038599999	  0.183 	  -37.64 	 
0.038799999	  0.184 	  -37.68 	 
0.038999999	  0.184 	  -38.03 	 
0.039199999	  0.184 	  -38.82 	 
0.039399999	  0.183 	  -39.85 	 
0.039599999	  0.183 	  -41.21 	 
0.039799999	  0.182 	  -42.72 	 
0.039999999	  0.180 	  -44.38 	 
0.040199999	  0.179 	  -46.09 	 
0.040399999	  0.177 	  -47.82 	 
0.040599999	  0.175 	  -49.85 	 
0.040799999	  0.173 	  -51.96 	 
0.040999999	  0.170 	  -54.29 	 
0.041199999	  0.168 	  -56.86 	 
0.041399999	  0.164 	  -59.58 	 
0.041599999	  0.162 	  -62.51 	 
0.041799999	  0.159 	  -65.46 	 
0.041999999	  0.155 	  -68.45 	 
0.042199999	  0.152 	  -71.30 	 
0.042399999	  0.150 	  -73.89 	 
0.042599999	  0.147 	  -76.27 	 
0.042799999	  0.144 	  -78.24 	 
0.042999999	  0.142 	  -79.99 	 
0.043199999	  0.140 	  -81.42 	 
0.043399999	  0.139 	  -82.62 	 
0.043599999	  0.137 	  -83.62 	 
0.043799999	  0.136 	  -84.43 	 
0.043999999	  0.134 	  -85.04 	 
0.044199999	  0.134 	  -85.38 	 
0.044399999	  0.134 	  -85.50 	 
0.044599999	  0.133 	  -85.24 	 
0.044799999	  0.133 	  -84.67 	 
0.044999999	  0.133 	  -83.76 	 
0.045199999	  0.134 	  -82.56 	 
0.045399999	  0.135 	  -81.16 	 
0.045599999	  0.136 	  -79.65 	 
0.045799999	  0.136 	  -77.94 	 
0.045999999	  0.138 	  -76.17 	 
0.046199999	  0.139 	  -74.22 	 
0.046399999	  0.140 	  -72.21 	 
0.046599999	  0.144 	  -70.14 	 
0.046799999	  0.145 	  -67.86 	 
0.046999999	  0.147 	  -65.51 	 
0.047199999	  0.149 	  -62.88 	 
0.047399999	  0.152 	  -60.20 	 
0.047599999	  0.155 	  -57.36 	 
0.047799999	  0.158 	  -54.52 	 
0.047999999	  0.162 	  -51.66 	 
0.048199999	  0.165 	  -48.73 	 
0.048399999	  0.168 	  -46.30 	 
0.048599999	  0.172 	  -44.04 	 
0.048799999	  0.175 	  -42.20 	 
0.048999999	  0.176 	  -40.63 	 
0.049199999	  0.180 	  -39.28 	 
0.049399999	  0.181 	  -38.44 	 
0.049599999	  0.183 	  -37.83 	 
0.049799999	  0.183 	  -37.73 	 
0.049999999	  0.184 	  -37.90 	 
0.050199999	  0.184 	  -38.49 	 
0.050399999	  0.184 	  -39.39 	 
0.050599999	  0.183 	  -40.53 	 
0.050799999	  0.183 	  -41.93 	 
0.050999999	  0.181 	  -43.40 	 
0.051199999	  0.180 	  -45.09 	 
0.051399999	  0.178 	  -46.78 	 
0.051599999	  0.176 	  -48.62 	 
0.051799999	  0.174 	  -50.70 	 
0.051999999	  0.171 	  -52.92 	 
0.052199999	  0.169 	  -55.37 	 
0.052399999	  0.166 	  -58.02 	 
0.052599999	  0.164 	  -60.88 	 
0.052799999	  0.160 	  -63.85 	 
0.052999999	  0.158 	  -66.79 	 
0.053199999	  0.154 	  -69.72 	 
0.053399999	  0.152 	  -72.43 	 
0.053599999	  0.148 	  -74.89 	 
0.053799999	  0.146 	  -77.09 	 
0.053999999	  0.144 	  -78.94 	 
0.054199999	  0.141 	  -80.55 	 
0.054399999	  0.139 	  -81.88 	 
0.054599999	  0.138 	  -83.08 	 
0.054799999	  0.136 	  -84.02 	 
0.054999999	  0.135 	  -84.80 	 
0.055199999	  0.134 	  -85.31 	 
0.055399999	  0.134 	  -85.55 	 
0.055599999	  0.133 	  -85.44 	 
0.055799999	  0.133 	  -85.00 	 
0.055999999	  0.133 	  -84.25 	 
0.056199999	  0.133 	  -83.15 	 
0.056399999	  0.134 	  -81.86 	 
0.056599999	  0.135 	  -80.41 	 
0.056799999	  0.136 	  -78.84 	 
0.056999999	  0.137 	  -77.12 	 
0.057199999	  0.139 	  -75.27 	 
0.057399999	  0.140 	  -73.31 	 
0.057599999	  0.142 	  -71.31 	 
0.057799999	  0.144 	  -69.18 	 
0.057999999	  0.146 	  -66.87 	 
0.058199999	  0.148 	  -64.38 	 
0.058399999	  0.151 	  -61.72 	 
0.058599999	  0.154 	  -58.96 	 
0.058799999	  0.156 	  -56.09 	 
0.058999999	  0.160 	  -53.26 	 
0.059199999	  0.162 	  -50.31 	 
0.059399998	  0.167 	  -47.59 	 
0.059599998	  0.170 	  -45.33 	 
0.059799998	  0.173 	  -43.19 	 
0.059999998	  0.175 	  -41.58 	 
0.060199998	  0.178 	  -40.03 	 
0.060399998	  0.180 	  -38.93 	 
0.060599998	  0.182 	  -38.16 	 
0.060799998	  0.183 	  -37.75 	 
0.060999998	  0.183 	  -37.74 	 
0.061199998	  0.184 	  -38.05 	 
0.061399998	  0.183 	  -38.75 	 
0.061599998	  0.184 	  -39.70 	 
0.061799998	  0.183 	  -40.99 	 
0.061999998	  0.182 	  -42.46 	 
0.062199998	  0.180 	  -44.08 	 
0.062399998	  0.179 	  -45.79 	 
0.062599998	  0.177 	  -47.59 	 
0.062799998	  0.175 	  -49.60 	 
0.062999998	  0.173 	  -51.75 	 
0.063199998	  0.170 	  -54.09 	 
0.063399998	  0.168 	  -56.68 	 
0.063599998	  0.165 	  -59.38 	 
0.063799998	  0.162 	  -62.29 	 
0.063999998	  0.159 	  -65.19 	 
0.064199998	  0.156 	  -68.08 	 
0.064399998	  0.153 	  -70.88 	 
0.064599998	  0.151 	  -73.44 	 
0.064799998	  0.147 	  -75.79 	 
0.064999998	  0.144 	  -77.85 	 
0.065199998	  0.142 	  -79.65 	 
0.065399998	  0.140 	  -81.16 	 
0.065599998	  0.138 	  -82.45 	 
0.065799998	  0.137 	  -83.57 	 
0.065999998	  0.136 	  -84.44 	 
0.066199998	  0.134 	  -85.09 	 
0.066399998	  0.134 	  -85.44 	 
0.066599998	  0.133 	  -85.49 	 
0.066799998	  0.133 	  -85.19 	 
0.066999998	  0.132 	  -84.62 	 
0.067199998	  0.134 	  -83.67 	 
0.067399998	  0.134 	  -82.52 	 
0.067599998	  0.134 	  -81.17 	 
0.067799998	  0.135 	  -79.72 	 
0.067999998	  0.137 	  -78.10 	 
0.068199998	  0.138 	  -76.37 	 
0.068399998	  0.140 	  -74.48 	 
0.068599998	  0.141 	  -72.48 	 
0.068799998	  0.143 	  -70.40 	 
0.068999998	  0.144 	  -68.13 	 
0.069199998	  0.147 	  -65.73 	 
0.069399998	  0.149 	  -63.11 	 
0.069599998	  0.152 	  -60.42 	 
0.069799998	  0.155 	  -57.60 	 
0.069999998	  0.158 	  -54.78 	 
0.070199998	  0.161 	  -51.97 	 
0.070399998	  0.164 	  -49.03 	 
0.070599998	  0.168 	  -46.61 	 
0.070799998	  0.171 	  -44.39 	 
0.070999998	  0.174 	  -42.48 	 
0.071199998	  0.176 	  -40.91 	 
0.071399998	  0.179 	  -39.49 	 
0.071599998	  0.181 	  -38.54 	 
0.071799998	  0.182 	  -37.84 	 
0.071999998	  0.183 	  -37.62 	 
0.072199998	  0.184 	  -37.70 	 
0.072399998	  0.184 	  -38.18 	 
0.072599998	  0.184 	  -39.05 	 
0.072799998	  0.184 	  -40.16 	 
0.072999998	  0.183 	  -41.58 	 
0.073199998	  0.181 	  -43.09 	 
0.073399998	  0.180 	  -44.83 	 
0.073599998	  0.178 	  -46.58 	 
0.073799998	  0.176 	  -48.46 	 
0.073999998	  0.175 	  -50.53 	 
0.074199998	  0.172 	  -52.74 	 
0.074399998	  0.170 	  -55.17 	 
0.074599998	  0.167 	  -57.78 	 
0.074799998	  0.164 	  -60.57 	 
0.074999998	  0.161 	  -63.51 	 
0.075199998	  0.158 	  -66.41 	 
0.075399998	  0.154 	  -69.32 	 
0.075599998	  0.152 	  -72.03 	 
0.075799998	  0.149 	  -74.55 	 
0.075999998	  0.146 	  -76.81 	 
0.076199998	  0.144 	  -78.73 	 
0.076399998	  0.141 	  -80.38 	 
0.076599998	  0.139 	  -81.76 	 
0.076799998	  0.138 	  -82.96 	 
0.076999998	  0.137 	  -83.93 	 
0.077199998	  0.136 	  -84.71 	 
0.077399998	  0.134 	  -85.22 	 
0.077599998	  0.134 	  -85.48 	 
0.077799998	  0.133 	  -85.41 	 
0.077999998	  0.133 	  -84.97 	 
0.078199998	  0.133 	  -84.27 	 
0.078399998	  0.134 	  -83.24 	 
0.078599998	  0.134 	  -81.99 	 
0.078799998	  0.135 	  -80.59 	 
0.078999998	  0.135 	  -79.06 	 
0.079199998	  0.137 	  -77.31 	 
0.079399998	  0.138 	  -75.48 	 
0.079599998	  0.140 	  -73.51 	 
0.079799998	  0.142 	  -71.50 	 
0.079999998	  0.144 	  -69.33 	 
0.080199998	  0.145 	  -67.03 	 
0.080399998	  0.148 	  -64.56 	 
0.080599998	  0.150 	  -61.94 	 
0.080799998	  0.153 	  -59.22 	 
0.080999998	  0.156 	  -56.37 	 
0.081199998	  0.160 	  -53.55 	 
0.081399998	  0.162 	  -50.64 	 
0.081599998	  0.166 	  -47.87 	 
0.081799998	  0.169 	  -45.55 	 
0.081999998	  0.172 	  -43.38 	 
0.082199998	  0.175 	  -41.72 	 
0.082399998	  0.178 	  -40.16 	 
0.082599998	  0.180 	  -39.00 	 
0.082799998	  0.181 	  -38.21 	 
0.082999998	  0.183 	  -37.78 	 
0.083199998	  0.184 	  -37.79 	 
0.083399998	  0.183 	  -38.06 	 
0.083599998	  0.185 	  -38.73 	 
0.083799998	  0.183 	  -39.66 	 
0.083999998	  0.183 	  -40.88 	 
0.084199998	  0.182 	  -42.28 	 
0.084399998	  0.181 	  -43.86 	 
0.084599998	  0.179 	  -45.54 	 
0.084799998	  0.177 	  -47.30 	 
0.084999998	  0.175 	  -49.28 	 
0.085199998	  0.174 	  -51.40 	 
0.085399998	  0.171 	  -53.72 	 
0.085599998	  0.168 	  -56.30 	 
0.085799998	  0.165 	  -59.01 	 
0.085999998	  0.162 	  -61.92 	 
0.086199998	  0.159 	  -64.86 	 
0.086399998	  0.156 	  -67.79 	 
0.086599998	  0.153 	  -70.62 	 
0.086799998	  0.150 	  -73.21 	 
0.086999998	  0.147 	  -75.59 	 
0.087199998	  0.145 	  -77.65 	 
0.087399998	  0.142 	  -79.45 	 
0.087599998	  0.141 	  -80.97 	 
0.087799998	  0.139 	  -82.30 	 
0.087999998	  0.137 	  -83.38 	 
0.088199998	  0.135 	  -84.32 	 
0.088399998	  0.135 	  -85.01 	 
0.088599998	  0.134 	  -85.42 	 
0.088799998	  0.134 	  -85.54 	 
0.088999998	  0.133 	  -85.33 	 
0.089199998	  0.134 	  -84.76 	 
0.089399998	  0.133 	  -83.88 	 
0.089599998	  0.134 	  -82.73 	 
0.089799998	  0.134 	  -81.38 	 
0.089999998	  0.135 	  -79.91 	 
0.090199998	  0.136 	  -78.28 	 
0.090399998	  0.138 	  -76.56 	 
0.090599998	  0.139 	  -74.67 	 
0.090799998	  0.140 	  -72.72 	 
0.090999998	  0.142 	  -70.66 	 
0.091199998	  0.144 	  -68.42 	 
0.091399998	  0.146 	  -66.06 	 
0.091599998	  0.150 	  -63.46 	 
0.091799998	  0.151 	  -60.79 	 
0.091999998	  0.155 	  -57.96 	 
0.092199998	  0.158 	  -55.08 	 
0.092399998	  0.161 	  -52.27 	 
0.092599998	  0.164 	  -49.28 	 
0.092799998	  0.168 	  -46.76 	 
0.092999998	  0.171 	  -44.50 	 
0.093199998	  0.174 	  -42.57 	 
0.093399998	  0.176 	  -41.00 	 
0.093599998	  0.178 	  -39.56 	 
0.093799998	  0.181 	  -38.64 	 
0.093999998	  0.183 	  -37.95 	 
0.094199998	  0.183 	  -37.72 	 
0.094399998	  0.184 	  -37.82 	 
0.094599998	  0.184 	  -38.25 	 
0.094799998	  0.184 	  -39.10 	 
0.094999998	  0.182 	  -40.16 	 
0.095199998	  0.183 	  -41.56 	 
0.095399998	  0.182 	  -43.05 	 
0.095599998	  0.180 	  -44.70 	 
0.095799998	  0.178 	  -46.44 	 
0.095999998	  0.176 	  -48.27 	 
0.096199998	  0.174 	  -50.33 	 
0.096399998	  0.172 	  -52.50 	 
0.096599998	  0.169 	  -54.91 	 
0.096799998	  0.167 	  -57.49 	 
0.096999998	  0.165 	  -60.25 	 
0.097199998	  0.160 	  -63.17 	 
0.097399998	  0.158 	  -66.08 	 
0.097599998	  0.155 	  -69.02 	 
0.097799998	  0.152 	  -71.77 	 
0.097999998	  0.149 	  -74.35 	 
0.098199998	  0.146 	  -76.64 	 
0.098399998	  0.143 	  -78.60 	 
0.098599998	  0.142 	  -80.31 	 
0.098799998	  0.139 	  -81.73 	 
0.098999997	  0.138 	  -82.94 	 
0.099199997	  0.137 	  -83.91 	 
0.099399997	  0.136 	  -84.69 	 
0.099599997	  0.134 	  -85.23 	 
0.099799997	  0.134 	  -85.46 	 
0.099999997	  0.133 	  -85.41 	 
0.100199997	  0.133 	  -85.01 	 
0.100399997	  0.133 	  -84.34 	 
0.100599997	  0.134 	  -83.35 	 
0.100799997	  0.134 	  -82.16 	 
0.100999997	  0.135 	  -80.79 	 
0.101199997	  0.135 	  -79.29 	 
0.101399997	  0.137 	  -77.59 	 
0.101599997	  0.138 	  -75.86 	 
0.101799997	  0.139 	  -73.90 	 
0.101999997	  0.142 	  -71.84 	 
0.102199997	  0.143 	  -69.65 	 
0.102399997	  0.145 	  -67.29 	 
0.102599997	  0.147 	  -64.85 	 
0.102799997	  0.150 	  -62.20 	 
0.102999997	  0.152 	  -59.52 	 
0.103199997	  0.156 	  -56.68 	 
0.103399997	  0.159 	  -53.90 	 
0.103599997	  0.162 	  -51.05 	 
0.103799997	  0.165 	  -48.24 	 
0.103999997	  0.168 	  -45.92 	 
0.104199997	  0.172 	  -43.73 	 
0.104399997	  0.175 	  -41.99 	 
0.104599997	  0.177 	  -40.39 	 
0.104799997	  0.180 	  -39.14 	 
0.104999997	  0.182 	  -38.30 	 
0.105199997	  0.183 	  -37.73 	 
0.105399997	  0.183 	  -37.67 	 
0.105599997	  0.184 	  -37.86 	 
0.105799997	  0.184 	  -38.50 	 
0.105999997	  0.183 	  -39.44 	 
0.106199997	  0.183 	  -40.71 	 
0.106399997	  0.183 	  -42.18 	 
0.106599997	  0.181 	  -43.78 	 
0.106799997	  0.179 	  -45.53 	 
0.106999997	  0.177 	  -47.25 	 
0.107199997	  0.176 	  -49.19 	 
0.107399997	  0.173 	  -51.27 	 
0.107599997	  0.171 	  -53.53 	 
0.107799997	  0.168 	  -56.03 	 
0.107999997	  0.166 	  -58.66 	 
0.108199997	  0.163 	  -61.53 	 
0.108399997	  0.160 	  -64.42 	 
0.108599997	  0.157 	  -67.33 	 
0.108799997	  0.154 	  -70.27 	 
0.108999997	  0.150 	  -72.92 	 
0.109199997	  0.148 	  -75.38 	 
0.109399997	  0.145 	  -77.51 	 
0.109599997	  0.143 	  -79.38 	 
0.109799997	  0.140 	  -80.94 	 
0.109999997	  0.139 	  -82.26 	 
0.110199997	  0.137 	  -83.38 	 
0.110399997	  0.136 	  -84.26 	 
0.110599997	  0.135 	  -84.97 	 
0.110799997	  0.134 	  -85.35 	 
0.110999997	  0.133 	  -85.50 	 
0.111199997	  0.133 	  -85.28 	 
0.111399997	  0.133 	  -84.76 	 
0.111599997	  0.133 	  -83.94 	 
0.111799997	  0.134 	  -82.83 	 
0.111999997	  0.134 	  -81.53 	 
0.112199997	  0.135 	  -80.09 	 
0.112399997	  0.136 	  -78.46 	 
0.112599997	  0.138 	  -76.71 	 
0.112799997	  0.139 	  -74.81 	 
0.112999997	  0.140 	  -72.86 	 
0.113199997	  0.143 	  -70.83 	 
0.113399997	  0.144 	  -68.63 	 
0.113599997	  0.146 	  -66.29 	 
0.113799997	  0.149 	  -63.76 	 
0.113999997	  0.151 	  -61.09 	 
0.114199997	  0.154 	  -58.32 	 
0.114399997	  0.157 	  -55.46 	 
0.114599997	  0.160 	  -52.67 	 
0.114799997	  0.163 	  -49.69 	 
0.114999997	  0.167 	  -47.06 	 
0.115199997	  0.170 	  -44.78 	 
0.115399997	  0.173 	  -42.74 	 
0.115599997	  0.176 	  -41.18 	 
0.115799997	  0.178 	  -39.66 	 
0.115999997	  0.180 	  -38.67 	 
0.116199997	  0.182 	  -37.94 	 
0.116399997	  0.183 	  -37.64 	 
0.116599997	  0.184 	  -37.72 	 
0.116799997	  0.184 	  -38.12 	 
0.116999997	  0.184 	  -38.94 	 
0.117199997	  0.183 	  -40.00 	 
0.117399997	  0.182 	  -41.37 	 
0.117599997	  0.181 	  -42.88 	 
0.117799997	  0.180 	  -44.53 	 
0.117999997	  0.178 	  -46.25 	 
0.118199997	  0.176 	  -48.04 	 
0.118399997	  0.174 	  -50.08 	 
0.118599997	  0.172 	  -52.21 	 
0.118799997	  0.170 	  -54.60 	 
0.118999997	  0.168 	  -57.17 	 
0.119199997	  0.164 	  -59.93 	 
0.119399997	  0.162 	  -62.82 	 
0.119599997	  0.158 	  -65.75 	 
0.119799997	  0.155 	  -68.70 	 
0.119999997	  0.152 	  -71.46 	 
0.120199997	  0.149 	  -74.03 	 
0.120399997	  0.146 	  -76.34 	 
0.120599997	  0.144 	  -78.33 	 
0.120799997	  0.142 	  -80.07 	 
0.120999997	  0.140 	  -81.49 	 
0.121199997	  0.137 	  -82.76 	 
0.121399997	  0.136 	  -83.78 	 
0.121599997	  0.136 	  -84.61 	 
0.121799997	  0.134 	  -85.17 	 
0.121999997	  0.133 	  -85.46 	 
0.122199997	  0.133 	  -85.46 	 
0.122399997	  0.133 	  -85.11 	 
0.122599997	  0.132 	  -84.48 	 
0.122799997	  0.133 	  -83.51 	 
0.122999997	  0.133 	  -82.32 	 
0.123199997	  0.135 	  -80.95 	 
0.123399997	  0.135 	  -79.46 	 
0.123599997	  0.136 	  -77.76 	 
0.123799997	  0.138 	  -75.98 	 
0.123999997	  0.139 	  -73.97 	 
0.124199997	  0.141 	  -71.91 	 
0.124399997	  0.143 	  -69.78 	 
0.124599997	  0.145 	  -67.48 	 
0.124799997	  0.147 	  -65.10 	 
0.124999997	  0.150 	  -62.48 	 
0.125199997	  0.153 	  -59.84 	 
0.125399997	  0.155 	  -57.04 	 
0.125599997	  0.158 	  -54.24 	 
0.125799997	  0.162 	  -51.42 	 
0.125999997	  0.165 	  -48.53 	 
0.126199997	  0.169 	  -46.14 	 
0.126399997	  0.172 	  -43.90 	 
0.126599997	  0.174 	  -42.09 	 
0.126799997	  0.177 	  -40.49 	 
0.126999997	  0.179 	  -39.18 	 
0.127199997	  0.181 	  -38.33 	 
0.127399997	  0.183 	  -37.75 	 
0.127599997	  0.183 	  -37.70 	 
0.127799997	  0.184 	  -37.92 	 
0.127999997	  0.183 	  -38.55 	 
0.128199997	  0.183 	  -39.46 	 
0.128399997	  0.183 	  -40.64 	 
0.128599997	  0.183 	  -42.04 	 
0.128799997	  0.181 	  -43.58 	 
0.128999997	  0.179 	  -45.26 	 
0.129199997	  0.177 	  -46.94 	 
0.129399997	  0.176 	  -48.85 	 
0.129599997	  0.174 	  -50.93 	 
0.129799997	  0.172 	  -53.20 	 
0.129999997	  0.169 	  -55.70 	 
0.130199997	  0.165 	  -58.35 	 
0.130399997	  0.163 	  -61.24 	 
0.130599997	  0.160 	  -64.21 	 
0.130799997	  0.157 	  -67.18 	 
0.130999997	  0.154 	  -70.07 	 
0.131199997	  0.151 	  -72.71 	 
0.131399997	  0.148 	  -75.14 	 
0.131599997	  0.145 	  -77.26 	 
0.131799997	  0.143 	  -79.10 	 
0.131999997	  0.140 	  -80.67 	 
0.132199997	  0.139 	  -81.99 	 
0.132399997	  0.138 	  -83.16 	 
0.132599997	  0.136 	  -84.13 	 
0.132799997	  0.135 	  -84.87 	 
0.132999997	  0.134 	  -85.34 	 
0.133199997	  0.133 	  -85.53 	 
0.133399997	  0.133 	  -85.38 	 
0.133599997	  0.134 	  -84.88 	 
0.133799997	  0.133 	  -84.10 	 
0.133999997	  0.134 	  -82.99 	 
0.134199997	  0.134 	  -81.69 	 
0.134399997	  0.135 	  -80.24 	 
0.134599997	  0.136 	  -78.69 	 
0.134799997	  0.138 	  -76.95 	 
0.134999997	  0.138 	  -75.11 	 
0.135199997	  0.140 	  -73.15 	 
0.135399997	  0.142 	  -71.15 	 
0.135599997	  0.144 	  -68.96 	 
0.135799997	  0.146 	  -66.65 	 
0.135999997	  0.148 	  -64.14 	 
0.136199997	  0.151 	  -61.45 	 
0.136399997	  0.154 	  -58.67 	 
0.136599997	  0.157 	  -55.80 	 
0.136799997	  0.160 	  -52.98 	 
0.136999997	  0.163 	  -50.00 	 
0.137199997	  0.167 	  -47.35 	 
0.137399997	  0.170 	  -45.09 	 
0.137599997	  0.173 	  -43.04 	 
0.137799997	  0.176 	  -41.43 	 
0.137999997	  0.178 	  -39.89 	 
0.138199997	  0.181 	  -38.85 	 
0.138399997	  0.182 	  -38.12 	 
0.138599996	  0.183 	  -37.73 	 
0.138799996	  0.183 	  -37.76 	 
0.138999996	  0.184 	  -38.04 	 
0.139199996	  0.184 	  -38.84 	 
0.139399996	  0.183 	  -39.85 	 
0.139599996	  0.183 	  -41.21 	 
0.139799996	  0.182 	  -42.70 	 
0.139999996	  0.181 	  -44.34 	 
0.140199996	  0.179 	  -46.09 	 
0.140399996	  0.176 	  -47.87 	 
0.140599996	  0.175 	  -49.90 	 
0.140799996	  0.173 	  -52.05 	 
0.140999996	  0.170 	  -54.38 	 
0.141199996	  0.167 	  -56.94 	 
0.141399996	  0.165 	  -59.64 	 
0.141599996	  0.161 	  -62.53 	 
0.141799996	  0.158 	  -65.43 	 
0.141999996	  0.155 	  -68.37 	 
0.142199996	  0.153 	  -71.21 	 
0.142399996	  0.150 	  -73.82 	 
0.142599996	  0.146 	  -76.22 	 
0.142799996	  0.144 	  -78.28 	 
0.142999996	  0.142 	  -80.07 	 
0.143199996	  0.139 	  -81.52 	 
0.143399996	  0.138 	  -82.75 	 
0.143599996	  0.137 	  -83.76 	 
0.143799996	  0.135 	  -84.51 	 
0.143999996	  0.134 	  -85.06 	 
0.144199996	  0.134 	  -85.35 	 
0.144399996	  0.133 	  -85.41 	 
0.144599996	  0.133 	  -85.12 	 
0.144799996	  0.133 	  -84.56 	 
0.144999996	  0.134 	  -83.68 	 
0.145199996	  0.134 	  -82.56 	 
0.145399996	  0.135 	  -81.22 	 
0.145599996	  0.135 	  -79.73 	 
0.145799996	  0.137 	  -78.03 	 
0.145999996	  0.138 	  -76.24 	 
0.146199996	  0.139 	  -74.26 	 
0.146399996	  0.141 	  -72.20 	 
0.146599996	  0.143 	  -70.07 	 
0.146799996	  0.145 	  -67.77 	 
0.146999996	  0.147 	  -65.43 	 
0.147199996	  0.150 	  -62.84 	 
0.147399996	  0.152 	  -60.20 	 
0.147599996	  0.155 	  -57.43 	 
0.147799996	  0.158 	  -54.61 	 
0.147999996	  0.161 	  -51.80 	 
0.148199996	  0.165 	  -48.86 	 
0.148399996	  0.168 	  -46.44 	 
0.148599996	  0.171 	  -44.17 	 
0.148799996	  0.174 	  -42.33 	 
0.148999996	  0.177 	  -40.73 	 
0.149199996	  0.179 	  -39.34 	 
0.149399996	  0.181 	  -38.49 	 
0.149599996	  0.183 	  -37.86 	 
0.149799996	  0.183 	  -37.80 	 
0.149999996	  0.183 	  -37.99 	 
0.150199996	  0.183 	  -38.52 	 
0.150399996	  0.183 	  -39.38 	 
0.150599996	  0.183 	  -40.48 	 
0.150799996	  0.182 	  -41.83 	 
0.150999996	  0.181 	  -43.31 	 
0.151199996	  0.180 	  -44.98 	 
0.151399996	  0.178 	  -46.66 	 
0.151599996	  0.176 	  -48.56 	 
0.151799996	  0.174 	  -50.70 	 
0.151999996	  0.172 	  -52.95 	 
0.152199996	  0.169 	  -55.48 	 
0.152399996	  0.166 	  -58.17 	 
0.152599996	  0.163 	  -61.04 	 
0.152799996	  0.160 	  -63.99 	 
0.152999996	  0.158 	  -66.91 	 
0.153199996	  0.154 	  -69.82 	 
0.153399996	  0.151 	  -72.43 	 
0.153599996	  0.147 	  -74.89 	 
0.153799996	  0.145 	  -77.04 	 
0.153999996	  0.143 	  -78.93 	 
0.154199996	  0.141 	  -80.59 	 
0.154399996	  0.139 	  -81.94 	 
0.154599996	  0.137 	  -83.17 	 
0.154799996	  0.136 	  -84.17 	 
0.154999996	  0.135 	  -84.99 	 
0.155199996	  0.134 	  -85.46 	 
0.155399996	  0.133 	  -85.71 	 
0.155599996	  0.133 	  -85.54 	 
0.155799996	  0.132 	  -85.08 	 
0.155999996	  0.134 	  -84.28 	 
0.156199996	  0.133 	  -83.16 	 
0.156399996	  0.134 	  -81.86 	 
0.156599996	  0.134 	  -80.45 	 
0.156799996	  0.136 	  -78.93 	 
0.156999996	  0.136 	  -77.25 	 
0.157199996	  0.138 	  -75.44 	 
0.157399996	  0.140 	  -73.51 	 
0.157599996	  0.142 	  -71.52 	 
0.157799996	  0.143 	  -69.31 	 
0.157999996	  0.145 	  -66.95 	 
0.158199996	  0.148 	  -64.40 	 
0.158399996	  0.151 	  -61.70 	 
0.158599996	  0.154 	  -58.94 	 
0.158799996	  0.156 	  -56.07 	 
0.158999996	  0.160 	  -53.24 	 
0.159199996	  0.163 	  -50.32 	 
0.159399996	  0.166 	  -47.60 	 
0.159599996	  0.170 	  -45.36 	 
0.159799996	  0.172 	  -43.24 	 
0.159999996	  0.175 	  -41.65 	 
0.160199996	  0.178 	  -40.09 	 
0.160399996	  0.180 	  -39.00 	 
0.160599996	  0.181 	  -38.23 	 
0.160799996	  0.183 	  -37.80 	 
0.160999996	  0.183 	  -37.81 	 
0.161199996	  0.183 	  -38.09 	 
0.161399996	  0.183 	  -38.82 	 
0.161599996	  0.183 	  -39.79 	 
0.161799996	  0.183 	  -41.10 	 
0.161999996	  0.182 	  -42.53 	 
0.162199996	  0.181 	  -44.18 	 
0.162399996	  0.178 	  -45.90 	 
0.162599996	  0.177 	  -47.69 	 
0.162799996	  0.175 	  -49.68 	 
0.162999996	  0.172 	  -51.82 	 
0.163199996	  0.170 	  -54.14 	 
0.163399996	  0.168 	  -56.72 	 
0.163599996	  0.164 	  -59.42 	 
0.163799996	  0.162 	  -62.31 	 
0.163999996	  0.159 	  -65.21 	 
0.164199996	  0.155 	  -68.14 	 
0.164399996	  0.153 	  -70.97 	 
0.164599996	  0.150 	  -73.58 	 
0.164799996	  0.147 	  -75.97 	 
0.164999996	  0.144 	  -78.03 	 
0.165199996	  0.142 	  -79.83 	 
0.165399996	  0.140 	  -81.32 	 
0.165599996	  0.139 	  -82.59 	 
0.165799996	  0.136 	  -83.66 	 
0.165999996	  0.135 	  -84.52 	 
0.166199996	  0.135 	  -85.16 	 
0.166399996	  0.134 	  -85.52 	 
0.166599996	  0.133 	  -85.61 	 
0.166799996	  0.133 	  -85.37 	 
0.166999996	  0.133 	  -84.77 	 
0.167199996	  0.133 	  -83.86 	 
0.167399996	  0.134 	  -82.72 	 
0.167599996	  0.134 	  -81.38 	 
0.167799996	  0.135 	  -79.86 	 
0.167999996	  0.136 	  -78.19 	 
0.168199996	  0.138 	  -76.45 	 
0.168399996	  0.139 	  -74.53 	 
0.168599996	  0.141 	  -72.56 	 
0.168799996	  0.142 	  -70.49 	 
0.168999996	  0.144 	  -68.27 	 
0.169199996	  0.147 	  -65.91 	 
0.169399996	  0.149 	  -63.30 	 
0.169599996	  0.152 	  -60.63 	 
0.169799996	  0.155 	  -57.76 	 
0.169999996	  0.158 	  -54.89 	 
0.170199996	  0.161 	  -52.06 	 
0.170399996	  0.164 	  -49.10 	 
0.170599996	  0.167 	  -46.64 	 
0.170799996	  0.171 	  -44.40 	 
0.170999996	  0.174 	  -42.49 	 
0.171199996	  0.176 	  -40.93 	 
0.171399996	  0.179 	  -39.52 	 
0.171599996	  0.181 	  -38.61 	 
0.171799996	  0.182 	  -37.92 	 
0.171999996	  0.183 	  -37.72 	 
0.172199996	  0.184 	  -37.83 	 
0.172399996	  0.183 	  -38.30 	 
0.172599996	  0.184 	  -39.17 	 
0.172799996	  0.183 	  -40.26 	 
0.172999996	  0.182 	  -41.66 	 
0.173199996	  0.181 	  -43.16 	 
0.173399996	  0.180 	  -44.85 	 
0.173599996	  0.178 	  -46.58 	 
0.173799996	  0.176 	  -48.47 	 
0.173999996	  0.175 	  -50.56 	 
0.174199996	  0.172 	  -52.79 	 
0.174399996	  0.169 	  -55.26 	 
0.174599996	  0.166 	  -57.89 	 
0.174799996	  0.164 	  -60.70 	 
0.174999996	  0.160 	  -63.63 	 
0.175199996	  0.158 	  -66.51 	 
0.175399996	  0.154 	  -69.43 	 
0.175599996	  0.152 	  -72.13 	 
0.175799996	  0.148 	  -74.65 	 
0.175999996	  0.145 	  -76.85 	 
0.176199996	  0.143 	  -78.79 	 
0.176399996	  0.141 	  -80.47 	 
0.176599996	  0.139 	  -81.85 	 
0.176799996	  0.138 	  -83.07 	 
0.176999996	  0.136 	  -84.05 	 
0.177199996	  0.135 	  -84.87 	 
0.177399996	  0.134 	  -85.38 	 
0.177599996	  0.134 	  -85.61 	 
0.177799996	  0.133 	  -85.52 	 
0.177999996	  0.132 	  -85.09 	 
0.178199995	  0.133 	  -84.38 	 
0.178399995	  0.133 	  -83.31 	 
0.178599995	  0.134 	  -82.10 	 
0.178799995	  0.135 	  -80.68 	 
0.178999995	  0.136 	  -79.17 	 
0.179199995	  0.137 	  -77.46 	 
0.179399995	  0.138 	  -75.70 	 
0.179599995	  0.140 	  -73.68 	 
0.179799995	  0.141 	  -71.59 	 
0.179999995	  0.143 	  -69.37 	 
0.180199995	  0.145 	  -66.95 	 
0.180399995	  0.148 	  -64.51 	 
0.180599995	  0.150 	  -61.83 	 
0.180799995	  0.153 	  -59.17 	 
0.180999995	  0.156 	  -56.33 	 
0.181199995	  0.159 	  -53.59 	 
0.181399995	  0.162 	  -50.72 	 
0.181599995	  0.166 	  -47.94 	 
0.181799995	  0.169 	  -45.68 	 
0.181999995	  0.172 	  -43.50 	 
0.182199995	  0.176 	  -41.83 	 
0.182399995	  0.177 	  -40.24 	 
0.182599995	  0.180 	  -39.01 	 
0.182799995	  0.181 	  -38.22 	 
0.182999995	  0.182 	  -37.66 	 
0.183199995	  0.183 	  -37.65 	 
0.183399995	  0.184 	  -37.89 	 
0.183599995	  0.184 	  -38.59 	 
0.183799995	  0.184 	  -39.58 	 
0.183999995	  0.183 	  -40.88 	 
0.184199995	  0.182 	  -42.35 	 
0.184399995	  0.180 	  -43.94 	 
0.184599995	  0.179 	  -45.68 	 
0.184799995	  0.177 	  -47.43 	 
0.184999995	  0.175 	  -49.38 	 
0.185199995	  0.173 	  -51.48 	 
0.185399995	  0.171 	  -53.75 	 
0.185599995	  0.168 	  -56.27 	 
0.185799995	  0.165 	  -58.94 	 
0.185999995	  0.162 	  -61.85 	 
0.186199995	  0.159 	  -64.81 	 
0.186399995	  0.156 	  -67.79 	 
0.186599995	  0.153 	  -70.67 	 
0.186799995	  0.150 	  -73.32 	 
0.186999995	  0.147 	  -75.75 	 
0.187199995	  0.144 	  -77.83 	 
0.187399995	  0.142 	  -79.64 	 
0.187599995	  0.140 	  -81.15 	 
0.187799995	  0.138 	  -82.41 	 
0.187999995	  0.137 	  -83.47 	 
0.188199995	  0.136 	  -84.34 	 
0.188399995	  0.135 	  -84.99 	 
0.188599995	  0.134 	  -85.39 	 
0.188799995	  0.134 	  -85.53 	 
0.188999995	  0.133 	  -85.33 	 
0.189199995	  0.133 	  -84.82 	 
0.189399995	  0.134 	  -84.00 	 
0.189599995	  0.133 	  -82.87 	 
0.189799995	  0.134 	  -81.56 	 
0.189999995	  0.135 	  -80.08 	 
0.190199995	  0.136 	  -78.41 	 
0.190399995	  0.137 	  -76.63 	 
0.190599995	  0.139 	  -74.70 	 
0.190799995	  0.140 	  -72.67 	 
0.190999995	  0.143 	  -70.59 	 
0.191199995	  0.144 	  -68.36 	 
0.191399995	  0.147 	  -66.00 	 
0.191599995	  0.149 	  -63.43 	 
0.191799995	  0.151 	  -60.79 	 
0.191999995	  0.155 	  -57.98 	 
0.192199995	  0.158 	  -55.12 	 
0.192399995	  0.161 	  -52.32 	 
0.192599995	  0.164 	  -49.36 	 
0.192799995	  0.167 	  -46.84 	 
0.192999995	  0.171 	  -44.56 	 
0.193199995	  0.173 	  -42.60 	 
0.193399995	  0.176 	  -41.04 	 
0.193599995	  0.179 	  -39.55 	 
0.193799995	  0.181 	  -38.60 	 
0.193999995	  0.183 	  -37.90 	 
0.194199995	  0.183 	  -37.69 	 
0.194399995	  0.184 	  -37.76 	 
0.194599995	  0.185 	  -38.23 	 
0.194799995	  0.184 	  -39.05 	 
0.194999995	  0.183 	  -40.10 	 
0.195199995	  0.183 	  -41.50 	 
0.195399995	  0.181 	  -42.96 	 
0.195599995	  0.180 	  -44.61 	 
0.195799995	  0.179 	  -46.35 	 
0.195999995	  0.177 	  -48.17 	 
0.196199995	  0.175 	  -50.26 	 
0.196399995	  0.172 	  -52.46 	 
0.196599995	  0.170 	  -54.91 	 
0.196799995	  0.167 	  -57.52 	 
0.196999995	  0.164 	  -60.32 	 
0.197199995	  0.161 	  -63.26 	 
0.197399995	  0.158 	  -66.17 	 
0.197599995	  0.155 	  -69.12 	 
0.197799995	  0.152 	  -71.82 	 
0.197999995	  0.148 	  -74.35 	 
0.198199995	  0.146 	  -76.62 	 
0.198399995	  0.144 	  -78.56 	 
0.198599995	  0.142 	  -80.24 	 
0.198799995	  0.139 	  -81.65 	 
0.198999995	  0.137 	  -82.91 	 
0.199199995	  0.137 	  -83.91 	 
0.199399995	  0.135 	  -84.73 	 
0.199599995	  0.135 	  -85.28 	 
0.199799995	  0.134 	  -85.54 	 
0.199999995	  0.134 	  -85.51 	 
0.200199995	  0.133 	  -85.13 	 
0.200399995	  0.133 	  -84.43 	 
0.200599995	  0.133 	  -83.44 	 
0.200799995	  0.134 	  -82.22 	 
0.200999995	  0.134 	  -80.81 	 
0.201199995	  0.136 	  -79.34 	 
0.201399995	  0.137 	  -77.63 	 
0.201599995	  0.137 	  -75.90 	 
0.201799995	  0.139 	  -73.93 	 
0.201999995	  0.140 	  -71.89 	 
0.202199995	  0.143 	  -69.70 	 
0.202399995	  0.145 	  -67.32 	 
0.202599995	  0.147 	  -64.86 	 
0.202799995	  0.150 	  -62.18 	 
0.202999995	  0.152 	  -59.51 	 
0.203199995	  0.157 	  -56.67 	 
0.203399995	  0.159 	  -53.87 	 
0.203599995	  0.162 	  -51.03 	 
0.203799995	  0.166 	  -48.21 	 
0.203999995	  0.169 	  -45.90 	 
0.204199995	  0.171 	  -43.71 	 
0.204399995	  0.175 	  -42.00 	 
0.204599995	  0.177 	  -40.40 	 
