0.000000000	 -0.545 	  -62.28 	 
0.016600000	 -0.542 	  -59.75 	 
0.033199999	 -0.539 	  -57.32 	 
0.049799999	 -0.536 	  -54.84 	 
0.066399999	 -0.532 	  -52.50 	 
0.082999999	 -0.529 	  -50.21 	 
0.099599998	 -0.526 	  -48.12 	 
0.116199998	 -0.523 	  -46.12 	 
0.132799998	 -0.521 	  -44.32 	 
0.149399998	 -0.518 	  -42.68 	 
0.165999997	 -0.515 	  -41.23 	 
0.182599997	 -0.513 	  -40.02 	 
0.199199997	 -0.512 	  -39.06 	 
0.215799997	 -0.509 	  -38.34 	 
0.232399996	 -0.508 	  -37.90 	 
0.248999996	 -0.508 	  -37.64 	 
0.265599996	 -0.507 	  -37.65 	 
0.282199996	 -0.506 	  -37.95 	 
0.298799995	 -0.507 	  -38.54 	 
0.315399995	 -0.507 	  -39.35 	 
0.331999995	 -0.508 	  -40.39 	 
0.348599995	 -0.510 	  -41.69 	 
0.365199994	 -0.511 	  -43.19 	 
0.381799994	 -0.513 	  -44.88 	 
0.398399994	 -0.515 	  -46.78 	 
0.414999994	 -0.517 	  -48.82 	 
0.431599993	 -0.520 	  -51.01 	 
0.448199993	 -0.523 	  -53.28 	 
0.464799993	 -0.525 	  -55.70 	 
0.481399992	 -0.529 	  -58.12 	 
0.497999992	 -0.532 	  -60.64 	 
0.514599992	 -0.535 	  -63.10 	 
0.531199992	 -0.539 	  -65.60 	 
0.547799991	 -0.542 	  -68.01 	 
0.564399991	 -0.545 	  -70.42 	 
0.580999991	 -0.547 	  -72.61 	 
0.597599991	 -0.550 	  -74.87 	 
0.614199990	 -0.552 	  -76.80 	 
0.630799990	 -0.555 	  -78.67 	 
0.647399990	 -0.557 	  -80.32 	 
0.663999990	 -0.559 	  -81.78 	 
0.680599989	 -0.560 	  -82.98 	 
0.697199989	 -0.562 	  -84.04 	 
0.713799989	 -0.563 	  -84.77 	 
0.730399989	 -0.565 	  -85.27 	 
0.746999988	 -0.565 	  -85.53 	 
0.763599988	 -0.565 	  -85.51 	 
0.780199988	 -0.565 	  -85.26 	 
0.796799988	 -0.565 	  -84.73 	 
0.813399987	 -0.564 	  -83.98 	 
0.829999987	 -0.564 	  -82.94 	 
0.846599987	 -0.562 	  -81.68 	 
0.863199987	 -0.561 	  -80.20 	 
0.879799986	 -0.560 	  -78.51 	 
0.896399986	 -0.559 	  -76.68 	 
0.912999986	 -0.557 	  -74.64 	 
0.929599985	 -0.555 	  -72.46 	 
0.946199985	 -0.554 	  -70.18 	 
0.962799985	 -0.551 	  -67.79 	 
0.979399985	 -0.548 	  -65.34 	 
0.995999984	 -0.546 	  -62.86 	 
1.012599984	 -0.543 	  -60.38 	 
1.029199984	 -0.540 	  -57.90 	 
1.045799984	 -0.536 	  -55.43 	 
1.062399983	 -0.533 	  -53.03 	 
1.078999983	 -0.531 	  -50.74 	 
1.095599983	 -0.528 	  -48.62 	 
1.112199983	 -0.524 	  -46.61 	 
1.128799982	 -0.521 	  -44.74 	 
1.145399982	 -0.519 	  -43.05 	 
1.161999982	 -0.516 	  -41.59 	 
1.178599982	 -0.513 	  -40.28 	 
1.195199981	 -0.512 	  -39.32 	 
1.211799981	 -0.510 	  -38.50 	 
1.228399981	 -0.509 	  -38.01 	 
1.244999981	 -0.508 	  -37.70 	 
1.261599980	 -0.507 	  -37.68 	 
1.278199980	 -0.507 	  -37.90 	 
1.294799980	 -0.508 	  -38.41 	 
1.311399980	 -0.508 	  -39.17 	 
1.327999979	 -0.509 	  -40.16 	 
1.344599979	 -0.510 	  -41.37 	 
1.361199979	 -0.511 	  -42.81 	 
1.377799978	 -0.513 	  -44.45 	 
1.394399978	 -0.515 	  -46.34 	 
1.410999978	 -0.517 	  -48.34 	 
1.427599978	 -0.520 	  -50.50 	 
1.444199977	 -0.523 	  -52.72 	 
1.460799977	 -0.525 	  -55.10 	 
1.477399977	 -0.529 	  -57.54 	 
1.493999977	 -0.531 	  -60.02 	 
1.510599976	 -0.534 	  -62.55 	 
1.527199976	 -0.538 	  -65.03 	 
1.543799976	 -0.541 	  -67.43 	 
1.560399976	 -0.544 	  -69.83 	 
1.576999975	 -0.547 	  -72.09 	 
1.593599975	 -0.549 	  -74.30 	 
1.610199975	 -0.552 	  -76.33 	 
1.626799975	 -0.555 	  -78.23 	 
1.643399974	 -0.556 	  -79.89 	 
1.659999974	 -0.559 	  -81.40 	 
1.676599974	 -0.560 	  -82.67 	 
1.693199974	 -0.561 	  -83.75 	 
1.709799973	 -0.563 	  -84.54 	 
1.726399973	 -0.564 	  -85.13 	 
1.742999973	 -0.564 	  -85.41 	 
1.759599973	 -0.564 	  -85.46 	 
1.776199972	 -0.565 	  -85.28 	 
1.792799972	 -0.565 	  -84.84 	 
1.809399972	 -0.565 	  -84.13 	 
1.825999971	 -0.564 	  -83.17 	 
1.842599971	 -0.564 	  -81.93 	 
1.859199971	 -0.562 	  -80.54 	 
1.875799971	 -0.561 	  -78.88 	 
1.892399970	 -0.560 	  -77.11 	 
1.908999970	 -0.558 	  -75.10 	 
1.925599970	 -0.556 	  -72.97 	 
1.942199970	 -0.555 	  -70.69 	 
1.958799969	 -0.552 	  -68.36 	 
1.975399969	 -0.549 	  -65.93 	 
1.991999969	 -0.546 	  -63.47 	 
2.008599969	 -0.544 	  -60.99 	 
2.025199968	 -0.540 	  -58.51 	 
2.041799968	 -0.538 	  -56.04 	 
2.058399968	 -0.535 	  -53.65 	 
2.074999968	 -0.532 	  -51.32 	 
2.091599967	 -0.528 	  -49.19 	 
2.108199967	 -0.525 	  -47.11 	 
2.124799967	 -0.522 	  -45.24 	 
2.141399967	 -0.519 	  -43.45 	 
2.157999966	 -0.517 	  -41.93 	 
2.174599966	 -0.514 	  -40.67 	 
2.191199966	 -0.512 	  -39.60 	 
2.207799966	 -0.511 	  -38.73 	 
2.224399965	 -0.509 	  -38.17 	 
2.240999965	 -0.508 	  -37.81 	 
2.257599965	 -0.508 	  -37.72 	 
2.274199964	 -0.508 	  -37.88 	 
2.290799964	 -0.508 	  -38.33 	 
2.307399964	 -0.508 	  -39.01 	 
2.323999964	 -0.509 	  -39.95 	 
2.340599963	 -0.510 	  -41.10 	 
2.357199963	 -0.511 	  -42.50 	 
2.373799963	 -0.513 	  -44.12 	 
2.390399963	 -0.515 	  -45.91 	 
2.406999962	 -0.517 	  -47.88 	 
2.423599962	 -0.519 	  -49.98 	 
2.440199962	 -0.521 	  -52.20 	 
2.456799962	 -0.525 	  -54.55 	 
2.473399961	 -0.528 	  -56.95 	 
2.489999961	 -0.531 	  -59.44 	 
2.506599961	 -0.534 	  -61.92 	 
2.523199961	 -0.537 	  -64.42 	 
2.539799960	 -0.540 	  -66.85 	 
2.556399960	 -0.543 	  -69.25 	 
2.572999960	 -0.546 	  -71.52 	 
2.589599960	 -0.549 	  -73.78 	 
2.606199959	 -0.552 	  -75.83 	 
2.622799959	 -0.555 	  -77.78 	 
2.639399959	 -0.557 	  -79.46 	 
2.655999959	 -0.557 	  -81.02 	 
2.672599958	 -0.560 	  -82.34 	 
2.689199958	 -0.562 	  -83.51 	 
2.705799958	 -0.562 	  -84.34 	 
2.722399957	 -0.565 	  -84.97 	 
2.738999957	 -0.565 	  -85.38 	 
2.755599957	 -0.565 	  -85.44 	 
2.772199957	 -0.565 	  -85.32 	 
2.788799956	 -0.565 	  -84.96 	 
2.805399956	 -0.564 	  -84.30 	 
2.821999956	 -0.564 	  -83.40 	 
2.838599956	 -0.564 	  -82.23 	 
2.855199955	 -0.563 	  -80.84 	 
2.871799955	 -0.562 	  -79.30 	 
2.888399955	 -0.560 	  -77.55 	 
2.904999955	 -0.559 	  -75.59 	 
2.921599954	 -0.557 	  -73.49 	 
2.938199954	 -0.555 	  -71.27 	 
2.954799954	 -0.553 	  -68.91 	 
2.971399954	 -0.550 	  -66.49 	 
2.987999953	 -0.548 	  -64.07 	 
3.004599953	 -0.545 	  -61.59 	 
3.021199953	 -0.542 	  -59.10 	 
3.037799953	 -0.539 	  -56.64 	 
3.054399952	 -0.536 	  -54.18 	 
3.070999952	 -0.532 	  -51.90 	 
3.087599952	 -0.529 	  -49.70 	 
3.104199952	 -0.526 	  -47.59 	 
3.120799951	 -0.523 	  -45.68 	 
3.137399951	 -0.520 	  -43.86 	 
3.153999951	 -0.517 	  -42.30 	 
3.170599950	 -0.515 	  -40.93 	 
3.187199950	 -0.513 	  -39.87 	 
3.203799950	 -0.512 	  -38.91 	 
3.220399950	 -0.509 	  -38.28 	 
3.236999949	 -0.509 	  -37.84 	 
3.253599949	 -0.508 	  -37.70 	 
3.270199949	 -0.507 	  -37.80 	 
3.286799949	 -0.508 	  -38.21 	 
3.303399948	 -0.508 	  -38.80 	 
3.319999948	 -0.509 	  -39.72 	 
3.336599948	 -0.509 	  -40.78 	 
3.353199948	 -0.511 	  -42.14 	 
3.369799947	 -0.512 	  -43.67 	 
3.386399947	 -0.514 	  -45.48 	 
3.402999947	 -0.516 	  -47.36 	 
3.419599947	 -0.519 	  -49.47 	 
3.436199946	 -0.521 	  -51.64 	 
3.452799946	 -0.524 	  -53.98 	 
3.469399946	 -0.528 	  -56.36 	 
3.485999946	 -0.530 	  -58.85 	 
3.502599945	 -0.534 	  -61.32 	 
3.519199945	 -0.537 	  -63.85 	 
3.535799945	 -0.540 	  -66.26 	 
3.552399945	 -0.544 	  -68.67 	 
3.568999944	 -0.546 	  -71.03 	 
3.585599944	 -0.549 	  -73.27 	 
3.602199944	 -0.552 	  -75.39 	 
3.618799943	 -0.554 	  -77.30 	 
3.635399943	 -0.556 	  -79.08 	 
3.651999943	 -0.558 	  -80.68 	 
3.668599943	 -0.560 	  -82.06 	 
3.685199942	 -0.561 	  -83.27 	 
3.701799942	 -0.563 	  -84.18 	 
3.718399942	 -0.564 	  -84.88 	 
3.734999942	 -0.565 	  -85.26 	 
3.751599941	 -0.566 	  -85.47 	 
3.768199941	 -0.566 	  -85.39 	 
3.784799941	 -0.565 	  -85.11 	 
3.801399941	 -0.565 	  -84.47 	 
3.817999940	 -0.565 	  -83.64 	 
3.834599940	 -0.564 	  -82.53 	 
3.851199940	 -0.564 	  -81.24 	 
3.867799940	 -0.562 	  -79.70 	 
3.884399939	 -0.561 	  -78.02 	 
3.900999939	 -0.560 	  -76.08 	 
3.917599939	 -0.558 	  -74.04 	 
3.934199939	 -0.556 	  -71.78 	 
3.950799938	 -0.553 	  -69.51 	 
3.967399938	 -0.551 	  -67.11 	 
3.983999938	 -0.548 	  -64.68 	 
4.000599938	 -0.546 	  -62.16 	 
4.017199937	 -0.543 	  -59.70 	 
4.033799937	 -0.539 	  -57.21 	 
4.050399937	 -0.537 	  -54.81 	 
4.066999936	 -0.534 	  -52.45 	 
4.083599936	 -0.530 	  -50.24 	 
4.100199936	 -0.527 	  -48.09 	 
4.116799936	 -0.523 	  -46.14 	 
4.133399935	 -0.521 	  -44.30 	 
4.149999935	 -0.518 	  -42.67 	 
4.166599935	 -0.516 	  -41.28 	 
4.183199935	 -0.514 	  -40.10 	 
4.199799934	 -0.513 	  -39.11 	 
4.216399934	 -0.510 	  -38.43 	 
4.232999934	 -0.509 	  -37.95 	 
4.249599934	 -0.508 	  -37.75 	 
4.266199933	 -0.508 	  -37.79 	 
4.282799933	 -0.508 	  -38.11 	 
4.299399933	 -0.508 	  -38.66 	 
4.315999933	 -0.509 	  -39.47 	 
4.332599932	 -0.510 	  -40.52 	 
4.349199932	 -0.511 	  -41.82 	 
4.365799932	 -0.513 	  -43.31 	 
4.382399932	 -0.514 	  -45.04 	 
4.398999931	 -0.516 	  -46.89 	 
4.415599931	 -0.519 	  -48.97 	 
4.432199931	 -0.521 	  -51.14 	 
4.448799931	 -0.524 	  -53.43 	 
4.465399930	 -0.526 	  -55.81 	 
4.481999930	 -0.530 	  -58.28 	 
4.498599930	 -0.534 	  -60.73 	 
4.515199929	 -0.536 	  -63.22 	 
4.531799929	 -0.539 	  -65.67 	 
4.548399929	 -0.543 	  -68.12 	 
4.564999929	 -0.545 	  -70.46 	 
4.581599928	 -0.549 	  -72.72 	 
4.598199928	 -0.551 	  -74.83 	 
4.614799928	 -0.554 	  -76.88 	 
4.631399928	 -0.556 	  -78.65 	 
4.647999927	 -0.558 	  -80.33 	 
4.664599927	 -0.560 	  -81.75 	 
4.681199927	 -0.561 	  -82.99 	 
4.697799927	 -0.563 	  -83.94 	 
4.714399926	 -0.564 	  -84.71 	 
4.730999926	 -0.565 	  -85.21 	 
4.747599926	 -0.565 	  -85.46 	 
4.764199926	 -0.566 	  -85.44 	 
4.780799925	 -0.566 	  -85.17 	 
4.797399925	 -0.566 	  -84.64 	 
4.813999925	 -0.565 	  -83.86 	 
4.830599925	 -0.565 	  -82.82 	 
4.847199924	 -0.564 	  -81.55 	 
4.863799924	 -0.562 	  -80.10 	 
4.880399924	 -0.561 	  -78.42 	 
4.896999924	 -0.560 	  -76.53 	 
4.913599923	 -0.558 	  -74.52 	 
4.930199923	 -0.556 	  -72.35 	 
4.946799923	 -0.554 	  -70.09 	 
4.963399922	 -0.552 	  -67.69 	 
4.979999922	 -0.549 	  -65.28 	 
4.996599922	 -0.546 	  -62.77 	 
5.013199922	 -0.544 	  -60.31 	 
5.029799921	 -0.540 	  -57.83 	 
5.046399921	 -0.537 	  -55.39 	 
5.062999921	 -0.534 	  -53.03 	 
5.079599921	 -0.531 	  -50.76 	 
5.096199920	 -0.529 	  -48.58 	 
5.112799920	 -0.525 	  -46.60 	 
5.129399920	 -0.522 	  -44.71 	 
5.145999920	 -0.520 	  -43.08 	 
5.162599919	 -0.517 	  -41.57 	 
5.179199919	 -0.514 	  -40.38 	 
5.195799919	 -0.513 	  -39.29 	 
5.212399919	 -0.512 	  -38.57 	 
5.228999918	 -0.510 	  -38.02 	 
5.245599918	 -0.510 	  -37.79 	 
5.262199918	 -0.508 	  -37.77 	 
5.278799918	 -0.509 	  -37.98 	 
5.295399917	 -0.508 	  -38.48 	 
5.311999917	 -0.510 	  -39.26 	 
5.328599917	 -0.510 	  -40.27 	 
5.345199917	 -0.511 	  -41.49 	 
5.361799916	 -0.512 	  -42.94 	 
5.378399916	 -0.513 	  -44.61 	 
5.394999916	 -0.517 	  -46.43 	 
5.411599915	 -0.518 	  -48.45 	 
5.428199915	 -0.521 	  -50.61 	 
5.444799915	 -0.524 	  -52.87 	 
5.461399915	 -0.526 	  -55.22 	 
5.477999914	 -0.529 	  -57.65 	 
5.494599914	 -0.533 	  -60.12 	 
5.511199914	 -0.536 	  -62.62 	 
5.527799914	 -0.539 	  -65.09 	 
5.544399913	 -0.542 	  -67.53 	 
5.560999913	 -0.546 	  -69.93 	 
5.577599913	 -0.548 	  -72.18 	 
5.594199913	 -0.551 	  -74.37 	 
5.610799912	 -0.553 	  -76.39 	 
5.627399912	 -0.556 	  -78.23 	 
5.643999912	 -0.558 	  -79.96 	 
5.660599912	 -0.560 	  -81.43 	 
5.677199911	 -0.562 	  -82.69 	 
5.693799911	 -0.562 	  -83.73 	 
5.710399911	 -0.564 	  -84.57 	 
5.726999911	 -0.564 	  -85.10 	 
5.743599910	 -0.565 	  -85.42 	 
5.760199910	 -0.565 	  -85.46 	 
5.776799910	 -0.566 	  -85.24 	 
5.793399910	 -0.566 	  -84.78 	 
5.809999909	 -0.565 	  -84.04 	 
5.826599909	 -0.565 	  -83.13 	 
5.843199909	 -0.565 	  -81.91 	 
5.859799908	 -0.563 	  -80.46 	 
5.876399908	 -0.562 	  -78.79 	 
5.892999908	 -0.561 	  -77.00 	 
5.909599908	 -0.560 	  -75.02 	 
5.926199907	 -0.557 	  -72.92 	 
5.942799907	 -0.555 	  -70.64 	 
5.959399907	 -0.552 	  -68.29 	 
5.975999907	 -0.550 	  -65.82 	 
5.992599906	 -0.548 	  -63.37 	 
6.009199906	 -0.545 	  -60.88 	 
6.025799906	 -0.542 	  -58.45 	 
6.042399906	 -0.539 	  -55.96 	 
6.058999905	 -0.536 	  -53.55 	 
6.075599905	 -0.532 	  -51.27 	 
6.092199905	 -0.529 	  -49.08 	 
6.108799905	 -0.525 	  -47.04 	 
6.125399904	 -0.523 	  -45.11 	 
6.141999904	 -0.520 	  -43.44 	 
6.158599904	 -0.518 	  -41.92 	 
6.175199904	 -0.515 	  -40.58 	 
6.191799903	 -0.514 	  -39.56 	 
6.208399903	 -0.512 	  -38.70 	 
6.224999903	 -0.511 	  -38.14 	 
6.241599903	 -0.510 	  -37.80 	 
6.258199902	 -0.510 	  -37.72 	 
6.274799902	 -0.508 	  -37.89 	 
6.291399902	 -0.509 	  -38.32 	 
6.307999901	 -0.510 	  -39.02 	 
6.324599901	 -0.510 	  -40.00 	 
6.341199901	 -0.511 	  -41.16 	 
6.357799901	 -0.513 	  -42.55 	 
6.374399900	 -0.514 	  -44.13 	 
6.390999900	 -0.516 	  -45.98 	 
6.407599900	 -0.518 	  -47.92 	 
6.424199900	 -0.521 	  -50.08 	 
6.440799899	 -0.524 	  -52.30 	 
6.457399899	 -0.526 	  -54.64 	 
6.473999899	 -0.529 	  -57.04 	 
6.490599899	 -0.532 	  -59.53 	 
6.507199898	 -0.535 	  -61.99 	 
6.523799898	 -0.539 	  -64.51 	 
6.540399898	 -0.542 	  -66.94 	 
6.556999898	 -0.545 	  -69.32 	 
6.573599897	 -0.548 	  -71.58 	 
6.590199897	 -0.551 	  -73.84 	 
6.606799897	 -0.553 	  -75.87 	 
6.623399897	 -0.555 	  -77.82 	 
6.639999896	 -0.558 	  -79.53 	 
6.656599896	 -0.560 	  -81.08 	 
6.673199896	 -0.561 	  -82.37 	 
6.689799896	 -0.563 	  -83.51 	 
6.706399895	 -0.565 	  -84.38 	 
6.722999895	 -0.565 	  -85.03 	 
6.739599895	 -0.566 	  -85.36 	 
6.756199894	 -0.567 	  -85.45 	 
6.772799894	 -0.567 	  -85.28 	 
6.789399894	 -0.566 	  -84.92 	 
6.805999894	 -0.566 	  -84.27 	 
6.822599893	 -0.565 	  -83.36 	 
6.839199893	 -0.565 	  -82.20 	 
6.855799893	 -0.564 	  -80.83 	 
6.872399893	 -0.562 	  -79.21 	 
6.888999892	 -0.562 	  -77.46 	 
6.905599892	 -0.560 	  -75.48 	 
6.922199892	 -0.558 	  -73.43 	 
6.938799892	 -0.556 	  -71.19 	 
6.955399891	 -0.554 	  -68.85 	 
6.971999891	 -0.551 	  -66.39 	 
6.988599891	 -0.549 	  -63.98 	 
7.005199891	 -0.546 	  -61.48 	 
7.021799890	 -0.543 	  -59.04 	 
7.038399890	 -0.540 	  -56.56 	 
7.054999890	 -0.537 	  -54.13 	 
7.071599890	 -0.533 	  -51.80 	 
7.088199889	 -0.530 	  -49.58 	 
7.104799889	 -0.527 	  -47.54 	 
7.121399889	 -0.524 	  -45.58 	 
7.137999889	 -0.522 	  -43.84 	 
7.154599888	 -0.519 	  -42.27 	 
7.171199888	 -0.516 	  -40.88 	 
7.187799888	 -0.514 	  -39.79 	 
7.204399887	 -0.512 	  -38.87 	 
7.220999887	 -0.511 	  -38.28 	 
7.237599887	 -0.510 	  -37.85 	 
7.254199887	 -0.509 	  -37.73 	 
7.270799886	 -0.509 	  -37.79 	 
7.287399886	 -0.509 	  -38.23 	 
7.303999886	 -0.509 	  -38.84 	 
7.320599886	 -0.510 	  -39.74 	 
7.337199885	 -0.512 	  -40.84 	 
7.353799885	 -0.512 	  -42.22 	 
7.370399885	 -0.514 	  -43.73 	 
7.386999885	 -0.516 	  -45.54 	 
7.403599884	 -0.518 	  -47.44 	 
7.420199884	 -0.520 	  -49.54 	 
7.436799884	 -0.523 	  -51.73 	 
7.453399884	 -0.526 	  -54.08 	 
7.469999883	 -0.529 	  -56.44 	 
7.486599883	 -0.532 	  -58.95 	 
7.503199883	 -0.535 	  -61.41 	 
7.519799883	 -0.538 	  -63.91 	 
7.536399882	 -0.541 	  -66.34 	 
7.552999882	 -0.544 	  -68.77 	 
7.569599882	 -0.547 	  -71.06 	 
7.586199882	 -0.550 	  -73.31 	 
7.602799881	 -0.553 	  -75.41 	 
7.619399881	 -0.556 	  -77.41 	 
7.635999881	 -0.558 	  -79.17 	 
7.652599880	 -0.560 	  -80.74 	 
7.669199880	 -0.562 	  -82.09 	 
7.685799880	 -0.563 	  -83.29 	 
7.702399880	 -0.565 	  -84.20 	 
7.718999879	 -0.565 	  -84.88 	 
7.735599879	 -0.566 	  -85.29 	 
7.752199879	 -0.567 	  -85.49 	 
7.768799879	 -0.566 	  -85.37 	 
7.785399878	 -0.568 	  -85.05 	 
7.801999878	 -0.567 	  -84.47 	 
7.818599878	 -0.566 	  -83.63 	 
7.835199878	 -0.565 	  -82.49 	 
7.851799877	 -0.565 	  -81.16 	 
7.868399877	 -0.563 	  -79.62 	 
7.884999877	 -0.562 	  -77.92 	 
7.901599877	 -0.561 	  -75.99 	 
7.918199876	 -0.559 	  -73.93 	 
7.934799876	 -0.556 	  -71.70 	 
7.951399876	 -0.555 	  -69.41 	 
7.967999876	 -0.553 	  -66.98 	 
7.984599875	 -0.550 	  -64.57 	 
8.001199875	 -0.547 	  -62.06 	 
8.017799875	 -0.544 	  -59.63 	 
8.034399875	 -0.541 	  -57.12 	 
8.050999874	 -0.537 	  -54.71 	 
8.067599874	 -0.534 	  -52.34 	 
8.084199874	 -0.531 	  -50.15 	 
8.100799873	 -0.528 	  -47.99 	 
8.117399873	 -0.525 	  -46.08 	 
8.133999873	 -0.523 	  -44.27 	 
8.150599873	 -0.520 	  -42.66 	 
8.167199872	 -0.517 	  -41.21 	 
8.183799872	 -0.515 	  -40.04 	 
8.200399872	 -0.513 	  -39.10 	 
8.216999872	 -0.511 	  -38.41 	 
8.233599871	 -0.510 	  -37.94 	 
8.250199871	 -0.510 	  -37.75 	 
8.266799871	 -0.510 	  -37.79 	 
8.283399871	 -0.510 	  -38.10 	 
8.299999870	 -0.510 	  -38.67 	 
8.316599870	 -0.510 	  -39.51 	 
8.333199870	 -0.512 	  -40.57 	 
8.349799870	 -0.513 	  -41.87 	 
8.366399869	 -0.513 	  -43.36 	 
8.382999869	 -0.516 	  -45.08 	 
8.399599869	 -0.518 	  -46.99 	 
8.416199869	 -0.520 	  -49.06 	 
8.432799868	 -0.523 	  -51.19 	 
8.449399868	 -0.525 	  -53.51 	 
8.465999868	 -0.528 	  -55.88 	 
8.482599868	 -0.531 	  -58.34 	 
8.499199867	 -0.534 	  -60.82 	 
8.515799867	 -0.538 	  -63.32 	 
8.532399867	 -0.540 	  -65.76 	 
8.548999866	 -0.544 	  -68.17 	 
8.565599866	 -0.546 	  -70.54 	 
8.582199866	 -0.550 	  -72.79 	 
8.598799866	 -0.552 	  -74.87 	 
8.615399865	 -0.555 	  -76.93 	 
8.631999865	 -0.558 	  -78.71 	 
8.648599865	 -0.560 	  -80.37 	 
8.665199865	 -0.561 	  -81.79 	 
8.681799864	 -0.562 	  -83.01 	 
8.698399864	 -0.564 	  -83.99 	 
8.714999864	 -0.566 	  -84.74 	 
8.731599864	 -0.566 	  -85.20 	 
8.748199863	 -0.567 	  -85.45 	 
8.764799863	 -0.567 	  -85.41 	 
8.781399863	 -0.567 	  -85.17 	 
8.797999863	 -0.567 	  -84.60 	 
8.814599862	 -0.566 	  -83.82 	 
8.831199862	 -0.566 	  -82.78 	 
8.847799862	 -0.566 	  -81.53 	 
8.864399862	 -0.564 	  -80.02 	 
8.880999861	 -0.562 	  -78.35 	 
8.897599861	 -0.562 	  -76.48 	 
8.914199861	 -0.559 	  -74.47 	 
8.930799861	 -0.557 	  -72.26 	 
8.947399860	 -0.556 	  -69.98 	 
8.963999860	 -0.554 	  -67.59 	 
8.980599860	 -0.550 	  -65.16 	 
8.997199859	 -0.548 	  -62.71 	 
9.013799859	 -0.545 	  -60.22 	 
9.030399859	 -0.542 	  -57.75 	 
9.046999859	 -0.539 	  -55.28 	 
9.063599858	 -0.536 	  -52.90 	 
9.080199858	 -0.533 	  -50.66 	 
9.096799858	 -0.529 	  -48.53 	 
9.113399858	 -0.527 	  -46.53 	 
9.129999857	 -0.523 	  -44.66 	 
9.146599857	 -0.521 	  -43.00 	 
9.163199857	 -0.518 	  -41.54 	 
9.179799857	 -0.516 	  -40.31 	 
9.196399856	 -0.514 	  -39.30 	 
9.212999856	 -0.513 	  -38.56 	 
9.229599856	 -0.511 	  -38.01 	 
9.246199856	 -0.510 	  -37.77 	 
9.262799855	 -0.510 	  -37.75 	 
9.279399855	 -0.510 	  -38.02 	 
9.295999855	 -0.510 	  -38.51 	 
9.312599855	 -0.510 	  -39.28 	 
9.329199854	 -0.512 	  -40.27 	 
9.345799854	 -0.512 	  -41.55 	 
9.362399854	 -0.513 	  -42.98 	 
9.378999854	 -0.515 	  -44.66 	 
9.395599853	 -0.517 	  -46.51 	 
9.412199853	 -0.520 	  -48.55 	 
9.428799853	 -0.522 	  -50.67 	 
9.445399852	 -0.525 	  -52.96 	 
9.461999852	 -0.527 	  -55.28 	 
9.478599852	 -0.531 	  -57.76 	 
9.495199852	 -0.534 	  -60.20 	 
9.511799851	 -0.538 	  -62.73 	 
9.528399851	 -0.541 	  -65.16 	 
9.544999851	 -0.544 	  -67.62 	 
9.561599851	 -0.546 	  -69.96 	 
9.578199850	 -0.549 	  -72.25 	 
9.594799850	 -0.552 	  -74.42 	 
9.611399850	 -0.555 	  -76.44 	 
9.627999850	 -0.557 	  -78.31 	 
9.644599849	 -0.559 	  -79.98 	 
9.661199849	 -0.561 	  -81.46 	 
9.677799849	 -0.563 	  -82.74 	 
9.694399849	 -0.564 	  -83.80 	 
9.710999848	 -0.566 	  -84.58 	 
9.727599848	 -0.566 	  -85.13 	 
9.744199848	 -0.567 	  -85.41 	 
9.760799848	 -0.567 	  -85.44 	 
9.777399847	 -0.567 	  -85.23 	 
9.793999847	 -0.567 	  -84.77 	 
9.810599847	 -0.567 	  -84.05 	 
9.827199847	 -0.566 	  -83.07 	 
9.843799846	 -0.566 	  -81.84 	 
9.860399846	 -0.564 	  -80.40 	 
9.876999846	 -0.563 	  -78.78 	 
9.893599845	 -0.562 	  -76.93 	 
9.910199845	 -0.560 	  -74.96 	 
9.926799845	 -0.559 	  -72.79 	 
9.943399845	 -0.556 	  -70.58 	 
9.959999844	 -0.554 	  -68.16 	 
9.976599844	 -0.552 	  -65.78 	 
9.993199844	 -0.549 	  -63.29 	 
10.009799844	 -0.546 	  -60.82 	 
10.026399843	 -0.543 	  -58.37 	 
10.042999843	 -0.540 	  -55.87 	 
10.059599843	 -0.537 	  -53.45 	 
10.076199843	 -0.534 	  -51.20 	 
10.092799842	 -0.530 	  -49.01 	 
10.109399842	 -0.528 	  -46.99 	 
10.125999842	 -0.524 	  -45.07 	 
10.142599842	 -0.522 	  -43.38 	 
10.159199841	 -0.519 	  -41.82 	 
10.175799841	 -0.517 	  -40.59 	 
10.192399841	 -0.515 	  -39.52 	 
10.208999841	 -0.513 	  -38.71 	 
10.225599840	 -0.512 	  -38.10 	 
10.242199840	 -0.511 	  -37.77 	 
10.258799840	 -0.509 	  -37.71 	 
10.275399840	 -0.510 	  -37.94 	 
10.291999839	 -0.510 	  -38.36 	 
10.308599839	 -0.511 	  -39.06 	 
10.325199839	 -0.511 	  -40.03 	 
10.341799838	 -0.512 	  -41.19 	 
10.358399838	 -0.514 	  -42.59 	 
10.374999838	 -0.515 	  -44.24 	 
10.391599838	 -0.517 	  -46.04 	 
10.408199837	 -0.519 	  -48.02 	 
10.424799837	 -0.521 	  -50.13 	 
10.441399837	 -0.524 	  -52.36 	 
10.457999837	 -0.527 	  -54.72 	 
10.474599836	 -0.530 	  -57.14 	 
10.491199836	 -0.534 	  -59.63 	 
10.507799836	 -0.537 	  -62.11 	 
10.524399836	 -0.541 	  -64.57 	 
10.540999835	 -0.543 	  -67.00 	 
10.557599835	 -0.546 	  -69.38 	 
10.574199835	 -0.549 	  -71.72 	 
10.590799835	 -0.552 	  -73.90 	 
10.607399834	 -0.555 	  -76.01 	 
10.623999834	 -0.556 	  -77.85 	 
10.640599834	 -0.559 	  -79.59 	 
10.657199834	 -0.561 	  -81.12 	 
10.673799833	 -0.562 	  -82.49 	 
10.690399833	 -0.564 	  -83.54 	 
10.706999833	 -0.565 	  -84.43 	 
10.723599833	 -0.566 	  -85.00 	 
10.740199832	 -0.567 	  -85.39 	 
10.756799832	 -0.567 	  -85.44 	 
10.773399832	 -0.567 	  -85.33 	 
10.789999831	 -0.568 	  -84.92 	 
10.806599831	 -0.567 	  -84.24 	 
10.823199831	 -0.566 	  -83.33 	 
10.839799831	 -0.566 	  -82.15 	 
10.856399830	 -0.566 	  -80.76 	 
10.872999830	 -0.565 	  -79.18 	 
10.889599830	 -0.562 	  -77.39 	 
10.906199830	 -0.561 	  -75.44 	 
10.922799829	 -0.559 	  -73.31 	 
10.939399829	 -0.557 	  -71.06 	 
10.955999829	 -0.555 	  -68.74 	 
10.972599829	 -0.553 	  -66.35 	 
10.989199828	 -0.550 	  -63.89 	 
11.005799828	 -0.548 	  -61.43 	 
11.022399828	 -0.544 	  -58.87 	 
11.038999828	 -0.541 	  -56.44 	 
11.055599827	 -0.538 	  -54.01 	 
11.072199827	 -0.535 	  -51.76 	 
11.088799827	 -0.532 	  -49.54 	 
11.105399827	 -0.528 	  -47.48 	 
11.121999826	 -0.526 	  -45.51 	 
11.138599826	 -0.523 	  -43.79 	 
11.155199826	 -0.520 	  -42.20 	 
11.171799826	 -0.518 	  -40.90 	 
11.188399825	 -0.516 	  -39.76 	 
11.204999825	 -0.514 	  -38.87 	 
11.221599825	 -0.513 	  -38.20 	 
11.238199824	 -0.511 	  -37.86 	 
11.254799824	 -0.511 	  -37.70 	 
11.271399824	 -0.511 	  -37.86 	 
11.287999824	 -0.510 	  -38.23 	 
11.304599823	 -0.511 	  -38.89 	 
11.321199823	 -0.512 	  -39.74 	 
11.337799823	 -0.513 	  -40.88 	 
11.354399823	 -0.514 	  -42.24 	 
11.370999822	 -0.515 	  -43.84 	 
11.387599822	 -0.518 	  -45.57 	 
11.404199822	 -0.519 	  -47.55 	 
11.420799822	 -0.522 	  -49.58 	 
11.437399821	 -0.524 	  -51.81 	 
11.453999821	 -0.527 	  -54.15 	 
11.470599821	 -0.530 	  -56.57 	 
11.487199821	 -0.534 	  -59.02 	 
11.503799820	 -0.536 	  -61.50 	 
11.520399820	 -0.540 	  -63.96 	 
11.536999820	 -0.543 	  -66.42 	 
11.553599820	 -0.546 	  -68.83 	 
11.570199819	 -0.549 	  -71.19 	 
11.586799819	 -0.552 	  -73.43 	 
11.603399819	 -0.554 	  -75.46 	 
11.619999819	 -0.556 	  -77.38 	 
11.636599818	 -0.559 	  -79.21 	 
11.653199818	 -0.561 	  -80.77 	 
11.669799818	 -0.563 	  -82.17 	 
11.686399817	 -0.565 	  -83.26 	 
11.702999817	 -0.565 	  -84.25 	 
11.719599817	 -0.566 	  -84.87 	 
11.736199817	 -0.567 	  -85.30 	 
11.752799816	 -0.568 	  -85.44 	 
11.769399816	 -0.568 	  -85.41 	 
11.785999816	 -0.567 	  -85.02 	 
11.802599816	 -0.567 	  -84.45 	 
11.819199815	 -0.567 	  -83.52 	 
11.835799815	 -0.566 	  -82.45 	 
11.852399815	 -0.565 	  -81.10 	 
11.868999815	 -0.565 	  -79.61 	 
11.885599814	 -0.563 	  -77.82 	 
11.902199814	 -0.562 	  -75.95 	 
11.918799814	 -0.560 	  -73.82 	 
11.935399814	 -0.558 	  -71.63 	 
11.951999813	 -0.556 	  -69.31 	 
11.968599813	 -0.554 	  -66.96 	 
11.985199813	 -0.550 	  -64.46 	 
12.001799813	 -0.547 	  -62.00 	 
12.018399812	 -0.545 	  -59.49 	 
12.034999812	 -0.541 	  -57.03 	 
12.051599812	 -0.539 	  -54.60 	 
12.068199812	 -0.536 	  -52.30 	 
12.084799811	 -0.533 	  -50.05 	 
12.101399811	 -0.529 	  -47.94 	 
12.117999811	 -0.526 	  -45.97 	 
12.134599810	 -0.524 	  -44.15 	 
12.151199810	 -0.521 	  -42.57 	 
12.167799810	 -0.519 	  -41.22 	 
12.184399810	 -0.516 	  -39.99 	 
12.200999809	 -0.515 	  -39.08 	 
12.217599809	 -0.513 	  -38.35 	 
12.234199809	 -0.511 	  -37.91 	 
12.250799809	 -0.511 	  -37.73 	 
12.267399808	 -0.512 	  -37.80 	 
12.283999808	 -0.511 	  -38.11 	 
12.300599808	 -0.511 	  -38.72 	 
12.317199808	 -0.511 	  -39.50 	 
12.333799807	 -0.513 	  -40.62 	 
12.350399807	 -0.514 	  -41.90 	 
12.366999807	 -0.515 	  -43.45 	 
12.383599807	 -0.517 	  -45.12 	 
12.400199806	 -0.519 	  -47.06 	 
12.416799806	 -0.521 	  -49.10 	 
12.433399806	 -0.524 	  -51.30 	 
12.449999806	 -0.527 	  -53.60 	 
12.466599805	 -0.529 	  -56.00 	 
12.483199805	 -0.532 	  -58.41 	 
12.499799805	 -0.536 	  -60.93 	 
12.516399805	 -0.539 	  -63.37 	 
12.532999804	 -0.542 	  -65.87 	 
12.549599804	 -0.545 	  -68.24 	 
12.566199804	 -0.548 	  -70.67 	 
12.582799803	 -0.551 	  -72.85 	 
12.599399803	 -0.553 	  -75.02 	 
12.615999803	 -0.556 	  -76.95 	 
12.632599803	 -0.559 	  -78.79 	 
12.649199802	 -0.560 	  -80.42 	 
12.665799802	 -0.563 	  -81.87 	 
12.682399802	 -0.564 	  -83.05 	 
12.698999802	 -0.565 	  -84.05 	 
12.715599801	 -0.567 	  -84.76 	 
12.732199801	 -0.567 	  -85.24 	 
12.748799801	 -0.567 	  -85.45 	 
12.765399801	 -0.567 	  -85.44 	 
12.781999800	 -0.568 	  -85.10 	 
12.798599800	 -0.567 	  -84.63 	 
12.815199800	 -0.567 	  -83.79 	 
12.831799800	 -0.567 	  -82.76 	 
12.848399799	 -0.566 	  -81.47 	 
12.864999799	 -0.565 	  -80.00 	 
12.881599799	 -0.564 	  -78.29 	 
12.898199799	 -0.562 	  -76.42 	 
12.914799798	 -0.561 	  -74.35 	 
12.931399798	 -0.559 	  -72.20 	 
12.947999798	 -0.557 	  -69.89 	 
12.964599798	 -0.554 	  -67.55 	 
12.981199797	 -0.551 	  -65.05 	 
12.997799797	 -0.549 	  -62.62 	 
13.014399797	 -0.546 	  -60.11 	 
13.030999796	 -0.544 	  -57.65 	 
13.047599796	 -0.540 	  -55.21 	 
13.064199796	 -0.537 	  -52.87 	 
13.080799796	 -0.534 	  -50.57 	 
13.097399795	 -0.530 	  -48.44 	 
13.113999795	 -0.527 	  -46.43 	 
13.130599795	 -0.524 	  -44.57 	 
13.147199795	 -0.522 	  -42.94 	 
13.163799794	 -0.520 	  -41.52 	 
13.180399794	 -0.517 	  -40.25 	 
13.196999794	 -0.516 	  -39.28 	 
13.213599794	 -0.513 	  -38.50 	 
13.230199793	 -0.512 	  -38.01 	 
13.246799793	 -0.511 	  -37.76 	 
13.263399793	 -0.511 	  -37.77 	 
13.279999793	 -0.512 	  -38.01 	 
13.296599792	 -0.511 	  -38.53 	 
13.313199792	 -0.512 	  -39.32 	 
13.329799792	 -0.513 	  -40.32 	 
13.346399792	 -0.513 	  -41.58 	 
13.362999791	 -0.515 	  -43.05 	 
13.379599791	 -0.518 	  -44.72 	 
13.396199791	 -0.518 	  -46.57 	 
13.412799791	 -0.521 	  -48.60 	 
13.429399790	 -0.523 	  -50.75 	 
13.445999790	 -0.526 	  -53.02 	 
13.462599790	 -0.530 	  -55.40 	 
13.479199789	 -0.533 	  -57.82 	 
13.495799789	 -0.536 	  -60.33 	 
13.512399789	 -0.539 	  -62.77 	 
13.528999789	 -0.541 	  -65.27 	 
13.545599788	 -0.545 	  -67.69 	 
13.562199788	 -0.548 	  -70.09 	 
13.578799788	 -0.551 	  -72.31 	 
13.595399788	 -0.554 	  -74.54 	 
13.611999787	 -0.556 	  -76.49 	 
13.628599787	 -0.558 	  -78.40 	 
13.645199787	 -0.560 	  -80.04 	 
13.661799787	 -0.562 	  -81.55 	 
13.678399786	 -0.564 	  -82.76 	 
13.694999786	 -0.566 	  -83.83 	 
13.711599786	 -0.566 	  -84.61 	 
13.728199786	 -0.567 	  -85.16 	 
13.744799785	 -0.569 	  -85.41 	 
13.761399785	 -0.569 	  -85.48 	 
13.777999785	 -0.568 	  -85.22 	 
13.794599785	 -0.568 	  -84.76 	 
13.811199784	 -0.568 	  -84.02 	 
13.827799784	 -0.567 	  -83.00 	 
13.844399784	 -0.567 	  -81.81 	 
13.860999784	 -0.566 	  -80.35 	 
13.877599783	 -0.564 	  -78.70 	 
13.894199783	 -0.563 	  -76.88 	 
13.910799783	 -0.562 	  -74.85 	 
13.927399782	 -0.560 	  -72.73 	 
13.943999782	 -0.556 	  -70.47 	 
13.960599782	 -0.555 	  -68.10 	 
13.977199782	 -0.553 	  -65.66 	 
13.993799781	 -0.550 	  -63.19 	 
14.010399781	 -0.547 	  -60.72 	 
14.026999781	 -0.544 	  -58.21 	 
14.043599781	 -0.541 	  -55.78 	 
14.060199780	 -0.538 	  -53.39 	 
14.076799780	 -0.534 	  -51.11 	 
14.093399780	 -0.532 	  -48.93 	 
14.109999780	 -0.529 	  -46.89 	 
14.126599779	 -0.526 	  -45.01 	 
14.143199779	 -0.522 	  -43.30 	 
14.159799779	 -0.520 	  -41.81 	 
14.176399779	 -0.518 	  -40.50 	 
14.192999778	 -0.516 	  -39.48 	 
14.209599778	 -0.514 	  -38.66 	 
14.226199778	 -0.513 	  -38.11 	 
14.242799778	 -0.512 	  -37.79 	 
14.259399777	 -0.512 	  -37.73 	 
14.275999777	 -0.511 	  -37.89 	 
14.292599777	 -0.512 	  -38.39 	 
14.309199777	 -0.512 	  -39.09 	 
14.325799776	 -0.512 	  -40.08 	 
14.342399776	 -0.514 	  -41.24 	 
14.358999776	 -0.515 	  -42.67 	 
14.375599775	 -0.517 	  -44.28 	 
14.392199775	 -0.518 	  -46.12 	 
14.408799775	 -0.521 	  -48.06 	 
14.425399775	 -0.523 	  -50.23 	 
14.441999774	 -0.526 	  -52.45 	 
14.458599774	 -0.528 	  -54.84 	 
14.475199774	 -0.531 	  -57.21 	 
14.491799774	 -0.535 	  -59.69 	 
14.508399773	 -0.539 	  -62.21 	 
14.524999773	 -0.541 	  -64.66 	 
14.541599773	 -0.545 	  -67.11 	 
14.558199773	 -0.548 	  -69.49 	 
14.574799772	 -0.551 	  -71.80 	 
14.591399772	 -0.553 	  -73.98 	 
14.607999772	 -0.555 	  -76.06 	 
14.624599772	 -0.558 	  -77.94 	 
14.641199771	 -0.560 	  -79.67 	 
14.657799771	 -0.562 	  -81.21 	 
14.674399771	 -0.564 	  -82.50 	 
14.690999771	 -0.566 	  -83.59 	 
14.707599770	 -0.567 	  -84.45 	 
14.724199770	 -0.567 	  -85.04 	 
14.740799770	 -0.568 	  -85.37 	 
14.757399769	 -0.569 	  -85.46 	 
14.773999769	 -0.569 	  -85.30 	 
14.790599769	 -0.569 	  -84.89 	 
14.807199769	 -0.569 	  -84.23 	 
14.823799768	 -0.568 	  -83.29 	 
14.840399768	 -0.567 	  -82.11 	 
14.856999768	 -0.567 	  -80.72 	 
14.873599768	 -0.565 	  -79.10 	 
14.890199767	 -0.564 	  -77.35 	 
14.906799767	 -0.562 	  -75.35 	 
14.923399767	 -0.560 	  -73.29 	 
14.939999767	 -0.558 	  -70.99 	 
14.956599766	 -0.556 	  -68.67 	 
14.973199766	 -0.554 	  -66.24 	 
14.989799766	 -0.551 	  -63.78 	 
15.006399766	 -0.548 	  -61.31 	 
15.022999765	 -0.546 	  -58.83 	 
15.039599765	 -0.543 	  -56.36 	 
15.056199765	 -0.539 	  -53.95 	 
15.072799765	 -0.535 	  -51.64 	 
15.089399764	 -0.533 	  -49.45 	 
15.105999764	 -0.529 	  -47.39 	 
15.122599764	 -0.527 	  -45.47 	 
15.139199764	 -0.524 	  -43.69 	 
15.155799763	 -0.521 	  -42.16 	 
15.172399763	 -0.519 	  -40.81 	 
15.188999763	 -0.517 	  -39.72 	 
15.205599762	 -0.515 	  -38.84 	 
15.222199762	 -0.514 	  -38.21 	 
15.238799762	 -0.513 	  -37.83 	 
15.255399762	 -0.512 	  -37.70 	 
15.271999761	 -0.511 	  -37.86 	 
15.288599761	 -0.512 	  -38.23 	 
15.305199761	 -0.512 	  -38.90 	 
15.321799761	 -0.513 	  -39.80 	 
15.338399760	 -0.514 	  -40.93 	 
15.354999760	 -0.515 	  -42.28 	 
15.371599760	 -0.517 	  -43.86 	 
15.388199760	 -0.518 	  -45.65 	 
15.404799759	 -0.520 	  -47.63 	 
15.421399759	 -0.523 	  -49.70 	 
15.437999759	 -0.526 	  -51.91 	 
15.454599759	 -0.529 	  -54.21 	 
15.471199758	 -0.531 	  -56.62 	 
15.487799758	 -0.534 	  -59.11 	 
15.504399758	 -0.538 	  -61.59 	 
15.520999758	 -0.541 	  -64.08 	 
15.537599757	 -0.544 	  -66.53 	 
15.554199757	 -0.547 	  -68.91 	 
15.570799757	 -0.550 	  -71.26 	 
15.587399757	 -0.553 	  -73.47 	 
15.603999756	 -0.555 	  -75.57 	 
15.620599756	 -0.557 	  -77.52 	 
15.637199756	 -0.560 	  -79.26 	 
15.653799755	 -0.562 	  -80.83 	 
15.670399755	 -0.563 	  -82.21 	 
15.686999755	 -0.565 	  -83.35 	 
15.703599755	 -0.567 	  -84.28 	 
15.720199754	 -0.567 	  -84.94 	 
15.736799754	 -0.569 	  -85.33 	 
15.753399754	 -0.569 	  -85.44 	 
15.769999754	 -0.569 	  -85.37 	 
15.786599753	 -0.569 	  -85.02 	 
15.803199753	 -0.569 	  -84.41 	 
15.819799753	 -0.568 	  -83.54 	 
15.836399753	 -0.568 	  -82.42 	 
15.852999752	 -0.567 	  -81.05 	 
15.869599752	 -0.566 	  -79.52 	 
15.886199752	 -0.564 	  -77.76 	 
15.902799752	 -0.563 	  -75.88 	 
15.919399751	 -0.561 	  -73.80 	 
15.935999751	 -0.559 	  -71.56 	 
15.952599751	 -0.557 	  -69.22 	 
15.969199751	 -0.555 	  -66.84 	 
15.985799750	 -0.552 	  -64.38 	 
16.002399750	 -0.549 	  -61.92 	 
16.018999750	 -0.546 	  -59.44 	 
16.035599750	 -0.543 	  -56.92 	 
16.052199749	 -0.540 	  -54.54 	 
16.068799749	 -0.537 	  -52.20 	 
16.085399749	 -0.534 	  -50.00 	 
16.101999748	 -0.530 	  -47.84 	 
16.118599748	 -0.528 	  -45.91 	 
16.135199748	 -0.525 	  -44.15 	 
16.151799748	 -0.522 	  -42.52 	 
16.168399747	 -0.519 	  -41.08 	 
16.184999747	 -0.517 	  -39.95 	 
16.201599747	 -0.516 	  -39.03 	 
16.218199747	 -0.514 	  -38.36 	 
16.234799746	 -0.513 	  -37.90 	 
16.251399746	 -0.512 	  -37.73 	 
16.267999746	 -0.511 	  -37.79 	 
16.284599746	 -0.512 	  -38.15 	 
16.301199745	 -0.512 	  -38.73 	 
16.317799745	 -0.513 	  -39.59 	 
16.334399745	 -0.514 	  -40.65 	 
16.350999745	 -0.515 	  -41.96 	 
16.367599744	 -0.516 	  -43.47 	 
16.384199744	 -0.518 	  -45.19 	 
16.400799744	 -0.521 	  -47.13 	 
16.417399744	 -0.523 	  -49.19 	 
16.433999743	 -0.525 	  -51.36 	 
16.450599743	 -0.528 	  -53.64 	 
16.467199743	 -0.531 	  -56.08 	 
16.483799743	 -0.534 	  -58.50 	 
16.500399742	 -0.537 	  -61.02 	 
16.516999742	 -0.540 	  -63.48 	 
16.533599742	 -0.543 	  -65.94 	 
16.550199741	 -0.547 	  -68.33 	 
16.566799741	 -0.549 	  -70.70 	 
16.583399741	 -0.552 	  -72.93 	 
16.599999741	 -0.554 	  -75.09 	 
16.616599740	 -0.558 	  -77.04 	 
16.633199740	 -0.559 	  -78.86 	 
16.649799740	 -0.562 	  -80.44 	 
16.666399740	 -0.564 	  -81.89 	 
16.682999739	 -0.566 	  -83.08 	 
16.699599739	 -0.567 	  -84.09 	 
16.716199739	 -0.567 	  -84.78 	 
16.732799739	 -0.568 	  -85.24 	 
16.749399738	 -0.569 	  -85.41 	 
16.765999738	 -0.569 	  -85.39 	 
16.782599738	 -0.569 	  -85.13 	 
16.799199738	 -0.569 	  -84.58 	 
16.815799737	 -0.568 	  -83.77 	 
16.832399737	 -0.568 	  -82.67 	 
16.848999737	 -0.567 	  -81.38 	 
16.865599737	 -0.566 	  -79.89 	 
16.882199736	 -0.565 	  -78.23 	 
16.898799736	 -0.563 	  -76.32 	 
16.915399736	 -0.562 	  -74.30 	 
16.931999736	 -0.560 	  -72.09 	 
16.948599735	 -0.557 	  -69.77 	 
16.965199735	 -0.555 	  -67.42 	 
16.981799735	 -0.552 	  -64.99 	 
