0.000000000	  0.373 	  -62.24 	 
0.016600000	  0.375 	  -59.77 	 
0.033199999	  0.377 	  -57.32 	 
0.049799999	  0.379 	  -54.85 	 
0.066399999	  0.381 	  -52.55 	 
0.082999999	  0.383 	  -50.29 	 
0.099599998	  0.385 	  -48.09 	 
0.116199998	  0.387 	  -46.11 	 
0.132799998	  0.389 	  -44.34 	 
0.149399998	  0.391 	  -42.73 	 
0.165999997	  0.392 	  -41.28 	 
0.182599997	  0.394 	  -40.01 	 
0.199199997	  0.396 	  -39.04 	 
0.215799997	  0.397 	  -38.37 	 
0.232399996	  0.397 	  -37.93 	 
0.248999996	  0.398 	  -37.66 	 
0.265599996	  0.397 	  -37.73 	 
0.282199996	  0.398 	  -38.02 	 
0.298799995	  0.398 	  -38.65 	 
0.315399995	  0.397 	  -39.32 	 
0.331999995	  0.397 	  -40.41 	 
0.348599995	  0.396 	  -41.69 	 
0.365199994	  0.395 	  -43.23 	 
0.381799994	  0.393 	  -44.91 	 
0.398399994	  0.392 	  -46.79 	 
0.414999994	  0.391 	  -48.90 	 
0.431599993	  0.389 	  -50.99 	 
0.448199993	  0.387 	  -53.32 	 
0.464799993	  0.385 	  -55.72 	 
0.481399992	  0.383 	  -58.13 	 
0.497999992	  0.380 	  -60.62 	 
0.514599992	  0.379 	  -63.12 	 
0.531199992	  0.376 	  -65.59 	 
0.547799991	  0.374 	  -68.09 	 
0.564399991	  0.372 	  -70.39 	 
0.580999991	  0.370 	  -72.67 	 
0.597599991	  0.368 	  -74.83 	 
0.614199990	  0.367 	  -76.82 	 
0.630799990	  0.365 	  -78.66 	 
0.647399990	  0.364 	  -80.31 	 
0.663999990	  0.362 	  -81.80 	 
0.680599989	  0.362 	  -82.99 	 
0.697199989	  0.359 	  -83.95 	 
0.713799989	  0.359 	  -84.73 	 
0.730399989	  0.359 	  -85.24 	 
0.746999988	  0.358 	  -85.50 	 
0.763599988	  0.358 	  -85.52 	 
0.780199988	  0.358 	  -85.24 	 
0.796799988	  0.359 	  -84.70 	 
0.813399987	  0.359 	  -83.88 	 
0.829999987	  0.359 	  -82.93 	 
0.846599987	  0.360 	  -81.65 	 
0.863199987	  0.361 	  -80.23 	 
0.879799986	  0.361 	  -78.53 	 
0.896399986	  0.362 	  -76.63 	 
0.912999986	  0.364 	  -74.59 	 
0.929599985	  0.365 	  -72.42 	 
0.946199985	  0.367 	  -70.16 	 
0.962799985	  0.369 	  -67.82 	 
0.979399985	  0.371 	  -65.36 	 
0.995999984	  0.372 	  -62.86 	 
1.012599984	  0.375 	  -60.39 	 
1.029199984	  0.376 	  -57.89 	 
1.045799984	  0.378 	  -55.46 	 
1.062399983	  0.380 	  -53.07 	 
1.078999983	  0.382 	  -50.84 	 
1.095599983	  0.384 	  -48.58 	 
1.112199983	  0.386 	  -46.68 	 
1.128799982	  0.389 	  -44.65 	 
1.145399982	  0.390 	  -43.05 	 
1.161999982	  0.392 	  -41.59 	 
1.178599982	  0.393 	  -40.26 	 
1.195199981	  0.395 	  -39.30 	 
1.211799981	  0.397 	  -38.59 	 
1.228399981	  0.397 	  -37.94 	 
1.244999981	  0.397 	  -37.78 	 
1.261599980	  0.397 	  -37.66 	 
1.278199980	  0.398 	  -37.92 	 
1.294799980	  0.397 	  -38.38 	 
1.311399980	  0.397 	  -39.22 	 
1.327999979	  0.397 	  -40.25 	 
1.344599979	  0.396 	  -41.52 	 
1.361199979	  0.395 	  -42.79 	 
1.377799978	  0.394 	  -44.47 	 
1.394399978	  0.393 	  -46.26 	 
1.410999978	  0.391 	  -48.43 	 
1.427599978	  0.389 	  -50.47 	 
1.444199977	  0.387 	  -52.78 	 
1.460799977	  0.386 	  -55.10 	 
1.477399977	  0.384 	  -57.58 	 
1.493999977	  0.381 	  -60.01 	 
1.510599976	  0.379 	  -62.55 	 
1.527199976	  0.377 	  -65.00 	 
1.543799976	  0.375 	  -67.44 	 
1.560399976	  0.373 	  -69.81 	 
1.576999975	  0.371 	  -72.15 	 
1.593599975	  0.368 	  -74.26 	 
1.610199975	  0.367 	  -76.34 	 
1.626799975	  0.365 	  -78.20 	 
1.643399974	  0.363 	  -79.87 	 
1.659999974	  0.362 	  -81.42 	 
1.676599974	  0.361 	  -82.67 	 
1.693199974	  0.360 	  -83.73 	 
1.709799973	  0.359 	  -84.55 	 
1.726399973	  0.358 	  -85.15 	 
1.742999973	  0.358 	  -85.45 	 
1.759599973	  0.358 	  -85.47 	 
1.776199972	  0.357 	  -85.31 	 
1.792799972	  0.358 	  -84.80 	 
1.809399972	  0.358 	  -84.12 	 
1.825999971	  0.359 	  -83.14 	 
1.842599971	  0.359 	  -81.97 	 
1.859199971	  0.360 	  -80.49 	 
1.875799971	  0.361 	  -78.86 	 
1.892399970	  0.362 	  -77.04 	 
1.908999970	  0.364 	  -75.08 	 
1.925599970	  0.365 	  -72.97 	 
1.942199970	  0.366 	  -70.74 	 
1.958799969	  0.368 	  -68.34 	 
1.975399969	  0.370 	  -65.93 	 
1.991999969	  0.372 	  -63.45 	 
2.008599969	  0.374 	  -60.98 	 
2.025199968	  0.375 	  -58.49 	 
2.041799968	  0.377 	  -56.07 	 
2.058399968	  0.380 	  -53.66 	 
2.074999968	  0.381 	  -51.35 	 
2.091599967	  0.383 	  -49.14 	 
2.108199967	  0.386 	  -47.12 	 
2.124799967	  0.387 	  -45.20 	 
2.141399967	  0.390 	  -43.53 	 
2.157999966	  0.391 	  -41.95 	 
2.174599966	  0.394 	  -40.68 	 
2.191199966	  0.395 	  -39.59 	 
2.207799966	  0.395 	  -38.72 	 
2.224399965	  0.396 	  -38.10 	 
2.240999965	  0.397 	  -37.84 	 
2.257599965	  0.397 	  -37.74 	 
2.274199964	  0.398 	  -37.90 	 
2.290799964	  0.397 	  -38.41 	 
2.307399964	  0.397 	  -38.98 	 
2.323999964	  0.397 	  -39.91 	 
2.340599963	  0.396 	  -41.12 	 
2.357199963	  0.395 	  -42.44 	 
2.373799963	  0.394 	  -44.12 	 
2.390399963	  0.392 	  -45.90 	 
2.406999962	  0.391 	  -47.82 	 
2.423599962	  0.390 	  -50.00 	 
2.440199962	  0.388 	  -52.22 	 
2.456799962	  0.385 	  -54.57 	 
2.473399961	  0.383 	  -56.96 	 
2.489999961	  0.382 	  -59.48 	 
2.506599961	  0.379 	  -61.92 	 
2.523199961	  0.377 	  -64.45 	 
2.539799960	  0.375 	  -66.83 	 
2.556399960	  0.373 	  -69.27 	 
2.572999960	  0.371 	  -71.48 	 
2.589599960	  0.369 	  -73.82 	 
2.606199959	  0.367 	  -75.83 	 
2.622799959	  0.365 	  -77.79 	 
2.639399959	  0.363 	  -79.50 	 
2.655999959	  0.362 	  -81.04 	 
2.672599958	  0.361 	  -82.38 	 
2.689199958	  0.360 	  -83.47 	 
2.705799958	  0.359 	  -84.37 	 
2.722399957	  0.358 	  -85.02 	 
2.738999957	  0.358 	  -85.36 	 
2.755599957	  0.357 	  -85.46 	 
2.772199957	  0.358 	  -85.36 	 
2.788799956	  0.357 	  -84.92 	 
2.805399956	  0.358 	  -84.34 	 
2.821999956	  0.358 	  -83.35 	 
2.838599956	  0.358 	  -82.27 	 
2.855199955	  0.359 	  -80.85 	 
2.871799955	  0.361 	  -79.30 	 
2.888399955	  0.362 	  -77.51 	 
2.904999955	  0.363 	  -75.59 	 
2.921599954	  0.364 	  -73.47 	 
2.938199954	  0.366 	  -71.26 	 
2.954799954	  0.367 	  -68.89 	 
2.971399954	  0.370 	  -66.48 	 
2.987999953	  0.371 	  -64.05 	 
3.004599953	  0.373 	  -61.60 	 
3.021199953	  0.375 	  -59.09 	 
3.037799953	  0.377 	  -56.61 	 
3.054399952	  0.379 	  -54.23 	 
3.070999952	  0.381 	  -51.88 	 
3.087599952	  0.383 	  -49.69 	 
3.104199952	  0.385 	  -47.65 	 
3.120799951	  0.387 	  -45.64 	 
3.137399951	  0.389 	  -43.89 	 
3.153999951	  0.391 	  -42.42 	 
3.170599950	  0.392 	  -40.95 	 
3.187199950	  0.393 	  -39.89 	 
3.203799950	  0.395 	  -38.96 	 
3.220399950	  0.396 	  -38.29 	 
3.236999949	  0.396 	  -37.85 	 
3.253599949	  0.397 	  -37.66 	 
3.270199949	  0.397 	  -37.79 	 
3.286799949	  0.397 	  -38.25 	 
3.303399948	  0.397 	  -38.76 	 
3.319999948	  0.397 	  -39.74 	 
3.336599948	  0.396 	  -40.78 	 
3.353199948	  0.395 	  -42.23 	 
3.369799947	  0.394 	  -43.67 	 
3.386399947	  0.393 	  -45.52 	 
3.402999947	  0.392 	  -47.34 	 
3.419599947	  0.390 	  -49.45 	 
3.436199946	  0.388 	  -51.66 	 
3.452799946	  0.386 	  -54.01 	 
3.469399946	  0.384 	  -56.39 	 
3.485999946	  0.382 	  -58.85 	 
3.502599945	  0.379 	  -61.34 	 
3.519199945	  0.377 	  -63.80 	 
3.535799945	  0.375 	  -66.28 	 
3.552399945	  0.374 	  -68.68 	 
3.568999944	  0.371 	  -71.06 	 
3.585599944	  0.369 	  -73.25 	 
3.602199944	  0.367 	  -75.38 	 
3.618799943	  0.365 	  -77.26 	 
3.635399943	  0.364 	  -79.07 	 
3.651999943	  0.362 	  -80.66 	 
3.668599943	  0.361 	  -82.08 	 
3.685199942	  0.360 	  -83.22 	 
3.701799942	  0.359 	  -84.19 	 
3.718399942	  0.358 	  -84.85 	 
3.734999942	  0.358 	  -85.26 	 
3.751599941	  0.357 	  -85.41 	 
3.768199941	  0.357 	  -85.39 	 
3.784799941	  0.357 	  -85.02 	 
3.801399941	  0.358 	  -84.48 	 
3.817999940	  0.358 	  -83.59 	 
3.834599940	  0.359 	  -82.52 	 
3.851199940	  0.360 	  -81.18 	 
3.867799940	  0.360 	  -79.68 	 
3.884399939	  0.361 	  -77.92 	 
3.900999939	  0.362 	  -76.09 	 
3.917599939	  0.363 	  -74.02 	 
3.934199939	  0.365 	  -71.78 	 
3.950799938	  0.367 	  -69.50 	 
3.967399938	  0.368 	  -67.11 	 
3.983999938	  0.370 	  -64.65 	 
4.000599938	  0.372 	  -62.17 	 
4.017199937	  0.374 	  -59.68 	 
4.033799937	  0.376 	  -57.24 	 
4.050399937	  0.378 	  -54.82 	 
4.066999936	  0.380 	  -52.48 	 
4.083599936	  0.383 	  -50.25 	 
4.100199936	  0.385 	  -48.06 	 
4.116799936	  0.387 	  -46.12 	 
4.133399935	  0.388 	  -44.30 	 
4.149999935	  0.390 	  -42.70 	 
4.166599935	  0.392 	  -41.28 	 
4.183199935	  0.393 	  -40.04 	 
4.199799934	  0.395 	  -39.16 	 
4.216399934	  0.396 	  -38.41 	 
4.232999934	  0.397 	  -37.96 	 
4.249599934	  0.397 	  -37.78 	 
4.266199933	  0.397 	  -37.78 	 
4.282799933	  0.397 	  -38.12 	 
4.299399933	  0.397 	  -38.65 	 
4.315999933	  0.396 	  -39.52 	 
4.332599932	  0.396 	  -40.53 	 
4.349199932	  0.395 	  -41.82 	 
4.365799932	  0.394 	  -43.34 	 
4.382399932	  0.392 	  -45.00 	 
4.398999931	  0.391 	  -46.95 	 
4.415599931	  0.390 	  -48.99 	 
4.432199931	  0.388 	  -51.15 	 
4.448799931	  0.387 	  -53.42 	 
4.465399930	  0.384 	  -55.81 	 
4.481999930	  0.381 	  -58.26 	 
4.498599930	  0.380 	  -60.78 	 
4.515199929	  0.377 	  -63.19 	 
4.531799929	  0.376 	  -65.71 	 
4.548399929	  0.373 	  -68.06 	 
4.564999929	  0.371 	  -70.46 	 
4.581599928	  0.369 	  -72.71 	 
4.598199928	  0.367 	  -74.87 	 
4.614799928	  0.365 	  -76.85 	 
4.631399928	  0.364 	  -78.69 	 
4.647999927	  0.362 	  -80.32 	 
4.664599927	  0.361 	  -81.78 	 
4.681199927	  0.360 	  -82.98 	 
4.697799927	  0.359 	  -83.92 	 
4.714399926	  0.358 	  -84.66 	 
4.730999926	  0.358 	  -85.15 	 
4.747599926	  0.357 	  -85.46 	 
4.764199926	  0.357 	  -85.44 	 
4.780799925	  0.357 	  -85.17 	 
4.797399925	  0.358 	  -84.63 	 
4.813999925	  0.358 	  -83.82 	 
4.830599925	  0.358 	  -82.76 	 
4.847199924	  0.359 	  -81.60 	 
4.863799924	  0.359 	  -80.04 	 
4.880399924	  0.360 	  -78.41 	 
4.896999924	  0.362 	  -76.49 	 
4.913599923	  0.363 	  -74.48 	 
4.930199923	  0.365 	  -72.31 	 
4.946799923	  0.366 	  -70.06 	 
4.963399922	  0.369 	  -67.65 	 
4.979999922	  0.369 	  -65.27 	 
4.996599922	  0.372 	  -62.76 	 
5.013199922	  0.373 	  -60.31 	 
5.029799921	  0.376 	  -57.79 	 
5.046399921	  0.377 	  -55.40 	 
5.062999921	  0.380 	  -52.98 	 
5.079599921	  0.382 	  -50.77 	 
5.096199920	  0.384 	  -48.60 	 
5.112799920	  0.386 	  -46.61 	 
5.129399920	  0.388 	  -44.68 	 
5.145999920	  0.390 	  -43.05 	 
5.162599919	  0.391 	  -41.63 	 
5.179199919	  0.392 	  -40.45 	 
5.195799919	  0.394 	  -39.35 	 
5.212399919	  0.395 	  -38.58 	 
5.228999918	  0.396 	  -38.06 	 
5.245599918	  0.396 	  -37.81 	 
5.262199918	  0.397 	  -37.75 	 
5.278799918	  0.397 	  -38.03 	 
5.295399917	  0.397 	  -38.45 	 
5.311999917	  0.396 	  -39.31 	 
5.328599917	  0.396 	  -40.28 	 
5.345199917	  0.395 	  -41.51 	 
5.361799916	  0.395 	  -42.94 	 
5.378399916	  0.393 	  -44.70 	 
5.394999916	  0.392 	  -46.48 	 
5.411599915	  0.390 	  -48.44 	 
5.428199915	  0.389 	  -50.59 	 
5.444799915	  0.386 	  -52.89 	 
5.461399915	  0.384 	  -55.21 	 
5.477999914	  0.382 	  -57.69 	 
5.494599914	  0.380 	  -60.18 	 
5.511199914	  0.378 	  -62.62 	 
5.527799914	  0.376 	  -65.11 	 
5.544399913	  0.374 	  -67.51 	 
5.560999913	  0.372 	  -69.93 	 
5.577599913	  0.370 	  -72.22 	 
5.594199913	  0.368 	  -74.38 	 
5.610799912	  0.366 	  -76.38 	 
5.627399912	  0.364 	  -78.29 	 
5.643999912	  0.362 	  -79.96 	 
5.660599912	  0.361 	  -81.41 	 
5.677199911	  0.360 	  -82.72 	 
5.693799911	  0.359 	  -83.76 	 
5.710399911	  0.358 	  -84.54 	 
5.726999911	  0.357 	  -85.12 	 
5.743599910	  0.357 	  -85.46 	 
5.760199910	  0.357 	  -85.43 	 
5.776799910	  0.356 	  -85.24 	 
5.793399910	  0.357 	  -84.76 	 
5.809999909	  0.358 	  -84.05 	 
5.826599909	  0.358 	  -83.11 	 
5.843199909	  0.358 	  -81.90 	 
5.859799908	  0.359 	  -80.46 	 
5.876399908	  0.361 	  -78.82 	 
5.892999908	  0.361 	  -76.99 	 
5.909599908	  0.362 	  -75.00 	 
5.926199907	  0.364 	  -72.90 	 
5.942799907	  0.366 	  -70.62 	 
5.959399907	  0.367 	  -68.34 	 
5.975999907	  0.369 	  -65.83 	 
5.992599906	  0.370 	  -63.41 	 
6.009199906	  0.372 	  -60.87 	 
6.025799906	  0.375 	  -58.48 	 
6.042399906	  0.377 	  -55.97 	 
6.058999905	  0.379 	  -53.61 	 
6.075599905	  0.381 	  -51.30 	 
6.092199905	  0.383 	  -49.09 	 
6.108799905	  0.385 	  -47.13 	 
6.125399904	  0.387 	  -45.16 	 
6.141999904	  0.388 	  -43.54 	 
6.158599904	  0.391 	  -41.98 	 
6.175199904	  0.392 	  -40.64 	 
6.191799903	  0.394 	  -39.65 	 
6.208399903	  0.395 	  -38.82 	 
6.224999903	  0.396 	  -38.19 	 
6.241599903	  0.396 	  -37.90 	 
6.258199902	  0.397 	  -37.84 	 
6.274799902	  0.397 	  -37.90 	 
6.291399902	  0.396 	  -38.43 	 
6.307999901	  0.396 	  -39.02 	 
6.324599901	  0.396 	  -40.03 	 
6.341199901	  0.395 	  -41.29 	 
6.357799901	  0.394 	  -42.65 	 
6.374399900	  0.393 	  -44.19 	 
6.390999900	  0.392 	  -46.05 	 
6.407599900	  0.390 	  -47.99 	 
6.424199900	  0.389 	  -50.06 	 
6.440799899	  0.387 	  -52.34 	 
6.457399899	  0.385 	  -54.69 	 
6.473999899	  0.383 	  -57.07 	 
6.490599899	  0.381 	  -59.55 	 
6.507199898	  0.379 	  -62.00 	 
6.523799898	  0.376 	  -64.51 	 
6.540399898	  0.374 	  -66.96 	 
6.556999898	  0.372 	  -69.40 	 
6.573599897	  0.370 	  -71.64 	 
6.590199897	  0.368 	  -73.86 	 
6.606799897	  0.366 	  -75.91 	 
6.623399897	  0.364 	  -77.83 	 
6.639999896	  0.362 	  -79.55 	 
6.656599896	  0.361 	  -81.12 	 
6.673199896	  0.360 	  -82.45 	 
6.689799896	  0.359 	  -83.51 	 
6.706399895	  0.358 	  -84.37 	 
6.722999895	  0.357 	  -84.97 	 
6.739599895	  0.358 	  -85.34 	 
6.756199894	  0.356 	  -85.46 	 
6.772799894	  0.356 	  -85.32 	 
6.789399894	  0.357 	  -84.96 	 
6.805999894	  0.357 	  -84.24 	 
6.822599893	  0.358 	  -83.33 	 
6.839199893	  0.358 	  -82.17 	 
6.855799893	  0.359 	  -80.82 	 
6.872399893	  0.360 	  -79.19 	 
6.888999892	  0.361 	  -77.48 	 
6.905599892	  0.362 	  -75.46 	 
6.922199892	  0.363 	  -73.44 	 
6.938799892	  0.365 	  -71.18 	 
6.955399891	  0.366 	  -68.85 	 
6.971999891	  0.368 	  -66.41 	 
6.988599891	  0.371 	  -63.98 	 
7.005199891	  0.372 	  -61.53 	 
7.021799890	  0.374 	  -59.03 	 
7.038399890	  0.376 	  -56.59 	 
7.054999890	  0.378 	  -54.16 	 
7.071599890	  0.380 	  -51.82 	 
7.088199889	  0.382 	  -49.65 	 
7.104799889	  0.384 	  -47.54 	 
7.121399889	  0.387 	  -45.57 	 
7.137999889	  0.388 	  -43.94 	 
7.154599888	  0.390 	  -42.24 	 
7.171199888	  0.391 	  -41.02 	 
7.187799888	  0.393 	  -39.76 	 
7.204399887	  0.394 	  -38.94 	 
7.220999887	  0.395 	  -38.23 	 
7.237599887	  0.395 	  -37.97 	 
7.254199887	  0.396 	  -37.75 	 
7.270799886	  0.396 	  -37.96 	 
7.287399886	  0.396 	  -38.29 	 
7.303999886	  0.396 	  -38.87 	 
7.320599886	  0.396 	  -39.78 	 
7.337199885	  0.395 	  -40.86 	 
7.353799885	  0.394 	  -42.27 	 
7.370399885	  0.393 	  -43.79 	 
7.386999885	  0.392 	  -45.56 	 
7.403599884	  0.390 	  -47.44 	 
7.420199884	  0.389 	  -49.60 	 
7.436799884	  0.387 	  -51.80 	 
7.453399884	  0.386 	  -54.10 	 
7.469999883	  0.382 	  -56.51 	 
7.486599883	  0.380 	  -58.93 	 
7.503199883	  0.379 	  -61.42 	 
7.519799883	  0.377 	  -63.94 	 
7.536399882	  0.375 	  -66.38 	 
7.552999882	  0.372 	  -68.80 	 
7.569599882	  0.370 	  -71.12 	 
7.586199882	  0.369 	  -73.32 	 
7.602799881	  0.367 	  -75.47 	 
7.619399881	  0.364 	  -77.38 	 
7.635999881	  0.363 	  -79.19 	 
7.652599880	  0.361 	  -80.75 	 
7.669199880	  0.360 	  -82.15 	 
7.685799880	  0.359 	  -83.25 	 
7.702399880	  0.358 	  -84.19 	 
7.718999879	  0.357 	  -84.87 	 
7.735599879	  0.356 	  -85.33 	 
7.752199879	  0.357 	  -85.50 	 
7.768799879	  0.356 	  -85.35 	 
7.785399878	  0.356 	  -85.06 	 
7.801999878	  0.357 	  -84.40 	 
7.818599878	  0.357 	  -83.61 	 
7.835199878	  0.358 	  -82.48 	 
7.851799877	  0.358 	  -81.20 	 
7.868399877	  0.360 	  -79.65 	 
7.884999877	  0.360 	  -77.92 	 
7.901599877	  0.362 	  -75.92 	 
7.918199876	  0.363 	  -73.98 	 
7.934799876	  0.365 	  -71.69 	 
7.951399876	  0.366 	  -69.42 	 
7.967999876	  0.368 	  -67.01 	 
7.984599875	  0.369 	  -64.64 	 
8.001199875	  0.371 	  -62.06 	 
8.017799875	  0.373 	  -59.60 	 
8.034399875	  0.375 	  -57.12 	 
8.050999874	  0.377 	  -54.72 	 
8.067599874	  0.380 	  -52.46 	 
8.084199874	  0.381 	  -50.20 	 
8.100799873	  0.384 	  -48.03 	 
8.117399873	  0.386 	  -46.12 	 
8.133999873	  0.387 	  -44.28 	 
8.150599873	  0.389 	  -42.61 	 
8.167199872	  0.391 	  -41.22 	 
8.183799872	  0.393 	  -40.09 	 
8.200399872	  0.394 	  -39.11 	 
8.216999872	  0.395 	  -38.42 	 
8.233599871	  0.395 	  -37.99 	 
8.250199871	  0.396 	  -37.75 	 
8.266799871	  0.396 	  -37.77 	 
8.283399871	  0.396 	  -38.11 	 
8.299999870	  0.396 	  -38.75 	 
8.316599870	  0.396 	  -39.50 	 
8.333199870	  0.395 	  -40.60 	 
8.349799870	  0.394 	  -41.89 	 
8.366399869	  0.393 	  -43.47 	 
8.382999869	  0.392 	  -45.11 	 
8.399599869	  0.390 	  -47.01 	 
8.416199869	  0.389 	  -49.05 	 
8.432799868	  0.387 	  -51.21 	 
8.449399868	  0.386 	  -53.51 	 
8.465999868	  0.383 	  -55.91 	 
8.482599868	  0.381 	  -58.37 	 
8.499199867	  0.379 	  -60.81 	 
8.515799867	  0.377 	  -63.37 	 
8.532399867	  0.375 	  -65.78 	 
8.548999866	  0.373 	  -68.19 	 
8.565599866	  0.371 	  -70.52 	 
8.582199866	  0.369 	  -72.88 	 
8.598799866	  0.367 	  -74.96 	 
8.615399865	  0.365 	  -76.96 	 
8.631999865	  0.363 	  -78.75 	 
8.648599865	  0.361 	  -80.38 	 
8.665199865	  0.360 	  -81.76 	 
8.681799864	  0.359 	  -83.02 	 
8.698399864	  0.358 	  -83.99 	 
8.714999864	  0.357 	  -84.78 	 
8.731599864	  0.356 	  -85.24 	 
8.748199863	  0.356 	  -85.41 	 
8.764799863	  0.356 	  -85.41 	 
8.781399863	  0.356 	  -85.14 	 
8.797999863	  0.356 	  -84.58 	 
8.814599862	  0.357 	  -83.84 	 
8.831199862	  0.357 	  -82.79 	 
8.847799862	  0.358 	  -81.51 	 
8.864399862	  0.359 	  -80.00 	 
8.880999861	  0.360 	  -78.34 	 
8.897599861	  0.361 	  -76.44 	 
8.914199861	  0.362 	  -74.43 	 
8.930799861	  0.364 	  -72.26 	 
8.947399860	  0.365 	  -70.02 	 
8.963999860	  0.368 	  -67.61 	 
8.980599860	  0.369 	  -65.14 	 
8.997199859	  0.370 	  -62.72 	 
9.013799859	  0.373 	  -60.19 	 
9.030399859	  0.375 	  -57.73 	 
9.046999859	  0.377 	  -55.29 	 
9.063599858	  0.379 	  -52.96 	 
9.080199858	  0.381 	  -50.66 	 
9.096799858	  0.383 	  -48.55 	 
9.113399858	  0.385 	  -46.49 	 
9.129999857	  0.387 	  -44.65 	 
9.146599857	  0.389 	  -42.98 	 
9.163199857	  0.390 	  -41.57 	 
9.179799857	  0.392 	  -40.30 	 
9.196399856	  0.393 	  -39.38 	 
9.212999856	  0.395 	  -38.54 	 
9.229599856	  0.395 	  -38.05 	 
9.246199856	  0.395 	  -37.78 	 
9.262799855	  0.396 	  -37.73 	 
9.279399855	  0.396 	  -38.08 	 
9.295999855	  0.396 	  -38.64 	 
9.312599855	  0.396 	  -39.30 	 
9.329199854	  0.395 	  -40.32 	 
9.345799854	  0.395 	  -41.57 	 
9.362399854	  0.392 	  -43.03 	 
9.378999854	  0.391 	  -44.67 	 
9.395599853	  0.391 	  -46.56 	 
9.412199853	  0.389 	  -48.54 	 
9.428799853	  0.387 	  -50.70 	 
9.445399852	  0.386 	  -52.96 	 
9.461999852	  0.383 	  -55.34 	 
9.478599852	  0.382 	  -57.78 	 
9.495199852	  0.380 	  -60.25 	 
9.511799851	  0.377 	  -62.70 	 
9.528399851	  0.375 	  -65.19 	 
9.544999851	  0.373 	  -67.64 	 
9.561599851	  0.371 	  -69.99 	 
9.578199850	  0.369 	  -72.31 	 
9.594799850	  0.367 	  -74.43 	 
9.611399850	  0.365 	  -76.44 	 
9.627999850	  0.363 	  -78.33 	 
9.644599849	  0.362 	  -79.96 	 
9.661199849	  0.360 	  -81.49 	 
9.677799849	  0.359 	  -82.75 	 
9.694399849	  0.358 	  -83.81 	 
9.710999848	  0.357 	  -84.58 	 
9.727599848	  0.357 	  -85.13 	 
9.744199848	  0.356 	  -85.38 	 
9.760799848	  0.356 	  -85.46 	 
9.777399847	  0.356 	  -85.21 	 
9.793999847	  0.356 	  -84.80 	 
9.810599847	  0.357 	  -84.01 	 
9.827199847	  0.356 	  -83.06 	 
9.843799846	  0.358 	  -81.80 	 
9.860399846	  0.359 	  -80.41 	 
9.876999846	  0.359 	  -78.74 	 
9.893599845	  0.361 	  -76.94 	 
9.910199845	  0.361 	  -74.94 	 
9.926799845	  0.364 	  -72.81 	 
9.943399845	  0.365 	  -70.54 	 
9.959999844	  0.366 	  -68.19 	 
9.976599844	  0.368 	  -65.76 	 
9.993199844	  0.371 	  -63.31 	 
10.009799844	  0.372 	  -60.81 	 
10.026399843	  0.375 	  -58.32 	 
10.042999843	  0.376 	  -55.92 	 
10.059599843	  0.378 	  -53.51 	 
10.076199843	  0.380 	  -51.22 	 
10.092799842	  0.382 	  -49.03 	 
10.109399842	  0.384 	  -47.02 	 
10.125999842	  0.387 	  -45.05 	 
10.142599842	  0.388 	  -43.55 	 
10.159199841	  0.389 	  -41.85 	 
10.175799841	  0.392 	  -40.66 	 
10.192399841	  0.393 	  -39.55 	 
10.208999841	  0.394 	  -38.63 	 
10.225599840	  0.395 	  -38.10 	 
10.242199840	  0.396 	  -37.85 	 
10.258799840	  0.396 	  -37.71 	 
10.275399840	  0.396 	  -38.01 	 
10.291999839	  0.395 	  -38.38 	 
10.308599839	  0.395 	  -39.09 	 
10.325199839	  0.394 	  -40.00 	 
10.341799838	  0.394 	  -41.25 	 
10.358399838	  0.392 	  -42.70 	 
10.374999838	  0.392 	  -44.27 	 
10.391599838	  0.391 	  -46.08 	 
10.408199837	  0.389 	  -48.06 	 
10.424799837	  0.387 	  -50.13 	 
10.441399837	  0.385 	  -52.44 	 
10.457999837	  0.383 	  -54.73 	 
10.474599836	  0.382 	  -57.20 	 
10.491199836	  0.379 	  -59.62 	 
10.507799836	  0.377 	  -62.10 	 
10.524399836	  0.375 	  -64.59 	 
10.540999835	  0.373 	  -67.01 	 
10.557599835	  0.371 	  -69.44 	 
10.574199835	  0.369 	  -71.74 	 
10.590799835	  0.367 	  -73.90 	 
10.607399834	  0.365 	  -75.97 	 
10.623999834	  0.363 	  -77.91 	 
10.640599834	  0.361 	  -79.61 	 
10.657199834	  0.360 	  -81.15 	 
10.673799833	  0.359 	  -82.48 	 
10.690399833	  0.358 	  -83.55 	 
10.706999833	  0.357 	  -84.42 	 
10.723599833	  0.357 	  -85.00 	 
10.740199832	  0.356 	  -85.37 	 
10.756799832	  0.356 	  -85.52 	 
10.773399832	  0.355 	  -85.31 	 
10.789999831	  0.356 	  -84.92 	 
10.806599831	  0.356 	  -84.23 	 
10.823199831	  0.356 	  -83.25 	 
10.839799831	  0.357 	  -82.17 	 
10.856399830	  0.358 	  -80.77 	 
10.872999830	  0.359 	  -79.21 	 
10.889599830	  0.360 	  -77.37 	 
10.906199830	  0.361 	  -75.43 	 
10.922799829	  0.362 	  -73.32 	 
10.939399829	  0.365 	  -71.06 	 
10.955999829	  0.366 	  -68.75 	 
10.972599829	  0.368 	  -66.33 	 
10.989199828	  0.370 	  -63.92 	 
11.005799828	  0.372 	  -61.42 	 
11.022399828	  0.373 	  -58.91 	 
11.038999828	  0.375 	  -56.47 	 
11.055599827	  0.377 	  -54.06 	 
11.072199827	  0.380 	  -51.77 	 
11.088799827	  0.382 	  -49.60 	 
11.105399827	  0.383 	  -47.46 	 
11.121999826	  0.386 	  -45.55 	 
11.138599826	  0.388 	  -43.83 	 
11.155199826	  0.389 	  -42.26 	 
11.171799826	  0.390 	  -40.90 	 
11.188399825	  0.392 	  -39.76 	 
11.204999825	  0.393 	  -38.94 	 
11.221599825	  0.393 	  -38.23 	 
11.238199824	  0.394 	  -37.95 	 
11.254799824	  0.396 	  -37.77 	 
11.271399824	  0.396 	  -37.90 	 
11.287999824	  0.396 	  -38.26 	 
11.304599823	  0.395 	  -38.89 	 
11.321199823	  0.395 	  -39.88 	 
11.337799823	  0.394 	  -40.97 	 
11.354399823	  0.393 	  -42.32 	 
11.370999822	  0.392 	  -43.88 	 
11.387599822	  0.390 	  -45.66 	 
11.404199822	  0.390 	  -47.51 	 
11.420799822	  0.388 	  -49.65 	 
11.437399821	  0.386 	  -51.84 	 
11.453999821	  0.383 	  -54.20 	 
11.470599821	  0.381 	  -56.59 	 
11.487199821	  0.380 	  -59.04 	 
11.503799820	  0.378 	  -61.50 	 
11.520399820	  0.376 	  -64.02 	 
11.536999820	  0.373 	  -66.45 	 
11.553599820	  0.370 	  -68.86 	 
11.570199819	  0.369 	  -71.18 	 
11.586799819	  0.367 	  -73.44 	 
11.603399819	  0.366 	  -75.50 	 
11.619999819	  0.363 	  -77.48 	 
11.636599818	  0.362 	  -79.25 	 
11.653199818	  0.361 	  -80.79 	 
11.669799818	  0.359 	  -82.15 	 
11.686399817	  0.358 	  -83.31 	 
11.702999817	  0.357 	  -84.24 	 
11.719599817	  0.356 	  -84.88 	 
11.736199817	  0.356 	  -85.32 	 
11.752799816	  0.355 	  -85.47 	 
11.769399816	  0.355 	  -85.39 	 
11.785999816	  0.356 	  -84.99 	 
11.802599816	  0.356 	  -84.40 	 
11.819199815	  0.357 	  -83.57 	 
11.835799815	  0.357 	  -82.49 	 
11.852399815	  0.357 	  -81.14 	 
11.868999815	  0.358 	  -79.58 	 
11.885599814	  0.360 	  -77.80 	 
11.902199814	  0.361 	  -75.92 	 
11.918799814	  0.362 	  -73.87 	 
11.935399814	  0.364 	  -71.66 	 
11.951999813	  0.365 	  -69.34 	 
11.968599813	  0.367 	  -67.00 	 
11.985199813	  0.368 	  -64.48 	 
12.001799813	  0.370 	  -62.01 	 
12.018399812	  0.372 	  -59.53 	 
12.034999812	  0.375 	  -57.07 	 
12.051599812	  0.377 	  -54.63 	 
12.068199812	  0.378 	  -52.31 	 
12.084799811	  0.381 	  -50.11 	 
12.101399811	  0.382 	  -47.98 	 
12.117999811	  0.385 	  -46.05 	 
12.134599810	  0.387 	  -44.18 	 
12.151199810	  0.389 	  -42.61 	 
12.167799810	  0.390 	  -41.19 	 
12.184399810	  0.391 	  -39.97 	 
12.200999809	  0.393 	  -39.11 	 
12.217599809	  0.394 	  -38.36 	 
12.234199809	  0.395 	  -37.95 	 
12.250799809	  0.395 	  -37.71 	 
12.267399808	  0.395 	  -37.81 	 
12.283999808	  0.395 	  -38.13 	 
12.300599808	  0.395 	  -38.78 	 
12.317199808	  0.395 	  -39.55 	 
12.333799807	  0.394 	  -40.64 	 
12.350399807	  0.393 	  -42.08 	 
12.366999807	  0.392 	  -43.34 	 
12.383599807	  0.391 	  -45.12 	 
12.400199806	  0.390 	  -47.12 	 
12.416799806	  0.388 	  -49.14 	 
12.433399806	  0.386 	  -51.34 	 
12.449999806	  0.384 	  -53.60 	 
12.466599805	  0.382 	  -56.00 	 
12.483199805	  0.380 	  -58.41 	 
12.499799805	  0.378 	  -60.93 	 
12.516399805	  0.376 	  -63.40 	 
12.532999804	  0.374 	  -65.87 	 
12.549599804	  0.372 	  -68.28 	 
12.566199804	  0.369 	  -70.65 	 
12.582799803	  0.368 	  -72.85 	 
12.599399803	  0.366 	  -75.00 	 
12.615999803	  0.364 	  -76.93 	 
12.632599803	  0.362 	  -78.82 	 
12.649199802	  0.361 	  -80.39 	 
12.665799802	  0.359 	  -81.88 	 
12.682399802	  0.358 	  -83.02 	 
12.698999802	  0.357 	  -84.05 	 
12.715599801	  0.357 	  -84.73 	 
12.732199801	  0.356 	  -85.22 	 
12.748799801	  0.356 	  -85.39 	 
12.765399801	  0.355 	  -85.41 	 
12.781999800	  0.356 	  -85.12 	 
12.798599800	  0.356 	  -84.58 	 
12.815199800	  0.356 	  -83.76 	 
12.831799800	  0.357 	  -82.74 	 
12.848399799	  0.357 	  -81.42 	 
12.864999799	  0.358 	  -79.94 	 
12.881599799	  0.359 	  -78.21 	 
12.898199799	  0.360 	  -76.38 	 
12.914799798	  0.362 	  -74.37 	 
12.931399798	  0.363 	  -72.22 	 
12.947999798	  0.365 	  -69.90 	 
12.964599798	  0.366 	  -67.51 	 
12.981199797	  0.368 	  -65.05 	 
12.997799797	  0.370 	  -62.58 	 
13.014399797	  0.372 	  -60.12 	 
13.030999796	  0.374 	  -57.65 	 
13.047599796	  0.376 	  -55.20 	 
13.064199796	  0.377 	  -52.88 	 
13.080799796	  0.380 	  -50.56 	 
13.097399795	  0.382 	  -48.48 	 
13.113999795	  0.384 	  -46.49 	 
13.130599795	  0.386 	  -44.59 	 
13.147199795	  0.388 	  -42.96 	 
13.163799794	  0.390 	  -41.58 	 
13.180399794	  0.391 	  -40.31 	 
13.196999794	  0.392 	  -39.29 	 
13.213599794	  0.394 	  -38.47 	 
13.230199793	  0.394 	  -38.04 	 
13.246799793	  0.394 	  -37.77 	 
13.263399793	  0.395 	  -37.82 	 
13.279999793	  0.395 	  -38.10 	 
13.296599792	  0.395 	  -38.53 	 
13.313199792	  0.394 	  -39.28 	 
13.329799792	  0.394 	  -40.38 	 
13.346399792	  0.394 	  -41.58 	 
13.362999791	  0.392 	  -43.10 	 
13.379599791	  0.391 	  -44.78 	 
13.396199791	  0.390 	  -46.62 	 
13.412799791	  0.388 	  -48.62 	 
13.429399790	  0.387 	  -50.78 	 
13.445999790	  0.384 	  -53.01 	 
13.462599790	  0.383 	  -55.39 	 
13.479199789	  0.380 	  -57.87 	 
13.495799789	  0.378 	  -60.34 	 
13.512399789	  0.376 	  -62.78 	 
13.528999789	  0.374 	  -65.27 	 
13.545599788	  0.372 	  -67.73 	 
13.562199788	  0.370 	  -70.07 	 
13.578799788	  0.367 	  -72.36 	 
13.595399788	  0.366 	  -74.52 	 
13.611999787	  0.364 	  -76.52 	 
13.628599787	  0.362 	  -78.37 	 
13.645199787	  0.360 	  -80.04 	 
13.661799787	  0.359 	  -81.52 	 
13.678399786	  0.359 	  -82.78 	 
13.694999786	  0.357 	  -83.84 	 
13.711599786	  0.357 	  -84.59 	 
13.728199786	  0.356 	  -85.14 	 
13.744799785	  0.355 	  -85.43 	 
13.761399785	  0.355 	  -85.43 	 
13.777999785	  0.355 	  -85.23 	 
13.794599785	  0.355 	  -84.74 	 
13.811199784	  0.355 	  -83.98 	 
13.827799784	  0.357 	  -82.98 	 
13.844399784	  0.357 	  -81.79 	 
13.860999784	  0.357 	  -80.31 	 
13.877599783	  0.358 	  -78.69 	 
13.894199783	  0.359 	  -76.82 	 
13.910799783	  0.361 	  -74.89 	 
13.927399782	  0.363 	  -72.67 	 
13.943999782	  0.364 	  -70.46 	 
13.960599782	  0.365 	  -68.07 	 
13.977199782	  0.367 	  -65.69 	 
13.993799781	  0.370 	  -63.17 	 
14.010399781	  0.371 	  -60.74 	 
14.026999781	  0.373 	  -58.22 	 
14.043599781	  0.375 	  -55.82 	 
14.060199780	  0.377 	  -53.33 	 
14.076799780	  0.380 	  -51.18 	 
14.093399780	  0.381 	  -48.91 	 
14.109999780	  0.383 	  -46.91 	 
14.126599779	  0.385 	  -45.08 	 
14.143199779	  0.387 	  -43.40 	 
14.159799779	  0.389 	  -41.83 	 
14.176399779	  0.391 	  -40.59 	 
14.192999778	  0.392 	  -39.54 	 
14.209599778	  0.393 	  -38.67 	 
14.226199778	  0.394 	  -38.16 	 
14.242799778	  0.395 	  -37.84 	 
14.259399777	  0.394 	  -37.78 	 
14.275999777	  0.395 	  -37.94 	 
14.292599777	  0.394 	  -38.43 	 
14.309199777	  0.395 	  -39.14 	 
14.325799776	  0.394 	  -40.03 	 
14.342399776	  0.393 	  -41.33 	 
14.358999776	  0.392 	  -42.67 	 
14.375599775	  0.391 	  -44.36 	 
14.392199775	  0.390 	  -46.13 	 
14.408799775	  0.388 	  -48.07 	 
14.425399775	  0.387 	  -50.28 	 
14.441999774	  0.385 	  -52.45 	 
14.458599774	  0.383 	  -54.85 	 
14.475199774	  0.380 	  -57.25 	 
14.491799774	  0.378 	  -59.75 	 
14.508399773	  0.376 	  -62.20 	 
14.524999773	  0.375 	  -64.67 	 
14.541599773	  0.372 	  -67.10 	 
14.558199773	  0.370 	  -69.53 	 
14.574799772	  0.368 	  -71.78 	 
14.591399772	  0.366 	  -74.02 	 
14.607999772	  0.364 	  -76.06 	 
14.624599772	  0.362 	  -77.92 	 
14.641199771	  0.361 	  -79.66 	 
14.657799771	  0.359 	  -81.16 	 
14.674399771	  0.359 	  -82.52 	 
14.690999771	  0.357 	  -83.57 	 
14.707599770	  0.357 	  -84.44 	 
14.724199770	  0.355 	  -85.01 	 
14.740799770	  0.355 	  -85.35 	 
14.757399769	  0.355 	  -85.44 	 
14.773999769	  0.355 	  -85.28 	 
14.790599769	  0.355 	  -84.87 	 
14.807199769	  0.355 	  -84.19 	 
14.823799768	  0.356 	  -83.28 	 
14.840399768	  0.357 	  -82.08 	 
14.856999768	  0.357 	  -80.66 	 
14.873599768	  0.359 	  -79.12 	 
14.890199767	  0.359 	  -77.28 	 
14.906799767	  0.360 	  -75.33 	 
14.923399767	  0.362 	  -73.24 	 
14.939999767	  0.363 	  -71.00 	 
14.956599766	  0.365 	  -68.64 	 
14.973199766	  0.366 	  -66.27 	 
14.989799766	  0.369 	  -63.81 	 
15.006399766	  0.371 	  -61.31 	 
15.022999765	  0.373 	  -58.81 	 
15.039599765	  0.375 	  -56.35 	 
15.056199765	  0.377 	  -54.01 	 
15.072799765	  0.379 	  -51.64 	 
15.089399764	  0.380 	  -49.52 	 
15.105999764	  0.383 	  -47.39 	 
15.122599764	  0.385 	  -45.51 	 
15.139199764	  0.387 	  -43.70 	 
15.155799763	  0.389 	  -42.18 	 
15.172399763	  0.390 	  -40.94 	 
15.188999763	  0.391 	  -39.75 	 
15.205599762	  0.393 	  -38.87 	 
15.222199762	  0.393 	  -38.21 	 
15.238799762	  0.394 	  -37.83 	 
15.255399762	  0.395 	  -37.78 	 
15.271999761	  0.394 	  -37.88 	 
15.288599761	  0.394 	  -38.34 	 
15.305199761	  0.395 	  -38.91 	 
15.321799761	  0.394 	  -39.85 	 
15.338399760	  0.393 	  -40.99 	 
15.354999760	  0.392 	  -42.32 	 
15.371599760	  0.391 	  -43.99 	 
15.388199760	  0.390 	  -45.66 	 
15.404799759	  0.388 	  -47.62 	 
15.421399759	  0.387 	  -49.72 	 
15.437999759	  0.385 	  -51.95 	 
15.454599759	  0.384 	  -54.27 	 
15.471199758	  0.381 	  -56.66 	 
15.487799758	  0.379 	  -59.11 	 
15.504399758	  0.377 	  -61.61 	 
15.520999758	  0.375 	  -64.07 	 
15.537599757	  0.372 	  -66.57 	 
15.554199757	  0.370 	  -68.93 	 
15.570799757	  0.368 	  -71.30 	 
15.587399757	  0.366 	  -73.43 	 
15.603999756	  0.364 	  -75.56 	 
15.620599756	  0.363 	  -77.50 	 
15.637199756	  0.361 	  -79.30 	 
15.653799755	  0.360 	  -80.83 	 
15.670399755	  0.359 	  -82.23 	 
15.686999755	  0.357 	  -83.32 	 
15.703599755	  0.356 	  -84.25 	 
15.720199754	  0.356 	  -84.82 	 
15.736799754	  0.355 	  -85.30 	 
15.753399754	  0.355 	  -85.44 	 
15.769999754	  0.354 	  -85.37 	 
15.786599753	  0.355 	  -84.99 	 
15.803199753	  0.355 	  -84.38 	 
15.819799753	  0.356 	  -83.47 	 
15.836399753	  0.356 	  -82.39 	 
15.852999752	  0.357 	  -81.05 	 
15.869599752	  0.358 	  -79.48 	 
15.886199752	  0.359 	  -77.73 	 
15.902799752	  0.360 	  -75.86 	 
15.919399751	  0.362 	  -73.73 	 
15.935999751	  0.363 	  -71.55 	 
15.952599751	  0.365 	  -69.23 	 
15.969199751	  0.366 	  -66.85 	 
15.985799750	  0.368 	  -64.38 	 
16.002399750	  0.369 	  -61.90 	 
16.018999750	  0.373 	  -59.44 	 
16.035599750	  0.374 	  -56.97 	 
16.052199749	  0.376 	  -54.56 	 
16.068799749	  0.377 	  -52.28 	 
16.085399749	  0.380 	  -50.02 	 
16.101999748	  0.382 	  -47.87 	 
16.118599748	  0.384 	  -45.94 	 
16.135199748	  0.386 	  -44.19 	 
16.151799748	  0.388 	  -42.54 	 
16.168399747	  0.390 	  -41.12 	 
16.184999747	  0.391 	  -40.03 	 
16.201599747	  0.392 	  -39.09 	 
16.218199747	  0.393 	  -38.36 	 
16.234799746	  0.393 	  -37.93 	 
16.251399746	  0.394 	  -37.81 	 
16.267999746	  0.395 	  -37.86 	 
16.284599746	  0.395 	  -38.13 	 
16.301199745	  0.394 	  -38.79 	 
16.317799745	  0.394 	  -39.53 	 
16.334399745	  0.393 	  -40.76 	 
16.350999745	  0.392 	  -41.98 	 
16.367599744	  0.391 	  -43.56 	 
16.384199744	  0.389 	  -45.22 	 
16.400799744	  0.389 	  -47.25 	 
16.417399744	  0.387 	  -49.23 	 
16.433999743	  0.386 	  -51.40 	 
16.450599743	  0.383 	  -53.72 	 
16.467199743	  0.382 	  -56.09 	 
16.483799743	  0.379 	  -58.54 	 
16.500399742	  0.377 	  -61.04 	 
16.516999742	  0.375 	  -63.50 	 
16.533599742	  0.373 	  -65.97 	 
16.550199741	  0.371 	  -68.38 	 
16.566799741	  0.369 	  -70.73 	 
16.583399741	  0.367 	  -72.96 	 
16.599999741	  0.365 	  -75.11 	 
16.616599740	  0.364 	  -77.04 	 
16.633199740	  0.361 	  -78.95 	 
16.649799740	  0.360 	  -80.50 	 
16.666399740	  0.358 	  -81.87 	 
16.682999739	  0.358 	  -83.10 	 
16.699599739	  0.356 	  -84.02 	 
16.716199739	  0.355 	  -84.85 	 
16.732799739	  0.355 	  -85.21 	 
16.749399738	  0.355 	  -85.52 	 
16.765999738	  0.355 	  -85.37 	 
16.782599738	  0.354 	  -85.10 	 
16.799199738	  0.355 	  -84.52 	 
16.815799737	  0.354 	  -83.77 	 
16.832399737	  0.356 	  -82.68 	 
16.848999737	  0.356 	  -81.43 	 
16.865599737	  0.357 	  -79.90 	 
16.882199736	  0.358 	  -78.21 	 
16.898799736	  0.360 	  -76.25 	 
16.915399736	  0.361 	  -74.30 	 
16.931999736	  0.362 	  -72.05 	 
16.948599735	  0.364 	  -69.85 	 
16.965199735	  0.366 	  -67.44 	 
16.981799735	  0.367 	  -64.99 	 
