0.000000000	 -0.229 	  -62.25 	 
0.016600000	 -0.224 	  -59.77 	 
0.033199999	 -0.219 	  -57.29 	 
0.049799999	 -0.214 	  -54.84 	 
0.066399999	 -0.208 	  -52.52 	 
0.082999999	 -0.204 	  -50.17 	 
0.099599998	 -0.198 	  -48.10 	 
0.116199998	 -0.193 	  -46.17 	 
0.132799998	 -0.188 	  -44.29 	 
0.149399998	 -0.183 	  -42.62 	 
0.165999997	 -0.179 	  -41.26 	 
0.182599997	 -0.175 	  -40.09 	 
0.199199997	 -0.172 	  -39.06 	 
0.215799997	 -0.169 	  -38.38 	 
0.232399996	 -0.167 	  -37.90 	 
0.248999996	 -0.165 	  -37.62 	 
0.265599996	 -0.165 	  -37.74 	 
0.282199996	 -0.165 	  -37.99 	 
0.298799995	 -0.165 	  -38.58 	 
0.315399995	 -0.166 	  -39.35 	 
0.331999995	 -0.168 	  -40.46 	 
0.348599995	 -0.170 	  -41.71 	 
0.365199994	 -0.172 	  -43.15 	 
0.381799994	 -0.174 	  -44.90 	 
0.398399994	 -0.178 	  -46.82 	 
0.414999994	 -0.181 	  -48.82 	 
0.431599993	 -0.185 	  -51.03 	 
0.448199993	 -0.189 	  -53.37 	 
0.464799993	 -0.195 	  -55.67 	 
0.481399992	 -0.200 	  -58.11 	 
0.497999992	 -0.205 	  -60.62 	 
0.514599992	 -0.209 	  -63.14 	 
0.531199992	 -0.215 	  -65.61 	 
0.547799991	 -0.221 	  -68.06 	 
0.564399991	 -0.225 	  -70.40 	 
0.580999991	 -0.230 	  -72.62 	 
0.597599991	 -0.235 	  -74.81 	 
0.614199990	 -0.239 	  -76.80 	 
0.630799990	 -0.243 	  -78.68 	 
0.647399990	 -0.246 	  -80.33 	 
0.663999990	 -0.249 	  -81.75 	 
0.680599989	 -0.252 	  -83.01 	 
0.697199989	 -0.254 	  -84.03 	 
0.713799989	 -0.256 	  -84.73 	 
0.730399989	 -0.257 	  -85.28 	 
0.746999988	 -0.258 	  -85.50 	 
0.763599988	 -0.259 	  -85.50 	 
0.780199988	 -0.259 	  -85.20 	 
0.796799988	 -0.258 	  -84.71 	 
0.813399987	 -0.257 	  -83.95 	 
0.829999987	 -0.257 	  -82.94 	 
0.846599987	 -0.255 	  -81.71 	 
0.863199987	 -0.255 	  -80.22 	 
0.879799986	 -0.252 	  -78.51 	 
0.896399986	 -0.250 	  -76.65 	 
0.912999986	 -0.247 	  -74.64 	 
0.929599985	 -0.245 	  -72.48 	 
0.946199985	 -0.242 	  -70.18 	 
0.962799985	 -0.238 	  -67.82 	 
0.979399985	 -0.234 	  -65.34 	 
0.995999984	 -0.230 	  -62.84 	 
1.012599984	 -0.225 	  -60.35 	 
1.029199984	 -0.220 	  -57.93 	 
1.045799984	 -0.215 	  -55.48 	 
1.062399983	 -0.209 	  -53.01 	 
1.078999983	 -0.205 	  -50.77 	 
1.095599983	 -0.200 	  -48.68 	 
1.112199983	 -0.194 	  -46.58 	 
1.128799982	 -0.189 	  -44.74 	 
1.145399982	 -0.185 	  -43.15 	 
1.161999982	 -0.180 	  -41.54 	 
1.178599982	 -0.176 	  -40.31 	 
1.195199981	 -0.173 	  -39.29 	 
1.211799981	 -0.170 	  -38.45 	 
1.228399981	 -0.168 	  -38.00 	 
1.244999981	 -0.166 	  -37.73 	 
1.261599980	 -0.165 	  -37.66 	 
1.278199980	 -0.165 	  -37.86 	 
1.294799980	 -0.165 	  -38.39 	 
1.311399980	 -0.166 	  -39.19 	 
1.327999979	 -0.167 	  -40.20 	 
1.344599979	 -0.170 	  -41.38 	 
1.361199979	 -0.171 	  -42.82 	 
1.377799978	 -0.174 	  -44.45 	 
1.394399978	 -0.177 	  -46.30 	 
1.410999978	 -0.181 	  -48.31 	 
1.427599978	 -0.185 	  -50.60 	 
1.444199977	 -0.188 	  -52.76 	 
1.460799977	 -0.193 	  -55.14 	 
1.477399977	 -0.199 	  -57.54 	 
1.493999977	 -0.204 	  -60.02 	 
1.510599976	 -0.209 	  -62.51 	 
1.527199976	 -0.215 	  -65.03 	 
1.543799976	 -0.219 	  -67.47 	 
1.560399976	 -0.224 	  -69.83 	 
1.576999975	 -0.229 	  -72.09 	 
1.593599975	 -0.234 	  -74.30 	 
1.610199975	 -0.238 	  -76.32 	 
1.626799975	 -0.242 	  -78.23 	 
1.643399974	 -0.245 	  -79.92 	 
1.659999974	 -0.249 	  -81.37 	 
1.676599974	 -0.251 	  -82.65 	 
1.693199974	 -0.254 	  -83.75 	 
1.709799973	 -0.256 	  -84.56 	 
1.726399973	 -0.257 	  -85.14 	 
1.742999973	 -0.257 	  -85.44 	 
1.759599973	 -0.258 	  -85.48 	 
1.776199972	 -0.260 	  -85.24 	 
1.792799972	 -0.259 	  -84.81 	 
1.809399972	 -0.258 	  -84.10 	 
1.825999971	 -0.258 	  -83.17 	 
1.842599971	 -0.256 	  -81.96 	 
1.859199971	 -0.255 	  -80.53 	 
1.875799971	 -0.253 	  -78.86 	 
1.892399970	 -0.252 	  -77.08 	 
1.908999970	 -0.249 	  -75.09 	 
1.925599970	 -0.246 	  -73.00 	 
1.942199970	 -0.243 	  -70.73 	 
1.958799969	 -0.239 	  -68.36 	 
1.975399969	 -0.236 	  -65.91 	 
1.991999969	 -0.231 	  -63.53 	 
2.008599969	 -0.226 	  -60.99 	 
2.025199968	 -0.222 	  -58.55 	 
2.041799968	 -0.216 	  -56.11 	 
2.058399968	 -0.212 	  -53.64 	 
2.074999968	 -0.207 	  -51.38 	 
2.091599967	 -0.201 	  -49.17 	 
2.108199967	 -0.196 	  -47.14 	 
2.124799967	 -0.191 	  -45.28 	 
2.141399967	 -0.186 	  -43.51 	 
2.157999966	 -0.182 	  -41.98 	 
2.174599966	 -0.178 	  -40.62 	 
2.191199966	 -0.174 	  -39.65 	 
2.207799966	 -0.171 	  -38.74 	 
2.224399965	 -0.169 	  -38.16 	 
2.240999965	 -0.167 	  -37.87 	 
2.257599965	 -0.166 	  -37.77 	 
2.274199964	 -0.165 	  -37.89 	 
2.290799964	 -0.166 	  -38.39 	 
2.307399964	 -0.167 	  -39.06 	 
2.323999964	 -0.168 	  -39.96 	 
2.340599963	 -0.169 	  -41.10 	 
2.357199963	 -0.171 	  -42.48 	 
2.373799963	 -0.173 	  -44.17 	 
2.390399963	 -0.176 	  -45.95 	 
2.406999962	 -0.180 	  -47.87 	 
2.423599962	 -0.184 	  -50.14 	 
2.440199962	 -0.188 	  -52.23 	 
2.456799962	 -0.193 	  -54.67 	 
2.473399961	 -0.197 	  -56.95 	 
2.489999961	 -0.203 	  -59.54 	 
2.506599961	 -0.208 	  -61.87 	 
2.523199961	 -0.213 	  -64.45 	 
2.539799960	 -0.218 	  -66.87 	 
2.556399960	 -0.223 	  -69.26 	 
2.572999960	 -0.228 	  -71.54 	 
2.589599960	 -0.233 	  -73.78 	 
2.606199959	 -0.237 	  -75.86 	 
2.622799959	 -0.240 	  -77.79 	 
2.639399959	 -0.245 	  -79.48 	 
2.655999959	 -0.248 	  -81.07 	 
2.672599958	 -0.251 	  -82.34 	 
2.689199958	 -0.253 	  -83.53 	 
2.705799958	 -0.256 	  -84.36 	 
2.722399957	 -0.257 	  -85.04 	 
2.738999957	 -0.258 	  -85.35 	 
2.755599957	 -0.259 	  -85.50 	 
2.772199957	 -0.259 	  -85.34 	 
2.788799956	 -0.259 	  -84.97 	 
2.805399956	 -0.259 	  -84.31 	 
2.821999956	 -0.258 	  -83.40 	 
2.838599956	 -0.257 	  -82.26 	 
2.855199955	 -0.256 	  -80.89 	 
2.871799955	 -0.255 	  -79.28 	 
2.888399955	 -0.252 	  -77.55 	 
2.904999955	 -0.250 	  -75.59 	 
2.921599954	 -0.247 	  -73.53 	 
2.938199954	 -0.244 	  -71.26 	 
2.954799954	 -0.240 	  -68.95 	 
2.971399954	 -0.236 	  -66.49 	 
2.987999953	 -0.233 	  -64.16 	 
3.004599953	 -0.229 	  -61.59 	 
3.021199953	 -0.224 	  -59.17 	 
3.037799953	 -0.218 	  -56.68 	 
3.054399952	 -0.214 	  -54.23 	 
3.070999952	 -0.208 	  -51.88 	 
3.087599952	 -0.203 	  -49.67 	 
3.104199952	 -0.198 	  -47.67 	 
3.120799951	 -0.192 	  -45.72 	 
3.137399951	 -0.187 	  -43.90 	 
3.153999951	 -0.183 	  -42.38 	 
3.170599950	 -0.179 	  -40.99 	 
3.187199950	 -0.176 	  -39.85 	 
3.203799950	 -0.172 	  -38.91 	 
3.220399950	 -0.170 	  -38.31 	 
3.236999949	 -0.168 	  -37.87 	 
3.253599949	 -0.167 	  -37.73 	 
3.270199949	 -0.166 	  -37.88 	 
3.286799949	 -0.166 	  -38.22 	 
3.303399948	 -0.167 	  -38.81 	 
3.319999948	 -0.167 	  -39.79 	 
3.336599948	 -0.170 	  -40.80 	 
3.353199948	 -0.171 	  -42.19 	 
3.369799947	 -0.173 	  -43.72 	 
3.386399947	 -0.176 	  -45.47 	 
3.402999947	 -0.179 	  -47.40 	 
3.419599947	 -0.183 	  -49.52 	 
3.436199946	 -0.187 	  -51.68 	 
3.452799946	 -0.191 	  -54.02 	 
3.469399946	 -0.197 	  -56.41 	 
3.485999946	 -0.202 	  -58.87 	 
3.502599945	 -0.207 	  -61.31 	 
3.519199945	 -0.212 	  -63.83 	 
3.535799945	 -0.217 	  -66.26 	 
3.552399945	 -0.223 	  -68.70 	 
3.568999944	 -0.227 	  -70.99 	 
3.585599944	 -0.233 	  -73.24 	 
3.602199944	 -0.237 	  -75.37 	 
3.618799943	 -0.240 	  -77.36 	 
3.635399943	 -0.244 	  -79.08 	 
3.651999943	 -0.248 	  -80.68 	 
3.668599943	 -0.251 	  -82.06 	 
3.685199942	 -0.253 	  -83.25 	 
3.701799942	 -0.255 	  -84.19 	 
3.718399942	 -0.257 	  -84.87 	 
3.734999942	 -0.258 	  -85.26 	 
3.751599941	 -0.259 	  -85.48 	 
3.768199941	 -0.259 	  -85.39 	 
3.784799941	 -0.259 	  -85.06 	 
3.801399941	 -0.259 	  -84.49 	 
3.817999940	 -0.258 	  -83.66 	 
3.834599940	 -0.257 	  -82.54 	 
3.851199940	 -0.256 	  -81.23 	 
3.867799940	 -0.255 	  -79.67 	 
3.884399939	 -0.253 	  -77.98 	 
3.900999939	 -0.250 	  -76.08 	 
3.917599939	 -0.248 	  -74.04 	 
3.934199939	 -0.245 	  -71.80 	 
3.950799938	 -0.241 	  -69.52 	 
3.967399938	 -0.238 	  -67.09 	 
3.983999938	 -0.234 	  -64.70 	 
4.000599938	 -0.229 	  -62.21 	 
4.017199937	 -0.224 	  -59.72 	 
4.033799937	 -0.220 	  -57.23 	 
4.050399937	 -0.215 	  -54.82 	 
4.066999936	 -0.209 	  -52.43 	 
4.083599936	 -0.205 	  -50.22 	 
4.100199936	 -0.199 	  -48.07 	 
4.116799936	 -0.194 	  -46.20 	 
4.133399935	 -0.189 	  -44.28 	 
4.149999935	 -0.185 	  -42.68 	 
4.166599935	 -0.180 	  -41.23 	 
4.183199935	 -0.176 	  -40.09 	 
4.199799934	 -0.173 	  -39.11 	 
4.216399934	 -0.170 	  -38.44 	 
4.232999934	 -0.168 	  -37.95 	 
4.249599934	 -0.167 	  -37.74 	 
4.266199933	 -0.166 	  -37.75 	 
4.282799933	 -0.166 	  -38.10 	 
4.299399933	 -0.167 	  -38.65 	 
4.315999933	 -0.168 	  -39.50 	 
4.332599932	 -0.169 	  -40.55 	 
4.349199932	 -0.171 	  -41.84 	 
4.365799932	 -0.172 	  -43.23 	 
4.382399932	 -0.175 	  -44.97 	 
4.398999931	 -0.179 	  -47.00 	 
4.415599931	 -0.182 	  -49.03 	 
4.432199931	 -0.187 	  -51.14 	 
4.448799931	 -0.192 	  -53.48 	 
4.465399930	 -0.196 	  -55.74 	 
4.481999930	 -0.201 	  -58.26 	 
4.498599930	 -0.206 	  -60.74 	 
4.515199929	 -0.211 	  -63.25 	 
4.531799929	 -0.217 	  -65.68 	 
4.548399929	 -0.222 	  -68.12 	 
4.564999929	 -0.226 	  -70.41 	 
4.581599928	 -0.231 	  -72.72 	 
4.598199928	 -0.235 	  -74.83 	 
4.614799928	 -0.240 	  -76.87 	 
4.631399928	 -0.243 	  -78.68 	 
4.647999927	 -0.247 	  -80.34 	 
4.664599927	 -0.251 	  -81.73 	 
4.681199927	 -0.253 	  -82.97 	 
4.697799927	 -0.255 	  -83.97 	 
4.714399926	 -0.257 	  -84.72 	 
4.730999926	 -0.258 	  -85.17 	 
4.747599926	 -0.259 	  -85.48 	 
4.764199926	 -0.259 	  -85.41 	 
4.780799925	 -0.260 	  -85.19 	 
4.797399925	 -0.260 	  -84.62 	 
4.813999925	 -0.259 	  -83.87 	 
4.830599925	 -0.257 	  -82.81 	 
4.847199924	 -0.256 	  -81.57 	 
4.863799924	 -0.255 	  -80.05 	 
4.880399924	 -0.253 	  -78.43 	 
4.896999924	 -0.251 	  -76.56 	 
4.913599923	 -0.249 	  -74.54 	 
4.930199923	 -0.246 	  -72.35 	 
4.946799923	 -0.243 	  -70.06 	 
4.963399922	 -0.239 	  -67.67 	 
4.979999922	 -0.235 	  -65.27 	 
4.996599922	 -0.231 	  -62.73 	 
5.013199922	 -0.226 	  -60.30 	 
5.029799921	 -0.221 	  -57.81 	 
5.046399921	 -0.216 	  -55.36 	 
5.062999921	 -0.211 	  -52.99 	 
5.079599921	 -0.206 	  -50.70 	 
5.096199920	 -0.200 	  -48.55 	 
5.112799920	 -0.196 	  -46.62 	 
5.129399920	 -0.190 	  -44.72 	 
5.145999920	 -0.186 	  -43.01 	 
5.162599919	 -0.181 	  -41.52 	 
5.179199919	 -0.177 	  -40.36 	 
5.195799919	 -0.174 	  -39.41 	 
5.212399919	 -0.172 	  -38.58 	 
5.228999918	 -0.170 	  -38.05 	 
5.245599918	 -0.168 	  -37.79 	 
5.262199918	 -0.167 	  -37.75 	 
5.278799918	 -0.166 	  -38.05 	 
5.295399917	 -0.167 	  -38.52 	 
5.311999917	 -0.168 	  -39.26 	 
5.328599917	 -0.170 	  -40.29 	 
5.345199917	 -0.170 	  -41.44 	 
5.361799916	 -0.173 	  -42.85 	 
5.378399916	 -0.175 	  -44.74 	 
5.394999916	 -0.178 	  -46.42 	 
5.411599915	 -0.182 	  -48.56 	 
5.428199915	 -0.186 	  -50.62 	 
5.444799915	 -0.190 	  -52.85 	 
5.461399915	 -0.195 	  -55.18 	 
5.477999914	 -0.200 	  -57.63 	 
5.494599914	 -0.205 	  -60.13 	 
5.511199914	 -0.210 	  -62.66 	 
5.527799914	 -0.215 	  -65.10 	 
5.544399913	 -0.220 	  -67.51 	 
5.560999913	 -0.225 	  -69.88 	 
5.577599913	 -0.231 	  -72.20 	 
5.594199913	 -0.235 	  -74.35 	 
5.610799912	 -0.240 	  -76.39 	 
5.627399912	 -0.243 	  -78.23 	 
5.643999912	 -0.247 	  -79.92 	 
5.660599912	 -0.250 	  -81.40 	 
5.677199911	 -0.252 	  -82.72 	 
5.693799911	 -0.255 	  -83.77 	 
5.710399911	 -0.256 	  -84.54 	 
5.726999911	 -0.259 	  -85.09 	 
5.743599910	 -0.259 	  -85.41 	 
5.760199910	 -0.260 	  -85.44 	 
5.776799910	 -0.260 	  -85.27 	 
5.793399910	 -0.260 	  -84.78 	 
5.809999909	 -0.259 	  -84.10 	 
5.826599909	 -0.259 	  -83.05 	 
5.843199909	 -0.257 	  -81.91 	 
5.859799908	 -0.256 	  -80.44 	 
5.876399908	 -0.254 	  -78.84 	 
5.892999908	 -0.252 	  -77.01 	 
5.909599908	 -0.250 	  -75.05 	 
5.926199907	 -0.247 	  -72.88 	 
5.942799907	 -0.244 	  -70.63 	 
5.959399907	 -0.239 	  -68.22 	 
5.975999907	 -0.236 	  -65.88 	 
5.992599906	 -0.232 	  -63.41 	 
6.009199906	 -0.228 	  -60.88 	 
6.025799906	 -0.223 	  -58.42 	 
6.042399906	 -0.218 	  -55.99 	 
6.058999905	 -0.213 	  -53.59 	 
6.075599905	 -0.207 	  -51.29 	 
6.092199905	 -0.202 	  -49.08 	 
6.108799905	 -0.197 	  -47.06 	 
6.125399904	 -0.192 	  -45.21 	 
6.141999904	 -0.187 	  -43.51 	 
6.158599904	 -0.183 	  -41.89 	 
6.175199904	 -0.179 	  -40.63 	 
6.191799903	 -0.176 	  -39.55 	 
6.208399903	 -0.173 	  -38.78 	 
6.224999903	 -0.170 	  -38.14 	 
6.241599903	 -0.168 	  -37.85 	 
6.258199902	 -0.167 	  -37.73 	 
6.274799902	 -0.167 	  -37.96 	 
6.291399902	 -0.167 	  -38.34 	 
6.307999901	 -0.169 	  -39.06 	 
6.324599901	 -0.169 	  -39.99 	 
6.341199901	 -0.170 	  -41.13 	 
6.357799901	 -0.172 	  -42.60 	 
6.374399900	 -0.175 	  -44.24 	 
6.390999900	 -0.178 	  -46.03 	 
6.407599900	 -0.181 	  -48.03 	 
6.424199900	 -0.185 	  -50.06 	 
6.440799899	 -0.189 	  -52.41 	 
6.457399899	 -0.194 	  -54.66 	 
6.473999899	 -0.199 	  -57.07 	 
6.490599899	 -0.204 	  -59.52 	 
6.507199898	 -0.209 	  -62.01 	 
6.523799898	 -0.215 	  -64.48 	 
6.540399898	 -0.219 	  -66.95 	 
6.556999898	 -0.224 	  -69.32 	 
6.573599897	 -0.230 	  -71.66 	 
6.590199897	 -0.235 	  -73.82 	 
6.606799897	 -0.238 	  -75.93 	 
6.623399897	 -0.242 	  -77.82 	 
6.639999896	 -0.246 	  -79.54 	 
6.656599896	 -0.249 	  -81.07 	 
6.673199896	 -0.252 	  -82.43 	 
6.689799896	 -0.255 	  -83.52 	 
6.706399895	 -0.257 	  -84.43 	 
6.722999895	 -0.258 	  -85.00 	 
6.739599895	 -0.259 	  -85.39 	 
6.756199894	 -0.260 	  -85.46 	 
6.772799894	 -0.260 	  -85.34 	 
6.789399894	 -0.260 	  -84.93 	 
6.805999894	 -0.260 	  -84.29 	 
6.822599893	 -0.259 	  -83.37 	 
6.839199893	 -0.258 	  -82.22 	 
6.855799893	 -0.256 	  -80.81 	 
6.872399893	 -0.255 	  -79.28 	 
6.888999892	 -0.253 	  -77.48 	 
6.905599892	 -0.251 	  -75.65 	 
6.922199892	 -0.247 	  -73.41 	 
6.938799892	 -0.245 	  -71.17 	 
6.955399891	 -0.241 	  -68.78 	 
6.971999891	 -0.238 	  -66.41 	 
6.988599891	 -0.234 	  -64.01 	 
7.005199891	 -0.229 	  -61.48 	 
7.021799890	 -0.224 	  -58.96 	 
7.038399890	 -0.219 	  -56.53 	 
7.054999890	 -0.214 	  -54.16 	 
7.071599890	 -0.208 	  -51.88 	 
7.088199889	 -0.204 	  -49.62 	 
7.104799889	 -0.198 	  -47.55 	 
7.121399889	 -0.193 	  -45.59 	 
7.137999889	 -0.188 	  -43.86 	 
7.154599888	 -0.184 	  -42.28 	 
7.171199888	 -0.180 	  -40.97 	 
7.187799888	 -0.176 	  -39.81 	 
7.204399887	 -0.174 	  -38.95 	 
7.220999887	 -0.171 	  -38.27 	 
7.237599887	 -0.169 	  -37.88 	 
7.254199887	 -0.167 	  -37.73 	 
7.270799886	 -0.167 	  -37.84 	 
7.287399886	 -0.167 	  -38.27 	 
7.303999886	 -0.168 	  -38.92 	 
7.320599886	 -0.169 	  -39.73 	 
7.337199885	 -0.170 	  -40.82 	 
7.353799885	 -0.172 	  -42.20 	 
7.370399885	 -0.175 	  -43.86 	 
7.386999885	 -0.177 	  -45.57 	 
7.403599884	 -0.181 	  -47.50 	 
7.420199884	 -0.184 	  -49.52 	 
7.436799884	 -0.188 	  -51.77 	 
7.453399884	 -0.193 	  -54.01 	 
7.469999883	 -0.198 	  -56.50 	 
7.486599883	 -0.203 	  -58.92 	 
7.503199883	 -0.208 	  -61.40 	 
7.519799883	 -0.214 	  -63.94 	 
7.536399882	 -0.219 	  -66.37 	 
7.552999882	 -0.224 	  -68.73 	 
7.569599882	 -0.229 	  -71.14 	 
7.586199882	 -0.233 	  -73.33 	 
7.602799881	 -0.238 	  -75.44 	 
7.619399881	 -0.242 	  -77.37 	 
7.635999881	 -0.245 	  -79.13 	 
7.652599880	 -0.250 	  -80.75 	 
7.669199880	 -0.252 	  -82.13 	 
7.685799880	 -0.255 	  -83.29 	 
7.702399880	 -0.256 	  -84.21 	 
7.718999879	 -0.258 	  -84.89 	 
7.735599879	 -0.259 	  -85.31 	 
7.752199879	 -0.260 	  -85.48 	 
7.768799879	 -0.261 	  -85.40 	 
7.785399878	 -0.260 	  -85.04 	 
7.801999878	 -0.260 	  -84.47 	 
7.818599878	 -0.259 	  -83.57 	 
7.835199878	 -0.259 	  -82.49 	 
7.851799877	 -0.257 	  -81.18 	 
7.868399877	 -0.256 	  -79.68 	 
7.884999877	 -0.254 	  -77.94 	 
7.901599877	 -0.252 	  -76.01 	 
7.918199876	 -0.249 	  -73.95 	 
7.934799876	 -0.246 	  -71.73 	 
7.951399876	 -0.242 	  -69.39 	 
7.967999876	 -0.239 	  -67.02 	 
7.984599875	 -0.234 	  -64.56 	 
8.001199875	 -0.230 	  -62.07 	 
8.017799875	 -0.226 	  -59.60 	 
8.034399875	 -0.221 	  -57.10 	 
8.050999874	 -0.216 	  -54.67 	 
8.067599874	 -0.210 	  -52.46 	 
8.084199874	 -0.206 	  -50.11 	 
8.100799873	 -0.200 	  -48.00 	 
8.117399873	 -0.194 	  -46.03 	 
8.133999873	 -0.191 	  -44.19 	 
8.150599873	 -0.185 	  -42.58 	 
8.167199872	 -0.181 	  -41.29 	 
8.183799872	 -0.177 	  -40.04 	 
8.200399872	 -0.175 	  -39.13 	 
8.216999872	 -0.172 	  -38.39 	 
8.233599871	 -0.170 	  -37.90 	 
8.250199871	 -0.167 	  -37.76 	 
8.266799871	 -0.167 	  -37.86 	 
8.283399871	 -0.167 	  -38.14 	 
8.299999870	 -0.168 	  -38.67 	 
8.316599870	 -0.169 	  -39.51 	 
8.333199870	 -0.171 	  -40.62 	 
8.349799870	 -0.172 	  -41.84 	 
8.366399869	 -0.175 	  -43.41 	 
8.382999869	 -0.177 	  -45.13 	 
8.399599869	 -0.180 	  -46.99 	 
8.416199869	 -0.183 	  -49.03 	 
8.432799868	 -0.188 	  -51.17 	 
8.449399868	 -0.193 	  -53.51 	 
8.465999868	 -0.197 	  -55.93 	 
8.482599868	 -0.202 	  -58.35 	 
8.499199867	 -0.207 	  -60.84 	 
8.515799867	 -0.213 	  -63.29 	 
8.532399867	 -0.218 	  -65.75 	 
8.548999866	 -0.223 	  -68.18 	 
8.565599866	 -0.228 	  -70.57 	 
8.582199866	 -0.233 	  -72.79 	 
8.598799866	 -0.237 	  -74.96 	 
8.615399865	 -0.241 	  -76.91 	 
8.631999865	 -0.245 	  -78.73 	 
8.648599865	 -0.249 	  -80.37 	 
8.665199865	 -0.251 	  -81.80 	 
8.681799864	 -0.255 	  -83.01 	 
8.698399864	 -0.256 	  -84.00 	 
8.714999864	 -0.258 	  -84.73 	 
8.731599864	 -0.260 	  -85.21 	 
8.748199863	 -0.260 	  -85.44 	 
8.764799863	 -0.261 	  -85.43 	 
8.781399863	 -0.261 	  -85.19 	 
8.797999863	 -0.261 	  -84.61 	 
8.814599862	 -0.260 	  -83.77 	 
8.831199862	 -0.259 	  -82.78 	 
8.847799862	 -0.258 	  -81.50 	 
8.864399862	 -0.256 	  -80.03 	 
8.880999861	 -0.255 	  -78.36 	 
8.897599861	 -0.253 	  -76.54 	 
8.914199861	 -0.250 	  -74.41 	 
8.930799861	 -0.247 	  -72.27 	 
8.947399860	 -0.244 	  -69.96 	 
8.963999860	 -0.240 	  -67.64 	 
8.980599860	 -0.237 	  -65.16 	 
8.997199859	 -0.232 	  -62.70 	 
9.013799859	 -0.227 	  -60.16 	 
9.030399859	 -0.223 	  -57.78 	 
9.046999859	 -0.217 	  -55.29 	 
9.063599858	 -0.212 	  -52.96 	 
9.080199858	 -0.207 	  -50.70 	 
9.096799858	 -0.202 	  -48.55 	 
9.113399858	 -0.196 	  -46.47 	 
9.129999857	 -0.191 	  -44.69 	 
9.146599857	 -0.187 	  -43.03 	 
9.163199857	 -0.183 	  -41.60 	 
9.179799857	 -0.179 	  -40.29 	 
9.196399856	 -0.175 	  -39.33 	 
9.212999856	 -0.172 	  -38.53 	 
9.229599856	 -0.170 	  -38.03 	 
9.246199856	 -0.169 	  -37.81 	 
9.262799855	 -0.168 	  -37.76 	 
9.279399855	 -0.167 	  -38.05 	 
9.295999855	 -0.168 	  -38.47 	 
9.312599855	 -0.169 	  -39.30 	 
9.329199854	 -0.170 	  -40.28 	 
9.345799854	 -0.172 	  -41.43 	 
9.362399854	 -0.175 	  -43.05 	 
9.378999854	 -0.176 	  -44.64 	 
9.395599853	 -0.180 	  -46.49 	 
9.412199853	 -0.183 	  -48.51 	 
9.428799853	 -0.187 	  -50.61 	 
9.445399852	 -0.191 	  -52.94 	 
9.461999852	 -0.196 	  -55.30 	 
9.478599852	 -0.201 	  -57.76 	 
9.495199852	 -0.206 	  -60.19 	 
9.511799851	 -0.211 	  -62.67 	 
9.528399851	 -0.217 	  -65.29 	 
9.544999851	 -0.221 	  -67.60 	 
9.561599851	 -0.227 	  -70.01 	 
9.578199850	 -0.231 	  -72.26 	 
9.594799850	 -0.236 	  -74.46 	 
9.611399850	 -0.240 	  -76.43 	 
9.627999850	 -0.244 	  -78.29 	 
9.644599849	 -0.248 	  -80.00 	 
9.661199849	 -0.252 	  -81.49 	 
9.677799849	 -0.254 	  -82.74 	 
9.694399849	 -0.256 	  -83.81 	 
9.710999848	 -0.259 	  -84.58 	 
9.727599848	 -0.259 	  -85.15 	 
9.744199848	 -0.260 	  -85.42 	 
9.760799848	 -0.261 	  -85.50 	 
9.777399847	 -0.261 	  -85.26 	 
9.793999847	 -0.261 	  -84.80 	 
9.810599847	 -0.261 	  -84.01 	 
9.827199847	 -0.260 	  -83.06 	 
9.843799846	 -0.259 	  -81.83 	 
9.860399846	 -0.257 	  -80.44 	 
9.876999846	 -0.255 	  -78.77 	 
9.893599845	 -0.254 	  -76.96 	 
9.910199845	 -0.251 	  -74.92 	 
9.926799845	 -0.248 	  -72.75 	 
9.943399845	 -0.245 	  -70.53 	 
9.959999844	 -0.241 	  -68.19 	 
9.976599844	 -0.237 	  -65.84 	 
9.993199844	 -0.233 	  -63.30 	 
10.009799844	 -0.229 	  -60.74 	 
10.026399843	 -0.224 	  -58.26 	 
10.042999843	 -0.219 	  -55.84 	 
10.059599843	 -0.214 	  -53.50 	 
10.076199843	 -0.208 	  -51.23 	 
10.092799842	 -0.203 	  -48.99 	 
10.109399842	 -0.198 	  -46.93 	 
10.125999842	 -0.193 	  -45.11 	 
10.142599842	 -0.188 	  -43.34 	 
10.159199841	 -0.183 	  -41.91 	 
10.175799841	 -0.180 	  -40.58 	 
10.192399841	 -0.176 	  -39.54 	 
10.208999841	 -0.173 	  -38.68 	 
10.225599840	 -0.171 	  -38.14 	 
10.242199840	 -0.169 	  -37.83 	 
10.258799840	 -0.168 	  -37.79 	 
10.275399840	 -0.168 	  -37.94 	 
10.291999839	 -0.168 	  -38.40 	 
10.308599839	 -0.169 	  -39.05 	 
10.325199839	 -0.170 	  -40.03 	 
10.341799838	 -0.171 	  -41.25 	 
10.358399838	 -0.174 	  -42.72 	 
10.374999838	 -0.176 	  -44.30 	 
10.391599838	 -0.179 	  -46.03 	 
10.408199837	 -0.182 	  -47.96 	 
10.424799837	 -0.186 	  -50.16 	 
10.441399837	 -0.191 	  -52.41 	 
10.457999837	 -0.195 	  -54.70 	 
10.474599836	 -0.200 	  -57.21 	 
10.491199836	 -0.205 	  -59.61 	 
10.507799836	 -0.210 	  -62.07 	 
10.524399836	 -0.215 	  -64.60 	 
10.540999835	 -0.221 	  -67.00 	 
10.557599835	 -0.226 	  -69.40 	 
10.574199835	 -0.231 	  -71.72 	 
10.590799835	 -0.235 	  -73.93 	 
10.607399834	 -0.240 	  -75.92 	 
10.623999834	 -0.244 	  -77.87 	 
10.640599834	 -0.247 	  -79.58 	 
10.657199834	 -0.251 	  -81.15 	 
10.673799833	 -0.254 	  -82.45 	 
10.690399833	 -0.256 	  -83.59 	 
10.706999833	 -0.257 	  -84.38 	 
10.723599833	 -0.260 	  -85.00 	 
10.740199832	 -0.261 	  -85.32 	 
10.756799832	 -0.261 	  -85.47 	 
10.773399832	 -0.262 	  -85.33 	 
10.789999831	 -0.261 	  -84.91 	 
10.806599831	 -0.261 	  -84.18 	 
10.823199831	 -0.260 	  -83.29 	 
10.839799831	 -0.259 	  -82.12 	 
10.856399830	 -0.258 	  -80.80 	 
10.872999830	 -0.256 	  -79.18 	 
10.889599830	 -0.254 	  -77.39 	 
10.906199830	 -0.252 	  -75.46 	 
10.922799829	 -0.249 	  -73.31 	 
10.939399829	 -0.246 	  -71.05 	 
10.955999829	 -0.243 	  -68.78 	 
10.972599829	 -0.238 	  -66.37 	 
10.989199828	 -0.234 	  -63.83 	 
11.005799828	 -0.230 	  -61.37 	 
11.022399828	 -0.225 	  -58.90 	 
11.038999828	 -0.220 	  -56.44 	 
11.055599827	 -0.215 	  -54.07 	 
11.072199827	 -0.209 	  -51.80 	 
11.088799827	 -0.205 	  -49.52 	 
11.105399827	 -0.199 	  -47.46 	 
11.121999826	 -0.194 	  -45.53 	 
11.138599826	 -0.189 	  -43.79 	 
11.155199826	 -0.185 	  -42.26 	 
11.171799826	 -0.181 	  -40.91 	 
11.188399825	 -0.177 	  -39.81 	 
11.204999825	 -0.174 	  -38.81 	 
11.221599825	 -0.172 	  -38.25 	 
11.238199824	 -0.170 	  -37.88 	 
11.254799824	 -0.168 	  -37.73 	 
11.271399824	 -0.168 	  -37.90 	 
11.287999824	 -0.168 	  -38.23 	 
11.304599823	 -0.169 	  -38.84 	 
11.321199823	 -0.170 	  -39.80 	 
11.337799823	 -0.172 	  -40.88 	 
11.354399823	 -0.173 	  -42.30 	 
11.370999822	 -0.176 	  -43.86 	 
11.387599822	 -0.179 	  -45.64 	 
11.404199822	 -0.182 	  -47.56 	 
11.420799822	 -0.186 	  -49.60 	 
11.437399821	 -0.189 	  -51.79 	 
11.453999821	 -0.195 	  -54.18 	 
11.470599821	 -0.199 	  -56.56 	 
11.487199821	 -0.204 	  -59.04 	 
11.503799820	 -0.209 	  -61.44 	 
11.520399820	 -0.214 	  -64.00 	 
11.536999820	 -0.220 	  -66.51 	 
11.553599820	 -0.225 	  -68.86 	 
11.570199819	 -0.230 	  -71.19 	 
11.586799819	 -0.235 	  -73.41 	 
11.603399819	 -0.239 	  -75.45 	 
11.619999819	 -0.243 	  -77.41 	 
11.636599818	 -0.246 	  -79.19 	 
11.653199818	 -0.250 	  -80.79 	 
11.669799818	 -0.253 	  -82.15 	 
11.686399817	 -0.255 	  -83.33 	 
11.702999817	 -0.258 	  -84.23 	 
11.719599817	 -0.259 	  -84.91 	 
11.736199817	 -0.261 	  -85.29 	 
11.752799816	 -0.261 	  -85.49 	 
11.769399816	 -0.262 	  -85.36 	 
11.785999816	 -0.262 	  -85.04 	 
11.802599816	 -0.262 	  -84.38 	 
11.819199815	 -0.261 	  -83.55 	 
11.835799815	 -0.259 	  -82.43 	 
11.852399815	 -0.258 	  -81.12 	 
11.868999815	 -0.256 	  -79.56 	 
11.885599814	 -0.255 	  -77.87 	 
11.902199814	 -0.252 	  -75.92 	 
11.918799814	 -0.250 	  -73.83 	 
11.935399814	 -0.247 	  -71.64 	 
11.951999813	 -0.243 	  -69.33 	 
11.968599813	 -0.239 	  -66.92 	 
11.985199813	 -0.235 	  -64.59 	 
12.001799813	 -0.231 	  -62.00 	 
12.018399812	 -0.227 	  -59.53 	 
12.034999812	 -0.222 	  -57.00 	 
12.051599812	 -0.217 	  -54.62 	 
12.068199812	 -0.212 	  -52.39 	 
12.084799811	 -0.206 	  -50.10 	 
12.101399811	 -0.201 	  -47.88 	 
12.117999811	 -0.196 	  -45.99 	 
12.134599810	 -0.191 	  -44.20 	 
12.151199810	 -0.186 	  -42.64 	 
12.167799810	 -0.182 	  -41.19 	 
12.184399810	 -0.178 	  -40.03 	 
12.200999809	 -0.175 	  -39.02 	 
12.217599809	 -0.172 	  -38.40 	 
12.234199809	 -0.171 	  -37.92 	 
12.250799809	 -0.169 	  -37.79 	 
12.267399808	 -0.169 	  -37.81 	 
12.283999808	 -0.168 	  -38.15 	 
12.300599808	 -0.169 	  -38.71 	 
12.317199808	 -0.170 	  -39.50 	 
12.333799807	 -0.171 	  -40.58 	 
12.350399807	 -0.174 	  -41.96 	 
12.366999807	 -0.176 	  -43.49 	 
12.383599807	 -0.178 	  -45.16 	 
12.400199806	 -0.181 	  -47.07 	 
12.416799806	 -0.185 	  -49.08 	 
12.433399806	 -0.189 	  -51.34 	 
12.449999806	 -0.194 	  -53.61 	 
12.466599805	 -0.198 	  -56.00 	 
12.483199805	 -0.203 	  -58.46 	 
12.499799805	 -0.209 	  -60.89 	 
12.516399805	 -0.214 	  -63.37 	 
12.532999804	 -0.219 	  -65.87 	 
12.549599804	 -0.224 	  -68.30 	 
12.566199804	 -0.229 	  -70.64 	 
12.582799803	 -0.234 	  -72.90 	 
12.599399803	 -0.238 	  -74.98 	 
12.615999803	 -0.242 	  -76.98 	 
12.632599803	 -0.246 	  -78.74 	 
12.649199802	 -0.250 	  -80.43 	 
12.665799802	 -0.253 	  -81.86 	 
12.682399802	 -0.255 	  -83.04 	 
12.698999802	 -0.258 	  -83.99 	 
12.715599801	 -0.259 	  -84.74 	 
12.732199801	 -0.261 	  -85.22 	 
12.748799801	 -0.262 	  -85.46 	 
12.765399801	 -0.262 	  -85.42 	 
12.781999800	 -0.262 	  -85.15 	 
12.798599800	 -0.261 	  -84.56 	 
12.815199800	 -0.261 	  -83.77 	 
12.831799800	 -0.260 	  -82.73 	 
12.848399799	 -0.259 	  -81.47 	 
12.864999799	 -0.258 	  -79.97 	 
12.881599799	 -0.256 	  -78.31 	 
12.898199799	 -0.254 	  -76.39 	 
12.914799798	 -0.251 	  -74.37 	 
12.931399798	 -0.248 	  -72.19 	 
12.947999798	 -0.245 	  -69.94 	 
12.964599798	 -0.241 	  -67.58 	 
12.981199797	 -0.236 	  -65.08 	 
12.997799797	 -0.233 	  -62.62 	 
13.014399797	 -0.229 	  -60.12 	 
13.030999796	 -0.223 	  -57.55 	 
13.047599796	 -0.219 	  -55.25 	 
13.064199796	 -0.213 	  -52.93 	 
13.080799796	 -0.207 	  -50.55 	 
13.097399795	 -0.203 	  -48.40 	 
13.113999795	 -0.197 	  -46.41 	 
13.130599795	 -0.193 	  -44.57 	 
13.147199795	 -0.187 	  -42.94 	 
13.163799794	 -0.183 	  -41.51 	 
13.180399794	 -0.180 	  -40.25 	 
13.196999794	 -0.177 	  -39.28 	 
13.213599794	 -0.174 	  -38.51 	 
13.230199793	 -0.172 	  -37.99 	 
13.246799793	 -0.170 	  -37.76 	 
13.263399793	 -0.169 	  -37.80 	 
13.279999793	 -0.169 	  -38.04 	 
13.296599792	 -0.170 	  -38.54 	 
13.313199792	 -0.170 	  -39.28 	 
13.329799792	 -0.171 	  -40.27 	 
13.346399792	 -0.173 	  -41.59 	 
13.362999791	 -0.175 	  -43.06 	 
13.379599791	 -0.178 	  -44.74 	 
13.396199791	 -0.181 	  -46.62 	 
13.412799791	 -0.184 	  -48.60 	 
13.429399790	 -0.188 	  -50.75 	 
13.445999790	 -0.193 	  -53.04 	 
13.462599790	 -0.197 	  -55.34 	 
13.479199789	 -0.203 	  -57.82 	 
13.495799789	 -0.207 	  -60.24 	 
13.512399789	 -0.213 	  -62.78 	 
13.528999789	 -0.218 	  -65.24 	 
13.545599788	 -0.223 	  -67.68 	 
13.562199788	 -0.228 	  -70.07 	 
13.578799788	 -0.233 	  -72.34 	 
13.595399788	 -0.237 	  -74.50 	 
13.611999787	 -0.242 	  -76.51 	 
13.628599787	 -0.246 	  -78.37 	 
13.645199787	 -0.249 	  -80.05 	 
13.661799787	 -0.252 	  -81.51 	 
13.678399786	 -0.255 	  -82.81 	 
13.694999786	 -0.257 	  -83.79 	 
13.711599786	 -0.259 	  -84.58 	 
13.728199786	 -0.261 	  -85.11 	 
13.744799785	 -0.262 	  -85.43 	 
13.761399785	 -0.262 	  -85.46 	 
13.777999785	 -0.262 	  -85.24 	 
13.794599785	 -0.262 	  -84.72 	 
13.811199784	 -0.261 	  -83.98 	 
13.827799784	 -0.261 	  -82.98 	 
13.844399784	 -0.259 	  -81.78 	 
13.860999784	 -0.258 	  -80.36 	 
13.877599783	 -0.256 	  -78.71 	 
13.894199783	 -0.254 	  -76.84 	 
13.910799783	 -0.252 	  -74.87 	 
13.927399782	 -0.249 	  -72.64 	 
13.943999782	 -0.246 	  -70.46 	 
13.960599782	 -0.242 	  -68.11 	 
13.977199782	 -0.238 	  -65.73 	 
13.993799781	 -0.234 	  -63.13 	 
14.010399781	 -0.230 	  -60.69 	 
14.026999781	 -0.225 	  -58.28 	 
14.043599781	 -0.219 	  -55.75 	 
14.060199780	 -0.215 	  -53.40 	 
14.076799780	 -0.209 	  -51.23 	 
14.093399780	 -0.204 	  -48.90 	 
14.109999780	 -0.199 	  -46.93 	 
14.126599779	 -0.194 	  -45.00 	 
14.143199779	 -0.189 	  -43.34 	 
14.159799779	 -0.184 	  -41.82 	 
14.176399779	 -0.181 	  -40.58 	 
14.192999778	 -0.177 	  -39.46 	 
14.209599778	 -0.175 	  -38.66 	 
14.226199778	 -0.172 	  -38.07 	 
14.242799778	 -0.170 	  -37.84 	 
14.259399777	 -0.170 	  -37.73 	 
14.275999777	 -0.170 	  -37.99 	 
14.292599777	 -0.169 	  -38.39 	 
14.309199777	 -0.170 	  -39.12 	 
14.325799776	 -0.171 	  -40.02 	 
14.342399776	 -0.172 	  -41.26 	 
14.358999776	 -0.175 	  -42.74 	 
14.375599775	 -0.178 	  -44.33 	 
14.392199775	 -0.181 	  -46.13 	 
14.408799775	 -0.184 	  -48.19 	 
14.425399775	 -0.187 	  -50.22 	 
14.441999774	 -0.192 	  -52.45 	 
14.458599774	 -0.196 	  -54.86 	 
14.475199774	 -0.201 	  -57.22 	 
14.491799774	 -0.206 	  -59.66 	 
14.508399773	 -0.212 	  -62.21 	 
14.524999773	 -0.217 	  -64.61 	 
14.541599773	 -0.223 	  -67.16 	 
14.558199773	 -0.227 	  -69.50 	 
14.574799772	 -0.232 	  -71.81 	 
14.591399772	 -0.236 	  -74.03 	 
14.607999772	 -0.242 	  -76.06 	 
14.624599772	 -0.245 	  -77.94 	 
14.641199771	 -0.249 	  -79.65 	 
14.657799771	 -0.251 	  -81.18 	 
14.674399771	 -0.255 	  -82.54 	 
14.690999771	 -0.257 	  -83.57 	 
14.707599770	 -0.260 	  -84.43 	 
14.724199770	 -0.261 	  -85.05 	 
14.740799770	 -0.261 	  -85.38 	 
14.757399769	 -0.262 	  -85.47 	 
14.773999769	 -0.262 	  -85.31 	 
14.790599769	 -0.262 	  -84.85 	 
14.807199769	 -0.262 	  -84.19 	 
14.823799768	 -0.261 	  -83.24 	 
14.840399768	 -0.260 	  -82.13 	 
14.856999768	 -0.259 	  -80.73 	 
14.873599768	 -0.257 	  -79.13 	 
14.890199767	 -0.256 	  -77.33 	 
14.906799767	 -0.252 	  -75.36 	 
14.923399767	 -0.250 	  -73.23 	 
14.939999767	 -0.247 	  -70.95 	 
14.956599766	 -0.243 	  -68.67 	 
14.973199766	 -0.240 	  -66.28 	 
14.989799766	 -0.235 	  -63.82 	 
15.006399766	 -0.231 	  -61.27 	 
15.022999765	 -0.226 	  -58.82 	 
15.039599765	 -0.222 	  -56.44 	 
15.056199765	 -0.217 	  -53.92 	 
15.072799765	 -0.211 	  -51.68 	 
15.089399764	 -0.205 	  -49.45 	 
15.105999764	 -0.201 	  -47.42 	 
15.122599764	 -0.195 	  -45.42 	 
15.139199764	 -0.190 	  -43.75 	 
15.155799763	 -0.186 	  -42.14 	 
15.172399763	 -0.182 	  -40.91 	 
15.188999763	 -0.179 	  -39.70 	 
15.205599762	 -0.176 	  -38.87 	 
15.222199762	 -0.173 	  -38.21 	 
15.238799762	 -0.171 	  -37.89 	 
15.255399762	 -0.170 	  -37.69 	 
15.271999761	 -0.169 	  -37.88 	 
15.288599761	 -0.170 	  -38.31 	 
15.305199761	 -0.170 	  -38.94 	 
15.321799761	 -0.171 	  -39.79 	 
15.338399760	 -0.173 	  -41.01 	 
15.354999760	 -0.175 	  -42.30 	 
15.371599760	 -0.177 	  -43.90 	 
15.388199760	 -0.180 	  -45.61 	 
15.404799759	 -0.183 	  -47.65 	 
15.421399759	 -0.186 	  -49.69 	 
15.437999759	 -0.191 	  -51.91 	 
15.454599759	 -0.195 	  -54.18 	 
15.471199758	 -0.200 	  -56.63 	 
15.487799758	 -0.205 	  -59.10 	 
15.504399758	 -0.211 	  -61.59 	 
15.520999758	 -0.216 	  -64.09 	 
15.537599757	 -0.222 	  -66.54 	 
15.554199757	 -0.226 	  -68.94 	 
15.570799757	 -0.231 	  -71.29 	 
15.587399757	 -0.236 	  -73.49 	 
15.603999756	 -0.240 	  -75.58 	 
15.620599756	 -0.245 	  -77.50 	 
15.637199756	 -0.248 	  -79.31 	 
15.653799755	 -0.252 	  -80.85 	 
15.670399755	 -0.255 	  -82.23 	 
15.686999755	 -0.256 	  -83.33 	 
15.703599755	 -0.259 	  -84.26 	 
15.720199754	 -0.261 	  -84.87 	 
15.736799754	 -0.261 	  -85.33 	 
15.753399754	 -0.263 	  -85.48 	 
15.769999754	 -0.262 	  -85.41 	 
15.786599753	 -0.263 	  -84.98 	 
15.803199753	 -0.262 	  -84.38 	 
15.819799753	 -0.261 	  -83.51 	 
15.836399753	 -0.261 	  -82.43 	 
15.852999752	 -0.259 	  -81.04 	 
15.869599752	 -0.258 	  -79.53 	 
15.886199752	 -0.256 	  -77.76 	 
15.902799752	 -0.254 	  -75.87 	 
15.919399751	 -0.251 	  -73.78 	 
15.935999751	 -0.248 	  -71.52 	 
15.952599751	 -0.245 	  -69.26 	 
15.969199751	 -0.241 	  -66.92 	 
15.985799750	 -0.236 	  -64.44 	 
16.002399750	 -0.233 	  -61.94 	 
16.018999750	 -0.227 	  -59.36 	 
16.035599750	 -0.223 	  -56.97 	 
16.052199749	 -0.218 	  -54.57 	 
16.068799749	 -0.213 	  -52.26 	 
16.085399749	 -0.207 	  -49.98 	 
16.101999748	 -0.202 	  -47.85 	 
16.118599748	 -0.197 	  -45.84 	 
16.135199748	 -0.192 	  -44.10 	 
16.151799748	 -0.188 	  -42.48 	 
16.168399747	 -0.183 	  -41.17 	 
16.184999747	 -0.179 	  -39.98 	 
16.201599747	 -0.176 	  -39.06 	 
16.218199747	 -0.174 	  -38.33 	 
16.234799746	 -0.172 	  -37.95 	 
16.251399746	 -0.171 	  -37.75 	 
16.267999746	 -0.170 	  -37.84 	 
16.284599746	 -0.170 	  -38.12 	 
16.301199745	 -0.171 	  -38.75 	 
16.317799745	 -0.171 	  -39.52 	 
16.334399745	 -0.172 	  -40.68 	 
16.350999745	 -0.175 	  -42.02 	 
16.367599744	 -0.177 	  -43.49 	 
16.384199744	 -0.180 	  -45.22 	 
16.400799744	 -0.183 	  -47.15 	 
16.417399744	 -0.186 	  -49.07 	 
16.433999743	 -0.190 	  -51.31 	 
16.450599743	 -0.194 	  -53.70 	 
16.467199743	 -0.199 	  -56.05 	 
16.483799743	 -0.205 	  -58.46 	 
16.500399742	 -0.210 	  -61.06 	 
16.516999742	 -0.215 	  -63.52 	 
16.533599742	 -0.220 	  -65.93 	 
16.550199741	 -0.225 	  -68.34 	 
16.566799741	 -0.230 	  -70.73 	 
16.583399741	 -0.235 	  -72.97 	 
16.599999741	 -0.240 	  -75.08 	 
16.616599740	 -0.244 	  -77.02 	 
16.633199740	 -0.247 	  -78.84 	 
16.649799740	 -0.251 	  -80.46 	 
16.666399740	 -0.254 	  -81.89 	 
16.682999739	 -0.256 	  -83.09 	 
16.699599739	 -0.259 	  -84.08 	 
16.716199739	 -0.260 	  -84.75 	 
16.732799739	 -0.262 	  -85.26 	 
16.749399738	 -0.262 	  -85.45 	 
16.765999738	 -0.263 	  -85.44 	 
16.782599738	 -0.263 	  -85.13 	 
16.799199738	 -0.263 	  -84.57 	 
16.815799737	 -0.263 	  -83.70 	 
16.832399737	 -0.261 	  -82.72 	 
16.848999737	 -0.260 	  -81.38 	 
16.865599737	 -0.258 	  -79.93 	 
16.882199736	 -0.256 	  -78.21 	 
16.898799736	 -0.254 	  -76.31 	 
16.915399736	 -0.252 	  -74.26 	 
16.931999736	 -0.249 	  -72.10 	 
16.948599735	 -0.245 	  -69.79 	 
16.965199735	 -0.242 	  -67.43 	 
16.981799735	 -0.238 	  -65.03 	 
