0.000000000	 -0.002 	  -62.21 	 
0.016600000	  0.000 	  -59.74 	 
0.033199999	  0.001 	  -57.31 	 
0.049799999	  0.003 	  -54.88 	 
0.066399999	  0.006 	  -52.53 	 
0.082999999	  0.007 	  -50.22 	 
0.099599998	  0.009 	  -48.12 	 
0.116199998	  0.011 	  -46.16 	 
0.132799998	  0.013 	  -44.38 	 
0.149399998	  0.014 	  -42.75 	 
0.165999997	  0.016 	  -41.34 	 
0.182599997	  0.017 	  -40.09 	 
0.199199997	  0.019 	  -39.17 	 
0.215799997	  0.019 	  -38.48 	 
0.232399996	  0.019 	  -37.87 	 
0.248999996	  0.020 	  -37.61 	 
0.265599996	  0.020 	  -37.79 	 
0.282199996	  0.020 	  -38.12 	 
0.298799995	  0.020 	  -38.67 	 
0.315399995	  0.020 	  -39.48 	 
0.331999995	  0.019 	  -40.60 	 
0.348599995	  0.018 	  -41.78 	 
0.365199994	  0.017 	  -43.29 	 
0.381799994	  0.016 	  -45.00 	 
0.398399994	  0.015 	  -46.73 	 
0.414999994	  0.013 	  -48.69 	 
0.431599993	  0.012 	  -50.94 	 
0.448199993	  0.010 	  -53.24 	 
0.464799993	  0.009 	  -55.71 	 
0.481399992	  0.007 	  -58.15 	 
0.497999992	  0.005 	  -60.72 	 
0.514599992	  0.003 	  -63.12 	 
0.531199992	  0.001 	  -65.64 	 
0.547799991	 -0.001 	  -67.99 	 
0.564399991	 -0.003 	  -70.41 	 
0.580999991	 -0.005 	  -72.66 	 
0.597599991	 -0.006 	  -74.83 	 
0.614199990	 -0.008 	  -76.76 	 
0.630799990	 -0.010 	  -78.59 	 
0.647399990	 -0.010 	  -80.24 	 
0.663999990	 -0.012 	  -81.75 	 
0.680599989	 -0.013 	  -82.97 	 
0.697199989	 -0.013 	  -83.92 	 
0.713799989	 -0.014 	  -84.69 	 
0.730399989	 -0.015 	  -85.20 	 
0.746999988	 -0.015 	  -85.45 	 
0.763599988	 -0.016 	  -85.46 	 
0.780199988	 -0.015 	  -85.15 	 
0.796799988	 -0.015 	  -84.67 	 
0.813399987	 -0.014 	  -83.91 	 
0.829999987	 -0.014 	  -82.83 	 
0.846599987	 -0.013 	  -81.53 	 
0.863199987	 -0.013 	  -80.16 	 
0.879799986	 -0.012 	  -78.49 	 
0.896399986	 -0.011 	  -76.67 	 
0.912999986	 -0.010 	  -74.62 	 
0.929599985	 -0.009 	  -72.39 	 
0.946199985	 -0.008 	  -70.07 	 
0.962799985	 -0.006 	  -67.71 	 
0.979399985	 -0.004 	  -65.27 	 
0.995999984	 -0.002 	  -62.85 	 
1.012599984	 -0.001 	  -60.39 	 
1.029199984	  0.000 	  -57.94 	 
1.045799984	  0.002 	  -55.51 	 
1.062399983	  0.005 	  -53.10 	 
1.078999983	  0.006 	  -50.72 	 
1.095599983	  0.009 	  -48.61 	 
1.112199983	  0.011 	  -46.65 	 
1.128799982	  0.012 	  -44.70 	 
1.145399982	  0.013 	  -43.16 	 
1.161999982	  0.015 	  -41.64 	 
1.178599982	  0.016 	  -40.40 	 
1.195199981	  0.018 	  -39.41 	 
1.211799981	  0.019 	  -38.50 	 
1.228399981	  0.019 	  -37.94 	 
1.244999981	  0.019 	  -37.80 	 
1.261599980	  0.020 	  -37.83 	 
1.278199980	  0.020 	  -38.10 	 
1.294799980	  0.019 	  -38.52 	 
1.311399980	  0.018 	  -39.19 	 
1.327999979	  0.019 	  -40.10 	 
1.344599979	  0.018 	  -41.30 	 
1.361199979	  0.017 	  -42.85 	 
1.377799978	  0.016 	  -44.71 	 
1.394399978	  0.015 	  -46.49 	 
1.410999978	  0.013 	  -48.40 	 
1.427599978	  0.012 	  -50.49 	 
1.444199977	  0.011 	  -52.70 	 
1.460799977	  0.009 	  -55.10 	 
1.477399977	  0.008 	  -57.56 	 
1.493999977	  0.005 	  -60.04 	 
1.510599976	  0.003 	  -62.49 	 
1.527199976	  0.001 	  -64.97 	 
1.543799976	 -0.001 	  -67.46 	 
1.560399976	 -0.003 	  -69.84 	 
1.576999975	 -0.004 	  -72.20 	 
1.593599975	 -0.007 	  -74.26 	 
1.610199975	 -0.008 	  -76.28 	 
1.626799975	 -0.010 	  -78.15 	 
1.643399974	 -0.011 	  -79.89 	 
1.659999974	 -0.011 	  -81.42 	 
1.676599974	 -0.012 	  -82.72 	 
1.693199974	 -0.014 	  -83.68 	 
1.709799973	 -0.015 	  -84.47 	 
1.726399973	 -0.015 	  -85.10 	 
1.742999973	 -0.016 	  -85.43 	 
1.759599973	 -0.016 	  -85.47 	 
1.776199972	 -0.016 	  -85.26 	 
1.792799972	 -0.015 	  -84.77 	 
1.809399972	 -0.015 	  -84.11 	 
1.825999971	 -0.015 	  -83.13 	 
1.842599971	 -0.014 	  -81.90 	 
1.859199971	 -0.013 	  -80.43 	 
1.875799971	 -0.013 	  -78.99 	 
1.892399970	 -0.012 	  -77.20 	 
1.908999970	 -0.011 	  -75.16 	 
1.925599970	 -0.010 	  -72.85 	 
1.942199970	 -0.008 	  -70.60 	 
1.958799969	 -0.007 	  -68.24 	 
1.975399969	 -0.005 	  -65.90 	 
1.991999969	 -0.004 	  -63.41 	 
2.008599969	 -0.002 	  -61.04 	 
2.025199968	 -0.000 	  -58.46 	 
2.041799968	  0.001 	  -56.14 	 
2.058399968	  0.004 	  -53.75 	 
2.074999968	  0.006 	  -51.40 	 
2.091599967	  0.008 	  -49.15 	 
2.108199967	  0.009 	  -47.20 	 
2.124799967	  0.011 	  -45.33 	 
2.141399967	  0.013 	  -43.64 	 
2.157999966	  0.015 	  -42.07 	 
2.174599966	  0.016 	  -40.73 	 
2.191199966	  0.017 	  -39.65 	 
2.207799966	  0.017 	  -38.91 	 
2.224399965	  0.019 	  -38.14 	 
2.240999965	  0.019 	  -37.85 	 
2.257599965	  0.020 	  -37.73 	 
2.274199964	  0.020 	  -37.87 	 
2.290799964	  0.019 	  -38.43 	 
2.307399964	  0.019 	  -39.20 	 
2.323999964	  0.019 	  -40.06 	 
2.340599963	  0.018 	  -41.21 	 
2.357199963	  0.016 	  -42.80 	 
2.373799963	  0.016 	  -44.25 	 
2.390399963	  0.015 	  -45.96 	 
2.406999962	  0.014 	  -47.70 	 
2.423599962	  0.012 	  -49.80 	 
2.440199962	  0.011 	  -52.13 	 
2.456799962	  0.009 	  -54.53 	 
2.473399961	  0.007 	  -57.14 	 
2.489999961	  0.005 	  -59.55 	 
2.506599961	  0.003 	  -61.99 	 
2.523199961	  0.001 	  -64.42 	 
2.539799960	 -0.001 	  -66.91 	 
2.556399960	 -0.002 	  -69.32 	 
2.572999960	 -0.005 	  -71.63 	 
2.589599960	 -0.006 	  -73.75 	 
2.606199959	 -0.008 	  -75.80 	 
2.622799959	 -0.009 	  -77.72 	 
2.639399959	 -0.011 	  -79.54 	 
2.655999959	 -0.012 	  -81.09 	 
2.672599958	 -0.013 	  -82.41 	 
2.689199958	 -0.014 	  -83.43 	 
2.705799958	 -0.014 	  -84.30 	 
2.722399957	 -0.016 	  -85.03 	 
2.738999957	 -0.016 	  -85.44 	 
2.755599957	 -0.016 	  -85.44 	 
2.772199957	 -0.015 	  -85.32 	 
2.788799956	 -0.016 	  -84.97 	 
2.805399956	 -0.016 	  -84.33 	 
2.821999956	 -0.015 	  -83.34 	 
2.838599956	 -0.015 	  -82.24 	 
2.855199955	 -0.013 	  -80.87 	 
2.871799955	 -0.013 	  -79.34 	 
2.888399955	 -0.012 	  -77.55 	 
2.904999955	 -0.011 	  -75.55 	 
2.921599954	 -0.010 	  -73.44 	 
2.938199954	 -0.009 	  -71.17 	 
2.954799954	 -0.008 	  -68.88 	 
2.971399954	 -0.006 	  -66.54 	 
2.987999953	 -0.004 	  -64.12 	 
3.004599953	 -0.002 	  -61.64 	 
3.021199953	 -0.001 	  -59.12 	 
3.037799953	  0.001 	  -56.75 	 
3.054399952	  0.003 	  -54.27 	 
3.070999952	  0.005 	  -52.01 	 
3.087599952	  0.007 	  -49.78 	 
3.104199952	  0.009 	  -47.68 	 
3.120799951	  0.011 	  -45.81 	 
3.137399951	  0.013 	  -43.90 	 
3.153999951	  0.013 	  -42.46 	 
3.170599950	  0.015 	  -40.99 	 
3.187199950	  0.016 	  -39.92 	 
3.203799950	  0.018 	  -39.11 	 
3.220399950	  0.018 	  -38.45 	 
3.236999949	  0.019 	  -38.00 	 
3.253599949	  0.019 	  -37.77 	 
3.270199949	  0.019 	  -37.77 	 
3.286799949	  0.019 	  -38.16 	 
3.303399948	  0.019 	  -38.79 	 
3.319999948	  0.018 	  -39.88 	 
3.336599948	  0.018 	  -41.06 	 
3.353199948	  0.017 	  -42.37 	 
3.369799947	  0.016 	  -43.86 	 
3.386399947	  0.014 	  -45.50 	 
3.402999947	  0.014 	  -47.33 	 
3.419599947	  0.012 	  -49.48 	 
3.436199946	  0.011 	  -51.71 	 
3.452799946	  0.009 	  -54.07 	 
3.469399946	  0.008 	  -56.36 	 
3.485999946	  0.005 	  -58.78 	 
3.502599945	  0.003 	  -61.31 	 
3.519199945	  0.002 	  -63.83 	 
3.535799945	 -0.000 	  -66.24 	 
3.552399945	 -0.002 	  -68.72 	 
3.568999944	 -0.004 	  -71.02 	 
3.585599944	 -0.006 	  -73.22 	 
3.602199944	 -0.008 	  -75.33 	 
3.618799943	 -0.009 	  -77.33 	 
3.635399943	 -0.010 	  -79.10 	 
3.651999943	 -0.012 	  -80.70 	 
3.668599943	 -0.013 	  -82.02 	 
3.685199942	 -0.014 	  -83.17 	 
3.701799942	 -0.015 	  -84.10 	 
3.718399942	 -0.016 	  -84.82 	 
3.734999942	 -0.016 	  -85.29 	 
3.751599941	 -0.016 	  -85.46 	 
3.768199941	 -0.016 	  -85.35 	 
3.784799941	 -0.016 	  -84.98 	 
3.801399941	 -0.016 	  -84.41 	 
3.817999940	 -0.016 	  -83.69 	 
3.834599940	 -0.015 	  -82.47 	 
3.851199940	 -0.014 	  -81.21 	 
3.867799940	 -0.013 	  -79.72 	 
3.884399939	 -0.013 	  -77.99 	 
3.900999939	 -0.012 	  -75.98 	 
3.917599939	 -0.011 	  -73.93 	 
3.934199939	 -0.010 	  -71.78 	 
3.950799938	 -0.008 	  -69.54 	 
3.967399938	 -0.006 	  -67.18 	 
3.983999938	 -0.004 	  -64.79 	 
4.000599938	 -0.003 	  -62.21 	 
4.017199937	 -0.001 	  -59.84 	 
4.033799937	  0.000 	  -57.28 	 
4.050399937	  0.002 	  -54.89 	 
4.066999936	  0.004 	  -52.58 	 
4.083599936	  0.006 	  -50.22 	 
4.100199936	  0.008 	  -48.17 	 
4.116799936	  0.010 	  -46.15 	 
4.133399935	  0.012 	  -44.38 	 
4.149999935	  0.013 	  -42.74 	 
4.166599935	  0.015 	  -41.28 	 
4.183199935	  0.016 	  -40.24 	 
4.199799934	  0.017 	  -39.23 	 
4.216399934	  0.018 	  -38.48 	 
4.232999934	  0.018 	  -38.01 	 
4.249599934	  0.018 	  -37.90 	 
4.266199933	  0.019 	  -38.00 	 
4.282799933	  0.019 	  -38.39 	 
4.299399933	  0.019 	  -38.80 	 
4.315999933	  0.018 	  -39.53 	 
4.332599932	  0.018 	  -40.69 	 
4.349199932	  0.017 	  -41.84 	 
4.365799932	  0.016 	  -43.30 	 
4.382399932	  0.015 	  -45.05 	 
4.398999931	  0.013 	  -47.06 	 
4.415599931	  0.012 	  -49.06 	 
4.432199931	  0.011 	  -51.14 	 
4.448799931	  0.009 	  -53.43 	 
4.465399930	  0.007 	  -55.82 	 
4.481999930	  0.006 	  -58.34 	 
4.498599930	  0.004 	  -60.72 	 
4.515199929	  0.002 	  -63.24 	 
4.531799929	 -0.000 	  -65.72 	 
4.548399929	 -0.002 	  -68.16 	 
4.564999929	 -0.004 	  -70.47 	 
4.581599928	 -0.006 	  -72.73 	 
4.598199928	 -0.008 	  -74.81 	 
4.614799928	 -0.009 	  -76.85 	 
4.631399928	 -0.010 	  -78.67 	 
4.647999927	 -0.012 	  -80.30 	 
4.664599927	 -0.013 	  -81.68 	 
4.681199927	 -0.014 	  -82.92 	 
4.697799927	 -0.015 	  -83.90 	 
4.714399926	 -0.016 	  -84.70 	 
4.730999926	 -0.016 	  -85.19 	 
4.747599926	 -0.017 	  -85.42 	 
4.764199926	 -0.017 	  -85.36 	 
4.780799925	 -0.016 	  -85.17 	 
4.797399925	 -0.016 	  -84.60 	 
4.813999925	 -0.016 	  -83.81 	 
4.830599925	 -0.015 	  -82.83 	 
4.847199924	 -0.015 	  -81.53 	 
4.863799924	 -0.014 	  -80.01 	 
4.880399924	 -0.013 	  -78.36 	 
4.896999924	 -0.012 	  -76.52 	 
4.913599923	 -0.012 	  -74.53 	 
4.930199923	 -0.010 	  -72.39 	 
4.946799923	 -0.009 	  -70.14 	 
4.963399922	 -0.007 	  -67.76 	 
4.979999922	 -0.006 	  -65.25 	 
4.996599922	 -0.004 	  -62.72 	 
5.013199922	 -0.002 	  -60.21 	 
5.029799921	 -0.000 	  -57.75 	 
5.046399921	  0.002 	  -55.41 	 
5.062999921	  0.003 	  -53.08 	 
5.079599921	  0.006 	  -50.79 	 
5.096199920	  0.007 	  -48.63 	 
5.112799920	  0.010 	  -46.74 	 
5.129399920	  0.011 	  -44.85 	 
5.145999920	  0.013 	  -43.10 	 
5.162599919	  0.014 	  -41.74 	 
5.179199919	  0.016 	  -40.42 	 
5.195799919	  0.017 	  -39.61 	 
5.212399919	  0.017 	  -38.73 	 
5.228999918	  0.019 	  -38.19 	 
5.245599918	  0.018 	  -37.82 	 
5.262199918	  0.019 	  -37.73 	 
5.278799918	  0.019 	  -38.03 	 
5.295399917	  0.019 	  -38.55 	 
5.311999917	  0.018 	  -39.44 	 
5.328599917	  0.017 	  -40.51 	 
5.345199917	  0.017 	  -41.80 	 
5.361799916	  0.016 	  -43.25 	 
5.378399916	  0.016 	  -44.71 	 
5.394999916	  0.014 	  -46.43 	 
5.411599915	  0.012 	  -48.38 	 
5.428199915	  0.012 	  -50.59 	 
5.444799915	  0.009 	  -52.77 	 
5.461399915	  0.008 	  -55.16 	 
5.477999914	  0.006 	  -57.61 	 
5.494599914	  0.004 	  -60.15 	 
5.511199914	  0.002 	  -62.64 	 
5.527799914	  0.000 	  -65.14 	 
5.544399913	 -0.002 	  -67.54 	 
5.560999913	 -0.003 	  -69.87 	 
5.577599913	 -0.006 	  -72.16 	 
5.594199913	 -0.007 	  -74.40 	 
5.610799912	 -0.009 	  -76.41 	 
5.627399912	 -0.010 	  -78.27 	 
5.643999912	 -0.012 	  -79.85 	 
5.660599912	 -0.013 	  -81.34 	 
5.677199911	 -0.014 	  -82.69 	 
5.693799911	 -0.015 	  -83.79 	 
5.710399911	 -0.016 	  -84.50 	 
5.726999911	 -0.016 	  -85.06 	 
5.743599910	 -0.017 	  -85.34 	 
5.760199910	 -0.017 	  -85.43 	 
5.776799910	 -0.017 	  -85.22 	 
5.793399910	 -0.017 	  -84.81 	 
5.809999909	 -0.016 	  -84.06 	 
5.826599909	 -0.016 	  -83.09 	 
5.843199909	 -0.015 	  -81.79 	 
5.859799908	 -0.014 	  -80.37 	 
5.876399908	 -0.014 	  -78.77 	 
5.892999908	 -0.012 	  -77.06 	 
5.909599908	 -0.012 	  -75.07 	 
5.926199907	 -0.011 	  -72.94 	 
5.942799907	 -0.010 	  -70.59 	 
5.959399907	 -0.008 	  -68.23 	 
5.975999907	 -0.007 	  -65.76 	 
5.992599906	 -0.005 	  -63.34 	 
6.009199906	 -0.003 	  -60.85 	 
6.025799906	 -0.001 	  -58.41 	 
6.042399906	  0.001 	  -55.98 	 
6.058999905	  0.003 	  -53.62 	 
6.075599905	  0.005 	  -51.27 	 
6.092199905	  0.007 	  -49.19 	 
6.108799905	  0.008 	  -46.97 	 
6.125399904	  0.010 	  -45.16 	 
6.141999904	  0.012 	  -43.42 	 
6.158599904	  0.013 	  -41.91 	 
6.175199904	  0.015 	  -40.64 	 
6.191799903	  0.016 	  -39.68 	 
6.208399903	  0.017 	  -38.78 	 
6.224999903	  0.018 	  -38.23 	 
6.241599903	  0.018 	  -37.87 	 
6.258199902	  0.019 	  -37.75 	 
6.274799902	  0.019 	  -37.88 	 
6.291399902	  0.018 	  -38.38 	 
6.307999901	  0.018 	  -39.24 	 
6.324599901	  0.017 	  -40.03 	 
6.341199901	  0.017 	  -41.17 	 
6.357799901	  0.016 	  -42.48 	 
6.374399900	  0.015 	  -44.17 	 
6.390999900	  0.013 	  -46.08 	 
6.407599900	  0.012 	  -48.19 	 
6.424199900	  0.012 	  -50.19 	 
6.440799899	  0.010 	  -52.39 	 
6.457399899	  0.007 	  -54.70 	 
6.473999899	  0.006 	  -57.14 	 
6.490599899	  0.004 	  -59.63 	 
6.507199898	  0.002 	  -62.09 	 
6.523799898	 -0.000 	  -64.53 	 
6.540399898	 -0.002 	  -66.94 	 
6.556999898	 -0.003 	  -69.31 	 
6.573599897	 -0.006 	  -71.61 	 
6.590199897	 -0.007 	  -73.86 	 
6.606799897	 -0.009 	  -75.89 	 
6.623399897	 -0.010 	  -77.78 	 
6.639999896	 -0.012 	  -79.50 	 
6.656599896	 -0.013 	  -81.12 	 
6.673199896	 -0.014 	  -82.41 	 
6.689799896	 -0.015 	  -83.52 	 
6.706399895	 -0.016 	  -84.31 	 
6.722999895	 -0.016 	  -84.95 	 
6.739599895	 -0.017 	  -85.32 	 
6.756199894	 -0.017 	  -85.44 	 
6.772799894	 -0.017 	  -85.26 	 
6.789399894	 -0.017 	  -84.88 	 
6.805999894	 -0.017 	  -84.22 	 
6.822599893	 -0.017 	  -83.29 	 
6.839199893	 -0.016 	  -82.12 	 
6.855799893	 -0.014 	  -80.82 	 
6.872399893	 -0.014 	  -79.25 	 
6.888999892	 -0.013 	  -77.51 	 
6.905599892	 -0.013 	  -75.49 	 
6.922199892	 -0.011 	  -73.38 	 
6.938799892	 -0.010 	  -71.11 	 
6.955399891	 -0.008 	  -68.80 	 
6.971999891	 -0.007 	  -66.37 	 
6.988599891	 -0.006 	  -64.00 	 
7.005199891	 -0.004 	  -61.53 	 
7.021799890	 -0.001 	  -59.03 	 
7.038399890	 -0.000 	  -56.61 	 
7.054999890	  0.002 	  -54.17 	 
7.071599890	  0.004 	  -51.76 	 
7.088199889	  0.006 	  -49.61 	 
7.104799889	  0.008 	  -47.49 	 
7.121399889	  0.010 	  -45.58 	 
7.137999889	  0.011 	  -43.82 	 
7.154599888	  0.013 	  -42.24 	 
7.171199888	  0.014 	  -40.93 	 
7.187799888	  0.015 	  -39.89 	 
7.204399887	  0.016 	  -38.97 	 
7.220999887	  0.017 	  -38.32 	 
7.237599887	  0.017 	  -38.00 	 
7.254199887	  0.018 	  -37.84 	 
7.270799886	  0.019 	  -37.97 	 
7.287399886	  0.018 	  -38.26 	 
7.303999886	  0.018 	  -38.95 	 
7.320599886	  0.017 	  -39.70 	 
7.337199885	  0.017 	  -40.74 	 
7.353799885	  0.016 	  -42.18 	 
7.370399885	  0.015 	  -43.70 	 
7.386999885	  0.014 	  -45.54 	 
7.403599884	  0.012 	  -47.59 	 
7.420199884	  0.012 	  -49.65 	 
7.436799884	  0.010 	  -51.82 	 
7.453399884	  0.008 	  -54.14 	 
7.469999883	  0.006 	  -56.51 	 
7.486599883	  0.004 	  -58.91 	 
7.503199883	  0.003 	  -61.37 	 
7.519799883	  0.000 	  -63.83 	 
7.536399882	 -0.001 	  -66.30 	 
7.552999882	 -0.003 	  -68.73 	 
7.569599882	 -0.006 	  -71.07 	 
7.586199882	 -0.007 	  -73.34 	 
7.602799881	 -0.009 	  -75.42 	 
7.619399881	 -0.010 	  -77.33 	 
7.635999881	 -0.012 	  -79.12 	 
7.652599880	 -0.013 	  -80.77 	 
7.669199880	 -0.014 	  -82.19 	 
7.685799880	 -0.016 	  -83.22 	 
7.702399880	 -0.015 	  -84.13 	 
7.718999879	 -0.017 	  -84.82 	 
7.735599879	 -0.017 	  -85.30 	 
7.752199879	 -0.017 	  -85.44 	 
7.768799879	 -0.017 	  -85.33 	 
7.785399878	 -0.017 	  -85.02 	 
7.801999878	 -0.017 	  -84.43 	 
7.818599878	 -0.017 	  -83.54 	 
7.835199878	 -0.016 	  -82.45 	 
7.851799877	 -0.016 	  -81.21 	 
7.868399877	 -0.014 	  -79.71 	 
7.884999877	 -0.014 	  -77.90 	 
7.901599877	 -0.013 	  -75.96 	 
7.918199876	 -0.012 	  -73.84 	 
7.934799876	 -0.010 	  -71.68 	 
7.951399876	 -0.009 	  -69.31 	 
7.967999876	 -0.008 	  -67.08 	 
7.984599875	 -0.006 	  -64.64 	 
8.001199875	 -0.004 	  -62.19 	 
8.017799875	 -0.002 	  -59.67 	 
8.034399875	 -0.001 	  -57.21 	 
8.050999874	  0.001 	  -54.69 	 
8.067599874	  0.003 	  -52.31 	 
8.084199874	  0.005 	  -50.21 	 
8.100799873	  0.007 	  -48.07 	 
8.117399873	  0.009 	  -46.08 	 
8.133999873	  0.011 	  -44.28 	 
8.150599873	  0.012 	  -42.56 	 
8.167199872	  0.014 	  -41.28 	 
8.183799872	  0.015 	  -40.16 	 
8.200399872	  0.016 	  -39.17 	 
8.216999872	  0.017 	  -38.49 	 
8.233599871	  0.018 	  -38.06 	 
8.250199871	  0.018 	  -37.80 	 
8.266799871	  0.018 	  -37.83 	 
8.283399871	  0.018 	  -38.19 	 
8.299999870	  0.018 	  -38.89 	 
8.316599870	  0.017 	  -39.61 	 
8.333199870	  0.017 	  -40.51 	 
8.349799870	  0.016 	  -41.65 	 
8.366399869	  0.014 	  -43.27 	 
8.382999869	  0.013 	  -45.06 	 
8.399599869	  0.012 	  -47.15 	 
8.416199869	  0.011 	  -49.17 	 
8.432799868	  0.009 	  -51.26 	 
8.449399868	  0.008 	  -53.55 	 
8.465999868	  0.006 	  -55.90 	 
8.482599868	  0.004 	  -58.43 	 
8.499199867	  0.003 	  -60.89 	 
8.515799867	  0.000 	  -63.34 	 
8.532399867	 -0.001 	  -65.86 	 
8.548999866	 -0.002 	  -68.27 	 
8.565599866	 -0.006 	  -70.62 	 
8.582199866	 -0.007 	  -72.81 	 
8.598799866	 -0.008 	  -74.94 	 
8.615399865	 -0.010 	  -76.92 	 
8.631999865	 -0.012 	  -78.76 	 
8.648599865	 -0.013 	  -80.33 	 
8.665199865	 -0.014 	  -81.80 	 
8.681799864	 -0.015 	  -82.98 	 
8.698399864	 -0.016 	  -84.01 	 
8.714999864	 -0.017 	  -84.71 	 
8.731599864	 -0.018 	  -85.19 	 
8.748199863	 -0.018 	  -85.45 	 
8.764799863	 -0.017 	  -85.37 	 
8.781399863	 -0.018 	  -85.13 	 
8.797999863	 -0.017 	  -84.67 	 
8.814599862	 -0.017 	  -83.84 	 
8.831199862	 -0.017 	  -82.83 	 
8.847799862	 -0.016 	  -81.46 	 
8.864399862	 -0.014 	  -79.98 	 
8.880999861	 -0.014 	  -78.31 	 
8.897599861	 -0.014 	  -76.47 	 
8.914199861	 -0.013 	  -74.43 	 
8.930799861	 -0.011 	  -72.31 	 
8.947399860	 -0.010 	  -69.99 	 
8.963999860	 -0.008 	  -67.71 	 
8.980599860	 -0.007 	  -65.23 	 
8.997199859	 -0.006 	  -62.83 	 
9.013799859	 -0.003 	  -60.21 	 
9.030399859	 -0.001 	  -57.67 	 
9.046999859	  0.001 	  -55.22 	 
9.063599858	  0.002 	  -52.85 	 
9.080199858	  0.004 	  -50.66 	 
9.096799858	  0.007 	  -48.62 	 
9.113399858	  0.009 	  -46.54 	 
9.129999857	  0.010 	  -44.68 	 
9.146599857	  0.012 	  -43.02 	 
9.163199857	  0.013 	  -41.58 	 
9.179799857	  0.015 	  -40.38 	 
9.196399856	  0.015 	  -39.39 	 
9.212999856	  0.016 	  -38.54 	 
9.229599856	  0.017 	  -38.01 	 
9.246199856	  0.017 	  -37.82 	 
9.262799855	  0.018 	  -37.87 	 
9.279399855	  0.018 	  -38.13 	 
9.295999855	  0.018 	  -38.62 	 
9.312599855	  0.017 	  -39.39 	 
9.329199854	  0.016 	  -40.49 	 
9.345799854	  0.016 	  -41.70 	 
9.362399854	  0.015 	  -43.05 	 
9.378999854	  0.014 	  -44.59 	 
9.395599853	  0.013 	  -46.38 	 
9.412199853	  0.011 	  -48.40 	 
9.428799853	  0.010 	  -50.61 	 
9.445399852	  0.009 	  -52.87 	 
9.461999852	  0.006 	  -55.39 	 
9.478599852	  0.005 	  -57.73 	 
9.495199852	  0.002 	  -60.24 	 
9.511799851	  0.001 	  -62.73 	 
9.528399851	 -0.001 	  -65.26 	 
9.544999851	 -0.002 	  -67.66 	 
9.561599851	 -0.004 	  -70.00 	 
9.578199850	 -0.006 	  -72.22 	 
9.594799850	 -0.008 	  -74.42 	 
9.611399850	 -0.010 	  -76.47 	 
9.627999850	 -0.012 	  -78.33 	 
9.644599849	 -0.013 	  -79.99 	 
9.661199849	 -0.014 	  -81.45 	 
9.677799849	 -0.015 	  -82.70 	 
9.694399849	 -0.016 	  -83.75 	 
9.710999848	 -0.017 	  -84.60 	 
9.727599848	 -0.017 	  -85.13 	 
9.744199848	 -0.017 	  -85.35 	 
9.760799848	 -0.017 	  -85.39 	 
9.777399847	 -0.017 	  -85.28 	 
9.793999847	 -0.018 	  -84.77 	 
9.810599847	 -0.017 	  -84.01 	 
9.827199847	 -0.017 	  -83.08 	 
9.843799846	 -0.017 	  -81.86 	 
9.860399846	 -0.015 	  -80.33 	 
9.876999846	 -0.015 	  -78.70 	 
9.893599845	 -0.014 	  -76.93 	 
9.910199845	 -0.012 	  -75.03 	 
9.926799845	 -0.011 	  -72.88 	 
9.943399845	 -0.010 	  -70.58 	 
9.959999844	 -0.009 	  -68.15 	 
9.976599844	 -0.008 	  -65.72 	 
9.993199844	 -0.004 	  -63.21 	 
10.009799844	 -0.004 	  -60.68 	 
10.026399843	 -0.002 	  -58.29 	 
10.042999843	 -0.000 	  -55.89 	 
10.059599843	  0.002 	  -53.49 	 
10.076199843	  0.004 	  -51.18 	 
10.092799842	  0.005 	  -48.97 	 
10.109399842	  0.008 	  -47.04 	 
10.125999842	  0.010 	  -45.10 	 
10.142599842	  0.011 	  -43.56 	 
10.159199841	  0.012 	  -41.93 	 
10.175799841	  0.013 	  -40.68 	 
10.192399841	  0.015 	  -39.59 	 
10.208999841	  0.016 	  -38.67 	 
10.225599840	  0.016 	  -38.04 	 
10.242199840	  0.017 	  -37.77 	 
10.258799840	  0.017 	  -37.83 	 
10.275399840	  0.017 	  -38.10 	 
10.291999839	  0.017 	  -38.52 	 
10.308599839	  0.017 	  -39.13 	 
10.325199839	  0.017 	  -39.98 	 
10.341799838	  0.015 	  -41.17 	 
10.358399838	  0.014 	  -42.74 	 
10.374999838	  0.013 	  -44.45 	 
10.391599838	  0.013 	  -46.16 	 
10.408199837	  0.012 	  -48.14 	 
10.424799837	  0.010 	  -50.20 	 
10.441399837	  0.008 	  -52.39 	 
10.457999837	  0.007 	  -54.69 	 
10.474599836	  0.005 	  -57.18 	 
10.491199836	  0.003 	  -59.66 	 
10.507799836	  0.002 	  -62.14 	 
10.524399836	 -0.000 	  -64.60 	 
10.540999835	 -0.002 	  -67.00 	 
10.557599835	 -0.004 	  -69.42 	 
10.574199835	 -0.007 	  -71.78 	 
10.590799835	 -0.008 	  -73.95 	 
10.607399834	 -0.010 	  -75.98 	 
10.623999834	 -0.011 	  -77.83 	 
10.640599834	 -0.013 	  -79.56 	 
10.657199834	 -0.014 	  -81.12 	 
10.673799833	 -0.015 	  -82.50 	 
10.690399833	 -0.016 	  -83.55 	 
10.706999833	 -0.017 	  -84.36 	 
10.723599833	 -0.017 	  -84.94 	 
10.740199832	 -0.017 	  -85.36 	 
10.756799832	 -0.018 	  -85.50 	 
10.773399832	 -0.019 	  -85.29 	 
10.789999831	 -0.018 	  -84.85 	 
10.806599831	 -0.017 	  -84.25 	 
10.823199831	 -0.017 	  -83.24 	 
10.839799831	 -0.017 	  -82.13 	 
10.856399830	 -0.016 	  -80.72 	 
10.872999830	 -0.015 	  -79.25 	 
10.889599830	 -0.014 	  -77.44 	 
10.906199830	 -0.013 	  -75.44 	 
10.922799829	 -0.012 	  -73.29 	 
10.939399829	 -0.011 	  -71.04 	 
10.955999829	 -0.010 	  -68.76 	 
10.972599829	 -0.008 	  -66.35 	 
10.989199828	 -0.007 	  -63.91 	 
11.005799828	 -0.005 	  -61.42 	 
11.022399828	 -0.003 	  -59.01 	 
11.038999828	 -0.001 	  -56.60 	 
11.055599827	  0.001 	  -54.21 	 
11.072199827	  0.003 	  -51.75 	 
11.088799827	  0.005 	  -49.53 	 
11.105399827	  0.007 	  -47.54 	 
11.121999826	  0.009 	  -45.59 	 
11.138599826	  0.010 	  -43.84 	 
11.155199826	  0.012 	  -42.39 	 
11.171799826	  0.013 	  -41.02 	 
11.188399825	  0.014 	  -39.81 	 
11.204999825	  0.015 	  -38.89 	 
11.221599825	  0.016 	  -38.21 	 
11.238199824	  0.017 	  -37.82 	 
11.254799824	  0.017 	  -37.67 	 
11.271399824	  0.017 	  -37.73 	 
11.287999824	  0.017 	  -38.17 	 
11.304599823	  0.016 	  -38.84 	 
11.321199823	  0.016 	  -39.82 	 
11.337799823	  0.015 	  -41.00 	 
11.354399823	  0.015 	  -42.49 	 
11.370999822	  0.013 	  -44.06 	 
11.387599822	  0.012 	  -45.69 	 
11.404199822	  0.011 	  -47.65 	 
11.420799822	  0.010 	  -49.61 	 
11.437399821	  0.009 	  -51.85 	 
11.453999821	  0.007 	  -54.03 	 
11.470599821	  0.005 	  -56.53 	 
11.487199821	  0.003 	  -59.03 	 
11.503799820	  0.002 	  -61.51 	 
11.520399820	 -0.000 	  -63.95 	 
11.536999820	 -0.002 	  -66.39 	 
11.553599820	 -0.004 	  -68.85 	 
11.570199819	 -0.006 	  -71.19 	 
11.586799819	 -0.008 	  -73.39 	 
11.603399819	 -0.010 	  -75.46 	 
11.619999819	 -0.011 	  -77.39 	 
11.636599818	 -0.013 	  -79.25 	 
11.653199818	 -0.014 	  -80.83 	 
11.669799818	 -0.015 	  -82.19 	 
11.686399817	 -0.016 	  -83.22 	 
11.702999817	 -0.017 	  -84.14 	 
11.719599817	 -0.018 	  -84.87 	 
11.736199817	 -0.018 	  -85.34 	 
11.752799816	 -0.018 	  -85.44 	 
11.769399816	 -0.018 	  -85.31 	 
11.785999816	 -0.018 	  -85.04 	 
11.802599816	 -0.018 	  -84.40 	 
11.819199815	 -0.018 	  -83.43 	 
11.835799815	 -0.017 	  -82.47 	 
11.852399815	 -0.017 	  -81.18 	 
11.868999815	 -0.015 	  -79.60 	 
11.885599814	 -0.014 	  -77.72 	 
11.902199814	 -0.014 	  -75.81 	 
11.918799814	 -0.013 	  -73.80 	 
11.935399814	 -0.011 	  -71.65 	 
11.951999813	 -0.010 	  -69.32 	 
11.968599813	 -0.009 	  -66.97 	 
11.985199813	 -0.007 	  -64.55 	 
12.001799813	 -0.005 	  -62.04 	 
12.018399812	 -0.003 	  -59.55 	 
12.034999812	 -0.001 	  -57.14 	 
12.051599812	  0.000 	  -54.63 	 
12.068199812	  0.002 	  -52.40 	 
12.084799811	  0.004 	  -50.11 	 
12.101399811	  0.006 	  -48.04 	 
12.117999811	  0.008 	  -46.14 	 
12.134599810	  0.009 	  -44.34 	 
12.151199810	  0.012 	  -42.67 	 
12.167799810	  0.013 	  -41.27 	 
12.184399810	  0.014 	  -40.14 	 
12.200999809	  0.014 	  -39.12 	 
12.217599809	  0.016 	  -38.44 	 
12.234199809	  0.016 	  -37.99 	 
12.250799809	  0.017 	  -37.82 	 
12.267399808	  0.017 	  -37.85 	 
12.283999808	  0.017 	  -38.16 	 
12.300599808	  0.016 	  -38.76 	 
12.317199808	  0.016 	  -39.70 	 
12.333799807	  0.015 	  -40.79 	 
12.350399807	  0.014 	  -41.99 	 
12.366999807	  0.014 	  -43.44 	 
12.383599807	  0.012 	  -45.14 	 
12.400199806	  0.011 	  -47.04 	 
12.416799806	  0.010 	  -49.06 	 
12.433399806	  0.009 	  -51.29 	 
12.449999806	  0.007 	  -53.61 	 
12.466599805	  0.005 	  -55.99 	 
12.483199805	  0.003 	  -58.43 	 
12.499799805	  0.002 	  -60.86 	 
12.516399805	 -0.000 	  -63.45 	 
12.532999804	 -0.002 	  -65.90 	 
12.549599804	 -0.004 	  -68.34 	 
12.566199804	 -0.006 	  -70.59 	 
12.582799803	 -0.008 	  -72.83 	 
12.599399803	 -0.010 	  -74.99 	 
12.615999803	 -0.011 	  -77.00 	 
12.632599803	 -0.013 	  -78.79 	 
12.649199802	 -0.014 	  -80.41 	 
12.665799802	 -0.015 	  -81.75 	 
12.682399802	 -0.016 	  -82.98 	 
12.698999802	 -0.017 	  -83.97 	 
12.715599801	 -0.018 	  -84.80 	 
12.732199801	 -0.018 	  -85.17 	 
12.748799801	 -0.019 	  -85.39 	 
12.765399801	 -0.019 	  -85.37 	 
12.781999800	 -0.019 	  -85.11 	 
12.798599800	 -0.018 	  -84.54 	 
12.815199800	 -0.018 	  -83.75 	 
12.831799800	 -0.017 	  -82.70 	 
12.848399799	 -0.017 	  -81.42 	 
12.864999799	 -0.016 	  -79.89 	 
12.881599799	 -0.015 	  -78.20 	 
12.898199799	 -0.015 	  -76.33 	 
12.914799798	 -0.013 	  -74.40 	 
12.931399798	 -0.012 	  -72.22 	 
12.947999798	 -0.011 	  -69.95 	 
12.964599798	 -0.009 	  -67.62 	 
12.981199797	 -0.008 	  -65.07 	 
12.997799797	 -0.006 	  -62.58 	 
13.014399797	 -0.004 	  -60.09 	 
13.030999796	 -0.002 	  -57.63 	 
13.047599796	 -0.000 	  -55.31 	 
13.064199796	  0.001 	  -52.97 	 
13.080799796	  0.004 	  -50.60 	 
13.097399795	  0.005 	  -48.43 	 
13.113999795	  0.008 	  -46.45 	 
13.130599795	  0.009 	  -44.61 	 
13.147199795	  0.010 	  -42.99 	 
13.163799794	  0.012 	  -41.61 	 
13.180399794	  0.014 	  -40.36 	 
13.196999794	  0.014 	  -39.26 	 
13.213599794	  0.015 	  -38.51 	 
13.230199793	  0.016 	  -38.16 	 
13.246799793	  0.016 	  -37.86 	 
13.263399793	  0.017 	  -37.85 	 
13.279999793	  0.016 	  -38.12 	 
13.296599792	  0.017 	  -38.52 	 
13.313199792	  0.015 	  -39.27 	 
13.329799792	  0.015 	  -40.38 	 
13.346399792	  0.014 	  -41.65 	 
13.362999791	  0.013 	  -43.13 	 
13.379599791	  0.013 	  -44.83 	 
13.396199791	  0.012 	  -46.82 	 
13.412799791	  0.010 	  -48.68 	 
13.429399790	  0.009 	  -50.85 	 
13.445999790	  0.007 	  -53.01 	 
13.462599790	  0.006 	  -55.46 	 
13.479199789	  0.003 	  -57.85 	 
13.495799789	  0.001 	  -60.30 	 
13.512399789	 -0.000 	  -62.75 	 
13.528999789	 -0.002 	  -65.25 	 
13.545599788	 -0.004 	  -67.67 	 
13.562199788	 -0.006 	  -70.02 	 
13.578799788	 -0.007 	  -72.32 	 
13.595399788	 -0.010 	  -74.49 	 
13.611999787	 -0.011 	  -76.54 	 
13.628599787	 -0.012 	  -78.34 	 
13.645199787	 -0.014 	  -80.01 	 
13.661799787	 -0.015 	  -81.49 	 
13.678399786	 -0.017 	  -82.81 	 
13.694999786	 -0.017 	  -83.79 	 
13.711599786	 -0.018 	  -84.53 	 
13.728199786	 -0.019 	  -85.06 	 
13.744799785	 -0.019 	  -85.39 	 
13.761399785	 -0.020 	  -85.41 	 
13.777999785	 -0.019 	  -85.16 	 
13.794599785	 -0.019 	  -84.66 	 
13.811199784	 -0.018 	  -83.99 	 
13.827799784	 -0.018 	  -82.94 	 
13.844399784	 -0.018 	  -81.72 	 
13.860999784	 -0.017 	  -80.27 	 
13.877599783	 -0.016 	  -78.69 	 
13.894199783	 -0.015 	  -76.82 	 
13.910799783	 -0.013 	  -74.86 	 
13.927399782	 -0.013 	  -72.70 	 
13.943999782	 -0.011 	  -70.42 	 
13.960599782	 -0.010 	  -68.03 	 
13.977199782	 -0.009 	  -65.58 	 
13.993799781	 -0.007 	  -63.12 	 
14.010399781	 -0.006 	  -60.68 	 
14.026999781	 -0.002 	  -58.23 	 
14.043599781	 -0.001 	  -55.81 	 
14.060199780	  0.001 	  -53.37 	 
14.076799780	  0.003 	  -51.16 	 
14.093399780	  0.005 	  -48.90 	 
14.109999780	  0.006 	  -46.86 	 
14.126599779	  0.008 	  -45.03 	 
14.143199779	  0.010 	  -43.43 	 
14.159799779	  0.011 	  -41.85 	 
14.176399779	  0.012 	  -40.51 	 
14.192999778	  0.014 	  -39.56 	 
14.209599778	  0.014 	  -38.74 	 
14.226199778	  0.015 	  -38.16 	 
14.242799778	  0.017 	  -37.81 	 
14.259399777	  0.016 	  -37.86 	 
14.275999777	  0.016 	  -38.04 	 
14.292599777	  0.017 	  -38.54 	 
14.309199777	  0.016 	  -39.35 	 
14.325799776	  0.015 	  -40.18 	 
14.342399776	  0.014 	  -41.43 	 
14.358999776	  0.013 	  -42.81 	 
14.375599775	  0.013 	  -44.30 	 
14.392199775	  0.012 	  -45.97 	 
14.408799775	  0.010 	  -48.03 	 
14.425399775	  0.009 	  -50.18 	 
14.441999774	  0.007 	  -52.48 	 
14.458599774	  0.005 	  -54.91 	 
14.475199774	  0.003 	  -57.29 	 
14.491799774	  0.002 	  -59.73 	 
14.508399773	  0.000 	  -62.18 	 
14.524999773	 -0.002 	  -64.65 	 
14.541599773	 -0.004 	  -67.13 	 
14.558199773	 -0.006 	  -69.50 	 
14.574799772	 -0.007 	  -71.83 	 
14.591399772	 -0.009 	  -73.96 	 
14.607999772	 -0.012 	  -76.03 	 
14.624599772	 -0.013 	  -77.89 	 
14.641199771	 -0.014 	  -79.65 	 
14.657799771	 -0.015 	  -81.18 	 
14.674399771	 -0.015 	  -82.50 	 
14.690999771	 -0.017 	  -83.50 	 
14.707599770	 -0.017 	  -84.39 	 
14.724199770	 -0.019 	  -84.99 	 
14.740799770	 -0.018 	  -85.33 	 
14.757399769	 -0.019 	  -85.41 	 
14.773999769	 -0.019 	  -85.29 	 
14.790599769	 -0.019 	  -84.80 	 
14.807199769	 -0.019 	  -84.07 	 
14.823799768	 -0.019 	  -83.29 	 
14.840399768	 -0.018 	  -82.13 	 
14.856999768	 -0.017 	  -80.64 	 
14.873599768	 -0.016 	  -78.97 	 
14.890199767	 -0.015 	  -77.26 	 
14.906799767	 -0.014 	  -75.34 	 
14.923399767	 -0.013 	  -73.24 	 
14.939999767	 -0.012 	  -70.92 	 
14.956599766	 -0.010 	  -68.66 	 
14.973199766	 -0.009 	  -66.24 	 
14.989799766	 -0.008 	  -63.83 	 
15.006399766	 -0.006 	  -61.31 	 
15.022999765	 -0.003 	  -58.83 	 
15.039599765	 -0.001 	  -56.31 	 
15.056199765	  0.000 	  -54.03 	 
15.072799765	  0.002 	  -51.77 	 
15.089399764	  0.004 	  -49.60 	 
15.105999764	  0.006 	  -47.41 	 
15.122599764	  0.007 	  -45.53 	 
15.139199764	  0.009 	  -43.73 	 
15.155799763	  0.011 	  -42.18 	 
15.172399763	  0.012 	  -40.86 	 
15.188999763	  0.013 	  -39.75 	 
15.205599762	  0.014 	  -38.91 	 
15.222199762	  0.015 	  -38.29 	 
15.238799762	  0.016 	  -37.76 	 
15.255399762	  0.016 	  -37.62 	 
15.271999761	  0.016 	  -37.84 	 
15.288599761	  0.016 	  -38.29 	 
15.305199761	  0.016 	  -39.07 	 
15.321799761	  0.016 	  -39.97 	 
15.338399760	  0.014 	  -41.08 	 
15.354999760	  0.014 	  -42.46 	 
15.371599760	  0.013 	  -43.88 	 
15.388199760	  0.012 	  -45.69 	 
15.404799759	  0.010 	  -47.70 	 
15.421399759	  0.009 	  -49.67 	 
15.437999759	  0.008 	  -51.89 	 
15.454599759	  0.006 	  -54.21 	 
15.471199758	  0.004 	  -56.64 	 
15.487799758	  0.002 	  -59.04 	 
15.504399758	  0.001 	  -61.50 	 
15.520999758	 -0.002 	  -64.07 	 
15.537599757	 -0.003 	  -66.57 	 
15.554199757	 -0.005 	  -68.95 	 
15.570799757	 -0.008 	  -71.23 	 
15.587399757	 -0.009 	  -73.47 	 
15.603999756	 -0.011 	  -75.54 	 
15.620599756	 -0.012 	  -77.52 	 
15.637199756	 -0.014 	  -79.23 	 
15.653799755	 -0.015 	  -80.79 	 
15.670399755	 -0.016 	  -82.12 	 
15.686999755	 -0.017 	  -83.30 	 
15.703599755	 -0.017 	  -84.25 	 
15.720199754	 -0.018 	  -84.91 	 
15.736799754	 -0.019 	  -85.27 	 
15.753399754	 -0.019 	  -85.39 	 
15.769999754	 -0.019 	  -85.33 	 
15.786599753	 -0.019 	  -85.00 	 
15.803199753	 -0.019 	  -84.32 	 
15.819799753	 -0.019 	  -83.51 	 
15.836399753	 -0.018 	  -82.45 	 
15.852999752	 -0.018 	  -81.02 	 
15.869599752	 -0.017 	  -79.39 	 
15.886199752	 -0.016 	  -77.68 	 
15.902799752	 -0.014 	  -75.84 	 
15.919399751	 -0.014 	  -73.85 	 
15.935999751	 -0.013 	  -71.55 	 
15.952599751	 -0.011 	  -69.25 	 
15.969199751	 -0.009 	  -66.83 	 
15.985799750	 -0.008 	  -64.37 	 
16.002399750	 -0.007 	  -61.90 	 
16.018999750	 -0.004 	  -59.46 	 
16.035599750	 -0.003 	  -56.95 	 
16.052199749	 -0.001 	  -54.58 	 
16.068799749	  0.001 	  -52.17 	 
16.085399749	  0.003 	  -49.94 	 
16.101999748	  0.005 	  -47.83 	 
16.118599748	  0.007 	  -45.87 	 
16.135199748	  0.009 	  -44.16 	 
16.151799748	  0.010 	  -42.58 	 
16.168399747	  0.012 	  -41.18 	 
16.184999747	  0.013 	  -40.01 	 
16.201599747	  0.013 	  -39.11 	 
16.218199747	  0.014 	  -38.38 	 
16.234799746	  0.015 	  -37.98 	 
16.251399746	  0.016 	  -37.78 	 
16.267999746	  0.016 	  -37.79 	 
16.284599746	  0.016 	  -38.08 	 
16.301199745	  0.015 	  -38.73 	 
16.317799745	  0.014 	  -39.66 	 
16.334399745	  0.014 	  -40.69 	 
16.350999745	  0.014 	  -41.86 	 
16.367599744	  0.012 	  -43.37 	 
16.384199744	  0.011 	  -45.16 	 
16.400799744	  0.010 	  -47.25 	 
16.417399744	  0.009 	  -49.32 	 
16.433999743	  0.008 	  -51.49 	 
16.450599743	  0.006 	  -53.69 	 
16.467199743	  0.004 	  -56.03 	 
16.483799743	  0.002 	  -58.55 	 
16.500399742	  0.001 	  -61.06 	 
16.516999742	 -0.001 	  -63.52 	 
16.533599742	 -0.003 	  -66.05 	 
16.550199741	 -0.006 	  -68.42 	 
16.566799741	 -0.007 	  -70.69 	 
16.583399741	 -0.009 	  -72.99 	 
16.599999741	 -0.010 	  -75.07 	 
16.616599740	 -0.012 	  -77.07 	 
16.633199740	 -0.013 	  -78.83 	 
16.649799740	 -0.014 	  -80.43 	 
16.666399740	 -0.017 	  -81.83 	 
16.682999739	 -0.017 	  -83.13 	 
16.699599739	 -0.018 	  -84.06 	 
16.716199739	 -0.019 	  -84.78 	 
16.732799739	 -0.019 	  -85.19 	 
16.749399738	 -0.020 	  -85.39 	 
16.765999738	 -0.020 	  -85.44 	 
16.782599738	 -0.019 	  -85.08 	 
16.799199738	 -0.019 	  -84.51 	 
16.815799737	 -0.019 	  -83.79 	 
16.832399737	 -0.019 	  -82.65 	 
16.848999737	 -0.018 	  -81.34 	 
16.865599737	 -0.017 	  -79.82 	 
16.882199736	 -0.016 	  -78.19 	 
16.898799736	 -0.015 	  -76.36 	 
16.915399736	 -0.014 	  -74.31 	 
16.931999736	 -0.012 	  -72.11 	 
16.948599735	 -0.012 	  -69.83 	 
16.965199735	 -0.010 	  -67.43 	 
16.981799735	 -0.009 	  -64.85 	 
