0.000000000	 -0.067 	  -62.31 	 
0.016600000	 -0.065 	  -59.77 	 
0.033199999	 -0.062 	  -57.29 	 
0.049799999	 -0.059 	  -54.86 	 
0.066399999	 -0.055 	  -52.48 	 
0.082999999	 -0.052 	  -50.26 	 
0.099599998	 -0.049 	  -48.14 	 
0.116199998	 -0.045 	  -46.14 	 
0.132799998	 -0.042 	  -44.32 	 
0.149399998	 -0.039 	  -42.73 	 
0.165999997	 -0.036 	  -41.23 	 
0.182599997	 -0.034 	  -40.07 	 
0.199199997	 -0.032 	  -39.07 	 
0.215799997	 -0.030 	  -38.40 	 
0.232399996	 -0.029 	  -37.90 	 
0.248999996	 -0.027 	  -37.68 	 
0.265599996	 -0.027 	  -37.66 	 
0.282199996	 -0.027 	  -38.02 	 
0.298799995	 -0.027 	  -38.58 	 
0.315399995	 -0.028 	  -39.39 	 
0.331999995	 -0.028 	  -40.37 	 
0.348599995	 -0.030 	  -41.73 	 
0.365199994	 -0.031 	  -43.16 	 
0.381799994	 -0.033 	  -44.90 	 
0.398399994	 -0.035 	  -46.77 	 
0.414999994	 -0.036 	  -48.86 	 
0.431599993	 -0.039 	  -51.00 	 
0.448199993	 -0.041 	  -53.30 	 
0.464799993	 -0.045 	  -55.65 	 
0.481399992	 -0.048 	  -58.17 	 
0.497999992	 -0.051 	  -60.60 	 
0.514599992	 -0.055 	  -63.15 	 
0.531199992	 -0.058 	  -65.58 	 
0.547799991	 -0.061 	  -68.05 	 
0.564399991	 -0.064 	  -70.30 	 
0.580999991	 -0.068 	  -72.71 	 
0.597599991	 -0.071 	  -74.78 	 
0.614199990	 -0.074 	  -76.81 	 
0.630799990	 -0.076 	  -78.64 	 
0.647399990	 -0.079 	  -80.32 	 
0.663999990	 -0.081 	  -81.74 	 
0.680599989	 -0.082 	  -82.94 	 
0.697199989	 -0.083 	  -83.98 	 
0.713799989	 -0.085 	  -84.73 	 
0.730399989	 -0.086 	  -85.22 	 
0.746999988	 -0.087 	  -85.50 	 
0.763599988	 -0.088 	  -85.44 	 
0.780199988	 -0.088 	  -85.27 	 
0.796799988	 -0.088 	  -84.73 	 
0.813399987	 -0.087 	  -83.94 	 
0.829999987	 -0.087 	  -82.95 	 
0.846599987	 -0.086 	  -81.68 	 
0.863199987	 -0.085 	  -80.15 	 
0.879799986	 -0.084 	  -78.52 	 
0.896399986	 -0.083 	  -76.65 	 
0.912999986	 -0.081 	  -74.62 	 
0.929599985	 -0.078 	  -72.44 	 
0.946199985	 -0.077 	  -70.13 	 
0.962799985	 -0.074 	  -67.73 	 
0.979399985	 -0.072 	  -65.38 	 
0.995999984	 -0.069 	  -62.88 	 
1.012599984	 -0.066 	  -60.42 	 
1.029199984	 -0.062 	  -57.91 	 
1.045799984	 -0.060 	  -55.45 	 
1.062399983	 -0.056 	  -53.06 	 
1.078999983	 -0.053 	  -50.83 	 
1.095599983	 -0.050 	  -48.57 	 
1.112199983	 -0.046 	  -46.61 	 
1.128799982	 -0.043 	  -44.74 	 
1.145399982	 -0.040 	  -43.03 	 
1.161999982	 -0.037 	  -41.62 	 
1.178599982	 -0.034 	  -40.31 	 
1.195199981	 -0.033 	  -39.30 	 
1.211799981	 -0.030 	  -38.49 	 
1.228399981	 -0.029 	  -37.99 	 
1.244999981	 -0.028 	  -37.69 	 
1.261599980	 -0.027 	  -37.73 	 
1.278199980	 -0.027 	  -37.91 	 
1.294799980	 -0.028 	  -38.40 	 
1.311399980	 -0.028 	  -39.17 	 
1.327999979	 -0.029 	  -40.20 	 
1.344599979	 -0.029 	  -41.36 	 
1.361199979	 -0.031 	  -42.83 	 
1.377799978	 -0.033 	  -44.48 	 
1.394399978	 -0.035 	  -46.34 	 
1.410999978	 -0.037 	  -48.31 	 
1.427599978	 -0.039 	  -50.52 	 
1.444199977	 -0.041 	  -52.72 	 
1.460799977	 -0.044 	  -55.14 	 
1.477399977	 -0.048 	  -57.52 	 
1.493999977	 -0.051 	  -60.08 	 
1.510599976	 -0.054 	  -62.48 	 
1.527199976	 -0.057 	  -64.95 	 
1.543799976	 -0.061 	  -67.36 	 
1.560399976	 -0.064 	  -69.88 	 
1.576999975	 -0.067 	  -72.08 	 
1.593599975	 -0.070 	  -74.27 	 
1.610199975	 -0.073 	  -76.30 	 
1.626799975	 -0.076 	  -78.24 	 
1.643399974	 -0.078 	  -79.83 	 
1.659999974	 -0.081 	  -81.44 	 
1.676599974	 -0.083 	  -82.59 	 
1.693199974	 -0.085 	  -83.77 	 
1.709799973	 -0.086 	  -84.45 	 
1.726399973	 -0.087 	  -85.07 	 
1.742999973	 -0.087 	  -85.41 	 
1.759599973	 -0.088 	  -85.48 	 
1.776199972	 -0.088 	  -85.26 	 
1.792799972	 -0.088 	  -84.76 	 
1.809399972	 -0.088 	  -84.08 	 
1.825999971	 -0.087 	  -83.18 	 
1.842599971	 -0.086 	  -81.86 	 
1.859199971	 -0.085 	  -80.55 	 
1.875799971	 -0.084 	  -78.86 	 
1.892399970	 -0.083 	  -77.09 	 
1.908999970	 -0.082 	  -75.05 	 
1.925599970	 -0.079 	  -72.95 	 
1.942199970	 -0.078 	  -70.64 	 
1.958799969	 -0.075 	  -68.36 	 
1.975399969	 -0.073 	  -65.93 	 
1.991999969	 -0.070 	  -63.48 	 
2.008599969	 -0.067 	  -60.98 	 
2.025199968	 -0.064 	  -58.46 	 
2.041799968	 -0.061 	  -56.04 	 
2.058399968	 -0.058 	  -53.63 	 
2.074999968	 -0.054 	  -51.34 	 
2.091599967	 -0.051 	  -49.19 	 
2.108199967	 -0.047 	  -47.06 	 
2.124799967	 -0.043 	  -45.20 	 
2.141399967	 -0.041 	  -43.47 	 
2.157999966	 -0.038 	  -41.95 	 
2.174599966	 -0.035 	  -40.62 	 
2.191199966	 -0.034 	  -39.61 	 
2.207799966	 -0.031 	  -38.72 	 
2.224399965	 -0.030 	  -38.10 	 
2.240999965	 -0.029 	  -37.79 	 
2.257599965	 -0.028 	  -37.75 	 
2.274199964	 -0.027 	  -37.89 	 
2.290799964	 -0.028 	  -38.30 	 
2.307399964	 -0.027 	  -39.00 	 
2.323999964	 -0.029 	  -39.92 	 
2.340599963	 -0.030 	  -41.08 	 
2.357199963	 -0.031 	  -42.48 	 
2.373799963	 -0.033 	  -44.10 	 
2.390399963	 -0.035 	  -45.90 	 
2.406999962	 -0.037 	  -47.84 	 
2.423599962	 -0.039 	  -49.98 	 
2.440199962	 -0.041 	  -52.17 	 
2.456799962	 -0.044 	  -54.51 	 
2.473399961	 -0.048 	  -56.94 	 
2.489999961	 -0.051 	  -59.47 	 
2.506599961	 -0.054 	  -61.88 	 
2.523199961	 -0.058 	  -64.34 	 
2.539799960	 -0.061 	  -66.80 	 
2.556399960	 -0.064 	  -69.25 	 
2.572999960	 -0.067 	  -71.51 	 
2.589599960	 -0.070 	  -73.67 	 
2.606199959	 -0.073 	  -75.87 	 
2.622799959	 -0.076 	  -77.71 	 
2.639399959	 -0.078 	  -79.39 	 
2.655999959	 -0.080 	  -81.00 	 
2.672599958	 -0.083 	  -82.39 	 
2.689199958	 -0.085 	  -83.43 	 
2.705799958	 -0.086 	  -84.30 	 
2.722399957	 -0.087 	  -84.99 	 
2.738999957	 -0.088 	  -85.33 	 
2.755599957	 -0.089 	  -85.41 	 
2.772199957	 -0.088 	  -85.30 	 
2.788799956	 -0.088 	  -84.93 	 
2.805399956	 -0.088 	  -84.29 	 
2.821999956	 -0.088 	  -83.29 	 
2.838599956	 -0.087 	  -82.19 	 
2.855199955	 -0.087 	  -80.83 	 
2.871799955	 -0.085 	  -79.30 	 
2.888399955	 -0.084 	  -77.49 	 
2.904999955	 -0.082 	  -75.56 	 
2.921599954	 -0.081 	  -73.49 	 
2.938199954	 -0.078 	  -71.14 	 
2.954799954	 -0.076 	  -68.95 	 
2.971399954	 -0.074 	  -66.48 	 
2.987999953	 -0.071 	  -64.05 	 
3.004599953	 -0.068 	  -61.54 	 
3.021199953	 -0.065 	  -59.05 	 
3.037799953	 -0.062 	  -56.57 	 
3.054399952	 -0.059 	  -54.21 	 
3.070999952	 -0.055 	  -51.87 	 
3.087599952	 -0.052 	  -49.68 	 
3.104199952	 -0.048 	  -47.59 	 
3.120799951	 -0.045 	  -45.64 	 
3.137399951	 -0.044 	  -43.86 	 
3.153999951	 -0.039 	  -42.35 	 
3.170599950	 -0.037 	  -40.91 	 
3.187199950	 -0.035 	  -39.84 	 
3.203799950	 -0.032 	  -38.91 	 
3.220399950	 -0.031 	  -38.30 	 
3.236999949	 -0.029 	  -37.80 	 
3.253599949	 -0.029 	  -37.71 	 
3.270199949	 -0.029 	  -37.81 	 
3.286799949	 -0.028 	  -38.23 	 
3.303399948	 -0.028 	  -38.80 	 
3.319999948	 -0.029 	  -39.68 	 
3.336599948	 -0.030 	  -40.74 	 
3.353199948	 -0.032 	  -42.14 	 
3.369799947	 -0.032 	  -43.70 	 
3.386399947	 -0.034 	  -45.46 	 
3.402999947	 -0.036 	  -47.35 	 
3.419599947	 -0.039 	  -49.45 	 
3.436199946	 -0.041 	  -51.61 	 
3.452799946	 -0.043 	  -53.96 	 
3.469399946	 -0.047 	  -56.35 	 
3.485999946	 -0.050 	  -58.82 	 
3.502599945	 -0.054 	  -61.28 	 
3.519199945	 -0.057 	  -63.80 	 
3.535799945	 -0.060 	  -66.24 	 
3.552399945	 -0.064 	  -68.65 	 
3.568999944	 -0.066 	  -70.97 	 
3.585599944	 -0.070 	  -73.24 	 
3.602199944	 -0.073 	  -75.32 	 
3.618799943	 -0.076 	  -77.26 	 
3.635399943	 -0.078 	  -79.06 	 
3.651999943	 -0.081 	  -80.61 	 
3.668599943	 -0.082 	  -82.03 	 
3.685199942	 -0.085 	  -83.18 	 
3.701799942	 -0.086 	  -84.16 	 
3.718399942	 -0.087 	  -84.78 	 
3.734999942	 -0.088 	  -85.24 	 
3.751599941	 -0.089 	  -85.44 	 
3.768199941	 -0.089 	  -85.39 	 
3.784799941	 -0.089 	  -85.02 	 
3.801399941	 -0.089 	  -84.38 	 
3.817999940	 -0.089 	  -83.58 	 
3.834599940	 -0.088 	  -82.50 	 
3.851199940	 -0.087 	  -81.21 	 
3.867799940	 -0.086 	  -79.58 	 
3.884399939	 -0.084 	  -78.02 	 
3.900999939	 -0.083 	  -76.01 	 
3.917599939	 -0.082 	  -73.99 	 
3.934199939	 -0.080 	  -71.77 	 
3.950799938	 -0.077 	  -69.47 	 
3.967399938	 -0.075 	  -67.09 	 
3.983999938	 -0.072 	  -64.66 	 
4.000599938	 -0.069 	  -62.14 	 
4.017199937	 -0.066 	  -59.65 	 
4.033799937	 -0.064 	  -57.23 	 
4.050399937	 -0.060 	  -54.73 	 
4.066999936	 -0.057 	  -52.47 	 
4.083599936	 -0.053 	  -50.17 	 
4.100199936	 -0.050 	  -48.10 	 
4.116799936	 -0.046 	  -46.08 	 
4.133399935	 -0.044 	  -44.30 	 
4.149999935	 -0.040 	  -42.67 	 
4.166599935	 -0.038 	  -41.30 	 
4.183199935	 -0.036 	  -40.07 	 
4.199799934	 -0.033 	  -39.08 	 
4.216399934	 -0.032 	  -38.38 	 
4.232999934	 -0.031 	  -37.99 	 
4.249599934	 -0.029 	  -37.76 	 
4.266199933	 -0.029 	  -37.80 	 
4.282799933	 -0.029 	  -38.03 	 
4.299399933	 -0.029 	  -38.64 	 
4.315999933	 -0.030 	  -39.47 	 
4.332599932	 -0.030 	  -40.60 	 
4.349199932	 -0.031 	  -41.81 	 
4.365799932	 -0.033 	  -43.29 	 
4.382399932	 -0.035 	  -45.01 	 
4.398999931	 -0.036 	  -46.92 	 
4.415599931	 -0.039 	  -48.97 	 
4.432199931	 -0.041 	  -51.12 	 
4.448799931	 -0.044 	  -53.40 	 
4.465399930	 -0.047 	  -55.78 	 
4.481999930	 -0.050 	  -58.19 	 
4.498599930	 -0.053 	  -60.69 	 
4.515199929	 -0.057 	  -63.18 	 
4.531799929	 -0.060 	  -65.68 	 
4.548399929	 -0.063 	  -68.08 	 
4.564999929	 -0.066 	  -70.44 	 
4.581599928	 -0.070 	  -72.64 	 
4.598199928	 -0.073 	  -74.80 	 
4.614799928	 -0.075 	  -76.75 	 
4.631399928	 -0.078 	  -78.67 	 
4.647999927	 -0.081 	  -80.23 	 
4.664599927	 -0.082 	  -81.72 	 
4.681199927	 -0.085 	  -82.92 	 
4.697799927	 -0.086 	  -83.92 	 
4.714399926	 -0.087 	  -84.65 	 
4.730999926	 -0.089 	  -85.25 	 
4.747599926	 -0.089 	  -85.42 	 
4.764199926	 -0.090 	  -85.39 	 
4.780799925	 -0.090 	  -85.12 	 
4.797399925	 -0.090 	  -84.59 	 
4.813999925	 -0.089 	  -83.81 	 
4.830599925	 -0.088 	  -82.76 	 
4.847199924	 -0.088 	  -81.53 	 
4.863799924	 -0.087 	  -80.06 	 
4.880399924	 -0.085 	  -78.36 	 
4.896999924	 -0.084 	  -76.49 	 
4.913599923	 -0.082 	  -74.46 	 
4.930199923	 -0.081 	  -72.35 	 
4.946799923	 -0.078 	  -70.07 	 
4.963399922	 -0.076 	  -67.73 	 
4.979999922	 -0.073 	  -65.24 	 
4.996599922	 -0.071 	  -62.78 	 
5.013199922	 -0.068 	  -60.25 	 
5.029799921	 -0.065 	  -57.82 	 
5.046399921	 -0.061 	  -55.40 	 
5.062999921	 -0.058 	  -53.04 	 
5.079599921	 -0.054 	  -50.72 	 
5.096199920	 -0.051 	  -48.55 	 
5.112799920	 -0.048 	  -46.58 	 
5.129399920	 -0.045 	  -44.71 	 
5.145999920	 -0.041 	  -43.04 	 
5.162599919	 -0.039 	  -41.58 	 
5.179199919	 -0.037 	  -40.34 	 
5.195799919	 -0.034 	  -39.36 	 
5.212399919	 -0.032 	  -38.52 	 
5.228999918	 -0.031 	  -38.04 	 
5.245599918	 -0.031 	  -37.74 	 
5.262199918	 -0.030 	  -37.79 	 
5.278799918	 -0.029 	  -38.00 	 
5.295399917	 -0.029 	  -38.49 	 
5.311999917	 -0.030 	  -39.21 	 
5.328599917	 -0.031 	  -40.22 	 
5.345199917	 -0.032 	  -41.43 	 
5.361799916	 -0.033 	  -42.99 	 
5.378399916	 -0.035 	  -44.58 	 
5.394999916	 -0.037 	  -46.43 	 
5.411599915	 -0.039 	  -48.42 	 
5.428199915	 -0.041 	  -50.64 	 
5.444799915	 -0.044 	  -52.86 	 
5.461399915	 -0.048 	  -55.29 	 
5.477999914	 -0.051 	  -57.65 	 
5.494599914	 -0.053 	  -60.17 	 
5.511199914	 -0.056 	  -62.55 	 
5.527799914	 -0.060 	  -65.14 	 
5.544399913	 -0.063 	  -67.52 	 
5.560999913	 -0.067 	  -69.93 	 
5.577599913	 -0.069 	  -72.16 	 
5.594199913	 -0.072 	  -74.30 	 
5.610799912	 -0.075 	  -76.33 	 
5.627399912	 -0.078 	  -78.22 	 
5.643999912	 -0.080 	  -79.89 	 
5.660599912	 -0.083 	  -81.46 	 
5.677199911	 -0.085 	  -82.67 	 
5.693799911	 -0.086 	  -83.74 	 
5.710399911	 -0.087 	  -84.52 	 
5.726999911	 -0.088 	  -85.14 	 
5.743599910	 -0.090 	  -85.35 	 
5.760199910	 -0.090 	  -85.45 	 
5.776799910	 -0.090 	  -85.21 	 
5.793399910	 -0.090 	  -84.78 	 
5.809999909	 -0.090 	  -84.07 	 
5.826599909	 -0.090 	  -83.07 	 
5.843199909	 -0.088 	  -81.88 	 
5.859799908	 -0.087 	  -80.39 	 
5.876399908	 -0.087 	  -78.86 	 
5.892999908	 -0.085 	  -77.02 	 
5.909599908	 -0.083 	  -74.93 	 
5.926199907	 -0.082 	  -72.92 	 
5.942799907	 -0.080 	  -70.61 	 
5.959399907	 -0.077 	  -68.34 	 
5.975999907	 -0.075 	  -65.83 	 
5.992599906	 -0.071 	  -63.38 	 
6.009199906	 -0.069 	  -60.82 	 
6.025799906	 -0.066 	  -58.39 	 
6.042399906	 -0.063 	  -55.94 	 
6.058999905	 -0.060 	  -53.62 	 
6.075599905	 -0.056 	  -51.27 	 
6.092199905	 -0.053 	  -49.09 	 
6.108799905	 -0.049 	  -47.05 	 
6.125399904	 -0.046 	  -45.15 	 
6.141999904	 -0.043 	  -43.45 	 
6.158599904	 -0.040 	  -41.96 	 
6.175199904	 -0.037 	  -40.69 	 
6.191799903	 -0.036 	  -39.61 	 
6.208399903	 -0.034 	  -38.75 	 
6.224999903	 -0.032 	  -38.14 	 
6.241599903	 -0.031 	  -37.83 	 
6.258199902	 -0.030 	  -37.80 	 
6.274799902	 -0.029 	  -37.95 	 
6.291399902	 -0.030 	  -38.39 	 
6.307999901	 -0.031 	  -39.04 	 
6.324599901	 -0.032 	  -39.98 	 
6.341199901	 -0.032 	  -41.19 	 
6.357799901	 -0.033 	  -42.64 	 
6.374399900	 -0.035 	  -44.21 	 
6.390999900	 -0.038 	  -46.02 	 
6.407599900	 -0.039 	  -47.92 	 
6.424199900	 -0.041 	  -50.06 	 
6.440799899	 -0.044 	  -52.31 	 
6.457399899	 -0.046 	  -54.62 	 
6.473999899	 -0.050 	  -57.10 	 
6.490599899	 -0.053 	  -59.49 	 
6.507199898	 -0.056 	  -61.98 	 
6.523799898	 -0.059 	  -64.49 	 
6.540399898	 -0.064 	  -66.98 	 
6.556999898	 -0.065 	  -69.31 	 
6.573599897	 -0.070 	  -71.65 	 
6.590199897	 -0.072 	  -73.76 	 
6.606799897	 -0.075 	  -75.90 	 
6.623399897	 -0.078 	  -77.76 	 
6.639999896	 -0.081 	  -79.49 	 
6.656599896	 -0.083 	  -81.08 	 
6.673199896	 -0.085 	  -82.43 	 
6.689799896	 -0.086 	  -83.46 	 
6.706399895	 -0.088 	  -84.37 	 
6.722999895	 -0.088 	  -84.93 	 
6.739599895	 -0.089 	  -85.30 	 
6.756199894	 -0.091 	  -85.41 	 
6.772799894	 -0.090 	  -85.30 	 
6.789399894	 -0.091 	  -84.86 	 
6.805999894	 -0.090 	  -84.26 	 
6.822599893	 -0.090 	  -83.29 	 
6.839199893	 -0.089 	  -82.22 	 
6.855799893	 -0.088 	  -80.79 	 
6.872399893	 -0.087 	  -79.20 	 
6.888999892	 -0.086 	  -77.40 	 
6.905599892	 -0.085 	  -75.53 	 
6.922199892	 -0.082 	  -73.36 	 
6.938799892	 -0.080 	  -71.18 	 
6.955399891	 -0.078 	  -68.80 	 
6.971999891	 -0.076 	  -66.46 	 
6.988599891	 -0.073 	  -63.93 	 
7.005199891	 -0.071 	  -61.54 	 
7.021799890	 -0.067 	  -58.95 	 
7.038399890	 -0.064 	  -56.56 	 
7.054999890	 -0.061 	  -54.12 	 
7.071599890	 -0.057 	  -51.82 	 
7.088199889	 -0.054 	  -49.65 	 
7.104799889	 -0.050 	  -47.55 	 
7.121399889	 -0.048 	  -45.62 	 
7.137999889	 -0.045 	  -43.88 	 
7.154599888	 -0.042 	  -42.27 	 
7.171199888	 -0.039 	  -40.97 	 
7.187799888	 -0.037 	  -39.83 	 
7.204399887	 -0.035 	  -38.97 	 
7.220999887	 -0.033 	  -38.32 	 
7.237599887	 -0.032 	  -37.90 	 
7.254199887	 -0.030 	  -37.75 	 
7.270799886	 -0.031 	  -37.84 	 
7.287399886	 -0.030 	  -38.21 	 
7.303999886	 -0.031 	  -38.89 	 
7.320599886	 -0.031 	  -39.74 	 
7.337199885	 -0.032 	  -40.86 	 
7.353799885	 -0.034 	  -42.20 	 
7.370399885	 -0.035 	  -43.75 	 
7.386999885	 -0.037 	  -45.55 	 
7.403599884	 -0.039 	  -47.52 	 
7.420199884	 -0.041 	  -49.52 	 
7.436799884	 -0.043 	  -51.76 	 
7.453399884	 -0.047 	  -54.05 	 
7.469999883	 -0.049 	  -56.47 	 
7.486599883	 -0.053 	  -58.89 	 
7.503199883	 -0.056 	  -61.37 	 
7.519799883	 -0.059 	  -63.89 	 
7.536399882	 -0.063 	  -66.33 	 
7.552999882	 -0.066 	  -68.74 	 
7.569599882	 -0.069 	  -71.06 	 
7.586199882	 -0.072 	  -73.26 	 
7.602799881	 -0.075 	  -75.44 	 
7.619399881	 -0.078 	  -77.37 	 
7.635999881	 -0.081 	  -79.15 	 
7.652599880	 -0.083 	  -80.70 	 
7.669199880	 -0.085 	  -82.13 	 
7.685799880	 -0.086 	  -83.23 	 
7.702399880	 -0.088 	  -84.21 	 
7.718999879	 -0.090 	  -84.86 	 
7.735599879	 -0.090 	  -85.26 	 
7.752199879	 -0.091 	  -85.50 	 
7.768799879	 -0.091 	  -85.39 	 
7.785399878	 -0.091 	  -85.02 	 
7.801999878	 -0.092 	  -84.45 	 
7.818599878	 -0.091 	  -83.57 	 
7.835199878	 -0.090 	  -82.51 	 
7.851799877	 -0.088 	  -81.14 	 
7.868399877	 -0.088 	  -79.65 	 
7.884999877	 -0.087 	  -77.86 	 
7.901599877	 -0.085 	  -76.03 	 
7.918199876	 -0.083 	  -73.93 	 
7.934799876	 -0.081 	  -71.72 	 
7.951399876	 -0.079 	  -69.46 	 
7.967999876	 -0.077 	  -67.00 	 
7.984599875	 -0.074 	  -64.57 	 
8.001199875	 -0.071 	  -62.07 	 
8.017799875	 -0.069 	  -59.61 	 
8.034399875	 -0.064 	  -57.10 	 
8.050999874	 -0.061 	  -54.71 	 
8.067599874	 -0.058 	  -52.34 	 
8.084199874	 -0.055 	  -50.15 	 
8.100799873	 -0.052 	  -47.98 	 
8.117399873	 -0.048 	  -46.03 	 
8.133999873	 -0.045 	  -44.27 	 
8.150599873	 -0.042 	  -42.63 	 
8.167199872	 -0.040 	  -41.26 	 
8.183799872	 -0.038 	  -40.01 	 
8.200399872	 -0.035 	  -39.06 	 
8.216999872	 -0.034 	  -38.38 	 
8.233599871	 -0.032 	  -37.92 	 
8.250199871	 -0.031 	  -37.71 	 
8.266799871	 -0.031 	  -37.77 	 
8.283399871	 -0.030 	  -38.09 	 
8.299999870	 -0.031 	  -38.69 	 
8.316599870	 -0.032 	  -39.48 	 
8.333199870	 -0.033 	  -40.58 	 
8.349799870	 -0.034 	  -41.80 	 
8.366399869	 -0.035 	  -43.39 	 
8.382999869	 -0.037 	  -45.04 	 
8.399599869	 -0.038 	  -47.03 	 
8.416199869	 -0.041 	  -48.95 	 
8.432799868	 -0.043 	  -51.22 	 
8.449399868	 -0.046 	  -53.46 	 
8.465999868	 -0.049 	  -55.88 	 
8.482599868	 -0.053 	  -58.25 	 
8.499199867	 -0.055 	  -60.81 	 
8.515799867	 -0.059 	  -63.27 	 
8.532399867	 -0.062 	  -65.80 	 
8.548999866	 -0.065 	  -68.13 	 
8.565599866	 -0.069 	  -70.58 	 
8.582199866	 -0.072 	  -72.74 	 
8.598799866	 -0.075 	  -74.95 	 
8.615399865	 -0.078 	  -76.84 	 
8.631999865	 -0.081 	  -78.79 	 
8.648599865	 -0.083 	  -80.35 	 
8.665199865	 -0.085 	  -81.79 	 
8.681799864	 -0.086 	  -82.98 	 
8.698399864	 -0.088 	  -83.99 	 
8.714999864	 -0.089 	  -84.74 	 
8.731599864	 -0.091 	  -85.19 	 
8.748199863	 -0.092 	  -85.43 	 
8.764799863	 -0.092 	  -85.42 	 
8.781399863	 -0.092 	  -85.05 	 
8.797999863	 -0.091 	  -84.65 	 
8.814599862	 -0.092 	  -83.79 	 
8.831199862	 -0.091 	  -82.78 	 
8.847799862	 -0.090 	  -81.50 	 
8.864399862	 -0.088 	  -80.04 	 
8.880999861	 -0.087 	  -78.30 	 
8.897599861	 -0.086 	  -76.49 	 
8.914199861	 -0.084 	  -74.37 	 
8.930799861	 -0.083 	  -72.27 	 
8.947399860	 -0.080 	  -69.96 	 
8.963999860	 -0.078 	  -67.60 	 
8.980599860	 -0.075 	  -65.12 	 
8.997199859	 -0.072 	  -62.70 	 
9.013799859	 -0.070 	  -60.16 	 
9.030399859	 -0.066 	  -57.74 	 
9.046999859	 -0.064 	  -55.28 	 
9.063599858	 -0.061 	  -52.94 	 
9.080199858	 -0.057 	  -50.63 	 
9.096799858	 -0.053 	  -48.52 	 
9.113399858	 -0.050 	  -46.45 	 
9.129999857	 -0.047 	  -44.68 	 
9.146599857	 -0.044 	  -43.02 	 
9.163199857	 -0.041 	  -41.56 	 
9.179799857	 -0.038 	  -40.31 	 
9.196399856	 -0.035 	  -39.32 	 
9.212999856	 -0.034 	  -38.53 	 
9.229599856	 -0.033 	  -38.02 	 
9.246199856	 -0.033 	  -37.76 	 
9.262799855	 -0.031 	  -37.72 	 
9.279399855	 -0.031 	  -38.01 	 
9.295999855	 -0.031 	  -38.46 	 
9.312599855	 -0.031 	  -39.31 	 
9.329199854	 -0.033 	  -40.27 	 
9.345799854	 -0.034 	  -41.52 	 
9.362399854	 -0.035 	  -42.94 	 
9.378999854	 -0.037 	  -44.69 	 
9.395599853	 -0.038 	  -46.45 	 
9.412199853	 -0.041 	  -48.51 	 
9.428799853	 -0.043 	  -50.64 	 
9.445399852	 -0.046 	  -52.93 	 
9.461999852	 -0.048 	  -55.26 	 
9.478599852	 -0.052 	  -57.73 	 
9.495199852	 -0.055 	  -60.17 	 
9.511799851	 -0.059 	  -62.70 	 
9.528399851	 -0.061 	  -65.12 	 
9.544999851	 -0.065 	  -67.58 	 
9.561599851	 -0.068 	  -69.96 	 
9.578199850	 -0.071 	  -72.27 	 
9.594799850	 -0.075 	  -74.37 	 
9.611399850	 -0.077 	  -76.49 	 
9.627999850	 -0.081 	  -78.28 	 
9.644599849	 -0.082 	  -79.96 	 
9.661199849	 -0.085 	  -81.46 	 
9.677799849	 -0.087 	  -82.78 	 
9.694399849	 -0.089 	  -83.75 	 
9.710999848	 -0.089 	  -84.55 	 
9.727599848	 -0.091 	  -85.08 	 
9.744199848	 -0.092 	  -85.46 	 
9.760799848	 -0.091 	  -85.43 	 
9.777399847	 -0.093 	  -85.25 	 
9.793999847	 -0.092 	  -84.76 	 
9.810599847	 -0.091 	  -84.05 	 
9.827199847	 -0.092 	  -82.96 	 
9.843799846	 -0.090 	  -81.83 	 
9.860399846	 -0.090 	  -80.37 	 
9.876999846	 -0.088 	  -78.77 	 
9.893599845	 -0.087 	  -76.91 	 
9.910199845	 -0.085 	  -74.95 	 
9.926799845	 -0.083 	  -72.77 	 
9.943399845	 -0.081 	  -70.54 	 
9.959999844	 -0.079 	  -68.17 	 
9.976599844	 -0.077 	  -65.82 	 
9.993199844	 -0.073 	  -63.28 	 
10.009799844	 -0.071 	  -60.85 	 
10.026399843	 -0.067 	  -58.31 	 
10.042999843	 -0.065 	  -55.85 	 
10.059599843	 -0.061 	  -53.49 	 
10.076199843	 -0.058 	  -51.20 	 
10.092799842	 -0.054 	  -49.04 	 
10.109399842	 -0.051 	  -46.97 	 
10.125999842	 -0.048 	  -45.05 	 
10.142599842	 -0.045 	  -43.34 	 
10.159199841	 -0.042 	  -41.85 	 
10.175799841	 -0.039 	  -40.60 	 
10.192399841	 -0.037 	  -39.55 	 
10.208999841	 -0.035 	  -38.74 	 
10.225599840	 -0.034 	  -38.10 	 
10.242199840	 -0.032 	  -37.77 	 
10.258799840	 -0.032 	  -37.69 	 
10.275399840	 -0.031 	  -37.95 	 
10.291999839	 -0.032 	  -38.38 	 
10.308599839	 -0.033 	  -39.10 	 
10.325199839	 -0.034 	  -40.01 	 
10.341799838	 -0.034 	  -41.15 	 
10.358399838	 -0.035 	  -42.63 	 
10.374999838	 -0.037 	  -44.24 	 
10.391599838	 -0.039 	  -46.10 	 
10.408199837	 -0.041 	  -48.00 	 
10.424799837	 -0.043 	  -50.12 	 
10.441399837	 -0.046 	  -52.35 	 
10.457999837	 -0.049 	  -54.70 	 
10.474599836	 -0.052 	  -57.18 	 
10.491199836	 -0.055 	  -59.62 	 
10.507799836	 -0.059 	  -62.10 	 
10.524399836	 -0.061 	  -64.57 	 
10.540999835	 -0.064 	  -66.99 	 
10.557599835	 -0.068 	  -69.35 	 
10.574199835	 -0.071 	  -71.67 	 
10.590799835	 -0.074 	  -73.95 	 
10.607399834	 -0.077 	  -75.95 	 
10.623999834	 -0.080 	  -77.84 	 
10.640599834	 -0.083 	  -79.54 	 
10.657199834	 -0.085 	  -81.10 	 
10.673799833	 -0.087 	  -82.44 	 
10.690399833	 -0.088 	  -83.49 	 
10.706999833	 -0.090 	  -84.38 	 
10.723599833	 -0.091 	  -84.97 	 
10.740199832	 -0.092 	  -85.35 	 
10.756799832	 -0.093 	  -85.41 	 
10.773399832	 -0.093 	  -85.29 	 
10.789999831	 -0.093 	  -84.87 	 
10.806599831	 -0.093 	  -84.23 	 
10.823199831	 -0.092 	  -83.27 	 
10.839799831	 -0.092 	  -82.12 	 
10.856399830	 -0.090 	  -80.76 	 
10.872999830	 -0.089 	  -79.19 	 
10.889599830	 -0.087 	  -77.37 	 
10.906199830	 -0.085 	  -75.42 	 
10.922799829	 -0.085 	  -73.31 	 
10.939399829	 -0.082 	  -71.06 	 
10.955999829	 -0.080 	  -68.71 	 
10.972599829	 -0.078 	  -66.34 	 
10.989199828	 -0.075 	  -63.85 	 
11.005799828	 -0.072 	  -61.40 	 
11.022399828	 -0.069 	  -58.88 	 
11.038999828	 -0.066 	  -56.46 	 
11.055599827	 -0.063 	  -54.03 	 
11.072199827	 -0.059 	  -51.75 	 
11.088799827	 -0.056 	  -49.49 	 
11.105399827	 -0.053 	  -47.47 	 
11.121999826	 -0.049 	  -45.53 	 
11.138599826	 -0.046 	  -43.79 	 
11.155199826	 -0.043 	  -42.18 	 
11.171799826	 -0.040 	  -40.86 	 
11.188399825	 -0.038 	  -39.74 	 
11.204999825	 -0.036 	  -38.92 	 
11.221599825	 -0.034 	  -38.23 	 
11.238199824	 -0.033 	  -37.86 	 
11.254799824	 -0.033 	  -37.68 	 
11.271399824	 -0.032 	  -37.86 	 
11.287999824	 -0.033 	  -38.21 	 
11.304599823	 -0.033 	  -38.93 	 
11.321199823	 -0.033 	  -39.79 	 
11.337799823	 -0.034 	  -40.93 	 
11.354399823	 -0.036 	  -42.20 	 
11.370999822	 -0.038 	  -43.86 	 
11.387599822	 -0.038 	  -45.56 	 
11.404199822	 -0.041 	  -47.56 	 
11.420799822	 -0.043 	  -49.60 	 
11.437399821	 -0.046 	  -51.83 	 
11.453999821	 -0.048 	  -54.12 	 
11.470599821	 -0.051 	  -56.53 	 
11.487199821	 -0.055 	  -58.97 	 
11.503799820	 -0.059 	  -61.55 	 
11.520399820	 -0.061 	  -63.98 	 
11.536999820	 -0.065 	  -66.46 	 
11.553599820	 -0.068 	  -68.81 	 
11.570199819	 -0.071 	  -71.17 	 
11.586799819	 -0.074 	  -73.38 	 
11.603399819	 -0.077 	  -75.49 	 
11.619999819	 -0.080 	  -77.41 	 
11.636599818	 -0.083 	  -79.24 	 
11.653199818	 -0.085 	  -80.75 	 
11.669799818	 -0.087 	  -82.18 	 
11.686399817	 -0.088 	  -83.28 	 
11.702999817	 -0.090 	  -84.21 	 
11.719599817	 -0.092 	  -84.86 	 
11.736199817	 -0.092 	  -85.33 	 
11.752799816	 -0.093 	  -85.40 	 
11.769399816	 -0.093 	  -85.35 	 
11.785999816	 -0.093 	  -84.99 	 
11.802599816	 -0.093 	  -84.41 	 
11.819199815	 -0.093 	  -83.57 	 
11.835799815	 -0.092 	  -82.40 	 
11.852399815	 -0.091 	  -81.10 	 
11.868999815	 -0.090 	  -79.50 	 
11.885599814	 -0.089 	  -77.87 	 
11.902199814	 -0.086 	  -75.88 	 
11.918799814	 -0.085 	  -73.84 	 
11.935399814	 -0.084 	  -71.61 	 
11.951999813	 -0.081 	  -69.32 	 
11.968599813	 -0.079 	  -66.85 	 
11.985199813	 -0.076 	  -64.47 	 
12.001799813	 -0.073 	  -61.98 	 
12.018399812	 -0.070 	  -59.53 	 
12.034999812	 -0.066 	  -57.04 	 
12.051599812	 -0.064 	  -54.67 	 
12.068199812	 -0.061 	  -52.30 	 
12.084799811	 -0.057 	  -50.08 	 
12.101399811	 -0.054 	  -47.88 	 
12.117999811	 -0.051 	  -45.99 	 
12.134599810	 -0.046 	  -44.17 	 
12.151199810	 -0.044 	  -42.63 	 
12.167799810	 -0.042 	  -41.15 	 
12.184399810	 -0.039 	  -39.99 	 
12.200999809	 -0.037 	  -39.01 	 
12.217599809	 -0.036 	  -38.38 	 
12.234199809	 -0.034 	  -37.92 	 
12.250799809	 -0.033 	  -37.76 	 
12.267399808	 -0.033 	  -37.77 	 
12.283999808	 -0.033 	  -38.12 	 
12.300599808	 -0.033 	  -38.72 	 
12.317199808	 -0.034 	  -39.55 	 
12.333799807	 -0.034 	  -40.59 	 
12.350399807	 -0.036 	  -41.95 	 
12.366999807	 -0.037 	  -43.47 	 
12.383599807	 -0.039 	  -45.12 	 
12.400199806	 -0.040 	  -47.06 	 
12.416799806	 -0.043 	  -49.07 	 
12.433399806	 -0.045 	  -51.26 	 
12.449999806	 -0.048 	  -53.59 	 
12.466599805	 -0.052 	  -55.96 	 
12.483199805	 -0.055 	  -58.42 	 
12.499799805	 -0.058 	  -60.87 	 
12.516399805	 -0.061 	  -63.38 	 
12.532999804	 -0.064 	  -65.85 	 
12.549599804	 -0.068 	  -68.26 	 
12.566199804	 -0.071 	  -70.60 	 
12.582799803	 -0.074 	  -72.92 	 
12.599399803	 -0.076 	  -74.99 	 
12.615999803	 -0.079 	  -76.91 	 
12.632599803	 -0.083 	  -78.79 	 
12.649199802	 -0.085 	  -80.44 	 
12.665799802	 -0.087 	  -81.85 	 
12.682399802	 -0.088 	  -83.10 	 
12.698999802	 -0.090 	  -84.00 	 
12.715599801	 -0.091 	  -84.76 	 
12.732199801	 -0.092 	  -85.17 	 
12.748799801	 -0.094 	  -85.48 	 
12.765399801	 -0.094 	  -85.41 	 
12.781999800	 -0.094 	  -85.17 	 
12.798599800	 -0.094 	  -84.60 	 
12.815199800	 -0.093 	  -83.77 	 
12.831799800	 -0.093 	  -82.72 	 
12.848399799	 -0.092 	  -81.47 	 
12.864999799	 -0.090 	  -79.93 	 
12.881599799	 -0.090 	  -78.26 	 
12.898199799	 -0.087 	  -76.38 	 
12.914799798	 -0.086 	  -74.35 	 
12.931399798	 -0.085 	  -72.14 	 
12.947999798	 -0.082 	  -69.93 	 
12.964599798	 -0.080 	  -67.49 	 
12.981199797	 -0.077 	  -65.07 	 
12.997799797	 -0.075 	  -62.59 	 
13.014399797	 -0.071 	  -60.10 	 
13.030999796	 -0.069 	  -57.67 	 
13.047599796	 -0.065 	  -55.23 	 
13.064199796	 -0.062 	  -52.90 	 
13.080799796	 -0.059 	  -50.55 	 
13.097399795	 -0.055 	  -48.44 	 
13.113999795	 -0.053 	  -46.43 	 
13.130599795	 -0.048 	  -44.57 	 
13.147199795	 -0.045 	  -42.96 	 
13.163799794	 -0.043 	  -41.50 	 
13.180399794	 -0.040 	  -40.29 	 
13.196999794	 -0.038 	  -39.23 	 
13.213599794	 -0.036 	  -38.51 	 
13.230199793	 -0.035 	  -37.98 	 
13.246799793	 -0.034 	  -37.79 	 
13.263399793	 -0.033 	  -37.76 	 
13.279999793	 -0.033 	  -38.02 	 
13.296599792	 -0.034 	  -38.49 	 
13.313199792	 -0.033 	  -39.30 	 
13.329799792	 -0.035 	  -40.36 	 
13.346399792	 -0.035 	  -41.59 	 
13.362999791	 -0.038 	  -43.03 	 
13.379599791	 -0.039 	  -44.76 	 
13.396199791	 -0.041 	  -46.54 	 
13.412799791	 -0.043 	  -48.58 	 
13.429399790	 -0.045 	  -50.70 	 
13.445999790	 -0.048 	  -53.03 	 
13.462599790	 -0.051 	  -55.35 	 
13.479199789	 -0.055 	  -57.89 	 
13.495799789	 -0.057 	  -60.30 	 
13.512399789	 -0.061 	  -62.82 	 
13.528999789	 -0.064 	  -65.24 	 
13.545599788	 -0.067 	  -67.71 	 
13.562199788	 -0.070 	  -70.05 	 
13.578799788	 -0.075 	  -72.33 	 
13.595399788	 -0.077 	  -74.54 	 
13.611999787	 -0.080 	  -76.51 	 
13.628599787	 -0.082 	  -78.36 	 
13.645199787	 -0.085 	  -80.05 	 
13.661799787	 -0.087 	  -81.52 	 
13.678399786	 -0.088 	  -82.85 	 
13.694999786	 -0.091 	  -83.77 	 
13.711599786	 -0.092 	  -84.62 	 
13.728199786	 -0.092 	  -85.13 	 
13.744799785	 -0.093 	  -85.42 	 
13.761399785	 -0.094 	  -85.45 	 
13.777999785	 -0.094 	  -85.22 	 
13.794599785	 -0.094 	  -84.76 	 
13.811199784	 -0.093 	  -83.97 	 
13.827799784	 -0.093 	  -82.96 	 
13.844399784	 -0.092 	  -81.78 	 
13.860999784	 -0.091 	  -80.33 	 
13.877599783	 -0.090 	  -78.70 	 
13.894199783	 -0.089 	  -76.90 	 
13.910799783	 -0.087 	  -74.92 	 
13.927399782	 -0.085 	  -72.67 	 
13.943999782	 -0.083 	  -70.44 	 
13.960599782	 -0.081 	  -68.08 	 
13.977199782	 -0.078 	  -65.69 	 
13.993799781	 -0.076 	  -63.15 	 
14.010399781	 -0.073 	  -60.72 	 
14.026999781	 -0.069 	  -58.24 	 
14.043599781	 -0.066 	  -55.74 	 
14.060199780	 -0.063 	  -53.39 	 
14.076799780	 -0.059 	  -51.08 	 
14.093399780	 -0.056 	  -48.97 	 
14.109999780	 -0.052 	  -46.88 	 
14.126599779	 -0.050 	  -45.06 	 
14.143199779	 -0.047 	  -43.31 	 
14.159799779	 -0.044 	  -41.81 	 
14.176399779	 -0.041 	  -40.51 	 
14.192999778	 -0.039 	  -39.49 	 
14.209599778	 -0.037 	  -38.69 	 
14.226199778	 -0.036 	  -38.12 	 
14.242799778	 -0.034 	  -37.79 	 
14.259399777	 -0.034 	  -37.74 	 
14.275999777	 -0.034 	  -37.88 	 
14.292599777	 -0.034 	  -38.44 	 
14.309199777	 -0.034 	  -39.06 	 
14.325799776	 -0.035 	  -40.08 	 
14.342399776	 -0.036 	  -41.21 	 
14.358999776	 -0.038 	  -42.72 	 
14.375599775	 -0.039 	  -44.29 	 
14.392199775	 -0.040 	  -46.14 	 
14.408799775	 -0.043 	  -48.10 	 
14.425399775	 -0.045 	  -50.22 	 
14.441999774	 -0.048 	  -52.45 	 
14.458599774	 -0.051 	  -54.80 	 
14.475199774	 -0.053 	  -57.22 	 
14.491799774	 -0.057 	  -59.73 	 
14.508399773	 -0.060 	  -62.21 	 
14.524999773	 -0.063 	  -64.72 	 
14.541599773	 -0.067 	  -67.09 	 
14.558199773	 -0.071 	  -69.52 	 
14.574799772	 -0.073 	  -71.74 	 
14.591399772	 -0.077 	  -74.00 	 
14.607999772	 -0.080 	  -76.03 	 
14.624599772	 -0.083 	  -77.94 	 
14.641199771	 -0.085 	  -79.69 	 
14.657799771	 -0.087 	  -81.21 	 
14.674399771	 -0.089 	  -82.50 	 
14.690999771	 -0.090 	  -83.55 	 
14.707599770	 -0.092 	  -84.43 	 
14.724199770	 -0.093 	  -85.02 	 
14.740799770	 -0.094 	  -85.34 	 
14.757399769	 -0.094 	  -85.48 	 
14.773999769	 -0.095 	  -85.30 	 
14.790599769	 -0.095 	  -84.92 	 
14.807199769	 -0.094 	  -84.19 	 
14.823799768	 -0.094 	  -83.27 	 
14.840399768	 -0.093 	  -82.07 	 
14.856999768	 -0.093 	  -80.72 	 
14.873599768	 -0.091 	  -79.10 	 
14.890199767	 -0.090 	  -77.28 	 
14.906799767	 -0.088 	  -75.38 	 
14.923399767	 -0.087 	  -73.29 	 
14.939999767	 -0.085 	  -71.02 	 
14.956599766	 -0.081 	  -68.67 	 
14.973199766	 -0.080 	  -66.26 	 
14.989799766	 -0.077 	  -63.79 	 
15.006399766	 -0.074 	  -61.31 	 
15.022999765	 -0.071 	  -58.83 	 
15.039599765	 -0.068 	  -56.35 	 
15.056199765	 -0.065 	  -53.97 	 
15.072799765	 -0.061 	  -51.65 	 
15.089399764	 -0.058 	  -49.45 	 
15.105999764	 -0.054 	  -47.36 	 
15.122599764	 -0.051 	  -45.46 	 
15.139199764	 -0.048 	  -43.73 	 
15.155799763	 -0.045 	  -42.16 	 
15.172399763	 -0.043 	  -40.82 	 
15.188999763	 -0.040 	  -39.70 	 
15.205599762	 -0.038 	  -38.82 	 
15.222199762	 -0.037 	  -38.24 	 
15.238799762	 -0.036 	  -37.85 	 
15.255399762	 -0.034 	  -37.75 	 
15.271999761	 -0.034 	  -37.81 	 
15.288599761	 -0.034 	  -38.26 	 
15.305199761	 -0.035 	  -38.84 	 
15.321799761	 -0.035 	  -39.83 	 
15.338399760	 -0.037 	  -40.96 	 
15.354999760	 -0.038 	  -42.38 	 
15.371599760	 -0.039 	  -43.86 	 
15.388199760	 -0.041 	  -45.68 	 
15.404799759	 -0.043 	  -47.55 	 
15.421399759	 -0.046 	  -49.67 	 
15.437999759	 -0.048 	  -51.92 	 
15.454599759	 -0.051 	  -54.27 	 
15.471199758	 -0.054 	  -56.65 	 
15.487799758	 -0.057 	  -59.14 	 
15.504399758	 -0.060 	  -61.53 	 
15.520999758	 -0.063 	  -64.07 	 
15.537599757	 -0.067 	  -66.48 	 
15.554199757	 -0.070 	  -68.95 	 
15.570799757	 -0.074 	  -71.25 	 
15.587399757	 -0.077 	  -73.47 	 
15.603999756	 -0.079 	  -75.49 	 
15.620599756	 -0.082 	  -77.52 	 
15.637199756	 -0.085 	  -79.26 	 
15.653799755	 -0.087 	  -80.80 	 
15.670399755	 -0.089 	  -82.24 	 
15.686999755	 -0.091 	  -83.35 	 
15.703599755	 -0.092 	  -84.21 	 
15.720199754	 -0.093 	  -84.88 	 
15.736799754	 -0.094 	  -85.28 	 
15.753399754	 -0.095 	  -85.51 	 
15.769999754	 -0.096 	  -85.38 	 
15.786599753	 -0.095 	  -84.99 	 
15.803199753	 -0.095 	  -84.38 	 
15.819799753	 -0.094 	  -83.48 	 
15.836399753	 -0.093 	  -82.43 	 
15.852999752	 -0.092 	  -81.05 	 
15.869599752	 -0.092 	  -79.56 	 
15.886199752	 -0.090 	  -77.76 	 
15.902799752	 -0.089 	  -75.79 	 
15.919399751	 -0.087 	  -73.76 	 
15.935999751	 -0.086 	  -71.51 	 
15.952599751	 -0.083 	  -69.29 	 
15.969199751	 -0.081 	  -66.86 	 
15.985799750	 -0.078 	  -64.44 	 
16.002399750	 -0.075 	  -61.85 	 
16.018999750	 -0.072 	  -59.47 	 
16.035599750	 -0.069 	  -56.90 	 
16.052199749	 -0.065 	  -54.55 	 
16.068799749	 -0.062 	  -52.16 	 
16.085399749	 -0.059 	  -49.97 	 
16.101999748	 -0.056 	  -47.84 	 
16.118599748	 -0.052 	  -45.88 	 
16.135199748	 -0.049 	  -44.13 	 
16.151799748	 -0.046 	  -42.51 	 
16.168399747	 -0.044 	  -41.18 	 
16.184999747	 -0.041 	  -39.94 	 
16.201599747	 -0.039 	  -39.02 	 
16.218199747	 -0.037 	  -38.32 	 
16.234799746	 -0.036 	  -37.94 	 
16.251399746	 -0.035 	  -37.75 	 
16.267999746	 -0.035 	  -37.80 	 
16.284599746	 -0.034 	  -38.13 	 
16.301199745	 -0.035 	  -38.69 	 
16.317799745	 -0.036 	  -39.57 	 
16.334399745	 -0.036 	  -40.66 	 
16.350999745	 -0.038 	  -41.95 	 
16.367599744	 -0.039 	  -43.50 	 
16.384199744	 -0.041 	  -45.22 	 
16.400799744	 -0.043 	  -47.17 	 
16.417399744	 -0.045 	  -49.11 	 
16.433999743	 -0.047 	  -51.38 	 
16.450599743	 -0.051 	  -53.68 	 
16.467199743	 -0.054 	  -56.11 	 
16.483799743	 -0.057 	  -58.48 	 
16.500399742	 -0.060 	  -61.02 	 
16.516999742	 -0.063 	  -63.48 	 
16.533599742	 -0.066 	  -65.93 	 
16.550199741	 -0.070 	  -68.30 	 
16.566799741	 -0.073 	  -70.65 	 
16.583399741	 -0.076 	  -72.92 	 
16.599999741	 -0.080 	  -75.08 	 
16.616599740	 -0.082 	  -76.98 	 
16.633199740	 -0.084 	  -78.94 	 
16.649799740	 -0.087 	  -80.41 	 
16.666399740	 -0.089 	  -81.90 	 
16.682999739	 -0.090 	  -83.03 	 
16.699599739	 -0.092 	  -84.10 	 
16.716199739	 -0.093 	  -84.75 	 
16.732799739	 -0.095 	  -85.26 	 
16.749399738	 -0.095 	  -85.39 	 
16.765999738	 -0.096 	  -85.37 	 
16.782599738	 -0.096 	  -85.10 	 
16.799199738	 -0.095 	  -84.62 	 
16.815799737	 -0.095 	  -83.77 	 
16.832399737	 -0.094 	  -82.66 	 
16.848999737	 -0.094 	  -81.36 	 
16.865599737	 -0.092 	  -79.91 	 
16.882199736	 -0.091 	  -78.16 	 
16.898799736	 -0.091 	  -76.36 	 
16.915399736	 -0.088 	  -74.23 	 
16.931999736	 -0.086 	  -72.12 	 
16.948599735	 -0.084 	  -69.74 	 
16.965199735	 -0.082 	  -67.44 	 
16.981799735	 -0.079 	  -64.97 	 
