0.000000000	 -0.271 	  -62.25 	 
0.016600000	 -0.268 	  -59.89 	 
0.033199999	 -0.267 	  -57.21 	 
0.049799999	 -0.264 	  -54.84 	 
0.066399999	 -0.261 	  -52.46 	 
0.082999999	 -0.257 	  -50.36 	 
0.099599998	 -0.255 	  -48.05 	 
0.116199998	 -0.252 	  -46.21 	 
0.132799998	 -0.250 	  -44.37 	 
0.149399998	 -0.248 	  -42.75 	 
0.165999997	 -0.246 	  -41.27 	 
0.182599997	 -0.245 	  -40.12 	 
0.199199997	 -0.243 	  -39.11 	 
0.215799997	 -0.242 	  -38.43 	 
0.232399996	 -0.241 	  -37.92 	 
0.248999996	 -0.240 	  -37.73 	 
0.265599996	 -0.240 	  -37.71 	 
0.282199996	 -0.239 	  -38.13 	 
0.298799995	 -0.240 	  -38.54 	 
0.315399995	 -0.241 	  -39.46 	 
0.331999995	 -0.241 	  -40.36 	 
0.348599995	 -0.242 	  -41.75 	 
0.365199994	 -0.243 	  -43.22 	 
0.381799994	 -0.245 	  -45.07 	 
0.398399994	 -0.247 	  -46.78 	 
0.414999994	 -0.249 	  -48.97 	 
0.431599993	 -0.251 	  -51.05 	 
0.448199993	 -0.253 	  -53.35 	 
0.464799993	 -0.255 	  -55.61 	 
0.481399992	 -0.257 	  -58.22 	 
0.497999992	 -0.261 	  -60.60 	 
0.514599992	 -0.264 	  -63.10 	 
0.531199992	 -0.266 	  -65.63 	 
0.547799991	 -0.269 	  -67.96 	 
0.564399991	 -0.272 	  -70.34 	 
0.580999991	 -0.275 	  -72.66 	 
0.597599991	 -0.277 	  -74.83 	 
0.614199990	 -0.279 	  -76.80 	 
0.630799990	 -0.281 	  -78.63 	 
0.647399990	 -0.283 	  -80.29 	 
0.663999990	 -0.284 	  -81.71 	 
0.680599989	 -0.286 	  -83.05 	 
0.697199989	 -0.287 	  -83.97 	 
0.713799989	 -0.288 	  -84.82 	 
0.730399989	 -0.289 	  -85.22 	 
0.746999988	 -0.290 	  -85.52 	 
0.763599988	 -0.290 	  -85.46 	 
0.780199988	 -0.290 	  -85.22 	 
0.796799988	 -0.290 	  -84.73 	 
0.813399987	 -0.289 	  -83.89 	 
0.829999987	 -0.288 	  -82.90 	 
0.846599987	 -0.288 	  -81.64 	 
0.863199987	 -0.287 	  -80.13 	 
0.879799986	 -0.286 	  -78.55 	 
0.896399986	 -0.283 	  -76.65 	 
0.912999986	 -0.282 	  -74.61 	 
0.929599985	 -0.281 	  -72.40 	 
0.946199985	 -0.279 	  -70.18 	 
0.962799985	 -0.277 	  -67.76 	 
0.979399985	 -0.275 	  -65.40 	 
0.995999984	 -0.272 	  -62.90 	 
1.012599984	 -0.269 	  -60.52 	 
1.029199984	 -0.267 	  -57.91 	 
1.045799984	 -0.264 	  -55.53 	 
1.062399983	 -0.262 	  -53.00 	 
1.078999983	 -0.259 	  -50.90 	 
1.095599983	 -0.256 	  -48.64 	 
1.112199983	 -0.253 	  -46.66 	 
1.128799982	 -0.251 	  -44.74 	 
1.145399982	 -0.249 	  -43.07 	 
1.161999982	 -0.247 	  -41.61 	 
1.178599982	 -0.245 	  -40.36 	 
1.195199981	 -0.243 	  -39.35 	 
1.211799981	 -0.242 	  -38.56 	 
1.228399981	 -0.241 	  -38.04 	 
1.244999981	 -0.240 	  -37.70 	 
1.261599980	 -0.240 	  -37.75 	 
1.278199980	 -0.240 	  -37.96 	 
1.294799980	 -0.240 	  -38.48 	 
1.311399980	 -0.240 	  -39.22 	 
1.327999979	 -0.241 	  -40.16 	 
1.344599979	 -0.243 	  -41.46 	 
1.361199979	 -0.243 	  -42.89 	 
1.377799978	 -0.245 	  -44.67 	 
1.394399978	 -0.246 	  -46.40 	 
1.410999978	 -0.248 	  -48.34 	 
1.427599978	 -0.250 	  -50.58 	 
1.444199977	 -0.253 	  -52.73 	 
1.460799977	 -0.255 	  -55.10 	 
1.477399977	 -0.257 	  -57.56 	 
1.493999977	 -0.261 	  -60.01 	 
1.510599976	 -0.263 	  -62.45 	 
1.527199976	 -0.266 	  -64.99 	 
1.543799976	 -0.269 	  -67.37 	 
1.560399976	 -0.272 	  -69.79 	 
1.576999975	 -0.275 	  -72.09 	 
1.593599975	 -0.277 	  -74.24 	 
1.610199975	 -0.278 	  -76.35 	 
1.626799975	 -0.281 	  -78.16 	 
1.643399974	 -0.283 	  -79.89 	 
1.659999974	 -0.285 	  -81.37 	 
1.676599974	 -0.286 	  -82.59 	 
1.693199974	 -0.287 	  -83.67 	 
1.709799973	 -0.288 	  -84.47 	 
1.726399973	 -0.289 	  -85.06 	 
1.742999973	 -0.289 	  -85.30 	 
1.759599973	 -0.290 	  -85.46 	 
1.776199972	 -0.290 	  -85.19 	 
1.792799972	 -0.290 	  -84.83 	 
1.809399972	 -0.290 	  -84.01 	 
1.825999971	 -0.289 	  -83.14 	 
1.842599971	 -0.288 	  -81.82 	 
1.859199971	 -0.287 	  -80.46 	 
1.875799971	 -0.287 	  -78.84 	 
1.892399970	 -0.284 	  -77.00 	 
1.908999970	 -0.283 	  -75.05 	 
1.925599970	 -0.282 	  -72.87 	 
1.942199970	 -0.280 	  -70.63 	 
1.958799969	 -0.278 	  -68.23 	 
1.975399969	 -0.276 	  -65.88 	 
1.991999969	 -0.273 	  -63.41 	 
2.008599969	 -0.271 	  -60.96 	 
2.025199968	 -0.268 	  -58.49 	 
2.041799968	 -0.265 	  -56.01 	 
2.058399968	 -0.263 	  -53.68 	 
2.074999968	 -0.259 	  -51.25 	 
2.091599967	 -0.257 	  -49.19 	 
2.108199967	 -0.255 	  -47.06 	 
2.124799967	 -0.252 	  -45.14 	 
2.141399967	 -0.250 	  -43.51 	 
2.157999966	 -0.248 	  -41.95 	 
2.174599966	 -0.246 	  -40.69 	 
2.191199966	 -0.244 	  -39.61 	 
2.207799966	 -0.243 	  -38.79 	 
2.224399965	 -0.241 	  -38.15 	 
2.240999965	 -0.241 	  -37.84 	 
2.257599965	 -0.240 	  -37.77 	 
2.274199964	 -0.240 	  -37.92 	 
2.290799964	 -0.240 	  -38.34 	 
2.307399964	 -0.241 	  -39.00 	 
2.323999964	 -0.242 	  -40.00 	 
2.340599963	 -0.242 	  -41.12 	 
2.357199963	 -0.243 	  -42.44 	 
2.373799963	 -0.244 	  -44.12 	 
2.390399963	 -0.246 	  -45.99 	 
2.406999962	 -0.248 	  -47.82 	 
2.423599962	 -0.250 	  -49.96 	 
2.440199962	 -0.253 	  -52.26 	 
2.456799962	 -0.254 	  -54.54 	 
2.473399961	 -0.257 	  -56.96 	 
2.489999961	 -0.260 	  -59.40 	 
2.506599961	 -0.263 	  -61.88 	 
2.523199961	 -0.266 	  -64.42 	 
2.539799960	 -0.268 	  -66.91 	 
2.556399960	 -0.271 	  -69.18 	 
2.572999960	 -0.274 	  -71.56 	 
2.589599960	 -0.276 	  -73.70 	 
2.606199959	 -0.278 	  -75.79 	 
2.622799959	 -0.281 	  -77.68 	 
2.639399959	 -0.283 	  -79.43 	 
2.655999959	 -0.284 	  -80.96 	 
2.672599958	 -0.286 	  -82.30 	 
2.689199958	 -0.288 	  -83.42 	 
2.705799958	 -0.288 	  -84.28 	 
2.722399957	 -0.289 	  -84.93 	 
2.738999957	 -0.290 	  -85.24 	 
2.755599957	 -0.290 	  -85.40 	 
2.772199957	 -0.291 	  -85.28 	 
2.788799956	 -0.290 	  -84.84 	 
2.805399956	 -0.290 	  -84.27 	 
2.821999956	 -0.289 	  -83.31 	 
2.838599956	 -0.289 	  -82.13 	 
2.855199955	 -0.288 	  -80.81 	 
2.871799955	 -0.287 	  -79.23 	 
2.888399955	 -0.285 	  -77.45 	 
2.904999955	 -0.284 	  -75.59 	 
2.921599954	 -0.282 	  -73.40 	 
2.938199954	 -0.281 	  -71.26 	 
2.954799954	 -0.279 	  -68.85 	 
2.971399954	 -0.276 	  -66.50 	 
2.987999953	 -0.275 	  -64.01 	 
3.004599953	 -0.272 	  -61.64 	 
3.021199953	 -0.268 	  -59.09 	 
3.037799953	 -0.266 	  -56.62 	 
3.054399952	 -0.264 	  -54.12 	 
3.070999952	 -0.260 	  -51.84 	 
3.087599952	 -0.259 	  -49.67 	 
3.104199952	 -0.255 	  -47.64 	 
3.120799951	 -0.253 	  -45.59 	 
3.137399951	 -0.251 	  -43.91 	 
3.153999951	 -0.249 	  -42.31 	 
3.170599950	 -0.246 	  -40.99 	 
3.187199950	 -0.245 	  -39.83 	 
3.203799950	 -0.244 	  -38.93 	 
3.220399950	 -0.242 	  -38.29 	 
3.236999949	 -0.241 	  -37.88 	 
3.253599949	 -0.240 	  -37.77 	 
3.270199949	 -0.241 	  -37.84 	 
3.286799949	 -0.240 	  -38.25 	 
3.303399948	 -0.241 	  -38.84 	 
3.319999948	 -0.241 	  -39.68 	 
3.336599948	 -0.243 	  -40.87 	 
3.353199948	 -0.243 	  -42.12 	 
3.369799947	 -0.245 	  -43.75 	 
3.386399947	 -0.246 	  -45.44 	 
3.402999947	 -0.248 	  -47.38 	 
3.419599947	 -0.250 	  -49.54 	 
3.436199946	 -0.252 	  -51.73 	 
3.452799946	 -0.255 	  -53.94 	 
3.469399946	 -0.257 	  -56.46 	 
3.485999946	 -0.259 	  -58.81 	 
3.502599945	 -0.262 	  -61.26 	 
3.519199945	 -0.265 	  -63.78 	 
3.535799945	 -0.268 	  -66.22 	 
3.552399945	 -0.271 	  -68.58 	 
3.568999944	 -0.273 	  -70.95 	 
3.585599944	 -0.277 	  -73.21 	 
3.602199944	 -0.278 	  -75.34 	 
3.618799943	 -0.281 	  -77.30 	 
3.635399943	 -0.282 	  -79.02 	 
3.651999943	 -0.285 	  -80.62 	 
3.668599943	 -0.286 	  -82.00 	 
3.685199942	 -0.288 	  -83.20 	 
3.701799942	 -0.289 	  -84.11 	 
3.718399942	 -0.289 	  -84.87 	 
3.734999942	 -0.290 	  -85.26 	 
3.751599941	 -0.290 	  -85.31 	 
3.768199941	 -0.291 	  -85.37 	 
3.784799941	 -0.291 	  -84.93 	 
3.801399941	 -0.290 	  -84.45 	 
3.817999940	 -0.290 	  -83.58 	 
3.834599940	 -0.289 	  -82.54 	 
3.851199940	 -0.288 	  -81.11 	 
3.867799940	 -0.287 	  -79.72 	 
3.884399939	 -0.286 	  -77.90 	 
3.900999939	 -0.284 	  -76.00 	 
3.917599939	 -0.283 	  -74.05 	 
3.934199939	 -0.282 	  -71.80 	 
3.950799938	 -0.280 	  -69.49 	 
3.967399938	 -0.278 	  -67.06 	 
3.983999938	 -0.275 	  -64.65 	 
4.000599938	 -0.273 	  -62.22 	 
4.017199937	 -0.270 	  -59.69 	 
4.033799937	 -0.267 	  -57.17 	 
4.050399937	 -0.264 	  -54.80 	 
4.066999936	 -0.261 	  -52.54 	 
4.083599936	 -0.259 	  -50.18 	 
4.100199936	 -0.256 	  -48.10 	 
4.116799936	 -0.254 	  -46.23 	 
4.133399935	 -0.252 	  -44.28 	 
4.149999935	 -0.250 	  -42.71 	 
4.166599935	 -0.247 	  -41.26 	 
4.183199935	 -0.246 	  -40.09 	 
4.199799934	 -0.244 	  -39.15 	 
4.216399934	 -0.243 	  -38.45 	 
4.232999934	 -0.242 	  -38.01 	 
4.249599934	 -0.241 	  -37.75 	 
4.266199933	 -0.240 	  -37.80 	 
4.282799933	 -0.241 	  -38.11 	 
4.299399933	 -0.241 	  -38.67 	 
4.315999933	 -0.242 	  -39.53 	 
4.332599932	 -0.243 	  -40.54 	 
4.349199932	 -0.244 	  -41.87 	 
4.365799932	 -0.244 	  -43.30 	 
4.382399932	 -0.246 	  -45.16 	 
4.398999931	 -0.248 	  -46.91 	 
4.415599931	 -0.250 	  -48.91 	 
4.432199931	 -0.252 	  -51.23 	 
4.448799931	 -0.255 	  -53.49 	 
4.465399930	 -0.256 	  -55.78 	 
4.481999930	 -0.260 	  -58.30 	 
4.498599930	 -0.263 	  -60.71 	 
4.515199929	 -0.265 	  -63.23 	 
4.531799929	 -0.268 	  -65.61 	 
4.548399929	 -0.271 	  -68.14 	 
4.564999929	 -0.273 	  -70.43 	 
4.581599928	 -0.276 	  -72.70 	 
4.598199928	 -0.278 	  -74.81 	 
4.614799928	 -0.281 	  -76.76 	 
4.631399928	 -0.282 	  -78.68 	 
4.647999927	 -0.284 	  -80.32 	 
4.664599927	 -0.286 	  -81.74 	 
4.681199927	 -0.288 	  -82.92 	 
4.697799927	 -0.288 	  -83.97 	 
4.714399926	 -0.290 	  -84.66 	 
4.730999926	 -0.290 	  -85.17 	 
4.747599926	 -0.290 	  -85.41 	 
4.764199926	 -0.291 	  -85.33 	 
4.780799925	 -0.291 	  -85.22 	 
4.797399925	 -0.291 	  -84.58 	 
4.813999925	 -0.290 	  -83.84 	 
4.830599925	 -0.289 	  -82.81 	 
4.847199924	 -0.288 	  -81.51 	 
4.863799924	 -0.288 	  -80.12 	 
4.880399924	 -0.287 	  -78.32 	 
4.896999924	 -0.285 	  -76.53 	 
4.913599923	 -0.284 	  -74.47 	 
4.930199923	 -0.282 	  -72.33 	 
4.946799923	 -0.280 	  -70.08 	 
4.963399922	 -0.278 	  -67.66 	 
4.979999922	 -0.276 	  -65.21 	 
4.996599922	 -0.273 	  -62.73 	 
5.013199922	 -0.271 	  -60.34 	 
5.029799921	 -0.268 	  -57.67 	 
5.046399921	 -0.266 	  -55.56 	 
5.062999921	 -0.264 	  -52.93 	 
5.079599921	 -0.260 	  -50.79 	 
5.096199920	 -0.257 	  -48.57 	 
5.112799920	 -0.255 	  -46.65 	 
5.129399920	 -0.252 	  -44.70 	 
5.145999920	 -0.250 	  -43.12 	 
5.162599919	 -0.248 	  -41.62 	 
5.179199919	 -0.246 	  -40.38 	 
5.195799919	 -0.245 	  -39.35 	 
5.212399919	 -0.243 	  -38.58 	 
5.228999918	 -0.242 	  -38.07 	 
5.245599918	 -0.242 	  -37.84 	 
5.262199918	 -0.241 	  -37.74 	 
5.278799918	 -0.241 	  -38.08 	 
5.295399917	 -0.242 	  -38.51 	 
5.311999917	 -0.242 	  -39.26 	 
5.328599917	 -0.242 	  -40.27 	 
5.345199917	 -0.243 	  -41.49 	 
5.361799916	 -0.245 	  -43.01 	 
5.378399916	 -0.247 	  -44.67 	 
5.394999916	 -0.248 	  -46.50 	 
5.411599915	 -0.250 	  -48.42 	 
5.428199915	 -0.252 	  -50.68 	 
5.444799915	 -0.254 	  -52.78 	 
5.461399915	 -0.256 	  -55.19 	 
5.477999914	 -0.259 	  -57.73 	 
5.494599914	 -0.262 	  -59.99 	 
5.511199914	 -0.265 	  -62.72 	 
5.527799914	 -0.268 	  -64.94 	 
5.544399913	 -0.271 	  -67.63 	 
5.560999913	 -0.272 	  -69.81 	 
5.577599913	 -0.276 	  -72.14 	 
5.594199913	 -0.278 	  -74.32 	 
5.610799912	 -0.280 	  -76.31 	 
5.627399912	 -0.282 	  -78.25 	 
5.643999912	 -0.284 	  -79.88 	 
5.660599912	 -0.286 	  -81.36 	 
5.677199911	 -0.287 	  -82.65 	 
5.693799911	 -0.289 	  -83.71 	 
5.710399911	 -0.289 	  -84.50 	 
5.726999911	 -0.290 	  -85.00 	 
5.743599910	 -0.291 	  -85.39 	 
5.760199910	 -0.290 	  -85.38 	 
5.776799910	 -0.291 	  -85.24 	 
5.793399910	 -0.291 	  -84.67 	 
5.809999909	 -0.290 	  -84.02 	 
5.826599909	 -0.290 	  -83.00 	 
5.843199909	 -0.290 	  -81.91 	 
5.859799908	 -0.289 	  -80.33 	 
5.876399908	 -0.287 	  -78.83 	 
5.892999908	 -0.286 	  -76.93 	 
5.909599908	 -0.284 	  -74.97 	 
5.926199907	 -0.283 	  -72.77 	 
5.942799907	 -0.281 	  -70.58 	 
5.959399907	 -0.279 	  -68.17 	 
5.975999907	 -0.277 	  -65.84 	 
5.992599906	 -0.274 	  -63.34 	 
6.009199906	 -0.271 	  -60.77 	 
6.025799906	 -0.269 	  -58.44 	 
6.042399906	 -0.266 	  -55.89 	 
6.058999905	 -0.264 	  -53.61 	 
6.075599905	 -0.261 	  -51.19 	 
6.092199905	 -0.259 	  -49.07 	 
6.108799905	 -0.255 	  -47.08 	 
6.125399904	 -0.254 	  -45.09 	 
6.141999904	 -0.251 	  -43.49 	 
6.158599904	 -0.250 	  -41.91 	 
6.175199904	 -0.247 	  -40.70 	 
6.191799903	 -0.245 	  -39.54 	 
6.208399903	 -0.245 	  -38.74 	 
6.224999903	 -0.242 	  -38.18 	 
6.241599903	 -0.242 	  -37.83 	 
6.258199902	 -0.241 	  -37.77 	 
6.274799902	 -0.242 	  -37.92 	 
6.291399902	 -0.242 	  -38.38 	 
6.307999901	 -0.242 	  -39.05 	 
6.324599901	 -0.243 	  -39.94 	 
6.341199901	 -0.244 	  -41.25 	 
6.357799901	 -0.245 	  -42.57 	 
6.374399900	 -0.246 	  -44.26 	 
6.390999900	 -0.248 	  -45.89 	 
6.407599900	 -0.250 	  -47.92 	 
6.424199900	 -0.251 	  -50.04 	 
6.440799899	 -0.254 	  -52.37 	 
6.457399899	 -0.256 	  -54.55 	 
6.473999899	 -0.259 	  -57.12 	 
6.490599899	 -0.261 	  -59.51 	 
6.507199898	 -0.264 	  -61.92 	 
6.523799898	 -0.266 	  -64.42 	 
6.540399898	 -0.270 	  -66.90 	 
6.556999898	 -0.273 	  -69.36 	 
6.573599897	 -0.275 	  -71.59 	 
6.590199897	 -0.277 	  -73.80 	 
6.606799897	 -0.280 	  -75.88 	 
6.623399897	 -0.282 	  -77.74 	 
6.639999896	 -0.284 	  -79.46 	 
6.656599896	 -0.285 	  -81.03 	 
6.673199896	 -0.287 	  -82.35 	 
6.689799896	 -0.289 	  -83.48 	 
6.706399895	 -0.290 	  -84.31 	 
6.722999895	 -0.291 	  -84.84 	 
6.739599895	 -0.291 	  -85.31 	 
6.756199894	 -0.291 	  -85.35 	 
6.772799894	 -0.291 	  -85.27 	 
6.789399894	 -0.291 	  -84.76 	 
6.805999894	 -0.291 	  -84.19 	 
6.822599893	 -0.291 	  -83.26 	 
6.839199893	 -0.290 	  -82.17 	 
6.855799893	 -0.289 	  -80.68 	 
6.872399893	 -0.288 	  -79.18 	 
6.888999892	 -0.287 	  -77.34 	 
6.905599892	 -0.285 	  -75.40 	 
6.922199892	 -0.284 	  -73.32 	 
6.938799892	 -0.282 	  -71.12 	 
6.955399891	 -0.280 	  -68.83 	 
6.971999891	 -0.278 	  -66.37 	 
6.988599891	 -0.276 	  -63.91 	 
7.005199891	 -0.273 	  -61.37 	 
7.021799890	 -0.270 	  -58.98 	 
7.038399890	 -0.267 	  -56.51 	 
7.054999890	 -0.265 	  -54.07 	 
7.071599890	 -0.262 	  -51.86 	 
7.088199889	 -0.259 	  -49.54 	 
7.104799889	 -0.256 	  -47.57 	 
7.121399889	 -0.254 	  -45.55 	 
7.137999889	 -0.252 	  -43.82 	 
7.154599888	 -0.250 	  -42.30 	 
7.171199888	 -0.247 	  -40.93 	 
7.187799888	 -0.246 	  -39.82 	 
7.204399887	 -0.245 	  -38.91 	 
7.220999887	 -0.244 	  -38.29 	 
7.237599887	 -0.243 	  -37.89 	 
7.254199887	 -0.241 	  -37.73 	 
7.270799886	 -0.241 	  -37.88 	 
7.287399886	 -0.242 	  -38.25 	 
7.303999886	 -0.242 	  -38.87 	 
7.320599886	 -0.243 	  -39.72 	 
7.337199885	 -0.243 	  -40.84 	 
7.353799885	 -0.245 	  -42.31 	 
7.370399885	 -0.247 	  -43.71 	 
7.386999885	 -0.247 	  -45.64 	 
7.403599884	 -0.249 	  -47.45 	 
7.420199884	 -0.252 	  -49.54 	 
7.436799884	 -0.254 	  -51.73 	 
7.453399884	 -0.255 	  -54.12 	 
7.469999883	 -0.259 	  -56.45 	 
7.486599883	 -0.261 	  -58.90 	 
7.503199883	 -0.264 	  -61.37 	 
7.519799883	 -0.267 	  -63.98 	 
7.536399882	 -0.270 	  -66.28 	 
7.552999882	 -0.272 	  -68.78 	 
7.569599882	 -0.275 	  -71.06 	 
7.586199882	 -0.277 	  -73.24 	 
7.602799881	 -0.280 	  -75.33 	 
7.619399881	 -0.282 	  -77.28 	 
7.635999881	 -0.284 	  -79.17 	 
7.652599880	 -0.286 	  -80.65 	 
7.669199880	 -0.288 	  -82.08 	 
7.685799880	 -0.288 	  -83.20 	 
7.702399880	 -0.291 	  -84.17 	 
7.718999879	 -0.290 	  -84.82 	 
7.735599879	 -0.291 	  -85.19 	 
7.752199879	 -0.292 	  -85.42 	 
7.768799879	 -0.292 	  -85.36 	 
7.785399878	 -0.292 	  -85.00 	 
7.801999878	 -0.291 	  -84.36 	 
7.818599878	 -0.291 	  -83.54 	 
7.835199878	 -0.290 	  -82.40 	 
7.851799877	 -0.289 	  -81.10 	 
7.868399877	 -0.288 	  -79.70 	 
7.884999877	 -0.287 	  -77.78 	 
7.901599877	 -0.286 	  -75.95 	 
7.918199876	 -0.285 	  -73.89 	 
7.934799876	 -0.282 	  -71.56 	 
7.951399876	 -0.281 	  -69.48 	 
7.967999876	 -0.279 	  -66.90 	 
7.984599875	 -0.276 	  -64.62 	 
8.001199875	 -0.273 	  -61.92 	 
8.017799875	 -0.271 	  -59.53 	 
8.034399875	 -0.268 	  -57.19 	 
8.050999874	 -0.266 	  -54.60 	 
8.067599874	 -0.263 	  -52.50 	 
8.084199874	 -0.260 	  -50.15 	 
8.100799873	 -0.257 	  -48.05 	 
8.117399873	 -0.255 	  -45.93 	 
8.133999873	 -0.252 	  -44.30 	 
8.150599873	 -0.251 	  -42.61 	 
8.167199872	 -0.249 	  -41.23 	 
8.183799872	 -0.246 	  -40.09 	 
8.200399872	 -0.245 	  -39.12 	 
8.216999872	 -0.244 	  -38.35 	 
8.233599871	 -0.243 	  -38.01 	 
8.250199871	 -0.242 	  -37.73 	 
8.266799871	 -0.243 	  -37.82 	 
8.283399871	 -0.242 	  -38.16 	 
8.299999870	 -0.243 	  -38.70 	 
8.316599870	 -0.243 	  -39.44 	 
8.333199870	 -0.244 	  -40.62 	 
8.349799870	 -0.245 	  -41.84 	 
8.366399869	 -0.247 	  -43.47 	 
8.382999869	 -0.247 	  -45.08 	 
8.399599869	 -0.249 	  -47.17 	 
8.416199869	 -0.252 	  -49.08 	 
8.432799868	 -0.253 	  -51.17 	 
8.449399868	 -0.256 	  -53.49 	 
8.465999868	 -0.259 	  -55.89 	 
8.482599868	 -0.261 	  -58.35 	 
8.499199867	 -0.264 	  -60.80 	 
8.515799867	 -0.267 	  -63.35 	 
8.532399867	 -0.270 	  -65.71 	 
8.548999866	 -0.272 	  -68.12 	 
8.565599866	 -0.275 	  -70.54 	 
8.582199866	 -0.277 	  -72.72 	 
8.598799866	 -0.280 	  -74.92 	 
8.615399865	 -0.282 	  -76.87 	 
8.631999865	 -0.284 	  -78.74 	 
8.648599865	 -0.285 	  -80.27 	 
8.665199865	 -0.287 	  -81.74 	 
8.681799864	 -0.289 	  -83.02 	 
8.698399864	 -0.290 	  -83.94 	 
8.714999864	 -0.291 	  -84.62 	 
8.731599864	 -0.292 	  -85.17 	 
8.748199863	 -0.292 	  -85.35 	 
8.764799863	 -0.292 	  -85.46 	 
8.781399863	 -0.292 	  -85.06 	 
8.797999863	 -0.292 	  -84.58 	 
8.814599862	 -0.292 	  -83.73 	 
8.831199862	 -0.291 	  -82.75 	 
8.847799862	 -0.289 	  -81.50 	 
8.864399862	 -0.289 	  -79.92 	 
8.880999861	 -0.288 	  -78.32 	 
8.897599861	 -0.286 	  -76.43 	 
8.914199861	 -0.284 	  -74.35 	 
8.930799861	 -0.284 	  -72.27 	 
8.947399860	 -0.282 	  -69.88 	 
8.963999860	 -0.279 	  -67.64 	 
8.980599860	 -0.278 	  -65.10 	 
8.997199859	 -0.275 	  -62.62 	 
9.013799859	 -0.272 	  -60.19 	 
9.030399859	 -0.269 	  -57.64 	 
9.046999859	 -0.267 	  -55.34 	 
9.063599858	 -0.263 	  -52.99 	 
9.080199858	 -0.261 	  -50.62 	 
9.096799858	 -0.259 	  -48.55 	 
9.113399858	 -0.256 	  -46.51 	 
9.129999857	 -0.253 	  -44.67 	 
9.146599857	 -0.252 	  -43.03 	 
9.163199857	 -0.249 	  -41.53 	 
9.179799857	 -0.248 	  -40.38 	 
9.196399856	 -0.246 	  -39.32 	 
9.212999856	 -0.245 	  -38.57 	 
9.229599856	 -0.243 	  -38.03 	 
9.246199856	 -0.243 	  -37.79 	 
9.262799855	 -0.243 	  -37.81 	 
9.279399855	 -0.243 	  -38.00 	 
9.295999855	 -0.243 	  -38.53 	 
9.312599855	 -0.243 	  -39.33 	 
9.329199854	 -0.244 	  -40.27 	 
9.345799854	 -0.246 	  -41.58 	 
9.362399854	 -0.246 	  -43.07 	 
9.378999854	 -0.248 	  -44.61 	 
9.395599853	 -0.249 	  -46.44 	 
9.412199853	 -0.251 	  -48.61 	 
9.428799853	 -0.252 	  -50.59 	 
9.445399852	 -0.255 	  -52.89 	 
9.461999852	 -0.257 	  -55.43 	 
9.478599852	 -0.260 	  -57.63 	 
9.495199852	 -0.263 	  -60.28 	 
9.511799851	 -0.266 	  -62.62 	 
9.528399851	 -0.268 	  -65.17 	 
9.544999851	 -0.272 	  -67.54 	 
9.561599851	 -0.274 	  -69.97 	 
9.578199850	 -0.277 	  -72.28 	 
9.594799850	 -0.279 	  -74.37 	 
9.611399850	 -0.281 	  -76.53 	 
9.627999850	 -0.284 	  -78.25 	 
9.644599849	 -0.286 	  -79.93 	 
9.661199849	 -0.287 	  -81.45 	 
9.677799849	 -0.289 	  -82.68 	 
9.694399849	 -0.290 	  -83.79 	 
9.710999848	 -0.291 	  -84.53 	 
9.727599848	 -0.291 	  -85.06 	 
9.744199848	 -0.292 	  -85.36 	 
9.760799848	 -0.292 	  -85.44 	 
9.777399847	 -0.292 	  -85.17 	 
9.793999847	 -0.292 	  -84.76 	 
9.810599847	 -0.292 	  -83.96 	 
9.827199847	 -0.292 	  -83.07 	 
9.843799846	 -0.291 	  -81.80 	 
9.860399846	 -0.290 	  -80.39 	 
9.876999846	 -0.289 	  -78.73 	 
9.893599845	 -0.287 	  -76.90 	 
9.910199845	 -0.286 	  -74.94 	 
9.926799845	 -0.284 	  -72.81 	 
9.943399845	 -0.282 	  -70.47 	 
9.959999844	 -0.280 	  -68.19 	 
9.976599844	 -0.278 	  -65.64 	 
9.993199844	 -0.276 	  -63.37 	 
10.009799844	 -0.273 	  -60.82 	 
10.026399843	 -0.271 	  -58.30 	 
10.042999843	 -0.267 	  -55.84 	 
10.059599843	 -0.265 	  -53.45 	 
10.076199843	 -0.262 	  -51.14 	 
10.092799842	 -0.259 	  -49.01 	 
10.109399842	 -0.256 	  -47.01 	 
10.125999842	 -0.255 	  -45.13 	 
10.142599842	 -0.252 	  -43.42 	 
10.159199841	 -0.250 	  -41.87 	 
10.175799841	 -0.248 	  -40.62 	 
10.192399841	 -0.247 	  -39.48 	 
10.208999841	 -0.246 	  -38.76 	 
10.225599840	 -0.244 	  -38.13 	 
10.242199840	 -0.244 	  -37.84 	 
10.258799840	 -0.243 	  -37.70 	 
10.275399840	 -0.243 	  -37.97 	 
10.291999839	 -0.243 	  -38.38 	 
10.308599839	 -0.244 	  -39.13 	 
10.325199839	 -0.245 	  -40.04 	 
10.341799838	 -0.245 	  -41.24 	 
10.358399838	 -0.247 	  -42.70 	 
10.374999838	 -0.247 	  -44.16 	 
10.391599838	 -0.249 	  -46.11 	 
10.408199837	 -0.251 	  -47.99 	 
10.424799837	 -0.253 	  -50.11 	 
10.441399837	 -0.255 	  -52.40 	 
10.457999837	 -0.257 	  -54.67 	 
10.474599836	 -0.260 	  -57.25 	 
10.491199836	 -0.263 	  -59.63 	 
10.507799836	 -0.266 	  -62.10 	 
10.524399836	 -0.269 	  -64.48 	 
10.540999835	 -0.272 	  -67.03 	 
10.557599835	 -0.274 	  -69.38 	 
10.574199835	 -0.276 	  -71.63 	 
10.590799835	 -0.279 	  -73.85 	 
10.607399834	 -0.282 	  -76.07 	 
10.623999834	 -0.284 	  -77.81 	 
10.640599834	 -0.285 	  -79.61 	 
10.657199834	 -0.287 	  -81.10 	 
10.673799833	 -0.288 	  -82.45 	 
10.690399833	 -0.290 	  -83.48 	 
10.706999833	 -0.291 	  -84.41 	 
10.723599833	 -0.292 	  -84.97 	 
10.740199832	 -0.292 	  -85.30 	 
10.756799832	 -0.292 	  -85.52 	 
10.773399832	 -0.293 	  -85.22 	 
10.789999831	 -0.292 	  -84.87 	 
10.806599831	 -0.292 	  -84.18 	 
10.823199831	 -0.292 	  -83.32 	 
10.839799831	 -0.291 	  -82.08 	 
10.856399830	 -0.290 	  -80.77 	 
10.872999830	 -0.289 	  -79.10 	 
10.889599830	 -0.288 	  -77.28 	 
10.906199830	 -0.286 	  -75.45 	 
10.922799829	 -0.284 	  -73.30 	 
10.939399829	 -0.283 	  -71.16 	 
10.955999829	 -0.281 	  -68.69 	 
10.972599829	 -0.279 	  -66.33 	 
10.989199828	 -0.277 	  -63.91 	 
11.005799828	 -0.274 	  -61.34 	 
11.022399828	 -0.272 	  -59.01 	 
11.038999828	 -0.268 	  -56.38 	 
11.055599827	 -0.266 	  -54.15 	 
11.072199827	 -0.263 	  -51.68 	 
11.088799827	 -0.260 	  -49.51 	 
11.105399827	 -0.258 	  -47.45 	 
11.121999826	 -0.255 	  -45.56 	 
11.138599826	 -0.254 	  -43.82 	 
11.155199826	 -0.251 	  -42.20 	 
11.171799826	 -0.249 	  -40.90 	 
11.188399825	 -0.247 	  -39.74 	 
11.204999825	 -0.246 	  -38.87 	 
11.221599825	 -0.245 	  -38.29 	 
11.238199824	 -0.244 	  -37.88 	 
11.254799824	 -0.244 	  -37.75 	 
11.271399824	 -0.243 	  -37.90 	 
11.287999824	 -0.243 	  -38.23 	 
11.304599823	 -0.244 	  -38.93 	 
11.321199823	 -0.244 	  -39.77 	 
11.337799823	 -0.245 	  -40.99 	 
11.354399823	 -0.246 	  -42.24 	 
11.370999822	 -0.248 	  -43.87 	 
11.387599822	 -0.249 	  -45.62 	 
11.404199822	 -0.250 	  -47.56 	 
11.420799822	 -0.252 	  -49.58 	 
11.437399821	 -0.255 	  -51.88 	 
11.453999821	 -0.257 	  -54.15 	 
11.470599821	 -0.260 	  -56.57 	 
11.487199821	 -0.263 	  -58.98 	 
11.503799820	 -0.266 	  -61.50 	 
11.520399820	 -0.268 	  -63.91 	 
11.536999820	 -0.271 	  -66.57 	 
11.553599820	 -0.274 	  -68.74 	 
11.570199819	 -0.276 	  -71.21 	 
11.586799819	 -0.278 	  -73.44 	 
11.603399819	 -0.281 	  -75.44 	 
11.619999819	 -0.284 	  -77.46 	 
11.636599818	 -0.285 	  -79.14 	 
11.653199818	 -0.287 	  -80.77 	 
11.669799818	 -0.288 	  -82.13 	 
11.686399817	 -0.290 	  -83.24 	 
11.702999817	 -0.291 	  -84.14 	 
11.719599817	 -0.292 	  -84.87 	 
11.736199817	 -0.292 	  -85.28 	 
11.752799816	 -0.293 	  -85.41 	 
11.769399816	 -0.294 	  -85.40 	 
11.785999816	 -0.293 	  -84.94 	 
11.802599816	 -0.293 	  -84.41 	 
11.819199815	 -0.292 	  -83.48 	 
11.835799815	 -0.292 	  -82.52 	 
11.852399815	 -0.291 	  -81.03 	 
11.868999815	 -0.289 	  -79.63 	 
11.885599814	 -0.288 	  -77.79 	 
11.902199814	 -0.287 	  -75.85 	 
11.918799814	 -0.286 	  -73.86 	 
11.935399814	 -0.284 	  -71.62 	 
11.951999813	 -0.281 	  -69.23 	 
11.968599813	 -0.280 	  -66.98 	 
11.985199813	 -0.277 	  -64.35 	 
12.001799813	 -0.275 	  -62.03 	 
12.018399812	 -0.272 	  -59.55 	 
12.034999812	 -0.269 	  -56.97 	 
12.051599812	 -0.267 	  -54.58 	 
12.068199812	 -0.264 	  -52.26 	 
12.084799811	 -0.261 	  -50.01 	 
12.101399811	 -0.259 	  -47.89 	 
12.117999811	 -0.256 	  -46.03 	 
12.134599810	 -0.254 	  -44.18 	 
12.151199810	 -0.252 	  -42.57 	 
12.167799810	 -0.250 	  -41.20 	 
12.184399810	 -0.248 	  -39.98 	 
12.200999809	 -0.247 	  -39.06 	 
12.217599809	 -0.245 	  -38.40 	 
12.234199809	 -0.245 	  -38.00 	 
12.250799809	 -0.244 	  -37.76 	 
12.267399808	 -0.244 	  -37.79 	 
12.283999808	 -0.243 	  -38.18 	 
12.300599808	 -0.244 	  -38.70 	 
12.317199808	 -0.245 	  -39.53 	 
12.333799807	 -0.245 	  -40.65 	 
12.350399807	 -0.246 	  -41.93 	 
12.366999807	 -0.248 	  -43.47 	 
12.383599807	 -0.249 	  -45.06 	 
12.400199806	 -0.251 	  -47.06 	 
12.416799806	 -0.252 	  -49.08 	 
12.433399806	 -0.255 	  -51.29 	 
12.449999806	 -0.257 	  -53.71 	 
12.466599805	 -0.260 	  -55.85 	 
12.483199805	 -0.262 	  -58.51 	 
12.499799805	 -0.265 	  -60.76 	 
12.516399805	 -0.268 	  -63.54 	 
12.532999804	 -0.270 	  -65.77 	 
12.549599804	 -0.273 	  -68.29 	 
12.566199804	 -0.276 	  -70.53 	 
12.582799803	 -0.279 	  -72.92 	 
12.599399803	 -0.281 	  -74.98 	 
12.615999803	 -0.283 	  -76.89 	 
12.632599803	 -0.285 	  -78.79 	 
12.649199802	 -0.287 	  -80.37 	 
12.665799802	 -0.288 	  -81.78 	 
12.682399802	 -0.289 	  -83.02 	 
12.698999802	 -0.292 	  -83.96 	 
12.715599801	 -0.292 	  -84.73 	 
12.732199801	 -0.294 	  -85.28 	 
12.748799801	 -0.293 	  -85.33 	 
12.765399801	 -0.294 	  -85.40 	 
12.781999800	 -0.293 	  -85.02 	 
12.798599800	 -0.292 	  -84.61 	 
12.815199800	 -0.293 	  -83.65 	 
12.831799800	 -0.292 	  -82.80 	 
12.848399799	 -0.291 	  -81.29 	 
12.864999799	 -0.291 	  -80.02 	 
12.881599799	 -0.289 	  -78.12 	 
12.898199799	 -0.288 	  -76.35 	 
12.914799798	 -0.287 	  -74.37 	 
12.931399798	 -0.284 	  -72.06 	 
12.947999798	 -0.283 	  -70.01 	 
12.964599798	 -0.280 	  -67.36 	 
12.981199797	 -0.278 	  -65.14 	 
12.997799797	 -0.276 	  -62.56 	 
13.014399797	 -0.273 	  -60.01 	 
13.030999796	 -0.271 	  -57.78 	 
13.047599796	 -0.268 	  -55.17 	 
13.064199796	 -0.265 	  -52.89 	 
13.080799796	 -0.262 	  -50.57 	 
13.097399795	 -0.260 	  -48.49 	 
13.113999795	 -0.258 	  -46.51 	 
13.130599795	 -0.255 	  -44.56 	 
13.147199795	 -0.253 	  -43.02 	 
13.163799794	 -0.250 	  -41.50 	 
13.180399794	 -0.249 	  -40.28 	 
13.196999794	 -0.247 	  -39.29 	 
13.213599794	 -0.245 	  -38.52 	 
13.230199793	 -0.245 	  -38.04 	 
13.246799793	 -0.245 	  -37.76 	 
13.263399793	 -0.244 	  -37.81 	 
13.279999793	 -0.244 	  -38.01 	 
13.296599792	 -0.244 	  -38.54 	 
13.313199792	 -0.245 	  -39.37 	 
13.329799792	 -0.245 	  -40.36 	 
13.346399792	 -0.246 	  -41.64 	 
13.362999791	 -0.247 	  -43.05 	 
13.379599791	 -0.249 	  -44.65 	 
13.396199791	 -0.250 	  -46.70 	 
13.412799791	 -0.253 	  -48.59 	 
13.429399790	 -0.254 	  -50.79 	 
13.445999790	 -0.257 	  -52.99 	 
13.462599790	 -0.259 	  -55.50 	 
13.479199789	 -0.262 	  -57.84 	 
13.495799789	 -0.265 	  -60.25 	 
13.512399789	 -0.267 	  -62.86 	 
13.528999789	 -0.270 	  -65.16 	 
13.545599788	 -0.273 	  -67.75 	 
13.562199788	 -0.276 	  -70.01 	 
13.578799788	 -0.278 	  -72.29 	 
13.595399788	 -0.280 	  -74.48 	 
13.611999787	 -0.283 	  -76.46 	 
13.628599787	 -0.285 	  -78.41 	 
13.645199787	 -0.287 	  -80.00 	 
13.661799787	 -0.288 	  -81.53 	 
13.678399786	 -0.290 	  -82.68 	 
13.694999786	 -0.291 	  -83.77 	 
13.711599786	 -0.292 	  -84.50 	 
13.728199786	 -0.293 	  -85.17 	 
13.744799785	 -0.294 	  -85.33 	 
13.761399785	 -0.294 	  -85.44 	 
13.777999785	 -0.294 	  -85.15 	 
13.794599785	 -0.294 	  -84.68 	 
13.811199784	 -0.294 	  -83.95 	 
13.827799784	 -0.292 	  -83.02 	 
13.844399784	 -0.292 	  -81.73 	 
13.860999784	 -0.291 	  -80.38 	 
13.877599783	 -0.289 	  -78.58 	 
13.894199783	 -0.289 	  -76.84 	 
13.910799783	 -0.287 	  -74.87 	 
13.927399782	 -0.285 	  -72.61 	 
13.943999782	 -0.284 	  -70.53 	 
13.960599782	 -0.281 	  -67.95 	 
13.977199782	 -0.279 	  -65.75 	 
13.993799781	 -0.277 	  -63.12 	 
14.010399781	 -0.275 	  -60.72 	 
14.026999781	 -0.271 	  -58.26 	 
14.043599781	 -0.268 	  -55.79 	 
14.060199780	 -0.266 	  -53.37 	 
14.076799780	 -0.263 	  -51.10 	 
14.093399780	 -0.260 	  -48.88 	 
14.109999780	 -0.258 	  -46.84 	 
14.126599779	 -0.256 	  -45.00 	 
14.143199779	 -0.253 	  -43.34 	 
14.159799779	 -0.251 	  -41.83 	 
14.176399779	 -0.250 	  -40.52 	 
14.192999778	 -0.248 	  -39.51 	 
14.209599778	 -0.247 	  -38.66 	 
14.226199778	 -0.245 	  -38.12 	 
14.242799778	 -0.245 	  -37.80 	 
14.259399777	 -0.244 	  -37.72 	 
14.275999777	 -0.244 	  -37.88 	 
14.292599777	 -0.244 	  -38.46 	 
14.309199777	 -0.245 	  -39.08 	 
14.325799776	 -0.245 	  -40.09 	 
14.342399776	 -0.247 	  -41.30 	 
14.358999776	 -0.248 	  -42.68 	 
14.375599775	 -0.248 	  -44.23 	 
14.392199775	 -0.250 	  -46.13 	 
14.408799775	 -0.253 	  -48.27 	 
14.425399775	 -0.255 	  -50.26 	 
14.441999774	 -0.256 	  -52.44 	 
14.458599774	 -0.258 	  -54.81 	 
14.475199774	 -0.262 	  -57.21 	 
14.491799774	 -0.264 	  -59.73 	 
14.508399773	 -0.267 	  -62.14 	 
14.524999773	 -0.270 	  -64.73 	 
14.541599773	 -0.273 	  -67.07 	 
14.558199773	 -0.275 	  -69.47 	 
14.574799772	 -0.278 	  -71.65 	 
14.591399772	 -0.280 	  -74.00 	 
14.607999772	 -0.283 	  -75.99 	 
14.624599772	 -0.284 	  -77.91 	 
14.641199771	 -0.287 	  -79.62 	 
14.657799771	 -0.289 	  -81.22 	 
14.674399771	 -0.290 	  -82.39 	 
14.690999771	 -0.291 	  -83.59 	 
14.707599770	 -0.292 	  -84.34 	 
14.724199770	 -0.293 	  -85.02 	 
14.740799770	 -0.294 	  -85.42 	 
14.757399769	 -0.294 	  -85.37 	 
14.773999769	 -0.294 	  -85.24 	 
14.790599769	 -0.294 	  -84.82 	 
14.807199769	 -0.294 	  -84.17 	 
14.823799768	 -0.293 	  -83.23 	 
14.840399768	 -0.293 	  -82.10 	 
14.856999768	 -0.291 	  -80.62 	 
14.873599768	 -0.290 	  -79.09 	 
14.890199767	 -0.290 	  -77.33 	 
14.906799767	 -0.288 	  -75.31 	 
14.923399767	 -0.286 	  -73.18 	 
14.939999767	 -0.284 	  -71.02 	 
14.956599766	 -0.282 	  -68.59 	 
14.973199766	 -0.280 	  -66.29 	 
14.989799766	 -0.277 	  -63.68 	 
15.006399766	 -0.275 	  -61.28 	 
15.022999765	 -0.272 	  -58.83 	 
15.039599765	 -0.271 	  -56.35 	 
15.056199765	 -0.267 	  -54.01 	 
15.072799765	 -0.264 	  -51.60 	 
15.089399764	 -0.262 	  -49.52 	 
15.105999764	 -0.259 	  -47.29 	 
15.122599764	 -0.257 	  -45.50 	 
15.139199764	 -0.254 	  -43.71 	 
15.155799763	 -0.252 	  -42.15 	 
15.172399763	 -0.250 	  -40.81 	 
15.188999763	 -0.249 	  -39.74 	 
15.205599762	 -0.247 	  -38.82 	 
15.222199762	 -0.246 	  -38.26 	 
15.238799762	 -0.245 	  -37.84 	 
15.255399762	 -0.244 	  -37.75 	 
15.271999761	 -0.245 	  -37.84 	 
15.288599761	 -0.245 	  -38.25 	 
15.305199761	 -0.245 	  -38.95 	 
15.321799761	 -0.245 	  -39.84 	 
15.338399760	 -0.247 	  -40.98 	 
15.354999760	 -0.248 	  -42.34 	 
15.371599760	 -0.249 	  -43.91 	 
15.388199760	 -0.250 	  -45.59 	 
15.404799759	 -0.252 	  -47.49 	 
15.421399759	 -0.254 	  -49.75 	 
15.437999759	 -0.256 	  -51.97 	 
15.454599759	 -0.259 	  -54.27 	 
15.471199758	 -0.261 	  -56.65 	 
15.487799758	 -0.264 	  -59.04 	 
15.504399758	 -0.267 	  -61.70 	 
15.520999758	 -0.268 	  -63.94 	 
15.537599757	 -0.272 	  -66.63 	 
15.554199757	 -0.276 	  -68.88 	 
15.570799757	 -0.277 	  -71.31 	 
15.587399757	 -0.280 	  -73.41 	 
15.603999756	 -0.283 	  -75.55 	 
15.620599756	 -0.284 	  -77.49 	 
15.637199756	 -0.286 	  -79.26 	 
15.653799755	 -0.288 	  -80.81 	 
15.670399755	 -0.290 	  -82.14 	 
15.686999755	 -0.291 	  -83.31 	 
15.703599755	 -0.292 	  -84.22 	 
15.720199754	 -0.293 	  -84.86 	 
15.736799754	 -0.294 	  -85.33 	 
15.753399754	 -0.294 	  -85.41 	 
15.769999754	 -0.294 	  -85.29 	 
15.786599753	 -0.294 	  -85.00 	 
15.803199753	 -0.294 	  -84.36 	 
15.819799753	 -0.293 	  -83.45 	 
15.836399753	 -0.293 	  -82.41 	 
15.852999752	 -0.292 	  -81.01 	 
15.869599752	 -0.291 	  -79.48 	 
15.886199752	 -0.290 	  -77.72 	 
15.902799752	 -0.288 	  -75.84 	 
15.919399751	 -0.287 	  -73.69 	 
15.935999751	 -0.285 	  -71.56 	 
15.952599751	 -0.283 	  -69.20 	 
15.969199751	 -0.281 	  -66.92 	 
15.985799750	 -0.279 	  -64.23 	 
16.002399750	 -0.276 	  -61.96 	 
16.018999750	 -0.273 	  -59.28 	 
16.035599750	 -0.271 	  -56.92 	 
16.052199749	 -0.268 	  -54.64 	 
16.068799749	 -0.266 	  -52.19 	 
16.085399749	 -0.263 	  -49.98 	 
16.101999748	 -0.259 	  -47.96 	 
16.118599748	 -0.257 	  -45.87 	 
16.135199748	 -0.255 	  -44.12 	 
16.151799748	 -0.253 	  -42.49 	 
16.168399747	 -0.251 	  -41.20 	 
16.184999747	 -0.250 	  -39.95 	 
16.201599747	 -0.248 	  -39.03 	 
16.218199747	 -0.246 	  -38.38 	 
16.234799746	 -0.246 	  -37.90 	 
16.251399746	 -0.246 	  -37.81 	 
16.267999746	 -0.245 	  -37.80 	 
16.284599746	 -0.245 	  -38.18 	 
16.301199745	 -0.246 	  -38.71 	 
16.317799745	 -0.246 	  -39.62 	 
16.334399745	 -0.247 	  -40.68 	 
16.350999745	 -0.248 	  -41.98 	 
16.367599744	 -0.249 	  -43.58 	 
16.384199744	 -0.250 	  -45.18 	 
16.400799744	 -0.252 	  -47.15 	 
16.417399744	 -0.254 	  -49.19 	 
16.433999743	 -0.256 	  -51.42 	 
16.450599743	 -0.259 	  -53.61 	 
16.467199743	 -0.261 	  -56.03 	 
16.483799743	 -0.264 	  -58.65 	 
16.500399742	 -0.266 	  -60.89 	 
16.516999742	 -0.269 	  -63.46 	 
16.533599742	 -0.272 	  -65.86 	 
16.550199741	 -0.275 	  -68.32 	 
16.566799741	 -0.277 	  -70.78 	 
16.583399741	 -0.280 	  -72.90 	 
16.599999741	 -0.282 	  -75.09 	 
16.616599740	 -0.285 	  -76.94 	 
16.633199740	 -0.287 	  -78.82 	 
16.649799740	 -0.288 	  -80.46 	 
16.666399740	 -0.290 	  -81.91 	 
16.682999739	 -0.291 	  -83.04 	 
16.699599739	 -0.293 	  -84.01 	 
16.716199739	 -0.293 	  -84.78 	 
16.732799739	 -0.294 	  -85.19 	 
16.749399738	 -0.295 	  -85.41 	 
16.765999738	 -0.295 	  -85.39 	 
16.782599738	 -0.295 	  -85.06 	 
16.799199738	 -0.294 	  -84.53 	 
16.815799737	 -0.293 	  -83.75 	 
16.832399737	 -0.293 	  -82.63 	 
16.848999737	 -0.292 	  -81.34 	 
16.865599737	 -0.292 	  -79.88 	 
16.882199736	 -0.290 	  -78.15 	 
16.898799736	 -0.289 	  -76.30 	 
16.915399736	 -0.287 	  -74.27 	 
16.931999736	 -0.286 	  -72.01 	 
16.948599735	 -0.283 	  -69.83 	 
16.965199735	 -0.282 	  -67.36 	 
16.981799735	 -0.279 	  -64.97 	 
