0.000000000	  0.322 	  -62.16 	 
0.016600000	  0.325 	  -59.77 	 
0.033199999	  0.328 	  -57.32 	 
0.049799999	  0.333 	  -54.80 	 
0.066399999	  0.335 	  -52.44 	 
0.082999999	  0.339 	  -50.24 	 
0.099599998	  0.343 	  -48.09 	 
0.116199998	  0.347 	  -46.12 	 
0.132799998	  0.350 	  -44.33 	 
0.149399998	  0.353 	  -42.68 	 
0.165999997	  0.357 	  -41.23 	 
0.182599997	  0.359 	  -40.05 	 
0.199199997	  0.361 	  -39.00 	 
0.215799997	  0.363 	  -38.36 	 
0.232399996	  0.365 	  -37.85 	 
0.248999996	  0.365 	  -37.66 	 
0.265599996	  0.366 	  -37.71 	 
0.282199996	  0.366 	  -37.95 	 
0.298799995	  0.365 	  -38.58 	 
0.315399995	  0.364 	  -39.30 	 
0.331999995	  0.362 	  -40.42 	 
0.348599995	  0.361 	  -41.67 	 
0.365199994	  0.359 	  -43.24 	 
0.381799994	  0.357 	  -44.87 	 
0.398399994	  0.355 	  -46.74 	 
0.414999994	  0.351 	  -48.83 	 
0.431599993	  0.348 	  -50.98 	 
0.448199993	  0.345 	  -53.24 	 
0.464799993	  0.341 	  -55.74 	 
0.481399992	  0.337 	  -58.21 	 
0.497999992	  0.334 	  -60.58 	 
0.514599992	  0.329 	  -63.17 	 
0.531199992	  0.326 	  -65.67 	 
0.547799991	  0.322 	  -68.12 	 
0.564399991	  0.319 	  -70.41 	 
0.580999991	  0.316 	  -72.63 	 
0.597599991	  0.312 	  -74.81 	 
0.614199990	  0.310 	  -76.71 	 
0.630799990	  0.307 	  -78.59 	 
0.647399990	  0.304 	  -80.22 	 
0.663999990	  0.302 	  -81.79 	 
0.680599989	  0.300 	  -83.00 	 
0.697199989	  0.299 	  -84.06 	 
0.713799989	  0.298 	  -84.76 	 
0.730399989	  0.297 	  -85.24 	 
0.746999988	  0.297 	  -85.49 	 
0.763599988	  0.296 	  -85.59 	 
0.780199988	  0.296 	  -85.22 	 
0.796799988	  0.296 	  -84.69 	 
0.813399987	  0.297 	  -83.94 	 
0.829999987	  0.298 	  -82.98 	 
0.846599987	  0.299 	  -81.61 	 
0.863199987	  0.300 	  -80.11 	 
0.879799986	  0.302 	  -78.30 	 
0.896399986	  0.303 	  -76.38 	 
0.912999986	  0.306 	  -74.43 	 
0.929599985	  0.308 	  -72.42 	 
0.946199985	  0.310 	  -70.29 	 
0.962799985	  0.313 	  -67.77 	 
0.979399985	  0.317 	  -65.18 	 
0.995999984	  0.320 	  -62.75 	 
1.012599984	  0.323 	  -60.34 	 
1.029199984	  0.327 	  -57.89 	 
1.045799984	  0.331 	  -55.49 	 
1.062399983	  0.335 	  -53.07 	 
1.078999983	  0.338 	  -50.77 	 
1.095599983	  0.342 	  -48.63 	 
1.112199983	  0.345 	  -46.59 	 
1.128799982	  0.349 	  -44.74 	 
1.145399982	  0.352 	  -43.01 	 
1.161999982	  0.355 	  -41.60 	 
1.178599982	  0.358 	  -40.29 	 
1.195199981	  0.360 	  -39.35 	 
1.211799981	  0.363 	  -38.50 	 
1.228399981	  0.364 	  -38.00 	 
1.244999981	  0.366 	  -37.68 	 
1.261599980	  0.366 	  -37.66 	 
1.278199980	  0.365 	  -37.93 	 
1.294799980	  0.365 	  -38.38 	 
1.311399980	  0.364 	  -39.19 	 
1.327999979	  0.362 	  -40.16 	 
1.344599979	  0.361 	  -41.39 	 
1.361199979	  0.359 	  -42.81 	 
1.377799978	  0.357 	  -44.46 	 
1.394399978	  0.354 	  -46.31 	 
1.410999978	  0.352 	  -48.35 	 
1.427599978	  0.349 	  -50.50 	 
1.444199977	  0.344 	  -52.69 	 
1.460799977	  0.341 	  -55.15 	 
1.477399977	  0.338 	  -57.54 	 
1.493999977	  0.334 	  -60.04 	 
1.510599976	  0.330 	  -62.43 	 
1.527199976	  0.327 	  -65.08 	 
1.543799976	  0.323 	  -67.33 	 
1.560399976	  0.319 	  -69.77 	 
1.576999975	  0.316 	  -72.02 	 
1.593599975	  0.313 	  -74.17 	 
1.610199975	  0.310 	  -76.25 	 
1.626799975	  0.307 	  -78.09 	 
1.643399974	  0.305 	  -79.81 	 
1.659999974	  0.303 	  -81.38 	 
1.676599974	  0.300 	  -82.64 	 
1.693199974	  0.299 	  -83.68 	 
1.709799973	  0.297 	  -84.55 	 
1.726399973	  0.297 	  -85.08 	 
1.742999973	  0.296 	  -85.35 	 
1.759599973	  0.295 	  -85.37 	 
1.776199972	  0.296 	  -85.32 	 
1.792799972	  0.295 	  -84.84 	 
1.809399972	  0.296 	  -83.96 	 
1.825999971	  0.297 	  -83.13 	 
1.842599971	  0.299 	  -81.88 	 
1.859199971	  0.299 	  -80.55 	 
1.875799971	  0.300 	  -79.07 	 
1.892399970	  0.302 	  -77.30 	 
1.908999970	  0.304 	  -75.35 	 
1.925599970	  0.307 	  -73.11 	 
1.942199970	  0.309 	  -70.61 	 
1.958799969	  0.312 	  -68.23 	 
1.975399969	  0.315 	  -65.76 	 
1.991999969	  0.318 	  -63.50 	 
2.008599969	  0.322 	  -60.98 	 
2.025199968	  0.326 	  -58.46 	 
2.041799968	  0.329 	  -56.01 	 
2.058399968	  0.333 	  -53.61 	 
2.074999968	  0.337 	  -51.29 	 
2.091599967	  0.340 	  -49.16 	 
2.108199967	  0.345 	  -47.11 	 
2.124799967	  0.347 	  -45.18 	 
2.141399967	  0.351 	  -43.48 	 
2.157999966	  0.354 	  -41.97 	 
2.174599966	  0.357 	  -40.58 	 
2.191199966	  0.359 	  -39.63 	 
2.207799966	  0.361 	  -38.71 	 
2.224399965	  0.362 	  -38.19 	 
2.240999965	  0.363 	  -37.77 	 
2.257599965	  0.365 	  -37.75 	 
2.274199964	  0.365 	  -37.85 	 
2.290799964	  0.364 	  -38.38 	 
2.307399964	  0.364 	  -38.98 	 
2.323999964	  0.362 	  -39.98 	 
2.340599963	  0.360 	  -41.08 	 
2.357199963	  0.359 	  -42.53 	 
2.373799963	  0.358 	  -44.04 	 
2.390399963	  0.354 	  -45.93 	 
2.406999962	  0.352 	  -47.87 	 
2.423599962	  0.348 	  -50.04 	 
2.440199962	  0.345 	  -52.22 	 
2.456799962	  0.342 	  -54.45 	 
2.473399961	  0.338 	  -56.96 	 
2.489999961	  0.334 	  -59.51 	 
2.506599961	  0.331 	  -61.85 	 
2.523199961	  0.328 	  -64.28 	 
2.539799960	  0.324 	  -66.67 	 
2.556399960	  0.320 	  -69.22 	 
2.572999960	  0.316 	  -71.52 	 
2.589599960	  0.313 	  -73.87 	 
2.606199959	  0.310 	  -75.95 	 
2.622799959	  0.307 	  -77.91 	 
2.639399959	  0.304 	  -79.54 	 
2.655999959	  0.303 	  -81.01 	 
2.672599958	  0.301 	  -82.34 	 
2.689199958	  0.299 	  -83.50 	 
2.705799958	  0.298 	  -84.30 	 
2.722399957	  0.296 	  -84.93 	 
2.738999957	  0.295 	  -85.32 	 
2.755599957	  0.295 	  -85.40 	 
2.772199957	  0.295 	  -85.26 	 
2.788799956	  0.295 	  -84.91 	 
2.805399956	  0.295 	  -84.22 	 
2.821999956	  0.296 	  -83.36 	 
2.838599956	  0.298 	  -82.28 	 
2.855199955	  0.299 	  -80.81 	 
2.871799955	  0.300 	  -79.21 	 
2.888399955	  0.301 	  -77.59 	 
2.904999955	  0.303 	  -75.62 	 
2.921599954	  0.306 	  -73.54 	 
2.938199954	  0.308 	  -71.19 	 
2.954799954	  0.311 	  -68.87 	 
2.971399954	  0.314 	  -66.47 	 
2.987999953	  0.317 	  -64.11 	 
3.004599953	  0.320 	  -61.59 	 
3.021199953	  0.324 	  -59.04 	 
3.037799953	  0.329 	  -56.66 	 
3.054399952	  0.332 	  -54.23 	 
3.070999952	  0.335 	  -51.88 	 
3.087599952	  0.339 	  -49.69 	 
3.104199952	  0.343 	  -47.53 	 
3.120799951	  0.346 	  -45.70 	 
3.137399951	  0.350 	  -43.88 	 
3.153999951	  0.353 	  -42.37 	 
3.170599950	  0.356 	  -40.93 	 
3.187199950	  0.358 	  -39.83 	 
3.203799950	  0.361 	  -38.91 	 
3.220399950	  0.361 	  -38.30 	 
3.236999949	  0.362 	  -37.87 	 
3.253599949	  0.364 	  -37.73 	 
3.270199949	  0.364 	  -37.85 	 
3.286799949	  0.364 	  -38.16 	 
3.303399948	  0.363 	  -38.82 	 
3.319999948	  0.363 	  -39.70 	 
3.336599948	  0.361 	  -40.82 	 
3.353199948	  0.359 	  -42.15 	 
3.369799947	  0.356 	  -43.75 	 
3.386399947	  0.355 	  -45.41 	 
3.402999947	  0.352 	  -47.39 	 
3.419599947	  0.350 	  -49.45 	 
3.436199946	  0.345 	  -51.62 	 
3.452799946	  0.342 	  -53.98 	 
3.469399946	  0.338 	  -56.39 	 
3.485999946	  0.335 	  -58.76 	 
3.502599945	  0.331 	  -61.33 	 
3.519199945	  0.327 	  -63.83 	 
3.535799945	  0.324 	  -66.35 	 
3.552399945	  0.320 	  -68.78 	 
3.568999944	  0.316 	  -70.95 	 
3.585599944	  0.314 	  -73.16 	 
3.602199944	  0.311 	  -75.20 	 
3.618799943	  0.307 	  -77.21 	 
3.635399943	  0.304 	  -79.10 	 
3.651999943	  0.303 	  -80.74 	 
3.668599943	  0.301 	  -82.13 	 
3.685199942	  0.299 	  -83.26 	 
3.701799942	  0.298 	  -84.10 	 
3.718399942	  0.296 	  -84.80 	 
3.734999942	  0.295 	  -85.29 	 
3.751599941	  0.295 	  -85.41 	 
3.768199941	  0.295 	  -85.41 	 
3.784799941	  0.295 	  -84.97 	 
3.801399941	  0.295 	  -84.44 	 
3.817999940	  0.296 	  -83.68 	 
3.834599940	  0.297 	  -82.49 	 
3.851199940	  0.298 	  -81.18 	 
3.867799940	  0.299 	  -79.76 	 
3.884399939	  0.300 	  -77.96 	 
3.900999939	  0.303 	  -76.19 	 
3.917599939	  0.304 	  -74.03 	 
3.934199939	  0.307 	  -71.70 	 
3.950799938	  0.310 	  -69.52 	 
3.967399938	  0.313 	  -67.09 	 
3.983999938	  0.316 	  -64.64 	 
4.000599938	  0.320 	  -62.16 	 
4.017199937	  0.323 	  -59.65 	 
4.033799937	  0.327 	  -57.23 	 
4.050399937	  0.331 	  -54.77 	 
4.066999936	  0.334 	  -52.46 	 
4.083599936	  0.337 	  -50.21 	 
4.100199936	  0.342 	  -48.14 	 
4.116799936	  0.345 	  -46.12 	 
4.133399935	  0.348 	  -44.30 	 
4.149999935	  0.352 	  -42.68 	 
4.166599935	  0.355 	  -41.31 	 
4.183199935	  0.357 	  -40.10 	 
4.199799934	  0.359 	  -39.19 	 
4.216399934	  0.361 	  -38.38 	 
4.232999934	  0.363 	  -37.99 	 
4.249599934	  0.363 	  -37.71 	 
4.266199933	  0.364 	  -37.82 	 
4.282799933	  0.364 	  -38.11 	 
4.299399933	  0.363 	  -38.64 	 
4.315999933	  0.362 	  -39.48 	 
4.332599932	  0.361 	  -40.52 	 
4.349199932	  0.359 	  -41.83 	 
4.365799932	  0.357 	  -43.33 	 
4.382399932	  0.355 	  -45.09 	 
4.398999931	  0.352 	  -46.93 	 
4.415599931	  0.350 	  -48.98 	 
4.432199931	  0.346 	  -51.12 	 
4.448799931	  0.343 	  -53.33 	 
4.465399930	  0.339 	  -55.88 	 
4.481999930	  0.336 	  -58.20 	 
4.498599930	  0.332 	  -60.64 	 
4.515199929	  0.328 	  -63.16 	 
4.531799929	  0.324 	  -65.73 	 
4.548399929	  0.321 	  -68.03 	 
4.564999929	  0.317 	  -70.52 	 
4.581599928	  0.314 	  -72.70 	 
4.598199928	  0.311 	  -74.86 	 
4.614799928	  0.308 	  -76.76 	 
4.631399928	  0.305 	  -78.57 	 
4.647999927	  0.303 	  -80.25 	 
4.664599927	  0.300 	  -81.78 	 
4.681199927	  0.299 	  -82.90 	 
4.697799927	  0.297 	  -83.94 	 
4.714399926	  0.296 	  -84.69 	 
4.730999926	  0.295 	  -85.29 	 
4.747599926	  0.295 	  -85.39 	 
4.764199926	  0.294 	  -85.47 	 
4.780799925	  0.294 	  -85.11 	 
4.797399925	  0.295 	  -84.66 	 
4.813999925	  0.295 	  -83.77 	 
4.830599925	  0.296 	  -82.79 	 
4.847199924	  0.297 	  -81.52 	 
4.863799924	  0.298 	  -80.04 	 
4.880399924	  0.300 	  -78.27 	 
4.896999924	  0.301 	  -76.34 	 
4.913599923	  0.304 	  -74.28 	 
4.930199923	  0.306 	  -72.25 	 
4.946799923	  0.308 	  -70.12 	 
4.963399922	  0.312 	  -67.77 	 
4.979999922	  0.315 	  -65.31 	 
4.996599922	  0.318 	  -62.84 	 
5.013199922	  0.321 	  -60.30 	 
5.029799921	  0.325 	  -57.84 	 
5.046399921	  0.329 	  -55.37 	 
5.062999921	  0.333 	  -53.00 	 
5.079599921	  0.336 	  -50.72 	 
5.096199920	  0.340 	  -48.65 	 
5.112799920	  0.344 	  -46.58 	 
5.129399920	  0.347 	  -44.76 	 
5.145999920	  0.350 	  -43.03 	 
5.162599919	  0.353 	  -41.59 	 
5.179199919	  0.356 	  -40.37 	 
5.195799919	  0.358 	  -39.35 	 
5.212399919	  0.360 	  -38.62 	 
5.228999918	  0.362 	  -38.06 	 
5.245599918	  0.362 	  -37.75 	 
5.262199918	  0.363 	  -37.79 	 
5.278799918	  0.363 	  -37.96 	 
5.295399917	  0.362 	  -38.55 	 
5.311999917	  0.362 	  -39.28 	 
5.328599917	  0.360 	  -40.23 	 
5.345199917	  0.360 	  -41.52 	 
5.361799916	  0.357 	  -42.90 	 
5.378399916	  0.354 	  -44.61 	 
5.394999916	  0.353 	  -46.44 	 
5.411599915	  0.350 	  -48.42 	 
5.428199915	  0.346 	  -50.54 	 
5.444799915	  0.343 	  -52.85 	 
5.461399915	  0.338 	  -55.24 	 
5.477999914	  0.336 	  -57.69 	 
5.494599914	  0.333 	  -60.08 	 
5.511199914	  0.328 	  -62.62 	 
5.527799914	  0.325 	  -65.05 	 
5.544399913	  0.322 	  -67.39 	 
5.560999913	  0.317 	  -69.94 	 
5.577599913	  0.315 	  -72.22 	 
5.594199913	  0.311 	  -74.28 	 
5.610799912	  0.308 	  -76.23 	 
5.627399912	  0.305 	  -78.07 	 
5.643999912	  0.303 	  -79.85 	 
5.660599912	  0.301 	  -81.38 	 
5.677199911	  0.298 	  -82.76 	 
5.693799911	  0.297 	  -83.75 	 
5.710399911	  0.296 	  -84.65 	 
5.726999911	  0.294 	  -85.00 	 
5.743599910	  0.294 	  -85.32 	 
5.760199910	  0.294 	  -85.50 	 
5.776799910	  0.294 	  -85.28 	 
5.793399910	  0.294 	  -84.80 	 
5.809999909	  0.295 	  -84.03 	 
5.826599909	  0.295 	  -82.97 	 
5.843199909	  0.296 	  -81.84 	 
5.859799908	  0.298 	  -80.53 	 
5.876399908	  0.299 	  -78.83 	 
5.892999908	  0.300 	  -77.07 	 
5.909599908	  0.302 	  -75.17 	 
5.926199907	  0.305 	  -72.85 	 
5.942799907	  0.308 	  -70.71 	 
5.959399907	  0.310 	  -68.34 	 
5.975999907	  0.313 	  -65.88 	 
5.992599906	  0.316 	  -63.34 	 
6.009199906	  0.321 	  -60.86 	 
6.025799906	  0.324 	  -58.37 	 
6.042399906	  0.328 	  -55.96 	 
6.058999905	  0.331 	  -53.59 	 
6.075599905	  0.335 	  -51.30 	 
6.092199905	  0.339 	  -49.08 	 
6.108799905	  0.343 	  -47.09 	 
6.125399904	  0.346 	  -45.16 	 
6.141999904	  0.349 	  -43.42 	 
6.158599904	  0.352 	  -41.97 	 
6.175199904	  0.355 	  -40.61 	 
6.191799903	  0.357 	  -39.59 	 
6.208399903	  0.359 	  -38.71 	 
6.224999903	  0.360 	  -38.16 	 
6.241599903	  0.362 	  -37.84 	 
6.258199902	  0.362 	  -37.77 	 
6.274799902	  0.362 	  -37.96 	 
6.291399902	  0.362 	  -38.39 	 
6.307999901	  0.361 	  -39.06 	 
6.324599901	  0.360 	  -40.00 	 
6.341199901	  0.359 	  -41.23 	 
6.357799901	  0.357 	  -42.57 	 
6.374399900	  0.355 	  -44.24 	 
6.390999900	  0.353 	  -45.96 	 
6.407599900	  0.350 	  -47.96 	 
6.424199900	  0.347 	  -50.04 	 
6.440799899	  0.344 	  -52.30 	 
6.457399899	  0.340 	  -54.64 	 
6.473999899	  0.336 	  -57.11 	 
6.490599899	  0.333 	  -59.42 	 
6.507199898	  0.329 	  -61.92 	 
6.523799898	  0.325 	  -64.36 	 
6.540399898	  0.322 	  -66.89 	 
6.556999898	  0.318 	  -69.30 	 
6.573599897	  0.314 	  -71.56 	 
6.590199897	  0.311 	  -73.75 	 
6.606799897	  0.308 	  -75.79 	 
6.623399897	  0.306 	  -77.93 	 
6.639999896	  0.303 	  -79.72 	 
6.656599896	  0.301 	  -81.18 	 
6.673199896	  0.299 	  -82.43 	 
6.689799896	  0.297 	  -83.53 	 
6.706399895	  0.296 	  -84.36 	 
6.722999895	  0.294 	  -85.02 	 
6.739599895	  0.294 	  -85.39 	 
6.756199894	  0.293 	  -85.40 	 
6.772799894	  0.293 	  -85.33 	 
6.789399894	  0.294 	  -84.97 	 
6.805999894	  0.294 	  -84.16 	 
6.822599893	  0.295 	  -83.22 	 
6.839199893	  0.295 	  -82.19 	 
6.855799893	  0.296 	  -80.83 	 
6.872399893	  0.298 	  -79.34 	 
6.888999892	  0.300 	  -77.35 	 
6.905599892	  0.302 	  -75.58 	 
6.922199892	  0.304 	  -73.48 	 
6.938799892	  0.307 	  -71.08 	 
6.955399891	  0.309 	  -68.83 	 
6.971999891	  0.312 	  -66.41 	 
6.988599891	  0.315 	  -63.98 	 
7.005199891	  0.319 	  -61.44 	 
7.021799890	  0.323 	  -58.96 	 
7.038399890	  0.326 	  -56.51 	 
7.054999890	  0.329 	  -54.14 	 
7.071599890	  0.333 	  -51.84 	 
7.088199889	  0.337 	  -49.63 	 
7.104799889	  0.340 	  -47.52 	 
7.121399889	  0.345 	  -45.60 	 
7.137999889	  0.347 	  -43.86 	 
7.154599888	  0.351 	  -42.26 	 
7.171199888	  0.353 	  -40.97 	 
7.187799888	  0.356 	  -39.81 	 
7.204399887	  0.359 	  -38.92 	 
7.220999887	  0.360 	  -38.28 	 
7.237599887	  0.361 	  -37.91 	 
7.254199887	  0.361 	  -37.75 	 
7.270799886	  0.362 	  -37.90 	 
7.287399886	  0.362 	  -38.24 	 
7.303999886	  0.361 	  -38.85 	 
7.320599886	  0.361 	  -39.76 	 
7.337199885	  0.359 	  -40.88 	 
7.353799885	  0.357 	  -42.20 	 
7.370399885	  0.355 	  -43.85 	 
7.386999885	  0.352 	  -45.51 	 
7.403599884	  0.350 	  -47.48 	 
7.420199884	  0.348 	  -49.51 	 
7.436799884	  0.343 	  -51.77 	 
7.453399884	  0.340 	  -54.10 	 
7.469999883	  0.336 	  -56.42 	 
7.486599883	  0.333 	  -59.01 	 
7.503199883	  0.329 	  -61.44 	 
7.519799883	  0.326 	  -63.83 	 
7.536399882	  0.322 	  -66.28 	 
7.552999882	  0.318 	  -68.79 	 
7.569599882	  0.315 	  -71.05 	 
7.586199882	  0.312 	  -73.32 	 
7.602799881	  0.308 	  -75.32 	 
7.619399881	  0.306 	  -77.19 	 
7.635999881	  0.304 	  -79.01 	 
7.652599880	  0.301 	  -80.57 	 
7.669199880	  0.298 	  -82.04 	 
7.685799880	  0.297 	  -83.17 	 
7.702399880	  0.296 	  -84.20 	 
7.718999879	  0.295 	  -84.77 	 
7.735599879	  0.294 	  -85.30 	 
7.752199879	  0.293 	  -85.44 	 
7.768799879	  0.293 	  -85.30 	 
7.785399878	  0.293 	  -84.94 	 
7.801999878	  0.293 	  -84.47 	 
7.818599878	  0.294 	  -83.55 	 
7.835199878	  0.295 	  -82.29 	 
7.851799877	  0.296 	  -80.97 	 
7.868399877	  0.297 	  -79.61 	 
7.884999877	  0.299 	  -78.05 	 
7.901599877	  0.300 	  -76.04 	 
7.918199876	  0.304 	  -73.81 	 
7.934799876	  0.305 	  -71.80 	 
7.951399876	  0.308 	  -69.44 	 
7.967999876	  0.311 	  -66.99 	 
7.984599875	  0.314 	  -64.54 	 
8.001199875	  0.317 	  -62.05 	 
8.017799875	  0.322 	  -59.54 	 
8.034399875	  0.325 	  -57.05 	 
8.050999874	  0.328 	  -54.68 	 
8.067599874	  0.332 	  -52.34 	 
8.084199874	  0.337 	  -50.14 	 
8.100799873	  0.340 	  -48.01 	 
8.117399873	  0.343 	  -46.05 	 
8.133999873	  0.346 	  -44.20 	 
8.150599873	  0.350 	  -42.62 	 
8.167199872	  0.352 	  -41.28 	 
8.183799872	  0.355 	  -40.04 	 
8.200399872	  0.357 	  -39.09 	 
8.216999872	  0.359 	  -38.40 	 
8.233599871	  0.361 	  -37.93 	 
8.250199871	  0.361 	  -37.72 	 
8.266799871	  0.361 	  -37.83 	 
8.283399871	  0.362 	  -38.12 	 
8.299999870	  0.361 	  -38.69 	 
8.316599870	  0.360 	  -39.49 	 
8.333199870	  0.359 	  -40.54 	 
8.349799870	  0.357 	  -41.89 	 
8.366399869	  0.355 	  -43.36 	 
8.382999869	  0.353 	  -45.07 	 
8.399599869	  0.350 	  -46.95 	 
8.416199869	  0.347 	  -49.01 	 
8.432799868	  0.343 	  -51.18 	 
8.449399868	  0.340 	  -53.51 	 
8.465999868	  0.337 	  -55.92 	 
8.482599868	  0.333 	  -58.29 	 
8.499199867	  0.329 	  -60.76 	 
8.515799867	  0.325 	  -63.21 	 
8.532399867	  0.322 	  -65.69 	 
8.548999866	  0.318 	  -68.23 	 
8.565599866	  0.315 	  -70.60 	 
8.582199866	  0.312 	  -72.81 	 
8.598799866	  0.309 	  -74.83 	 
8.615399865	  0.306 	  -76.91 	 
8.631999865	  0.303 	  -78.68 	 
8.648599865	  0.301 	  -80.20 	 
8.665199865	  0.299 	  -81.70 	 
8.681799864	  0.297 	  -83.06 	 
8.698399864	  0.296 	  -83.98 	 
8.714999864	  0.294 	  -84.61 	 
8.731599864	  0.293 	  -85.04 	 
8.748199863	  0.293 	  -85.39 	 
8.764799863	  0.292 	  -85.46 	 
8.781399863	  0.292 	  -85.06 	 
8.797999863	  0.293 	  -84.48 	 
8.814599862	  0.293 	  -83.75 	 
8.831199862	  0.294 	  -82.70 	 
8.847799862	  0.295 	  -81.29 	 
8.864399862	  0.297 	  -79.88 	 
8.880999861	  0.298 	  -78.32 	 
8.897599861	  0.300 	  -76.41 	 
8.914199861	  0.302 	  -74.50 	 
8.930799861	  0.305 	  -72.21 	 
8.947399860	  0.307 	  -69.96 	 
8.963999860	  0.310 	  -67.51 	 
8.980599860	  0.313 	  -65.09 	 
8.997199859	  0.316 	  -62.62 	 
9.013799859	  0.321 	  -60.13 	 
9.030399859	  0.323 	  -57.65 	 
9.046999859	  0.327 	  -55.27 	 
9.063599858	  0.331 	  -52.87 	 
9.080199858	  0.335 	  -50.66 	 
9.096799858	  0.338 	  -48.49 	 
9.113399858	  0.343 	  -46.49 	 
9.129999857	  0.345 	  -44.67 	 
9.146599857	  0.349 	  -42.99 	 
9.163199857	  0.352 	  -41.52 	 
9.179799857	  0.354 	  -40.30 	 
9.196399856	  0.356 	  -39.30 	 
9.212999856	  0.357 	  -38.57 	 
9.229599856	  0.359 	  -38.03 	 
9.246199856	  0.361 	  -37.79 	 
9.262799855	  0.361 	  -37.77 	 
9.279399855	  0.361 	  -38.01 	 
9.295999855	  0.360 	  -38.51 	 
9.312599855	  0.359 	  -39.29 	 
9.329199854	  0.359 	  -40.31 	 
9.345799854	  0.357 	  -41.52 	 
9.362399854	  0.355 	  -43.01 	 
9.378999854	  0.353 	  -44.63 	 
9.395599853	  0.351 	  -46.50 	 
9.412199853	  0.348 	  -48.51 	 
9.428799853	  0.344 	  -50.68 	 
9.445399852	  0.340 	  -52.96 	 
9.461999852	  0.337 	  -55.25 	 
9.478599852	  0.334 	  -57.68 	 
9.495199852	  0.330 	  -60.19 	 
9.511799851	  0.327 	  -62.62 	 
9.528399851	  0.323 	  -65.13 	 
9.544999851	  0.319 	  -67.61 	 
9.561599851	  0.316 	  -69.96 	 
9.578199850	  0.312 	  -72.15 	 
9.594799850	  0.309 	  -74.43 	 
9.611399850	  0.306 	  -76.44 	 
9.627999850	  0.304 	  -78.16 	 
9.644599849	  0.301 	  -79.97 	 
9.661199849	  0.299 	  -81.44 	 
9.677799849	  0.296 	  -82.73 	 
9.694399849	  0.296 	  -83.81 	 
9.710999848	  0.294 	  -84.63 	 
9.727599848	  0.293 	  -85.05 	 
9.744199848	  0.292 	  -85.36 	 
9.760799848	  0.292 	  -85.47 	 
9.777399847	  0.292 	  -85.22 	 
9.793999847	  0.292 	  -84.59 	 
9.810599847	  0.293 	  -83.90 	 
9.827199847	  0.293 	  -82.95 	 
9.843799846	  0.294 	  -81.99 	 
9.860399846	  0.296 	  -80.59 	 
9.876999846	  0.298 	  -78.93 	 
9.893599845	  0.299 	  -76.92 	 
9.910199845	  0.301 	  -74.86 	 
9.926799845	  0.303 	  -72.75 	 
9.943399845	  0.306 	  -70.53 	 
9.959999844	  0.309 	  -68.14 	 
9.976599844	  0.312 	  -65.78 	 
9.993199844	  0.315 	  -63.29 	 
10.009799844	  0.318 	  -60.87 	 
10.026399843	  0.322 	  -58.32 	 
10.042999843	  0.325 	  -55.90 	 
10.059599843	  0.329 	  -53.48 	 
10.076199843	  0.334 	  -51.14 	 
10.092799842	  0.337 	  -48.95 	 
10.109399842	  0.341 	  -46.97 	 
10.125999842	  0.344 	  -45.10 	 
10.142599842	  0.348 	  -43.38 	 
10.159199841	  0.351 	  -41.85 	 
10.175799841	  0.353 	  -40.61 	 
10.192399841	  0.356 	  -39.47 	 
10.208999841	  0.358 	  -38.70 	 
10.225599840	  0.359 	  -38.12 	 
10.242199840	  0.360 	  -37.78 	 
10.258799840	  0.361 	  -37.72 	 
10.275399840	  0.360 	  -37.90 	 
10.291999839	  0.360 	  -38.34 	 
10.308599839	  0.359 	  -39.08 	 
10.325199839	  0.359 	  -39.99 	 
10.341799838	  0.357 	  -41.25 	 
10.358399838	  0.355 	  -42.64 	 
10.374999838	  0.353 	  -44.21 	 
10.391599838	  0.351 	  -46.02 	 
10.408199837	  0.348 	  -48.03 	 
10.424799837	  0.345 	  -50.11 	 
10.441399837	  0.341 	  -52.41 	 
10.457999837	  0.337 	  -54.75 	 
10.474599836	  0.335 	  -57.09 	 
10.491199836	  0.331 	  -59.57 	 
10.507799836	  0.327 	  -62.10 	 
10.524399836	  0.323 	  -64.56 	 
10.540999835	  0.320 	  -66.98 	 
10.557599835	  0.316 	  -69.31 	 
10.574199835	  0.313 	  -71.64 	 
10.590799835	  0.309 	  -73.88 	 
10.607399834	  0.306 	  -75.94 	 
10.623999834	  0.304 	  -77.72 	 
10.640599834	  0.301 	  -79.45 	 
10.657199834	  0.299 	  -81.03 	 
10.673799833	  0.296 	  -82.38 	 
10.690399833	  0.295 	  -83.39 	 
10.706999833	  0.294 	  -84.36 	 
10.723599833	  0.293 	  -84.95 	 
10.740199832	  0.292 	  -85.21 	 
10.756799832	  0.292 	  -85.41 	 
10.773399832	  0.291 	  -85.41 	 
10.789999831	  0.292 	  -84.94 	 
10.806599831	  0.293 	  -84.09 	 
10.823199831	  0.293 	  -83.25 	 
10.839799831	  0.294 	  -82.36 	 
10.856399830	  0.295 	  -80.99 	 
10.872999830	  0.297 	  -79.26 	 
10.889599830	  0.298 	  -77.15 	 
10.906199830	  0.301 	  -75.27 	 
10.922799829	  0.302 	  -73.25 	 
10.939399829	  0.305 	  -71.04 	 
10.955999829	  0.307 	  -68.71 	 
10.972599829	  0.310 	  -66.29 	 
10.989199828	  0.313 	  -63.78 	 
11.005799828	  0.318 	  -61.38 	 
11.022399828	  0.321 	  -58.92 	 
11.038999828	  0.325 	  -56.45 	 
11.055599827	  0.328 	  -54.06 	 
11.072199827	  0.332 	  -51.66 	 
11.088799827	  0.336 	  -49.52 	 
11.105399827	  0.339 	  -47.42 	 
11.121999826	  0.343 	  -45.52 	 
11.138599826	  0.346 	  -43.81 	 
11.155199826	  0.349 	  -42.21 	 
11.171799826	  0.352 	  -40.88 	 
11.188399825	  0.354 	  -39.77 	 
11.204999825	  0.357 	  -38.84 	 
11.221599825	  0.358 	  -38.21 	 
11.238199824	  0.359 	  -37.86 	 
11.254799824	  0.360 	  -37.73 	 
11.271399824	  0.360 	  -37.85 	 
11.287999824	  0.360 	  -38.21 	 
11.304599823	  0.360 	  -38.87 	 
11.321199823	  0.358 	  -39.75 	 
11.337799823	  0.357 	  -40.93 	 
11.354399823	  0.355 	  -42.28 	 
11.370999822	  0.353 	  -43.83 	 
11.387599822	  0.351 	  -45.63 	 
11.404199822	  0.348 	  -47.48 	 
11.420799822	  0.345 	  -49.60 	 
11.437399821	  0.342 	  -51.86 	 
11.453999821	  0.338 	  -54.11 	 
11.470599821	  0.335 	  -56.57 	 
11.487199821	  0.331 	  -58.91 	 
11.503799820	  0.327 	  -61.48 	 
11.520399820	  0.324 	  -63.98 	 
11.536999820	  0.319 	  -66.44 	 
11.553599820	  0.316 	  -68.83 	 
11.570199819	  0.313 	  -71.10 	 
11.586799819	  0.310 	  -73.29 	 
11.603399819	  0.306 	  -75.36 	 
11.619999819	  0.304 	  -77.44 	 
11.636599818	  0.301 	  -79.15 	 
11.653199818	  0.299 	  -80.66 	 
11.669799818	  0.297 	  -81.92 	 
11.686399817	  0.295 	  -83.20 	 
11.702999817	  0.294 	  -84.20 	 
11.719599817	  0.293 	  -84.90 	 
11.736199817	  0.291 	  -85.39 	 
11.752799816	  0.291 	  -85.48 	 
11.769399816	  0.291 	  -85.36 	 
11.785999816	  0.291 	  -84.97 	 
11.802599816	  0.292 	  -84.48 	 
11.819199815	  0.292 	  -83.67 	 
11.835799815	  0.293 	  -82.53 	 
11.852399815	  0.293 	  -81.19 	 
11.868999815	  0.296 	  -79.56 	 
11.885599814	  0.297 	  -77.70 	 
11.902199814	  0.299 	  -75.64 	 
11.918799814	  0.302 	  -73.75 	 
11.935399814	  0.304 	  -71.64 	 
11.951999813	  0.306 	  -69.30 	 
11.968599813	  0.310 	  -66.90 	 
11.985199813	  0.313 	  -64.48 	 
12.001799813	  0.316 	  -61.96 	 
12.018399812	  0.320 	  -59.51 	 
12.034999812	  0.323 	  -57.10 	 
12.051599812	  0.326 	  -54.64 	 
12.068199812	  0.330 	  -52.22 	 
12.084799811	  0.334 	  -50.09 	 
12.101399811	  0.337 	  -47.88 	 
12.117999811	  0.341 	  -45.98 	 
12.134599810	  0.344 	  -44.19 	 
12.151199810	  0.348 	  -42.55 	 
12.167799810	  0.351 	  -41.19 	 
12.184399810	  0.353 	  -40.05 	 
12.200999809	  0.355 	  -39.09 	 
12.217599809	  0.357 	  -38.38 	 
12.234199809	  0.359 	  -37.92 	 
12.250799809	  0.359 	  -37.73 	 
12.267399808	  0.360 	  -37.81 	 
12.283999808	  0.360 	  -38.13 	 
12.300599808	  0.359 	  -38.73 	 
12.317199808	  0.358 	  -39.54 	 
12.333799807	  0.357 	  -40.59 	 
12.350399807	  0.355 	  -41.89 	 
12.366999807	  0.354 	  -43.41 	 
12.383599807	  0.351 	  -45.17 	 
12.400199806	  0.348 	  -47.04 	 
12.416799806	  0.345 	  -49.14 	 
12.433399806	  0.342 	  -51.29 	 
12.449999806	  0.339 	  -53.53 	 
12.466599805	  0.335 	  -55.97 	 
12.483199805	  0.330 	  -58.46 	 
12.499799805	  0.328 	  -60.89 	 
12.516399805	  0.324 	  -63.44 	 
12.532999804	  0.320 	  -65.87 	 
12.549599804	  0.317 	  -68.21 	 
12.566199804	  0.313 	  -70.67 	 
12.582799803	  0.309 	  -72.81 	 
12.599399803	  0.307 	  -74.89 	 
12.615999803	  0.304 	  -77.04 	 
12.632599803	  0.301 	  -78.85 	 
12.649199802	  0.299 	  -80.42 	 
12.665799802	  0.297 	  -81.86 	 
12.682399802	  0.295 	  -83.16 	 
12.698999802	  0.294 	  -83.95 	 
12.715599801	  0.292 	  -84.50 	 
12.732199801	  0.292 	  -85.00 	 
12.748799801	  0.291 	  -85.29 	 
12.765399801	  0.291 	  -85.37 	 
12.781999800	  0.291 	  -85.08 	 
12.798599800	  0.291 	  -84.67 	 
12.815199800	  0.291 	  -83.84 	 
12.831799800	  0.293 	  -82.43 	 
12.848399799	  0.294 	  -81.14 	 
12.864999799	  0.294 	  -79.83 	 
12.881599799	  0.296 	  -78.42 	 
12.898199799	  0.299 	  -76.46 	 
12.914799798	  0.300 	  -74.35 	 
12.931399798	  0.303 	  -72.17 	 
12.947999798	  0.306 	  -69.90 	 
12.964599798	  0.308 	  -67.42 	 
12.981199797	  0.311 	  -64.99 	 
12.997799797	  0.314 	  -62.54 	 
13.014399797	  0.318 	  -60.15 	 
13.030999796	  0.322 	  -57.66 	 
13.047599796	  0.325 	  -55.19 	 
13.064199796	  0.329 	  -52.83 	 
13.080799796	  0.333 	  -50.57 	 
13.097399795	  0.336 	  -48.44 	 
13.113999795	  0.340 	  -46.49 	 
13.130599795	  0.344 	  -44.56 	 
13.147199795	  0.346 	  -42.94 	 
13.163799794	  0.350 	  -41.50 	 
13.180399794	  0.353 	  -40.29 	 
13.196999794	  0.354 	  -39.28 	 
13.213599794	  0.356 	  -38.51 	 
13.230199793	  0.358 	  -37.98 	 
13.246799793	  0.359 	  -37.76 	 
13.263399793	  0.359 	  -37.76 	 
13.279999793	  0.359 	  -38.05 	 
13.296599792	  0.359 	  -38.54 	 
13.313199792	  0.357 	  -39.31 	 
13.329799792	  0.357 	  -40.31 	 
13.346399792	  0.355 	  -41.61 	 
13.362999791	  0.354 	  -43.03 	 
13.379599791	  0.351 	  -44.74 	 
13.396199791	  0.349 	  -46.62 	 
13.412799791	  0.346 	  -48.55 	 
13.429399790	  0.343 	  -50.70 	 
13.445999790	  0.339 	  -53.00 	 
13.462599790	  0.335 	  -55.37 	 
13.479199789	  0.332 	  -57.84 	 
13.495799789	  0.328 	  -60.30 	 
13.512399789	  0.324 	  -62.80 	 
13.528999789	  0.321 	  -65.22 	 
13.545599788	  0.317 	  -67.67 	 
13.562199788	  0.314 	  -69.96 	 
13.578799788	  0.310 	  -72.35 	 
13.595399788	  0.307 	  -74.54 	 
13.611999787	  0.304 	  -76.60 	 
13.628599787	  0.301 	  -78.24 	 
13.645199787	  0.300 	  -80.11 	 
13.661799787	  0.297 	  -81.63 	 
13.678399786	  0.295 	  -82.83 	 
13.694999786	  0.294 	  -83.72 	 
13.711599786	  0.292 	  -84.39 	 
13.728199786	  0.292 	  -84.89 	 
13.744799785	  0.291 	  -85.29 	 
13.761399785	  0.290 	  -85.43 	 
13.777999785	  0.290 	  -85.24 	 
13.794599785	  0.290 	  -84.75 	 
13.811199784	  0.291 	  -83.90 	 
13.827799784	  0.292 	  -82.80 	 
13.844399784	  0.292 	  -81.83 	 
13.860999784	  0.294 	  -80.35 	 
13.877599783	  0.296 	  -78.77 	 
13.894199783	  0.297 	  -76.87 	 
13.910799783	  0.299 	  -74.90 	 
13.927399782	  0.302 	  -72.66 	 
13.943999782	  0.304 	  -70.44 	 
13.960599782	  0.307 	  -68.02 	 
13.977199782	  0.310 	  -65.58 	 
13.993799781	  0.314 	  -63.22 	 
14.010399781	  0.316 	  -60.69 	 
14.026999781	  0.320 	  -58.24 	 
14.043599781	  0.324 	  -55.83 	 
14.060199780	  0.328 	  -53.31 	 
14.076799780	  0.331 	  -51.10 	 
14.093399780	  0.335 	  -48.96 	 
14.109999780	  0.338 	  -46.91 	 
14.126599779	  0.343 	  -45.02 	 
14.143199779	  0.345 	  -43.32 	 
14.159799779	  0.348 	  -41.78 	 
14.176399779	  0.352 	  -40.55 	 
14.192999778	  0.353 	  -39.50 	 
14.209599778	  0.355 	  -38.69 	 
14.226199778	  0.357 	  -38.11 	 
14.242799778	  0.358 	  -37.82 	 
14.259399777	  0.359 	  -37.70 	 
14.275999777	  0.358 	  -37.94 	 
14.292599777	  0.359 	  -38.38 	 
14.309199777	  0.358 	  -39.15 	 
14.325799776	  0.357 	  -40.06 	 
14.342399776	  0.355 	  -41.23 	 
14.358999776	  0.353 	  -42.61 	 
14.375599775	  0.351 	  -44.34 	 
14.392199775	  0.349 	  -46.07 	 
14.408799775	  0.346 	  -48.12 	 
14.425399775	  0.343 	  -50.20 	 
14.441999774	  0.340 	  -52.40 	 
14.458599774	  0.336 	  -54.76 	 
14.475199774	  0.333 	  -57.23 	 
14.491799774	  0.328 	  -59.64 	 
14.508399773	  0.325 	  -62.12 	 
14.524999773	  0.321 	  -64.75 	 
14.541599773	  0.318 	  -67.07 	 
14.558199773	  0.314 	  -69.41 	 
14.574799772	  0.311 	  -71.78 	 
14.591399772	  0.307 	  -73.92 	 
14.607999772	  0.304 	  -76.10 	 
14.624599772	  0.301 	  -77.84 	 
14.641199771	  0.300 	  -79.44 	 
14.657799771	  0.297 	  -80.96 	 
14.674399771	  0.295 	  -82.52 	 
14.690999771	  0.293 	  -83.68 	 
14.707599770	  0.292 	  -84.29 	 
14.724199770	  0.291 	  -84.76 	 
14.740799770	  0.290 	  -85.22 	 
14.757399769	  0.289 	  -85.44 	 
14.773999769	  0.290 	  -85.33 	 
14.790599769	  0.289 	  -84.87 	 
14.807199769	  0.290 	  -84.03 	 
14.823799768	  0.291 	  -83.28 	 
14.840399768	  0.292 	  -82.26 	 
14.856999768	  0.293 	  -80.95 	 
14.873599768	  0.294 	  -79.25 	 
14.890199767	  0.296 	  -77.15 	 
14.906799767	  0.299 	  -75.16 	 
14.923399767	  0.300 	  -73.19 	 
14.939999767	  0.303 	  -70.99 	 
14.956599766	  0.306 	  -68.67 	 
14.973199766	  0.309 	  -66.22 	 
14.989799766	  0.312 	  -63.69 	 
15.006399766	  0.315 	  -61.34 	 
15.022999765	  0.319 	  -58.84 	 
15.039599765	  0.323 	  -56.33 	 
15.056199765	  0.327 	  -53.94 	 
15.072799765	  0.330 	  -51.64 	 
15.089399764	  0.334 	  -49.43 	 
15.105999764	  0.338 	  -47.40 	 
15.122599764	  0.340 	  -45.44 	 
15.139199764	  0.344 	  -43.72 	 
15.155799763	  0.348 	  -42.17 	 
15.172399763	  0.351 	  -40.83 	 
15.188999763	  0.353 	  -39.70 	 
15.205599762	  0.355 	  -38.87 	 
15.222199762	  0.357 	  -38.23 	 
15.238799762	  0.357 	  -37.85 	 
15.255399762	  0.358 	  -37.74 	 
15.271999761	  0.358 	  -37.85 	 
15.288599761	  0.358 	  -38.25 	 
15.305199761	  0.357 	  -38.95 	 
15.321799761	  0.356 	  -39.81 	 
15.338399760	  0.355 	  -40.95 	 
15.354999760	  0.353 	  -42.28 	 
15.371599760	  0.351 	  -43.86 	 
15.388199760	  0.349 	  -45.68 	 
15.404799759	  0.346 	  -47.54 	 
15.421399759	  0.343 	  -49.72 	 
15.437999759	  0.340 	  -51.88 	 
15.454599759	  0.336 	  -54.25 	 
15.471199758	  0.332 	  -56.59 	 
15.487799758	  0.329 	  -59.12 	 
15.504399758	  0.325 	  -61.59 	 
15.520999758	  0.322 	  -64.11 	 
15.537599757	  0.318 	  -66.48 	 
15.554199757	  0.314 	  -68.92 	 
15.570799757	  0.311 	  -71.21 	 
15.587399757	  0.307 	  -73.38 	 
15.603999756	  0.305 	  -75.49 	 
15.620599756	  0.302 	  -77.50 	 
15.637199756	  0.299 	  -79.29 	 
15.653799755	  0.297 	  -80.82 	 
15.670399755	  0.295 	  -82.11 	 
15.686999755	  0.293 	  -83.24 	 
15.703599755	  0.292 	  -84.12 	 
15.720199754	  0.290 	  -84.89 	 
15.736799754	  0.290 	  -85.31 	 
15.753399754	  0.290 	  -85.33 	 
15.769999754	  0.289 	  -85.14 	 
15.786599753	  0.290 	  -84.82 	 
15.803199753	  0.290 	  -84.30 	 
15.819799753	  0.290 	  -83.42 	 
15.836399753	  0.291 	  -82.37 	 
15.852999752	  0.292 	  -81.17 	 
15.869599752	  0.294 	  -79.62 	 
15.886199752	  0.295 	  -77.70 	 
15.902799752	  0.298 	  -75.78 	 
15.919399751	  0.300 	  -73.69 	 
15.935999751	  0.302 	  -71.37 	 
15.952599751	  0.304 	  -69.13 	 
15.969199751	  0.308 	  -66.83 	 
15.985799750	  0.311 	  -64.35 	 
16.002399750	  0.315 	  -61.83 	 
16.018999750	  0.318 	  -59.36 	 
16.035599750	  0.322 	  -56.94 	 
16.052199749	  0.325 	  -54.56 	 
16.068799749	  0.329 	  -52.22 	 
16.085399749	  0.333 	  -49.93 	 
16.101999748	  0.336 	  -47.88 	 
16.118599748	  0.339 	  -45.88 	 
16.135199748	  0.342 	  -44.13 	 
16.151799748	  0.346 	  -42.53 	 
16.168399747	  0.349 	  -41.10 	 
16.184999747	  0.352 	  -40.00 	 
16.201599747	  0.353 	  -39.02 	 
16.218199747	  0.355 	  -38.32 	 
16.234799746	  0.357 	  -37.92 	 
16.251399746	  0.357 	  -37.75 	 
16.267999746	  0.358 	  -37.80 	 
16.284599746	  0.358 	  -38.12 	 
16.301199745	  0.357 	  -38.72 	 
16.317799745	  0.356 	  -39.59 	 
16.334399745	  0.356 	  -40.66 	 
16.350999745	  0.353 	  -41.95 	 
16.367599744	  0.352 	  -43.53 	 
16.384199744	  0.349 	  -45.23 	 
16.400799744	  0.346 	  -47.11 	 
16.417399744	  0.343 	  -49.14 	 
16.433999743	  0.341 	  -51.33 	 
16.450599743	  0.337 	  -53.64 	 
16.467199743	  0.333 	  -56.09 	 
16.483799743	  0.330 	  -58.55 	 
16.500399742	  0.326 	  -60.92 	 
16.516999742	  0.322 	  -63.41 	 
16.533599742	  0.319 	  -65.86 	 
16.550199741	  0.315 	  -68.28 	 
16.566799741	  0.311 	  -70.65 	 
16.583399741	  0.308 	  -72.88 	 
16.599999741	  0.304 	  -75.09 	 
16.616599740	  0.303 	  -76.91 	 
16.633199740	  0.300 	  -78.68 	 
16.649799740	  0.298 	  -80.40 	 
16.666399740	  0.295 	  -81.82 	 
16.682999739	  0.293 	  -83.11 	 
16.699599739	  0.292 	  -84.07 	 
16.716199739	  0.290 	  -84.79 	 
16.732799739	  0.290 	  -85.09 	 
16.749399738	  0.290 	  -85.33 	 
16.765999738	  0.289 	  -85.39 	 
16.782599738	  0.289 	  -85.04 	 
16.799199738	  0.290 	  -84.48 	 
16.815799737	  0.290 	  -83.73 	 
16.832399737	  0.291 	  -82.73 	 
16.848999737	  0.291 	  -81.57 	 
16.865599737	  0.293 	  -80.04 	 
16.882199736	  0.295 	  -78.07 	 
16.898799736	  0.297 	  -76.21 	 
16.915399736	  0.299 	  -74.13 	 
16.931999736	  0.301 	  -71.99 	 
16.948599735	  0.303 	  -69.68 	 
16.965199735	  0.307 	  -67.42 	 
16.981799735	  0.310 	  -64.98 	 
