0.000000000	  0.178 	  -62.21 	 
0.016600000	  0.181 	  -59.75 	 
0.033199999	  0.183 	  -57.23 	 
0.049799999	  0.186 	  -54.88 	 
0.066399999	  0.188 	  -52.52 	 
0.082999999	  0.190 	  -50.24 	 
0.099599998	  0.192 	  -48.08 	 
0.116199998	  0.195 	  -46.10 	 
0.132799998	  0.198 	  -44.30 	 
0.149399998	  0.199 	  -42.66 	 
0.165999997	  0.201 	  -41.25 	 
0.182599997	  0.202 	  -40.05 	 
0.199199997	  0.204 	  -39.09 	 
0.215799997	  0.205 	  -38.36 	 
0.232399996	  0.205 	  -37.92 	 
0.248999996	  0.207 	  -37.66 	 
0.265599996	  0.207 	  -37.73 	 
0.282199996	  0.206 	  -37.99 	 
0.298799995	  0.206 	  -38.60 	 
0.315399995	  0.206 	  -39.32 	 
0.331999995	  0.204 	  -40.46 	 
0.348599995	  0.204 	  -41.71 	 
0.365199994	  0.202 	  -43.20 	 
0.381799994	  0.201 	  -44.89 	 
0.398399994	  0.199 	  -46.78 	 
0.414999994	  0.197 	  -48.82 	 
0.431599993	  0.195 	  -51.00 	 
0.448199993	  0.193 	  -53.33 	 
0.464799993	  0.191 	  -55.65 	 
0.481399992	  0.189 	  -58.11 	 
0.497999992	  0.186 	  -60.63 	 
0.514599992	  0.183 	  -63.13 	 
0.531199992	  0.181 	  -65.62 	 
0.547799991	  0.179 	  -67.99 	 
0.564399991	  0.177 	  -70.42 	 
0.580999991	  0.175 	  -72.68 	 
0.597599991	  0.173 	  -74.76 	 
0.614199990	  0.171 	  -76.78 	 
0.630799990	  0.169 	  -78.69 	 
0.647399990	  0.167 	  -80.26 	 
0.663999990	  0.165 	  -81.65 	 
0.680599989	  0.164 	  -83.02 	 
0.697199989	  0.164 	  -83.88 	 
0.713799989	  0.162 	  -84.62 	 
0.730399989	  0.162 	  -85.27 	 
0.746999988	  0.161 	  -85.55 	 
0.763599988	  0.161 	  -85.50 	 
0.780199988	  0.161 	  -85.24 	 
0.796799988	  0.161 	  -84.65 	 
0.813399987	  0.161 	  -83.84 	 
0.829999987	  0.163 	  -82.94 	 
0.846599987	  0.163 	  -81.58 	 
0.863199987	  0.164 	  -80.18 	 
0.879799986	  0.165 	  -78.49 	 
0.896399986	  0.166 	  -76.59 	 
0.912999986	  0.168 	  -74.58 	 
0.929599985	  0.169 	  -72.43 	 
0.946199985	  0.171 	  -70.13 	 
0.962799985	  0.173 	  -67.82 	 
0.979399985	  0.175 	  -65.30 	 
0.995999984	  0.178 	  -62.88 	 
1.012599984	  0.180 	  -60.30 	 
1.029199984	  0.182 	  -57.89 	 
1.045799984	  0.184 	  -55.39 	 
1.062399983	  0.187 	  -53.07 	 
1.078999983	  0.189 	  -50.72 	 
1.095599983	  0.191 	  -48.60 	 
1.112199983	  0.194 	  -46.56 	 
1.128799982	  0.196 	  -44.76 	 
1.145399982	  0.198 	  -43.07 	 
1.161999982	  0.200 	  -41.60 	 
1.178599982	  0.202 	  -40.29 	 
1.195199981	  0.202 	  -39.34 	 
1.211799981	  0.204 	  -38.48 	 
1.228399981	  0.205 	  -38.01 	 
1.244999981	  0.206 	  -37.73 	 
1.261599980	  0.207 	  -37.70 	 
1.278199980	  0.206 	  -37.97 	 
1.294799980	  0.206 	  -38.38 	 
1.311399980	  0.205 	  -39.20 	 
1.327999979	  0.205 	  -40.22 	 
1.344599979	  0.204 	  -41.40 	 
1.361199979	  0.203 	  -42.83 	 
1.377799978	  0.201 	  -44.51 	 
1.394399978	  0.199 	  -46.30 	 
1.410999978	  0.198 	  -48.28 	 
1.427599978	  0.195 	  -50.55 	 
1.444199977	  0.194 	  -52.75 	 
1.460799977	  0.191 	  -55.12 	 
1.477399977	  0.189 	  -57.56 	 
1.493999977	  0.187 	  -60.01 	 
1.510599976	  0.184 	  -62.49 	 
1.527199976	  0.181 	  -64.99 	 
1.543799976	  0.180 	  -67.41 	 
1.560399976	  0.177 	  -69.85 	 
1.576999975	  0.175 	  -72.07 	 
1.593599975	  0.173 	  -74.21 	 
1.610199975	  0.171 	  -76.25 	 
1.626799975	  0.169 	  -78.23 	 
1.643399974	  0.168 	  -79.75 	 
1.659999974	  0.166 	  -81.43 	 
1.676599974	  0.164 	  -82.52 	 
1.693199974	  0.164 	  -83.73 	 
1.709799973	  0.162 	  -84.54 	 
1.726399973	  0.162 	  -85.04 	 
1.742999973	  0.161 	  -85.28 	 
1.759599973	  0.161 	  -85.39 	 
1.776199972	  0.161 	  -85.19 	 
1.792799972	  0.161 	  -84.72 	 
1.809399972	  0.161 	  -84.01 	 
1.825999971	  0.162 	  -83.08 	 
1.842599971	  0.162 	  -81.86 	 
1.859199971	  0.164 	  -80.51 	 
1.875799971	  0.165 	  -78.82 	 
1.892399970	  0.166 	  -77.03 	 
1.908999970	  0.167 	  -75.05 	 
1.925599970	  0.169 	  -72.99 	 
1.942199970	  0.170 	  -70.60 	 
1.958799969	  0.173 	  -68.26 	 
1.975399969	  0.174 	  -65.89 	 
1.991999969	  0.176 	  -63.39 	 
2.008599969	  0.179 	  -60.93 	 
2.025199968	  0.181 	  -58.46 	 
2.041799968	  0.183 	  -55.97 	 
2.058399968	  0.186 	  -53.62 	 
2.074999968	  0.188 	  -51.34 	 
2.091599967	  0.190 	  -49.10 	 
2.108199967	  0.193 	  -47.09 	 
2.124799967	  0.195 	  -45.18 	 
2.141399967	  0.197 	  -43.53 	 
2.157999966	  0.199 	  -41.96 	 
2.174599966	  0.201 	  -40.71 	 
2.191199966	  0.202 	  -39.56 	 
2.207799966	  0.204 	  -38.78 	 
2.224399965	  0.204 	  -38.14 	 
2.240999965	  0.205 	  -37.84 	 
2.257599965	  0.206 	  -37.75 	 
2.274199964	  0.206 	  -37.89 	 
2.290799964	  0.206 	  -38.30 	 
2.307399964	  0.205 	  -38.98 	 
2.323999964	  0.204 	  -39.97 	 
2.340599963	  0.204 	  -41.10 	 
2.357199963	  0.203 	  -42.54 	 
2.373799963	  0.201 	  -44.08 	 
2.390399963	  0.199 	  -45.88 	 
2.406999962	  0.197 	  -47.87 	 
2.423599962	  0.196 	  -49.94 	 
2.440199962	  0.194 	  -52.20 	 
2.456799962	  0.191 	  -54.54 	 
2.473399961	  0.189 	  -56.88 	 
2.489999961	  0.187 	  -59.41 	 
2.506599961	  0.184 	  -61.83 	 
2.523199961	  0.183 	  -64.35 	 
2.539799960	  0.180 	  -66.78 	 
2.556399960	  0.177 	  -69.19 	 
2.572999960	  0.175 	  -71.48 	 
2.589599960	  0.173 	  -73.67 	 
2.606199959	  0.171 	  -75.74 	 
2.622799959	  0.169 	  -77.79 	 
2.639399959	  0.167 	  -79.32 	 
2.655999959	  0.166 	  -81.03 	 
2.672599958	  0.165 	  -82.24 	 
2.689199958	  0.163 	  -83.44 	 
2.705799958	  0.162 	  -84.21 	 
2.722399957	  0.162 	  -84.91 	 
2.738999957	  0.161 	  -85.20 	 
2.755599957	  0.160 	  -85.38 	 
2.772199957	  0.160 	  -85.26 	 
2.788799956	  0.161 	  -84.93 	 
2.805399956	  0.161 	  -84.15 	 
2.821999956	  0.161 	  -83.21 	 
2.838599956	  0.162 	  -82.16 	 
2.855199955	  0.164 	  -80.87 	 
2.871799955	  0.164 	  -79.17 	 
2.888399955	  0.166 	  -77.44 	 
2.904999955	  0.166 	  -75.51 	 
2.921599954	  0.168 	  -73.37 	 
2.938199954	  0.170 	  -71.21 	 
2.954799954	  0.172 	  -68.89 	 
2.971399954	  0.174 	  -66.43 	 
2.987999953	  0.175 	  -64.00 	 
3.004599953	  0.177 	  -61.55 	 
3.021199953	  0.181 	  -59.01 	 
3.037799953	  0.183 	  -56.60 	 
3.054399952	  0.185 	  -54.19 	 
3.070999952	  0.187 	  -51.86 	 
3.087599952	  0.190 	  -49.62 	 
3.104199952	  0.192 	  -47.57 	 
3.120799951	  0.195 	  -45.64 	 
3.137399951	  0.198 	  -43.86 	 
3.153999951	  0.198 	  -42.35 	 
3.170599950	  0.201 	  -40.94 	 
3.187199950	  0.202 	  -39.83 	 
3.203799950	  0.203 	  -38.91 	 
3.220399950	  0.204 	  -38.29 	 
3.236999949	  0.205 	  -37.85 	 
3.253599949	  0.205 	  -37.75 	 
3.270199949	  0.205 	  -37.83 	 
3.286799949	  0.205 	  -38.22 	 
3.303399948	  0.205 	  -38.77 	 
3.319999948	  0.205 	  -39.72 	 
3.336599948	  0.203 	  -40.77 	 
3.353199948	  0.203 	  -42.20 	 
3.369799947	  0.201 	  -43.68 	 
3.386399947	  0.200 	  -45.44 	 
3.402999947	  0.197 	  -47.37 	 
3.419599947	  0.196 	  -49.47 	 
3.436199946	  0.194 	  -51.64 	 
3.452799946	  0.192 	  -53.99 	 
3.469399946	  0.190 	  -56.35 	 
3.485999946	  0.188 	  -58.81 	 
3.502599945	  0.185 	  -61.25 	 
3.519199945	  0.183 	  -63.76 	 
3.535799945	  0.180 	  -66.16 	 
3.552399945	  0.177 	  -68.67 	 
3.568999944	  0.175 	  -70.91 	 
3.585599944	  0.173 	  -73.12 	 
3.602199944	  0.171 	  -75.24 	 
3.618799943	  0.169 	  -77.12 	 
3.635399943	  0.167 	  -79.06 	 
3.651999943	  0.166 	  -80.66 	 
3.668599943	  0.165 	  -82.00 	 
3.685199942	  0.164 	  -83.05 	 
3.701799942	  0.163 	  -84.12 	 
3.718399942	  0.162 	  -84.67 	 
3.734999942	  0.160 	  -85.25 	 
3.751599941	  0.161 	  -85.37 	 
3.768199941	  0.160 	  -85.27 	 
3.784799941	  0.161 	  -85.02 	 
3.801399941	  0.160 	  -84.36 	 
3.817999940	  0.162 	  -83.51 	 
3.834599940	  0.161 	  -82.48 	 
3.851199940	  0.163 	  -81.10 	 
3.867799940	  0.163 	  -79.63 	 
3.884399939	  0.165 	  -77.92 	 
3.900999939	  0.166 	  -75.97 	 
3.917599939	  0.167 	  -73.94 	 
3.934199939	  0.170 	  -71.78 	 
3.950799938	  0.171 	  -69.38 	 
3.967399938	  0.173 	  -67.11 	 
3.983999938	  0.175 	  -64.54 	 
4.000599938	  0.177 	  -62.12 	 
4.017199937	  0.180 	  -59.64 	 
4.033799937	  0.182 	  -57.16 	 
4.050399937	  0.184 	  -54.75 	 
4.066999936	  0.186 	  -52.41 	 
4.083599936	  0.189 	  -50.16 	 
4.100199936	  0.191 	  -48.03 	 
4.116799936	  0.193 	  -46.10 	 
4.133399935	  0.196 	  -44.28 	 
4.149999935	  0.197 	  -42.70 	 
4.166599935	  0.199 	  -41.20 	 
4.183199935	  0.201 	  -40.11 	 
4.199799934	  0.203 	  -39.04 	 
4.216399934	  0.204 	  -38.44 	 
4.232999934	  0.204 	  -37.92 	 
4.249599934	  0.206 	  -37.73 	 
4.266199933	  0.205 	  -37.78 	 
4.282799933	  0.205 	  -38.07 	 
4.299399933	  0.205 	  -38.61 	 
4.315999933	  0.204 	  -39.45 	 
4.332599932	  0.204 	  -40.55 	 
4.349199932	  0.203 	  -41.85 	 
4.365799932	  0.202 	  -43.31 	 
4.382399932	  0.199 	  -45.02 	 
4.398999931	  0.198 	  -46.82 	 
4.415599931	  0.196 	  -48.97 	 
4.432199931	  0.195 	  -51.09 	 
4.448799931	  0.191 	  -53.45 	 
4.465399930	  0.190 	  -55.73 	 
4.481999930	  0.187 	  -58.19 	 
4.498599930	  0.185 	  -60.68 	 
4.515199929	  0.183 	  -63.16 	 
4.531799929	  0.180 	  -65.67 	 
4.548399929	  0.178 	  -68.09 	 
4.564999929	  0.176 	  -70.39 	 
4.581599928	  0.174 	  -72.68 	 
4.598199928	  0.172 	  -74.71 	 
4.614799928	  0.170 	  -76.80 	 
4.631399928	  0.168 	  -78.50 	 
4.647999927	  0.166 	  -80.29 	 
4.664599927	  0.165 	  -81.70 	 
4.681199927	  0.164 	  -82.85 	 
4.697799927	  0.162 	  -83.90 	 
4.714399926	  0.162 	  -84.58 	 
4.730999926	  0.161 	  -85.17 	 
4.747599926	  0.160 	  -85.35 	 
4.764199926	  0.160 	  -85.35 	 
4.780799925	  0.160 	  -85.06 	 
4.797399925	  0.161 	  -84.43 	 
4.813999925	  0.161 	  -83.84 	 
4.830599925	  0.162 	  -82.71 	 
4.847199924	  0.162 	  -81.50 	 
4.863799924	  0.163 	  -80.04 	 
4.880399924	  0.165 	  -78.25 	 
4.896999924	  0.166 	  -76.42 	 
4.913599923	  0.167 	  -74.47 	 
4.930199923	  0.169 	  -72.24 	 
4.946799923	  0.170 	  -70.02 	 
4.963399922	  0.172 	  -67.62 	 
4.979999922	  0.174 	  -65.23 	 
4.996599922	  0.176 	  -62.60 	 
5.013199922	  0.179 	  -60.28 	 
5.029799921	  0.181 	  -57.72 	 
5.046399921	  0.184 	  -55.33 	 
5.062999921	  0.185 	  -52.96 	 
5.079599921	  0.188 	  -50.70 	 
5.096199920	  0.191 	  -48.55 	 
5.112799920	  0.193 	  -46.49 	 
5.129399920	  0.195 	  -44.72 	 
5.145999920	  0.197 	  -43.07 	 
5.162599919	  0.199 	  -41.56 	 
5.179199919	  0.201 	  -40.35 	 
5.195799919	  0.203 	  -39.27 	 
5.212399919	  0.203 	  -38.56 	 
5.228999918	  0.203 	  -37.98 	 
5.245599918	  0.205 	  -37.79 	 
5.262199918	  0.206 	  -37.73 	 
5.278799918	  0.205 	  -38.03 	 
5.295399917	  0.204 	  -38.47 	 
5.311999917	  0.205 	  -39.23 	 
5.328599917	  0.203 	  -40.24 	 
5.345199917	  0.202 	  -41.50 	 
5.361799916	  0.201 	  -42.92 	 
5.378399916	  0.200 	  -44.58 	 
5.394999916	  0.198 	  -46.43 	 
5.411599915	  0.196 	  -48.39 	 
5.428199915	  0.194 	  -50.57 	 
5.444799915	  0.193 	  -52.86 	 
5.461399915	  0.190 	  -55.24 	 
5.477999914	  0.188 	  -57.63 	 
5.494599914	  0.185 	  -60.04 	 
5.511199914	  0.183 	  -62.66 	 
5.527799914	  0.181 	  -65.03 	 
5.544399913	  0.178 	  -67.51 	 
5.560999913	  0.176 	  -69.87 	 
5.577599913	  0.174 	  -72.17 	 
5.594199913	  0.172 	  -74.25 	 
5.610799912	  0.170 	  -76.32 	 
5.627399912	  0.168 	  -78.16 	 
5.643999912	  0.166 	  -79.92 	 
5.660599912	  0.165 	  -81.41 	 
5.677199911	  0.164 	  -82.58 	 
5.693799911	  0.162 	  -83.69 	 
5.710399911	  0.161 	  -84.53 	 
5.726999911	  0.161 	  -85.01 	 
5.743599910	  0.160 	  -85.43 	 
5.760199910	  0.160 	  -85.37 	 
5.776799910	  0.160 	  -85.17 	 
5.793399910	  0.160 	  -84.75 	 
5.809999909	  0.160 	  -84.05 	 
5.826599909	  0.161 	  -82.94 	 
5.843199909	  0.162 	  -81.80 	 
5.859799908	  0.163 	  -80.40 	 
5.876399908	  0.164 	  -78.79 	 
5.892999908	  0.165 	  -76.95 	 
5.909599908	  0.166 	  -74.99 	 
5.926199907	  0.168 	  -72.81 	 
5.942799907	  0.169 	  -70.54 	 
5.959399907	  0.172 	  -68.19 	 
5.975999907	  0.173 	  -65.82 	 
5.992599906	  0.176 	  -63.34 	 
6.009199906	  0.178 	  -60.81 	 
6.025799906	  0.180 	  -58.37 	 
6.042399906	  0.182 	  -55.92 	 
6.058999905	  0.185 	  -53.55 	 
6.075599905	  0.187 	  -51.23 	 
6.092199905	  0.190 	  -49.08 	 
6.108799905	  0.192 	  -47.01 	 
6.125399904	  0.195 	  -45.20 	 
6.141999904	  0.196 	  -43.43 	 
6.158599904	  0.198 	  -41.91 	 
6.175199904	  0.200 	  -40.62 	 
6.191799903	  0.202 	  -39.55 	 
6.208399903	  0.203 	  -38.71 	 
6.224999903	  0.203 	  -38.16 	 
6.241599903	  0.204 	  -37.81 	 
6.258199902	  0.205 	  -37.73 	 
6.274799902	  0.205 	  -37.90 	 
6.291399902	  0.204 	  -38.39 	 
6.307999901	  0.204 	  -39.00 	 
6.324599901	  0.203 	  -40.02 	 
6.341199901	  0.203 	  -41.16 	 
6.357799901	  0.201 	  -42.59 	 
6.374399900	  0.200 	  -44.20 	 
6.390999900	  0.199 	  -45.94 	 
6.407599900	  0.197 	  -47.89 	 
6.424199900	  0.195 	  -50.04 	 
6.440799899	  0.193 	  -52.32 	 
6.457399899	  0.190 	  -54.65 	 
6.473999899	  0.188 	  -57.02 	 
6.490599899	  0.185 	  -59.51 	 
6.507199898	  0.183 	  -62.03 	 
6.523799898	  0.181 	  -64.47 	 
6.540399898	  0.179 	  -66.88 	 
6.556999898	  0.176 	  -69.28 	 
6.573599897	  0.174 	  -71.63 	 
6.590199897	  0.172 	  -73.85 	 
6.606799897	  0.170 	  -75.78 	 
6.623399897	  0.167 	  -77.84 	 
6.639999896	  0.166 	  -79.46 	 
6.656599896	  0.165 	  -81.05 	 
6.673199896	  0.163 	  -82.37 	 
6.689799896	  0.162 	  -83.44 	 
6.706399895	  0.162 	  -84.30 	 
6.722999895	  0.161 	  -84.97 	 
6.739599895	  0.160 	  -85.32 	 
6.756199894	  0.159 	  -85.38 	 
6.772799894	  0.160 	  -85.33 	 
6.789399894	  0.160 	  -84.91 	 
6.805999894	  0.160 	  -84.20 	 
6.822599893	  0.161 	  -83.31 	 
6.839199893	  0.161 	  -82.16 	 
6.855799893	  0.162 	  -80.80 	 
6.872399893	  0.163 	  -79.21 	 
6.888999892	  0.164 	  -77.39 	 
6.905599892	  0.166 	  -75.40 	 
6.922199892	  0.167 	  -73.39 	 
6.938799892	  0.169 	  -71.12 	 
6.955399891	  0.171 	  -68.78 	 
6.971999891	  0.172 	  -66.40 	 
6.988599891	  0.175 	  -63.96 	 
7.005199891	  0.178 	  -61.42 	 
7.021799890	  0.179 	  -59.03 	 
7.038399890	  0.182 	  -56.48 	 
7.054999890	  0.184 	  -54.13 	 
7.071599890	  0.187 	  -51.81 	 
7.088199889	  0.189 	  -49.66 	 
7.104799889	  0.191 	  -47.46 	 
7.121399889	  0.194 	  -45.62 	 
7.137999889	  0.196 	  -43.82 	 
7.154599888	  0.198 	  -42.22 	 
7.171199888	  0.200 	  -40.90 	 
7.187799888	  0.202 	  -39.81 	 
7.204399887	  0.202 	  -38.87 	 
7.220999887	  0.203 	  -38.27 	 
7.237599887	  0.204 	  -37.85 	 
7.254199887	  0.204 	  -37.74 	 
7.270799886	  0.205 	  -37.85 	 
7.287399886	  0.205 	  -38.21 	 
7.303999886	  0.204 	  -38.88 	 
7.320599886	  0.204 	  -39.77 	 
7.337199885	  0.202 	  -40.85 	 
7.353799885	  0.201 	  -42.24 	 
7.370399885	  0.200 	  -43.77 	 
7.386999885	  0.198 	  -45.53 	 
7.403599884	  0.196 	  -47.50 	 
7.420199884	  0.195 	  -49.54 	 
7.436799884	  0.194 	  -51.75 	 
7.453399884	  0.191 	  -54.11 	 
7.469999883	  0.189 	  -56.43 	 
7.486599883	  0.186 	  -58.92 	 
7.503199883	  0.183 	  -61.42 	 
7.519799883	  0.181 	  -63.89 	 
7.536399882	  0.179 	  -66.28 	 
7.552999882	  0.176 	  -68.70 	 
7.569599882	  0.175 	  -71.06 	 
7.586199882	  0.172 	  -73.30 	 
7.602799881	  0.170 	  -75.40 	 
7.619399881	  0.168 	  -77.34 	 
7.635999881	  0.167 	  -79.11 	 
7.652599880	  0.165 	  -80.74 	 
7.669199880	  0.163 	  -82.08 	 
7.685799880	  0.162 	  -83.26 	 
7.702399880	  0.161 	  -84.05 	 
7.718999879	  0.160 	  -84.89 	 
7.735599879	  0.160 	  -85.17 	 
7.752199879	  0.160 	  -85.37 	 
7.768799879	  0.159 	  -85.29 	 
7.785399878	  0.159 	  -84.98 	 
7.801999878	  0.160 	  -84.43 	 
7.818599878	  0.160 	  -83.55 	 
7.835199878	  0.161 	  -82.39 	 
7.851799877	  0.162 	  -81.12 	 
7.868399877	  0.162 	  -79.58 	 
7.884999877	  0.163 	  -77.85 	 
7.901599877	  0.165 	  -75.90 	 
7.918199876	  0.167 	  -73.87 	 
7.934799876	  0.168 	  -71.65 	 
7.951399876	  0.171 	  -69.40 	 
7.967999876	  0.172 	  -66.92 	 
7.984599875	  0.174 	  -64.53 	 
8.001199875	  0.176 	  -62.06 	 
8.017799875	  0.179 	  -59.59 	 
8.034399875	  0.181 	  -57.04 	 
8.050999874	  0.183 	  -54.70 	 
8.067599874	  0.186 	  -52.27 	 
8.084199874	  0.188 	  -50.10 	 
8.100799873	  0.191 	  -48.00 	 
8.117399873	  0.192 	  -46.02 	 
8.133999873	  0.195 	  -44.24 	 
8.150599873	  0.197 	  -42.62 	 
8.167199872	  0.199 	  -41.20 	 
8.183799872	  0.201 	  -40.07 	 
8.200399872	  0.202 	  -39.10 	 
8.216999872	  0.203 	  -38.36 	 
8.233599871	  0.203 	  -37.90 	 
8.250199871	  0.204 	  -37.75 	 
8.266799871	  0.204 	  -37.79 	 
8.283399871	  0.204 	  -38.11 	 
8.299999870	  0.204 	  -38.69 	 
8.316599870	  0.203 	  -39.46 	 
8.333199870	  0.202 	  -40.59 	 
8.349799870	  0.202 	  -41.87 	 
8.366399869	  0.200 	  -43.32 	 
8.382999869	  0.198 	  -45.13 	 
8.399599869	  0.197 	  -46.95 	 
8.416199869	  0.195 	  -49.00 	 
8.432799868	  0.193 	  -51.15 	 
8.449399868	  0.191 	  -53.49 	 
8.465999868	  0.189 	  -55.90 	 
8.482599868	  0.187 	  -58.30 	 
8.499199867	  0.183 	  -60.81 	 
8.515799867	  0.182 	  -63.30 	 
8.532399867	  0.180 	  -65.76 	 
8.548999866	  0.177 	  -68.08 	 
8.565599866	  0.174 	  -70.51 	 
8.582199866	  0.172 	  -72.74 	 
8.598799866	  0.170 	  -74.82 	 
8.615399865	  0.168 	  -76.91 	 
8.631999865	  0.166 	  -78.65 	 
8.648599865	  0.165 	  -80.37 	 
8.665199865	  0.164 	  -81.64 	 
8.681799864	  0.162 	  -82.98 	 
8.698399864	  0.160 	  -83.92 	 
8.714999864	  0.160 	  -84.59 	 
8.731599864	  0.160 	  -85.17 	 
8.748199863	  0.159 	  -85.37 	 
8.764799863	  0.159 	  -85.33 	 
8.781399863	  0.159 	  -85.04 	 
8.797999863	  0.159 	  -84.59 	 
8.814599862	  0.160 	  -83.77 	 
8.831199862	  0.160 	  -82.63 	 
8.847799862	  0.161 	  -81.46 	 
8.864399862	  0.162 	  -79.96 	 
8.880999861	  0.164 	  -78.25 	 
8.897599861	  0.165 	  -76.40 	 
8.914199861	  0.166 	  -74.39 	 
8.930799861	  0.167 	  -72.18 	 
8.947399860	  0.169 	  -69.90 	 
8.963999860	  0.171 	  -67.60 	 
8.980599860	  0.173 	  -65.10 	 
8.997199859	  0.176 	  -62.61 	 
9.013799859	  0.178 	  -60.18 	 
9.030399859	  0.180 	  -57.68 	 
9.046999859	  0.182 	  -55.23 	 
9.063599858	  0.184 	  -52.85 	 
9.080199858	  0.187 	  -50.62 	 
9.096799858	  0.190 	  -48.51 	 
9.113399858	  0.192 	  -46.47 	 
9.129999857	  0.194 	  -44.63 	 
9.146599857	  0.196 	  -43.01 	 
9.163199857	  0.199 	  -41.52 	 
9.179799857	  0.200 	  -40.29 	 
9.196399856	  0.201 	  -39.30 	 
9.212999856	  0.202 	  -38.56 	 
9.229599856	  0.203 	  -37.98 	 
9.246199856	  0.204 	  -37.78 	 
9.262799855	  0.204 	  -37.73 	 
9.279399855	  0.204 	  -38.03 	 
9.295999855	  0.204 	  -38.47 	 
9.312599855	  0.203 	  -39.35 	 
9.329199854	  0.202 	  -40.25 	 
9.345799854	  0.201 	  -41.58 	 
9.362399854	  0.200 	  -42.94 	 
9.378999854	  0.198 	  -44.72 	 
9.395599853	  0.197 	  -46.48 	 
9.412199853	  0.195 	  -48.51 	 
9.428799853	  0.193 	  -50.63 	 
9.445399852	  0.191 	  -52.91 	 
9.461999852	  0.189 	  -55.30 	 
9.478599852	  0.187 	  -57.72 	 
9.495199852	  0.184 	  -60.17 	 
9.511799851	  0.182 	  -62.76 	 
9.528399851	  0.180 	  -65.12 	 
9.544999851	  0.177 	  -67.57 	 
9.561599851	  0.175 	  -69.88 	 
9.578199850	  0.173 	  -72.30 	 
9.594799850	  0.171 	  -74.35 	 
9.611399850	  0.168 	  -76.43 	 
9.627999850	  0.167 	  -78.29 	 
9.644599849	  0.165 	  -79.97 	 
9.661199849	  0.164 	  -81.42 	 
9.677799849	  0.162 	  -82.65 	 
9.694399849	  0.161 	  -83.73 	 
9.710999848	  0.160 	  -84.56 	 
9.727599848	  0.159 	  -85.02 	 
9.744199848	  0.159 	  -85.37 	 
9.760799848	  0.159 	  -85.39 	 
9.777399847	  0.159 	  -85.19 	 
9.793999847	  0.159 	  -84.69 	 
9.810599847	  0.159 	  -83.97 	 
9.827199847	  0.160 	  -82.96 	 
9.843799846	  0.161 	  -81.79 	 
9.860399846	  0.162 	  -80.36 	 
9.876999846	  0.163 	  -78.72 	 
9.893599845	  0.164 	  -76.86 	 
9.910199845	  0.166 	  -74.85 	 
9.926799845	  0.167 	  -72.72 	 
9.943399845	  0.169 	  -70.53 	 
9.959999844	  0.171 	  -68.08 	 
9.976599844	  0.172 	  -65.69 	 
9.993199844	  0.175 	  -63.25 	 
10.009799844	  0.177 	  -60.79 	 
10.026399843	  0.179 	  -58.26 	 
10.042999843	  0.182 	  -55.89 	 
10.059599843	  0.184 	  -53.41 	 
10.076199843	  0.187 	  -51.22 	 
10.092799842	  0.189 	  -48.95 	 
10.109399842	  0.191 	  -47.02 	 
10.125999842	  0.194 	  -45.06 	 
10.142599842	  0.196 	  -43.35 	 
10.159199841	  0.197 	  -41.85 	 
10.175799841	  0.199 	  -40.55 	 
10.192399841	  0.201 	  -39.49 	 
10.208999841	  0.202 	  -38.74 	 
10.225599840	  0.203 	  -38.11 	 
10.242199840	  0.203 	  -37.77 	 
10.258799840	  0.204 	  -37.72 	 
10.275399840	  0.204 	  -37.92 	 
10.291999839	  0.204 	  -38.36 	 
10.308599839	  0.203 	  -39.09 	 
10.325199839	  0.203 	  -40.02 	 
10.341799838	  0.201 	  -41.20 	 
10.358399838	  0.200 	  -42.55 	 
10.374999838	  0.198 	  -44.24 	 
10.391599838	  0.197 	  -46.01 	 
10.408199837	  0.195 	  -48.02 	 
10.424799837	  0.193 	  -50.13 	 
10.441399837	  0.192 	  -52.40 	 
10.457999837	  0.189 	  -54.64 	 
10.474599836	  0.187 	  -57.15 	 
10.491199836	  0.184 	  -59.56 	 
10.507799836	  0.183 	  -62.08 	 
10.524399836	  0.180 	  -64.52 	 
10.540999835	  0.177 	  -66.98 	 
10.557599835	  0.175 	  -69.39 	 
10.574199835	  0.173 	  -71.74 	 
10.590799835	  0.172 	  -73.80 	 
10.607399834	  0.169 	  -76.07 	 
10.623999834	  0.167 	  -77.74 	 
10.640599834	  0.165 	  -79.61 	 
10.657199834	  0.164 	  -80.99 	 
10.673799833	  0.162 	  -82.50 	 
10.690399833	  0.161 	  -83.48 	 
10.706999833	  0.160 	  -84.31 	 
10.723599833	  0.160 	  -85.00 	 
10.740199832	  0.159 	  -85.29 	 
10.756799832	  0.158 	  -85.39 	 
10.773399832	  0.159 	  -85.22 	 
10.789999831	  0.158 	  -84.87 	 
10.806599831	  0.159 	  -84.14 	 
10.823199831	  0.159 	  -83.28 	 
10.839799831	  0.161 	  -82.06 	 
10.856399830	  0.161 	  -80.67 	 
10.872999830	  0.162 	  -79.12 	 
10.889599830	  0.163 	  -77.30 	 
10.906199830	  0.164 	  -75.41 	 
10.922799829	  0.167 	  -73.26 	 
10.939399829	  0.168 	  -71.04 	 
10.955999829	  0.170 	  -68.68 	 
10.972599829	  0.172 	  -66.31 	 
10.989199828	  0.174 	  -63.85 	 
11.005799828	  0.176 	  -61.37 	 
11.022399828	  0.178 	  -58.86 	 
11.038999828	  0.181 	  -56.38 	 
11.055599827	  0.183 	  -54.00 	 
11.072199827	  0.186 	  -51.69 	 
11.088799827	  0.188 	  -49.54 	 
11.105399827	  0.191 	  -47.39 	 
11.121999826	  0.192 	  -45.54 	 
11.138599826	  0.194 	  -43.71 	 
11.155199826	  0.196 	  -42.22 	 
11.171799826	  0.199 	  -40.84 	 
11.188399825	  0.200 	  -39.71 	 
11.204999825	  0.202 	  -38.85 	 
11.221599825	  0.202 	  -38.24 	 
11.238199824	  0.203 	  -37.84 	 
11.254799824	  0.204 	  -37.73 	 
11.271399824	  0.204 	  -37.88 	 
11.287999824	  0.203 	  -38.25 	 
11.304599823	  0.203 	  -38.87 	 
11.321199823	  0.202 	  -39.74 	 
11.337799823	  0.202 	  -40.91 	 
11.354399823	  0.200 	  -42.31 	 
11.370999822	  0.199 	  -43.77 	 
11.387599822	  0.197 	  -45.64 	 
11.404199822	  0.196 	  -47.48 	 
11.420799822	  0.194 	  -49.64 	 
11.437399821	  0.192 	  -51.80 	 
11.453999821	  0.189 	  -54.18 	 
11.470599821	  0.188 	  -56.51 	 
11.487199821	  0.184 	  -59.01 	 
11.503799820	  0.183 	  -61.46 	 
11.520399820	  0.180 	  -63.94 	 
11.536999820	  0.178 	  -66.39 	 
11.553599820	  0.176 	  -68.84 	 
11.570199819	  0.173 	  -71.15 	 
11.586799819	  0.171 	  -73.38 	 
11.603399819	  0.169 	  -75.45 	 
11.619999819	  0.168 	  -77.43 	 
11.636599818	  0.165 	  -79.10 	 
11.653199818	  0.164 	  -80.79 	 
11.669799818	  0.162 	  -82.15 	 
11.686399817	  0.161 	  -83.31 	 
11.702999817	  0.160 	  -84.21 	 
11.719599817	  0.160 	  -84.86 	 
11.736199817	  0.159 	  -85.27 	 
11.752799816	  0.159 	  -85.36 	 
11.769399816	  0.159 	  -85.33 	 
11.785999816	  0.158 	  -84.98 	 
11.802599816	  0.159 	  -84.34 	 
11.819199815	  0.159 	  -83.52 	 
11.835799815	  0.160 	  -82.26 	 
11.852399815	  0.160 	  -81.14 	 
11.868999815	  0.162 	  -79.49 	 
11.885599814	  0.162 	  -77.75 	 
11.902199814	  0.164 	  -75.89 	 
11.918799814	  0.166 	  -73.82 	 
11.935399814	  0.168 	  -71.54 	 
11.951999813	  0.170 	  -69.32 	 
11.968599813	  0.171 	  -66.85 	 
11.985199813	  0.173 	  -64.44 	 
12.001799813	  0.176 	  -61.91 	 
12.018399812	  0.178 	  -59.49 	 
12.034999812	  0.180 	  -57.01 	 
12.051599812	  0.183 	  -54.62 	 
12.068199812	  0.184 	  -52.22 	 
12.084799811	  0.188 	  -50.04 	 
12.101399811	  0.190 	  -47.90 	 
12.117999811	  0.192 	  -45.92 	 
12.134599810	  0.194 	  -44.16 	 
12.151199810	  0.196 	  -42.58 	 
12.167799810	  0.197 	  -41.19 	 
12.184399810	  0.199 	  -39.98 	 
12.200999809	  0.201 	  -39.02 	 
12.217599809	  0.202 	  -38.32 	 
12.234199809	  0.203 	  -37.95 	 
12.250799809	  0.203 	  -37.75 	 
12.267399808	  0.203 	  -37.75 	 
12.283999808	  0.203 	  -38.12 	 
12.300599808	  0.203 	  -38.69 	 
12.317199808	  0.202 	  -39.52 	 
12.333799807	  0.201 	  -40.56 	 
12.350399807	  0.201 	  -41.94 	 
12.366999807	  0.199 	  -43.47 	 
12.383599807	  0.197 	  -45.11 	 
12.400199806	  0.196 	  -47.04 	 
12.416799806	  0.194 	  -49.06 	 
12.433399806	  0.192 	  -51.29 	 
12.449999806	  0.190 	  -53.61 	 
12.466599805	  0.187 	  -55.98 	 
12.483199805	  0.186 	  -58.40 	 
12.499799805	  0.183 	  -60.87 	 
12.516399805	  0.180 	  -63.37 	 
12.532999804	  0.179 	  -65.78 	 
12.549599804	  0.175 	  -68.27 	 
12.566199804	  0.174 	  -70.53 	 
12.582799803	  0.172 	  -72.91 	 
12.599399803	  0.170 	  -74.90 	 
12.615999803	  0.167 	  -76.99 	 
12.632599803	  0.166 	  -78.73 	 
12.649199802	  0.164 	  -80.45 	 
12.665799802	  0.162 	  -81.72 	 
12.682399802	  0.162 	  -83.00 	 
12.698999802	  0.161 	  -84.01 	 
12.715599801	  0.159 	  -84.72 	 
12.732199801	  0.158 	  -85.18 	 
12.748799801	  0.159 	  -85.37 	 
12.765399801	  0.158 	  -85.37 	 
12.781999800	  0.158 	  -85.14 	 
12.798599800	  0.158 	  -84.54 	 
12.815199800	  0.159 	  -83.75 	 
12.831799800	  0.159 	  -82.70 	 
12.848399799	  0.160 	  -81.43 	 
12.864999799	  0.161 	  -79.93 	 
12.881599799	  0.162 	  -78.18 	 
12.898199799	  0.164 	  -76.34 	 
12.914799798	  0.165 	  -74.32 	 
12.931399798	  0.167 	  -72.16 	 
12.947999798	  0.169 	  -69.83 	 
12.964599798	  0.170 	  -67.46 	 
12.981199797	  0.172 	  -65.00 	 
12.997799797	  0.174 	  -62.54 	 
13.014399797	  0.177 	  -60.09 	 
13.030999796	  0.180 	  -57.57 	 
13.047599796	  0.181 	  -55.19 	 
13.064199796	  0.184 	  -52.87 	 
13.080799796	  0.186 	  -50.52 	 
13.097399795	  0.189 	  -48.39 	 
13.113999795	  0.191 	  -46.37 	 
13.130599795	  0.193 	  -44.57 	 
13.147199795	  0.196 	  -42.93 	 
13.163799794	  0.197 	  -41.43 	 
13.180399794	  0.199 	  -40.23 	 
13.196999794	  0.201 	  -39.27 	 
13.213599794	  0.202 	  -38.49 	 
13.230199793	  0.202 	  -37.97 	 
13.246799793	  0.203 	  -37.74 	 
13.263399793	  0.203 	  -37.79 	 
13.279999793	  0.203 	  -37.97 	 
13.296599792	  0.203 	  -38.54 	 
13.313199792	  0.202 	  -39.28 	 
13.329799792	  0.202 	  -40.31 	 
13.346399792	  0.201 	  -41.53 	 
13.362999791	  0.199 	  -43.05 	 
13.379599791	  0.197 	  -44.72 	 
13.396199791	  0.196 	  -46.54 	 
13.412799791	  0.194 	  -48.58 	 
13.429399790	  0.192 	  -50.70 	 
13.445999790	  0.190 	  -53.00 	 
13.462599790	  0.188 	  -55.41 	 
13.479199789	  0.186 	  -57.85 	 
13.495799789	  0.183 	  -60.29 	 
13.512399789	  0.181 	  -62.71 	 
13.528999789	  0.178 	  -65.25 	 
13.545599788	  0.176 	  -67.63 	 
13.562199788	  0.174 	  -70.06 	 
13.578799788	  0.172 	  -72.31 	 
13.595399788	  0.169 	  -74.45 	 
13.611999787	  0.167 	  -76.48 	 
13.628599787	  0.165 	  -78.31 	 
13.645199787	  0.164 	  -80.04 	 
13.661799787	  0.162 	  -81.51 	 
13.678399786	  0.161 	  -82.77 	 
13.694999786	  0.160 	  -83.78 	 
13.711599786	  0.159 	  -84.59 	 
13.728199786	  0.159 	  -85.11 	 
13.744799785	  0.158 	  -85.35 	 
13.761399785	  0.158 	  -85.37 	 
13.777999785	  0.158 	  -85.17 	 
13.794599785	  0.158 	  -84.74 	 
13.811199784	  0.158 	  -83.94 	 
13.827799784	  0.158 	  -83.02 	 
13.844399784	  0.160 	  -81.74 	 
13.860999784	  0.160 	  -80.33 	 
13.877599783	  0.162 	  -78.64 	 
13.894199783	  0.163 	  -76.80 	 
13.910799783	  0.164 	  -74.81 	 
13.927399782	  0.166 	  -72.67 	 
13.943999782	  0.167 	  -70.45 	 
13.960599782	  0.169 	  -67.99 	 
13.977199782	  0.172 	  -65.69 	 
13.993799781	  0.173 	  -63.13 	 
14.010399781	  0.176 	  -60.69 	 
14.026999781	  0.179 	  -58.19 	 
14.043599781	  0.181 	  -55.71 	 
14.060199780	  0.183 	  -53.37 	 
14.076799780	  0.186 	  -51.10 	 
14.093399780	  0.187 	  -48.95 	 
14.109999780	  0.190 	  -46.88 	 
14.126599779	  0.192 	  -44.96 	 
14.143199779	  0.194 	  -43.32 	 
14.159799779	  0.196 	  -41.80 	 
14.176399779	  0.198 	  -40.51 	 
14.192999778	  0.200 	  -39.48 	 
14.209599778	  0.201 	  -38.67 	 
14.226199778	  0.202 	  -38.05 	 
14.242799778	  0.203 	  -37.81 	 
14.259399777	  0.203 	  -37.72 	 
14.275999777	  0.203 	  -37.97 	 
14.292599777	  0.203 	  -38.36 	 
14.309199777	  0.202 	  -39.11 	 
14.325799776	  0.201 	  -40.04 	 
14.342399776	  0.200 	  -41.30 	 
14.358999776	  0.199 	  -42.63 	 
14.375599775	  0.198 	  -44.40 	 
14.392199775	  0.196 	  -46.08 	 
14.408799775	  0.194 	  -48.14 	 
14.425399775	  0.193 	  -50.15 	 
14.441999774	  0.190 	  -52.45 	 
14.458599774	  0.188 	  -54.82 	 
14.475199774	  0.186 	  -57.31 	 
14.491799774	  0.183 	  -59.73 	 
14.508399773	  0.181 	  -62.16 	 
14.524999773	  0.179 	  -64.64 	 
14.541599773	  0.176 	  -67.15 	 
14.558199773	  0.174 	  -69.44 	 
14.574799772	  0.172 	  -71.78 	 
14.591399772	  0.170 	  -73.97 	 
14.607999772	  0.168 	  -76.02 	 
14.624599772	  0.166 	  -77.86 	 
14.641199771	  0.164 	  -79.63 	 
14.657799771	  0.162 	  -81.21 	 
14.674399771	  0.161 	  -82.43 	 
14.690999771	  0.160 	  -83.58 	 
14.707599770	  0.159 	  -84.32 	 
14.724199770	  0.159 	  -85.02 	 
14.740799770	  0.158 	  -85.33 	 
14.757399769	  0.158 	  -85.44 	 
14.773999769	  0.158 	  -85.28 	 
14.790599769	  0.158 	  -84.81 	 
14.807199769	  0.158 	  -84.14 	 
14.823799768	  0.159 	  -83.21 	 
14.840399768	  0.159 	  -82.12 	 
14.856999768	  0.160 	  -80.64 	 
14.873599768	  0.161 	  -79.08 	 
14.890199767	  0.162 	  -77.29 	 
14.906799767	  0.164 	  -75.29 	 
14.923399767	  0.166 	  -73.21 	 
14.939999767	  0.167 	  -70.96 	 
14.956599766	  0.169 	  -68.57 	 
14.973199766	  0.171 	  -66.25 	 
14.989799766	  0.173 	  -63.78 	 
15.006399766	  0.175 	  -61.29 	 
15.022999765	  0.178 	  -58.74 	 
15.039599765	  0.180 	  -56.33 	 
15.056199765	  0.182 	  -53.92 	 
15.072799765	  0.184 	  -51.67 	 
15.089399764	  0.187 	  -49.41 	 
15.105999764	  0.189 	  -47.40 	 
15.122599764	  0.192 	  -45.40 	 
15.139199764	  0.193 	  -43.71 	 
15.155799763	  0.195 	  -42.11 	 
15.172399763	  0.197 	  -40.84 	 
15.188999763	  0.199 	  -39.72 	 
15.205599762	  0.200 	  -38.87 	 
15.222199762	  0.201 	  -38.20 	 
15.238799762	  0.202 	  -37.84 	 
15.255399762	  0.202 	  -37.70 	 
15.271999761	  0.202 	  -37.90 	 
15.288599761	  0.203 	  -38.26 	 
15.305199761	  0.202 	  -38.89 	 
15.321799761	  0.201 	  -39.81 	 
15.338399760	  0.200 	  -40.98 	 
15.354999760	  0.199 	  -42.33 	 
15.371599760	  0.197 	  -43.87 	 
15.388199760	  0.197 	  -45.66 	 
15.404799759	  0.194 	  -47.59 	 
15.421399759	  0.192 	  -49.64 	 
15.437999759	  0.190 	  -51.90 	 
15.454599759	  0.188 	  -54.23 	 
15.471199758	  0.185 	  -56.63 	 
15.487799758	  0.183 	  -59.09 	 
15.504399758	  0.181 	  -61.59 	 
15.520999758	  0.179 	  -63.99 	 
15.537599757	  0.177 	  -66.46 	 
15.554199757	  0.175 	  -68.89 	 
15.570799757	  0.172 	  -71.21 	 
15.587399757	  0.170 	  -73.49 	 
15.603999756	  0.168 	  -75.55 	 
15.620599756	  0.166 	  -77.48 	 
15.637199756	  0.165 	  -79.29 	 
15.653799755	  0.163 	  -80.75 	 
15.670399755	  0.162 	  -82.21 	 
15.686999755	  0.161 	  -83.29 	 
15.703599755	  0.159 	  -84.23 	 
15.720199754	  0.158 	  -84.79 	 
15.736799754	  0.158 	  -85.30 	 
15.753399754	  0.157 	  -85.40 	 
15.769999754	  0.157 	  -85.29 	 
15.786599753	  0.158 	  -84.95 	 
15.803199753	  0.157 	  -84.30 	 
15.819799753	  0.159 	  -83.49 	 
15.836399753	  0.159 	  -82.38 	 
15.852999752	  0.160 	  -81.06 	 
15.869599752	  0.161 	  -79.45 	 
15.886199752	  0.162 	  -77.70 	 
15.902799752	  0.164 	  -75.79 	 
15.919399751	  0.164 	  -73.67 	 
15.935999751	  0.166 	  -71.49 	 
15.952599751	  0.169 	  -69.16 	 
15.969199751	  0.169 	  -66.89 	 
15.985799750	  0.172 	  -64.35 	 
16.002399750	  0.174 	  -61.92 	 
16.018999750	  0.177 	  -59.33 	 
16.035599750	  0.179 	  -56.92 	 
16.052199749	  0.182 	  -54.47 	 
16.068799749	  0.184 	  -52.21 	 
16.085399749	  0.186 	  -49.98 	 
16.101999748	  0.189 	  -47.86 	 
16.118599748	  0.191 	  -45.88 	 
16.135199748	  0.193 	  -44.10 	 
16.151799748	  0.195 	  -42.55 	 
16.168399747	  0.197 	  -41.11 	 
16.184999747	  0.198 	  -39.96 	 
16.201599747	  0.200 	  -38.99 	 
16.218199747	  0.201 	  -38.34 	 
16.234799746	  0.202 	  -37.92 	 
16.251399746	  0.202 	  -37.74 	 
16.267999746	  0.203 	  -37.78 	 
16.284599746	  0.202 	  -38.14 	 
16.301199745	  0.202 	  -38.71 	 
16.317799745	  0.202 	  -39.57 	 
16.334399745	  0.200 	  -40.66 	 
16.350999745	  0.199 	  -41.94 	 
16.367599744	  0.198 	  -43.44 	 
16.384199744	  0.196 	  -45.31 	 
16.400799744	  0.195 	  -47.08 	 
16.417399744	  0.192 	  -49.19 	 
16.433999743	  0.191 	  -51.33 	 
16.450599743	  0.189 	  -53.66 	 
16.467199743	  0.187 	  -56.02 	 
16.483799743	  0.184 	  -58.56 	 
16.500399742	  0.182 	  -60.98 	 
16.516999742	  0.180 	  -63.45 	 
16.533599742	  0.178 	  -65.91 	 
16.550199741	  0.175 	  -68.37 	 
16.566799741	  0.172 	  -70.71 	 
16.583399741	  0.170 	  -72.89 	 
16.599999741	  0.169 	  -75.10 	 
16.616599740	  0.166 	  -77.01 	 
16.633199740	  0.164 	  -78.79 	 
16.649799740	  0.163 	  -80.51 	 
16.666399740	  0.161 	  -81.86 	 
16.682999739	  0.160 	  -83.11 	 
16.699599739	  0.159 	  -83.99 	 
16.716199739	  0.158 	  -84.75 	 
16.732799739	  0.158 	  -85.17 	 
16.749399738	  0.157 	  -85.44 	 
16.765999738	  0.158 	  -85.47 	 
16.782599738	  0.157 	  -85.09 	 
16.799199738	  0.158 	  -84.54 	 
16.815799737	  0.158 	  -83.65 	 
16.832399737	  0.159 	  -82.75 	 
16.848999737	  0.159 	  -81.36 	 
16.865599737	  0.160 	  -79.85 	 
16.882199736	  0.161 	  -78.25 	 
16.898799736	  0.162 	  -76.30 	 
16.915399736	  0.165 	  -74.30 	 
16.931999736	  0.166 	  -72.06 	 
16.948599735	  0.167 	  -69.78 	 
16.965199735	  0.170 	  -67.40 	 
16.981799735	  0.171 	  -64.99 	 
