0.000000000	  0.051 	  -62.29 	 
0.016600000	  0.056 	  -59.76 	 
0.033199999	  0.058 	  -57.30 	 
0.049799999	  0.062 	  -54.86 	 
0.066399999	  0.065 	  -52.52 	 
0.082999999	  0.069 	  -50.26 	 
0.099599998	  0.073 	  -48.12 	 
0.116199998	  0.076 	  -46.12 	 
0.132799998	  0.079 	  -44.30 	 
0.149399998	  0.083 	  -42.66 	 
0.165999997	  0.085 	  -41.28 	 
0.182599997	  0.087 	  -40.05 	 
0.199199997	  0.089 	  -39.09 	 
0.215799997	  0.091 	  -38.34 	 
0.232399996	  0.092 	  -37.88 	 
0.248999996	  0.093 	  -37.65 	 
0.265599996	  0.093 	  -37.69 	 
0.282199996	  0.093 	  -38.00 	 
0.298799995	  0.093 	  -38.56 	 
0.315399995	  0.092 	  -39.35 	 
0.331999995	  0.091 	  -40.42 	 
0.348599995	  0.090 	  -41.65 	 
0.365199994	  0.088 	  -43.22 	 
0.381799994	  0.087 	  -44.91 	 
0.398399994	  0.084 	  -46.82 	 
0.414999994	  0.081 	  -48.83 	 
0.431599993	  0.079 	  -51.04 	 
0.448199993	  0.076 	  -53.29 	 
0.464799993	  0.072 	  -55.72 	 
0.481399992	  0.069 	  -58.15 	 
0.497999992	  0.066 	  -60.65 	 
0.514599992	  0.063 	  -63.13 	 
0.531199992	  0.059 	  -65.63 	 
0.547799991	  0.056 	  -68.03 	 
0.564399991	  0.052 	  -70.45 	 
0.580999991	  0.049 	  -72.68 	 
0.597599991	  0.046 	  -74.87 	 
0.614199990	  0.043 	  -76.82 	 
0.630799990	  0.040 	  -78.70 	 
0.647399990	  0.038 	  -80.30 	 
0.663999990	  0.037 	  -81.81 	 
0.680599989	  0.034 	  -83.05 	 
0.697199989	  0.033 	  -84.03 	 
0.713799989	  0.032 	  -84.79 	 
0.730399989	  0.031 	  -85.30 	 
0.746999988	  0.031 	  -85.51 	 
0.763599988	  0.030 	  -85.54 	 
0.780199988	  0.030 	  -85.28 	 
0.796799988	  0.031 	  -84.76 	 
0.813399987	  0.031 	  -84.01 	 
0.829999987	  0.032 	  -82.93 	 
0.846599987	  0.033 	  -81.70 	 
0.863199987	  0.033 	  -80.21 	 
0.879799986	  0.035 	  -78.54 	 
0.896399986	  0.036 	  -76.69 	 
0.912999986	  0.038 	  -74.65 	 
0.929599985	  0.040 	  -72.46 	 
0.946199985	  0.042 	  -70.19 	 
0.962799985	  0.045 	  -67.75 	 
0.979399985	  0.048 	  -65.34 	 
0.995999984	  0.051 	  -62.85 	 
1.012599984	  0.055 	  -60.37 	 
1.029199984	  0.057 	  -57.89 	 
1.045799984	  0.061 	  -55.48 	 
1.062399983	  0.064 	  -53.07 	 
1.078999983	  0.068 	  -50.80 	 
1.095599983	  0.072 	  -48.63 	 
1.112199983	  0.075 	  -46.60 	 
1.128799982	  0.079 	  -44.74 	 
1.145399982	  0.081 	  -43.08 	 
1.161999982	  0.084 	  -41.56 	 
1.178599982	  0.087 	  -40.32 	 
1.195199981	  0.088 	  -39.30 	 
1.211799981	  0.090 	  -38.49 	 
1.228399981	  0.092 	  -37.96 	 
1.244999981	  0.093 	  -37.73 	 
1.261599980	  0.093 	  -37.70 	 
1.278199980	  0.093 	  -37.94 	 
1.294799980	  0.093 	  -38.40 	 
1.311399980	  0.092 	  -39.14 	 
1.327999979	  0.091 	  -40.16 	 
1.344599979	  0.090 	  -41.42 	 
1.361199979	  0.089 	  -42.83 	 
1.377799978	  0.087 	  -44.52 	 
1.394399978	  0.085 	  -46.31 	 
1.410999978	  0.083 	  -48.36 	 
1.427599978	  0.080 	  -50.48 	 
1.444199977	  0.077 	  -52.80 	 
1.460799977	  0.073 	  -55.13 	 
1.477399977	  0.069 	  -57.59 	 
1.493999977	  0.066 	  -60.01 	 
1.510599976	  0.063 	  -62.55 	 
1.527199976	  0.060 	  -65.00 	 
1.543799976	  0.055 	  -67.46 	 
1.560399976	  0.053 	  -69.84 	 
1.576999975	  0.049 	  -72.16 	 
1.593599975	  0.046 	  -74.28 	 
1.610199975	  0.044 	  -76.30 	 
1.626799975	  0.041 	  -78.23 	 
1.643399974	  0.039 	  -79.93 	 
1.659999974	  0.037 	  -81.42 	 
1.676599974	  0.035 	  -82.70 	 
1.693199974	  0.033 	  -83.76 	 
1.709799973	  0.032 	  -84.54 	 
1.726399973	  0.031 	  -85.13 	 
1.742999973	  0.031 	  -85.46 	 
1.759599973	  0.030 	  -85.51 	 
1.776199972	  0.029 	  -85.30 	 
1.792799972	  0.030 	  -84.83 	 
1.809399972	  0.031 	  -84.10 	 
1.825999971	  0.031 	  -83.16 	 
1.842599971	  0.032 	  -81.95 	 
1.859199971	  0.033 	  -80.51 	 
1.875799971	  0.035 	  -78.88 	 
1.892399970	  0.036 	  -77.06 	 
1.908999970	  0.037 	  -75.11 	 
1.925599970	  0.040 	  -72.91 	 
1.942199970	  0.041 	  -70.71 	 
1.958799969	  0.044 	  -68.35 	 
1.975399969	  0.047 	  -65.96 	 
1.991999969	  0.050 	  -63.43 	 
2.008599969	  0.053 	  -60.99 	 
2.025199968	  0.057 	  -58.46 	 
2.041799968	  0.060 	  -56.04 	 
2.058399968	  0.063 	  -53.64 	 
2.074999968	  0.067 	  -51.36 	 
2.091599967	  0.070 	  -49.14 	 
2.108199967	  0.074 	  -47.13 	 
2.124799967	  0.077 	  -45.17 	 
2.141399967	  0.080 	  -43.51 	 
2.157999966	  0.083 	  -41.96 	 
2.174599966	  0.085 	  -40.67 	 
2.191199966	  0.088 	  -39.59 	 
2.207799966	  0.090 	  -38.75 	 
2.224399965	  0.091 	  -38.12 	 
2.240999965	  0.092 	  -37.81 	 
2.257599965	  0.093 	  -37.75 	 
2.274199964	  0.093 	  -37.90 	 
2.290799964	  0.093 	  -38.33 	 
2.307399964	  0.092 	  -39.00 	 
2.323999964	  0.091 	  -39.92 	 
2.340599963	  0.090 	  -41.13 	 
2.357199963	  0.090 	  -42.50 	 
2.373799963	  0.087 	  -44.13 	 
2.390399963	  0.085 	  -45.92 	 
2.406999962	  0.083 	  -47.85 	 
2.423599962	  0.080 	  -49.98 	 
2.440199962	  0.077 	  -52.20 	 
2.456799962	  0.074 	  -54.56 	 
2.473399961	  0.071 	  -56.95 	 
2.489999961	  0.067 	  -59.44 	 
2.506599961	  0.064 	  -61.94 	 
2.523199961	  0.059 	  -64.41 	 
2.539799960	  0.056 	  -66.83 	 
2.556399960	  0.053 	  -69.26 	 
2.572999960	  0.050 	  -71.55 	 
2.589599960	  0.047 	  -73.79 	 
2.606199959	  0.044 	  -75.82 	 
2.622799959	  0.041 	  -77.80 	 
2.639399959	  0.039 	  -79.50 	 
2.655999959	  0.037 	  -81.07 	 
2.672599958	  0.035 	  -82.37 	 
2.689199958	  0.034 	  -83.46 	 
2.705799958	  0.032 	  -84.34 	 
2.722399957	  0.032 	  -85.00 	 
2.738999957	  0.031 	  -85.35 	 
2.755599957	  0.030 	  -85.46 	 
2.772199957	  0.030 	  -85.29 	 
2.788799956	  0.030 	  -84.93 	 
2.805399956	  0.031 	  -84.25 	 
2.821999956	  0.031 	  -83.35 	 
2.838599956	  0.032 	  -82.21 	 
2.855199955	  0.033 	  -80.82 	 
2.871799955	  0.034 	  -79.24 	 
2.888399955	  0.035 	  -77.50 	 
2.904999955	  0.036 	  -75.55 	 
2.921599954	  0.039 	  -73.51 	 
2.938199954	  0.041 	  -71.24 	 
2.954799954	  0.044 	  -68.92 	 
2.971399954	  0.046 	  -66.51 	 
2.987999953	  0.049 	  -64.01 	 
3.004599953	  0.052 	  -61.54 	 
3.021199953	  0.056 	  -59.05 	 
3.037799953	  0.059 	  -56.62 	 
3.054399952	  0.063 	  -54.25 	 
3.070999952	  0.066 	  -51.85 	 
3.087599952	  0.069 	  -49.67 	 
3.104199952	  0.073 	  -47.59 	 
3.120799951	  0.076 	  -45.66 	 
3.137399951	  0.080 	  -43.87 	 
3.153999951	  0.083 	  -42.34 	 
3.170599950	  0.085 	  -40.94 	 
3.187199950	  0.087 	  -39.79 	 
3.203799950	  0.089 	  -38.91 	 
3.220399950	  0.090 	  -38.27 	 
3.236999949	  0.092 	  -37.89 	 
3.253599949	  0.093 	  -37.75 	 
3.270199949	  0.092 	  -37.81 	 
3.286799949	  0.093 	  -38.18 	 
3.303399948	  0.092 	  -38.82 	 
3.319999948	  0.091 	  -39.70 	 
3.336599948	  0.091 	  -40.79 	 
3.353199948	  0.089 	  -42.17 	 
3.369799947	  0.087 	  -43.69 	 
3.386399947	  0.085 	  -45.46 	 
3.402999947	  0.083 	  -47.36 	 
3.419599947	  0.080 	  -49.47 	 
3.436199946	  0.078 	  -51.68 	 
3.452799946	  0.075 	  -54.00 	 
3.469399946	  0.071 	  -56.38 	 
3.485999946	  0.067 	  -58.86 	 
3.502599945	  0.064 	  -61.28 	 
3.519199945	  0.061 	  -63.81 	 
3.535799945	  0.057 	  -66.28 	 
3.552399945	  0.054 	  -68.73 	 
3.568999944	  0.050 	  -70.98 	 
3.585599944	  0.048 	  -73.22 	 
3.602199944	  0.045 	  -75.31 	 
3.618799943	  0.042 	  -77.30 	 
3.635399943	  0.039 	  -79.06 	 
3.651999943	  0.038 	  -80.71 	 
3.668599943	  0.035 	  -82.03 	 
3.685199942	  0.034 	  -83.27 	 
3.701799942	  0.032 	  -84.10 	 
3.718399942	  0.031 	  -84.88 	 
3.734999942	  0.031 	  -85.26 	 
3.751599941	  0.030 	  -85.50 	 
3.768199941	  0.030 	  -85.37 	 
3.784799941	  0.030 	  -85.06 	 
3.801399941	  0.030 	  -84.43 	 
3.817999940	  0.031 	  -83.63 	 
3.834599940	  0.031 	  -82.50 	 
3.851199940	  0.032 	  -81.21 	 
3.867799940	  0.033 	  -79.73 	 
3.884399939	  0.035 	  -77.99 	 
3.900999939	  0.036 	  -76.03 	 
3.917599939	  0.038 	  -73.97 	 
3.934199939	  0.040 	  -71.83 	 
3.950799938	  0.043 	  -69.53 	 
3.967399938	  0.045 	  -67.11 	 
3.983999938	  0.048 	  -64.65 	 
4.000599938	  0.051 	  -62.16 	 
4.017199937	  0.054 	  -59.68 	 
4.033799937	  0.057 	  -57.23 	 
4.050399937	  0.061 	  -54.80 	 
4.066999936	  0.064 	  -52.45 	 
4.083599936	  0.068 	  -50.20 	 
4.100199936	  0.071 	  -48.07 	 
4.116799936	  0.075 	  -46.08 	 
4.133399935	  0.079 	  -44.31 	 
4.149999935	  0.081 	  -42.68 	 
4.166599935	  0.084 	  -41.28 	 
4.183199935	  0.086 	  -40.07 	 
4.199799934	  0.088 	  -39.12 	 
4.216399934	  0.090 	  -38.40 	 
4.232999934	  0.092 	  -37.93 	 
4.249599934	  0.092 	  -37.75 	 
4.266199933	  0.092 	  -37.77 	 
4.282799933	  0.093 	  -38.08 	 
4.299399933	  0.092 	  -38.66 	 
4.315999933	  0.091 	  -39.46 	 
4.332599932	  0.090 	  -40.51 	 
4.349199932	  0.089 	  -41.80 	 
4.365799932	  0.087 	  -43.31 	 
4.382399932	  0.086 	  -45.00 	 
4.398999931	  0.084 	  -46.92 	 
4.415599931	  0.081 	  -48.95 	 
4.432199931	  0.078 	  -51.12 	 
4.448799931	  0.076 	  -53.41 	 
4.465399930	  0.072 	  -55.78 	 
4.481999930	  0.069 	  -58.23 	 
4.498599930	  0.064 	  -60.74 	 
4.515199929	  0.061 	  -63.21 	 
4.531799929	  0.058 	  -65.69 	 
4.548399929	  0.054 	  -68.10 	 
4.564999929	  0.051 	  -70.46 	 
4.581599928	  0.048 	  -72.70 	 
4.598199928	  0.044 	  -74.91 	 
4.614799928	  0.042 	  -76.84 	 
4.631399928	  0.040 	  -78.69 	 
4.647999927	  0.038 	  -80.29 	 
4.664599927	  0.036 	  -81.74 	 
4.681199927	  0.034 	  -82.96 	 
4.697799927	  0.032 	  -83.99 	 
4.714399926	  0.031 	  -84.71 	 
4.730999926	  0.030 	  -85.24 	 
4.747599926	  0.030 	  -85.43 	 
4.764199926	  0.030 	  -85.43 	 
4.780799925	  0.029 	  -85.17 	 
4.797399925	  0.029 	  -84.66 	 
4.813999925	  0.029 	  -83.86 	 
4.830599925	  0.031 	  -82.85 	 
4.847199924	  0.031 	  -81.59 	 
4.863799924	  0.033 	  -80.04 	 
4.880399924	  0.034 	  -78.39 	 
4.896999924	  0.035 	  -76.54 	 
4.913599923	  0.038 	  -74.52 	 
4.930199923	  0.039 	  -72.35 	 
4.946799923	  0.042 	  -70.03 	 
4.963399922	  0.045 	  -67.68 	 
4.979999922	  0.047 	  -65.23 	 
4.996599922	  0.050 	  -62.76 	 
5.013199922	  0.054 	  -60.26 	 
5.029799921	  0.057 	  -57.82 	 
5.046399921	  0.061 	  -55.35 	 
5.062999921	  0.063 	  -52.99 	 
5.079599921	  0.067 	  -50.71 	 
5.096199920	  0.071 	  -48.60 	 
5.112799920	  0.075 	  -46.54 	 
5.129399920	  0.077 	  -44.74 	 
5.145999920	  0.081 	  -43.05 	 
5.162599919	  0.083 	  -41.60 	 
5.179199919	  0.086 	  -40.29 	 
5.195799919	  0.087 	  -39.34 	 
5.212399919	  0.090 	  -38.54 	 
5.228999918	  0.091 	  -38.04 	 
5.245599918	  0.092 	  -37.76 	 
5.262199918	  0.092 	  -37.75 	 
5.278799918	  0.093 	  -37.97 	 
5.295399917	  0.092 	  -38.49 	 
5.311999917	  0.091 	  -39.22 	 
5.328599917	  0.090 	  -40.25 	 
5.345199917	  0.090 	  -41.47 	 
5.361799916	  0.087 	  -42.95 	 
5.378399916	  0.085 	  -44.56 	 
5.394999916	  0.084 	  -46.45 	 
5.411599915	  0.081 	  -48.45 	 
5.428199915	  0.079 	  -50.59 	 
5.444799915	  0.076 	  -52.85 	 
5.461399915	  0.071 	  -55.25 	 
5.477999914	  0.069 	  -57.61 	 
5.494599914	  0.065 	  -60.12 	 
5.511199914	  0.062 	  -62.57 	 
5.527799914	  0.058 	  -65.13 	 
5.544399913	  0.055 	  -67.55 	 
5.560999913	  0.052 	  -69.92 	 
5.577599913	  0.049 	  -72.11 	 
5.594199913	  0.046 	  -74.36 	 
5.610799912	  0.043 	  -76.36 	 
5.627399912	  0.040 	  -78.29 	 
5.643999912	  0.038 	  -79.91 	 
5.660599912	  0.035 	  -81.42 	 
5.677199911	  0.034 	  -82.71 	 
5.693799911	  0.033 	  -83.74 	 
5.710399911	  0.031 	  -84.56 	 
5.726999911	  0.031 	  -85.12 	 
5.743599910	  0.030 	  -85.41 	 
5.760199910	  0.029 	  -85.44 	 
5.776799910	  0.029 	  -85.24 	 
5.793399910	  0.030 	  -84.75 	 
5.809999909	  0.030 	  -84.06 	 
5.826599909	  0.030 	  -83.05 	 
5.843199909	  0.031 	  -81.91 	 
5.859799908	  0.032 	  -80.46 	 
5.876399908	  0.034 	  -78.83 	 
5.892999908	  0.035 	  -76.95 	 
5.909599908	  0.037 	  -75.01 	 
5.926199907	  0.038 	  -72.86 	 
5.942799907	  0.041 	  -70.64 	 
5.959399907	  0.043 	  -68.21 	 
5.975999907	  0.047 	  -65.86 	 
5.992599906	  0.049 	  -63.35 	 
6.009199906	  0.052 	  -60.89 	 
6.025799906	  0.056 	  -58.37 	 
6.042399906	  0.060 	  -55.95 	 
6.058999905	  0.063 	  -53.53 	 
6.075599905	  0.065 	  -51.30 	 
6.092199905	  0.069 	  -49.07 	 
6.108799905	  0.073 	  -47.04 	 
6.125399904	  0.076 	  -45.11 	 
6.141999904	  0.080 	  -43.40 	 
6.158599904	  0.083 	  -41.90 	 
6.175199904	  0.085 	  -40.62 	 
6.191799903	  0.087 	  -39.55 	 
6.208399903	  0.089 	  -38.72 	 
6.224999903	  0.091 	  -38.12 	 
6.241599903	  0.091 	  -37.77 	 
6.258199902	  0.092 	  -37.72 	 
6.274799902	  0.092 	  -37.92 	 
6.291399902	  0.092 	  -38.35 	 
6.307999901	  0.091 	  -39.06 	 
6.324599901	  0.091 	  -39.97 	 
6.341199901	  0.089 	  -41.17 	 
6.357799901	  0.088 	  -42.57 	 
6.374399900	  0.086 	  -44.19 	 
6.390999900	  0.084 	  -45.96 	 
6.407599900	  0.082 	  -47.93 	 
6.424199900	  0.079 	  -50.06 	 
6.440799899	  0.076 	  -52.27 	 
6.457399899	  0.072 	  -54.63 	 
6.473999899	  0.069 	  -57.06 	 
6.490599899	  0.066 	  -59.54 	 
6.507199898	  0.062 	  -62.01 	 
6.523799898	  0.059 	  -64.46 	 
6.540399898	  0.056 	  -66.93 	 
6.556999898	  0.052 	  -69.34 	 
6.573599897	  0.049 	  -71.65 	 
6.590199897	  0.046 	  -73.84 	 
6.606799897	  0.043 	  -75.90 	 
6.623399897	  0.040 	  -77.85 	 
6.639999896	  0.038 	  -79.52 	 
6.656599896	  0.036 	  -81.04 	 
6.673199896	  0.034 	  -82.38 	 
6.689799896	  0.033 	  -83.52 	 
6.706399895	  0.032 	  -84.41 	 
6.722999895	  0.030 	  -85.00 	 
6.739599895	  0.029 	  -85.37 	 
6.756199894	  0.029 	  -85.46 	 
6.772799894	  0.028 	  -85.33 	 
6.789399894	  0.029 	  -84.95 	 
6.805999894	  0.029 	  -84.31 	 
6.822599893	  0.030 	  -83.37 	 
6.839199893	  0.031 	  -82.19 	 
6.855799893	  0.032 	  -80.83 	 
6.872399893	  0.033 	  -79.28 	 
6.888999892	  0.035 	  -77.45 	 
6.905599892	  0.036 	  -75.53 	 
6.922199892	  0.038 	  -73.40 	 
6.938799892	  0.040 	  -71.18 	 
6.955399891	  0.043 	  -68.80 	 
6.971999891	  0.045 	  -66.41 	 
6.988599891	  0.048 	  -63.95 	 
7.005199891	  0.051 	  -61.48 	 
7.021799890	  0.055 	  -59.00 	 
7.038399890	  0.058 	  -56.53 	 
7.054999890	  0.062 	  -54.10 	 
7.071599890	  0.065 	  -51.82 	 
7.088199889	  0.069 	  -49.58 	 
7.104799889	  0.072 	  -47.52 	 
7.121399889	  0.075 	  -45.59 	 
7.137999889	  0.078 	  -43.85 	 
7.154599888	  0.082 	  -42.21 	 
7.171199888	  0.084 	  -40.90 	 
7.187799888	  0.087 	  -39.76 	 
7.204399887	  0.089 	  -38.91 	 
7.220999887	  0.089 	  -38.26 	 
7.237599887	  0.091 	  -37.86 	 
7.254199887	  0.092 	  -37.70 	 
7.270799886	  0.092 	  -37.85 	 
7.287399886	  0.092 	  -38.22 	 
7.303999886	  0.091 	  -38.87 	 
7.320599886	  0.090 	  -39.75 	 
7.337199885	  0.090 	  -40.85 	 
7.353799885	  0.088 	  -42.16 	 
7.370399885	  0.086 	  -43.77 	 
7.386999885	  0.085 	  -45.53 	 
7.403599884	  0.082 	  -47.48 	 
7.420199884	  0.079 	  -49.56 	 
7.436799884	  0.076 	  -51.77 	 
7.453399884	  0.073 	  -54.05 	 
7.469999883	  0.070 	  -56.49 	 
7.486599883	  0.066 	  -58.94 	 
7.503199883	  0.063 	  -61.42 	 
7.519799883	  0.060 	  -63.94 	 
7.536399882	  0.057 	  -66.35 	 
7.552999882	  0.053 	  -68.76 	 
7.569599882	  0.049 	  -71.09 	 
7.586199882	  0.046 	  -73.35 	 
7.602799881	  0.044 	  -75.42 	 
7.619399881	  0.041 	  -77.42 	 
7.635999881	  0.039 	  -79.15 	 
7.652599880	  0.036 	  -80.77 	 
7.669199880	  0.034 	  -82.08 	 
7.685799880	  0.033 	  -83.31 	 
7.702399880	  0.032 	  -84.21 	 
7.718999879	  0.031 	  -84.91 	 
7.735599879	  0.030 	  -85.29 	 
7.752199879	  0.029 	  -85.50 	 
7.768799879	  0.028 	  -85.39 	 
7.785399878	  0.028 	  -85.05 	 
7.801999878	  0.028 	  -84.41 	 
7.818599878	  0.029 	  -83.63 	 
7.835199878	  0.031 	  -82.47 	 
7.851799877	  0.031 	  -81.22 	 
7.868399877	  0.032 	  -79.67 	 
7.884999877	  0.034 	  -77.95 	 
7.901599877	  0.035 	  -75.97 	 
7.918199876	  0.038 	  -73.93 	 
7.934799876	  0.039 	  -71.73 	 
7.951399876	  0.042 	  -69.46 	 
7.967999876	  0.044 	  -67.03 	 
7.984599875	  0.047 	  -64.57 	 
8.001199875	  0.050 	  -62.06 	 
8.017799875	  0.054 	  -59.58 	 
8.034399875	  0.057 	  -57.12 	 
8.050999874	  0.060 	  -54.73 	 
8.067599874	  0.064 	  -52.37 	 
8.084199874	  0.068 	  -50.14 	 
8.100799873	  0.071 	  -47.98 	 
8.117399873	  0.074 	  -46.00 	 
8.133999873	  0.077 	  -44.24 	 
8.150599873	  0.080 	  -42.65 	 
8.167199872	  0.084 	  -41.22 	 
8.183799872	  0.085 	  -40.04 	 
8.200399872	  0.087 	  -39.04 	 
8.216999872	  0.089 	  -38.37 	 
8.233599871	  0.091 	  -37.93 	 
8.250199871	  0.091 	  -37.73 	 
8.266799871	  0.092 	  -37.79 	 
8.283399871	  0.091 	  -38.11 	 
8.299999870	  0.091 	  -38.65 	 
8.316599870	  0.091 	  -39.50 	 
8.333199870	  0.090 	  -40.56 	 
8.349799870	  0.088 	  -41.86 	 
8.366399869	  0.087 	  -43.37 	 
8.382999869	  0.084 	  -45.12 	 
8.399599869	  0.083 	  -46.96 	 
8.416199869	  0.080 	  -49.03 	 
8.432799868	  0.077 	  -51.18 	 
8.449399868	  0.074 	  -53.51 	 
8.465999868	  0.071 	  -55.87 	 
8.482599868	  0.067 	  -58.37 	 
8.499199867	  0.063 	  -60.83 	 
8.515799867	  0.061 	  -63.32 	 
8.532399867	  0.057 	  -65.76 	 
8.548999866	  0.053 	  -68.23 	 
8.565599866	  0.051 	  -70.55 	 
8.582199866	  0.047 	  -72.79 	 
8.598799866	  0.044 	  -74.96 	 
8.615399865	  0.041 	  -76.94 	 
8.631999865	  0.038 	  -78.73 	 
8.648599865	  0.037 	  -80.40 	 
8.665199865	  0.035 	  -81.81 	 
8.681799864	  0.033 	  -83.04 	 
8.698399864	  0.032 	  -83.98 	 
8.714999864	  0.030 	  -84.72 	 
8.731599864	  0.029 	  -85.19 	 
8.748199863	  0.029 	  -85.47 	 
8.764799863	  0.029 	  -85.46 	 
8.781399863	  0.029 	  -85.19 	 
8.797999863	  0.028 	  -84.62 	 
8.814599862	  0.030 	  -83.83 	 
8.831199862	  0.030 	  -82.82 	 
8.847799862	  0.031 	  -81.56 	 
8.864399862	  0.032 	  -80.04 	 
8.880999861	  0.033 	  -78.40 	 
8.897599861	  0.035 	  -76.47 	 
8.914199861	  0.036 	  -74.44 	 
8.930799861	  0.039 	  -72.23 	 
8.947399860	  0.041 	  -70.00 	 
8.963999860	  0.043 	  -67.60 	 
8.980599860	  0.046 	  -65.20 	 
8.997199859	  0.049 	  -62.72 	 
9.013799859	  0.053 	  -60.23 	 
9.030399859	  0.056 	  -57.69 	 
9.046999859	  0.060 	  -55.30 	 
9.063599858	  0.063 	  -52.92 	 
9.080199858	  0.066 	  -50.68 	 
9.096799858	  0.070 	  -48.53 	 
9.113399858	  0.072 	  -46.51 	 
9.129999857	  0.077 	  -44.65 	 
9.146599857	  0.079 	  -43.00 	 
9.163199857	  0.082 	  -41.54 	 
9.179799857	  0.085 	  -40.33 	 
9.196399856	  0.086 	  -39.30 	 
9.212999856	  0.088 	  -38.54 	 
9.229599856	  0.090 	  -38.03 	 
9.246199856	  0.091 	  -37.77 	 
9.262799855	  0.091 	  -37.77 	 
9.279399855	  0.092 	  -38.02 	 
9.295999855	  0.091 	  -38.56 	 
9.312599855	  0.090 	  -39.28 	 
9.329199854	  0.090 	  -40.30 	 
9.345799854	  0.088 	  -41.53 	 
9.362399854	  0.086 	  -43.02 	 
9.378999854	  0.085 	  -44.70 	 
9.395599853	  0.083 	  -46.53 	 
9.412199853	  0.080 	  -48.53 	 
9.428799853	  0.078 	  -50.71 	 
9.445399852	  0.075 	  -52.96 	 
9.461999852	  0.071 	  -55.32 	 
9.478599852	  0.067 	  -57.76 	 
9.495199852	  0.064 	  -60.23 	 
9.511799851	  0.061 	  -62.69 	 
9.528399851	  0.058 	  -65.23 	 
9.544999851	  0.054 	  -67.62 	 
9.561599851	  0.050 	  -70.02 	 
9.578199850	  0.047 	  -72.28 	 
9.594799850	  0.044 	  -74.41 	 
9.611399850	  0.042 	  -76.44 	 
9.627999850	  0.039 	  -78.38 	 
9.644599849	  0.037 	  -80.00 	 
9.661199849	  0.035 	  -81.52 	 
9.677799849	  0.033 	  -82.74 	 
9.694399849	  0.032 	  -83.81 	 
9.710999848	  0.030 	  -84.60 	 
9.727599848	  0.029 	  -85.17 	 
9.744199848	  0.029 	  -85.43 	 
9.760799848	  0.028 	  -85.47 	 
9.777399847	  0.028 	  -85.28 	 
9.793999847	  0.029 	  -84.78 	 
9.810599847	  0.029 	  -84.02 	 
9.827199847	  0.029 	  -83.07 	 
9.843799846	  0.031 	  -81.88 	 
9.860399846	  0.031 	  -80.44 	 
9.876999846	  0.033 	  -78.80 	 
9.893599845	  0.035 	  -76.93 	 
9.910199845	  0.036 	  -74.97 	 
9.926799845	  0.038 	  -72.80 	 
9.943399845	  0.040 	  -70.55 	 
9.959999844	  0.042 	  -68.22 	 
9.976599844	  0.045 	  -65.76 	 
9.993199844	  0.048 	  -63.26 	 
10.009799844	  0.052 	  -60.81 	 
10.026399843	  0.055 	  -58.33 	 
10.042999843	  0.059 	  -55.88 	 
10.059599843	  0.061 	  -53.53 	 
10.076199843	  0.065 	  -51.20 	 
10.092799842	  0.069 	  -49.03 	 
10.109399842	  0.072 	  -46.97 	 
10.125999842	  0.076 	  -45.11 	 
10.142599842	  0.079 	  -43.40 	 
10.159199841	  0.081 	  -41.91 	 
10.175799841	  0.084 	  -40.58 	 
10.192399841	  0.086 	  -39.54 	 
10.208999841	  0.088 	  -38.69 	 
10.225599840	  0.089 	  -38.14 	 
10.242199840	  0.091 	  -37.82 	 
10.258799840	  0.091 	  -37.77 	 
10.275399840	  0.091 	  -37.93 	 
10.291999839	  0.091 	  -38.38 	 
10.308599839	  0.090 	  -39.06 	 
10.325199839	  0.090 	  -40.05 	 
10.341799838	  0.088 	  -41.25 	 
10.358399838	  0.087 	  -42.65 	 
10.374999838	  0.085 	  -44.24 	 
10.391599838	  0.083 	  -46.08 	 
10.408199837	  0.081 	  -48.00 	 
10.424799837	  0.078 	  -50.18 	 
10.441399837	  0.075 	  -52.40 	 
10.457999837	  0.071 	  -54.78 	 
10.474599836	  0.068 	  -57.17 	 
10.491199836	  0.065 	  -59.65 	 
10.507799836	  0.061 	  -62.08 	 
10.524399836	  0.058 	  -64.63 	 
10.540999835	  0.055 	  -67.05 	 
10.557599835	  0.051 	  -69.46 	 
10.574199835	  0.048 	  -71.76 	 
10.590799835	  0.046 	  -73.92 	 
10.607399834	  0.042 	  -75.99 	 
10.623999834	  0.039 	  -77.88 	 
10.640599834	  0.037 	  -79.63 	 
10.657199834	  0.035 	  -81.16 	 
10.673799833	  0.034 	  -82.50 	 
10.690399833	  0.032 	  -83.59 	 
10.706999833	  0.030 	  -84.41 	 
10.723599833	  0.029 	  -85.06 	 
10.740199832	  0.029 	  -85.39 	 
10.756799832	  0.028 	  -85.48 	 
10.773399832	  0.027 	  -85.32 	 
10.789999831	  0.028 	  -84.95 	 
10.806599831	  0.028 	  -84.22 	 
10.823199831	  0.029 	  -83.32 	 
10.839799831	  0.030 	  -82.15 	 
10.856399830	  0.031 	  -80.83 	 
10.872999830	  0.033 	  -79.22 	 
10.889599830	  0.034 	  -77.44 	 
10.906199830	  0.036 	  -75.44 	 
10.922799829	  0.037 	  -73.34 	 
10.939399829	  0.040 	  -71.09 	 
10.955999829	  0.042 	  -68.78 	 
10.972599829	  0.045 	  -66.37 	 
10.989199828	  0.048 	  -63.91 	 
11.005799828	  0.050 	  -61.39 	 
11.022399828	  0.054 	  -58.89 	 
11.038999828	  0.057 	  -56.46 	 
11.055599827	  0.061 	  -54.05 	 
11.072199827	  0.064 	  -51.76 	 
11.088799827	  0.068 	  -49.55 	 
11.105399827	  0.070 	  -47.47 	 
11.121999826	  0.074 	  -45.51 	 
11.138599826	  0.078 	  -43.77 	 
11.155199826	  0.081 	  -42.21 	 
11.171799826	  0.084 	  -40.90 	 
11.188399825	  0.086 	  -39.73 	 
11.204999825	  0.087 	  -38.91 	 
11.221599825	  0.089 	  -38.23 	 
11.238199824	  0.090 	  -37.88 	 
11.254799824	  0.090 	  -37.74 	 
11.271399824	  0.090 	  -37.86 	 
11.287999824	  0.091 	  -38.25 	 
11.304599823	  0.090 	  -38.93 	 
11.321199823	  0.090 	  -39.78 	 
11.337799823	  0.088 	  -40.93 	 
11.354399823	  0.087 	  -42.28 	 
11.370999822	  0.085 	  -43.83 	 
11.387599822	  0.083 	  -45.62 	 
11.404199822	  0.081 	  -47.57 	 
11.420799822	  0.079 	  -49.63 	 
11.437399821	  0.076 	  -51.87 	 
11.453999821	  0.072 	  -54.16 	 
11.470599821	  0.070 	  -56.55 	 
11.487199821	  0.066 	  -59.03 	 
11.503799820	  0.062 	  -61.50 	 
11.520399820	  0.059 	  -64.00 	 
11.536999820	  0.055 	  -66.47 	 
11.553599820	  0.052 	  -68.85 	 
11.570199819	  0.048 	  -71.17 	 
11.586799819	  0.046 	  -73.41 	 
11.603399819	  0.043 	  -75.53 	 
11.619999819	  0.040 	  -77.48 	 
11.636599818	  0.037 	  -79.21 	 
11.653199818	  0.035 	  -80.83 	 
11.669799818	  0.034 	  -82.15 	 
11.686399817	  0.033 	  -83.33 	 
11.702999817	  0.031 	  -84.25 	 
11.719599817	  0.029 	  -84.89 	 
11.736199817	  0.029 	  -85.36 	 
11.752799816	  0.028 	  -85.47 	 
11.769399816	  0.028 	  -85.39 	 
11.785999816	  0.028 	  -85.02 	 
11.802599816	  0.028 	  -84.43 	 
11.819199815	  0.029 	  -83.59 	 
11.835799815	  0.030 	  -82.49 	 
11.852399815	  0.030 	  -81.14 	 
11.868999815	  0.031 	  -79.61 	 
11.885599814	  0.033 	  -77.80 	 
11.902199814	  0.035 	  -75.92 	 
11.918799814	  0.036 	  -73.84 	 
11.935399814	  0.039 	  -71.67 	 
11.951999813	  0.041 	  -69.33 	 
11.968599813	  0.043 	  -66.93 	 
11.985199813	  0.047 	  -64.45 	 
12.001799813	  0.050 	  -62.01 	 
12.018399812	  0.053 	  -59.49 	 
12.034999812	  0.056 	  -57.08 	 
12.051599812	  0.060 	  -54.64 	 
12.068199812	  0.063 	  -52.31 	 
12.084799811	  0.067 	  -50.02 	 
12.101399811	  0.070 	  -47.96 	 
12.117999811	  0.074 	  -45.98 	 
12.134599810	  0.077 	  -44.22 	 
12.151199810	  0.080 	  -42.57 	 
12.167799810	  0.083 	  -41.19 	 
12.184399810	  0.085 	  -39.98 	 
12.200999809	  0.087 	  -39.06 	 
12.217599809	  0.088 	  -38.36 	 
12.234199809	  0.089 	  -37.95 	 
12.250799809	  0.091 	  -37.75 	 
12.267399808	  0.091 	  -37.82 	 
12.283999808	  0.091 	  -38.10 	 
12.300599808	  0.090 	  -38.72 	 
12.317199808	  0.090 	  -39.54 	 
12.333799807	  0.088 	  -40.62 	 
12.350399807	  0.087 	  -41.94 	 
12.366999807	  0.085 	  -43.46 	 
12.383599807	  0.084 	  -45.15 	 
12.400199806	  0.082 	  -47.07 	 
12.416799806	  0.079 	  -49.11 	 
12.433399806	  0.076 	  -51.34 	 
12.449999806	  0.073 	  -53.61 	 
12.466599805	  0.069 	  -55.97 	 
12.483199805	  0.066 	  -58.41 	 
12.499799805	  0.062 	  -60.95 	 
12.516399805	  0.060 	  -63.39 	 
12.532999804	  0.055 	  -65.89 	 
12.549599804	  0.053 	  -68.29 	 
12.566199804	  0.049 	  -70.65 	 
12.582799803	  0.046 	  -72.89 	 
12.599399803	  0.043 	  -74.98 	 
12.615999803	  0.040 	  -76.98 	 
12.632599803	  0.038 	  -78.84 	 
12.649199802	  0.035 	  -80.42 	 
12.665799802	  0.034 	  -81.86 	 
12.682399802	  0.032 	  -83.09 	 
12.698999802	  0.031 	  -84.04 	 
12.715599801	  0.029 	  -84.78 	 
12.732199801	  0.028 	  -85.25 	 
12.748799801	  0.028 	  -85.48 	 
12.765399801	  0.028 	  -85.42 	 
12.781999800	  0.027 	  -85.15 	 
12.798599800	  0.028 	  -84.56 	 
12.815199800	  0.028 	  -83.77 	 
12.831799800	  0.029 	  -82.74 	 
12.848399799	  0.030 	  -81.51 	 
12.864999799	  0.032 	  -79.93 	 
12.881599799	  0.033 	  -78.33 	 
12.898199799	  0.034 	  -76.37 	 
12.914799798	  0.036 	  -74.36 	 
12.931399798	  0.038 	  -72.18 	 
12.947999798	  0.041 	  -69.91 	 
12.964599798	  0.043 	  -67.49 	 
12.981199797	  0.046 	  -65.10 	 
12.997799797	  0.048 	  -62.58 	 
13.014399797	  0.052 	  -60.12 	 
13.030999796	  0.056 	  -57.61 	 
13.047599796	  0.058 	  -55.19 	 
13.064199796	  0.062 	  -52.82 	 
13.080799796	  0.066 	  -50.59 	 
13.097399795	  0.069 	  -48.43 	 
13.113999795	  0.073 	  -46.45 	 
13.130599795	  0.076 	  -44.56 	 
13.147199795	  0.078 	  -42.93 	 
13.163799794	  0.081 	  -41.49 	 
13.180399794	  0.085 	  -40.28 	 
13.196999794	  0.086 	  -39.27 	 
13.213599794	  0.087 	  -38.52 	 
13.230199793	  0.089 	  -37.98 	 
13.246799793	  0.090 	  -37.73 	 
13.263399793	  0.091 	  -37.75 	 
13.279999793	  0.090 	  -38.03 	 
13.296599792	  0.090 	  -38.52 	 
13.313199792	  0.090 	  -39.33 	 
13.329799792	  0.089 	  -40.33 	 
13.346399792	  0.088 	  -41.59 	 
13.362999791	  0.086 	  -43.03 	 
13.379599791	  0.084 	  -44.74 	 
13.396199791	  0.082 	  -46.56 	 
13.412799791	  0.079 	  -48.62 	 
13.429399790	  0.077 	  -50.74 	 
13.445999790	  0.074 	  -53.06 	 
13.462599790	  0.070 	  -55.41 	 
13.479199789	  0.067 	  -57.84 	 
13.495799789	  0.063 	  -60.32 	 
13.512399789	  0.060 	  -62.84 	 
13.528999789	  0.057 	  -65.23 	 
13.545599788	  0.053 	  -67.70 	 
13.562199788	  0.049 	  -70.06 	 
13.578799788	  0.046 	  -72.35 	 
13.595399788	  0.043 	  -74.52 	 
13.611999787	  0.041 	  -76.56 	 
13.628599787	  0.039 	  -78.35 	 
13.645199787	  0.036 	  -80.06 	 
13.661799787	  0.034 	  -81.49 	 
13.678399786	  0.033 	  -82.79 	 
13.694999786	  0.031 	  -83.86 	 
13.711599786	  0.029 	  -84.65 	 
13.728199786	  0.028 	  -85.13 	 
13.744799785	  0.028 	  -85.43 	 
13.761399785	  0.028 	  -85.46 	 
13.777999785	  0.027 	  -85.22 	 
13.794599785	  0.028 	  -84.78 	 
13.811199784	  0.028 	  -84.03 	 
13.827799784	  0.028 	  -83.05 	 
13.844399784	  0.029 	  -81.81 	 
13.860999784	  0.031 	  -80.26 	 
13.877599783	  0.032 	  -78.69 	 
13.894199783	  0.034 	  -76.82 	 
13.910799783	  0.035 	  -74.88 	 
13.927399782	  0.037 	  -72.70 	 
13.943999782	  0.040 	  -70.47 	 
13.960599782	  0.042 	  -68.07 	 
13.977199782	  0.045 	  -65.67 	 
13.993799781	  0.048 	  -63.18 	 
14.010399781	  0.051 	  -60.72 	 
14.026999781	  0.054 	  -58.22 	 
14.043599781	  0.057 	  -55.80 	 
14.060199780	  0.061 	  -53.35 	 
14.076799780	  0.064 	  -51.12 	 
14.093399780	  0.068 	  -48.93 	 
14.109999780	  0.072 	  -46.91 	 
14.126599779	  0.075 	  -45.02 	 
14.143199779	  0.078 	  -43.36 	 
14.159799779	  0.081 	  -41.80 	 
14.176399779	  0.083 	  -40.53 	 
14.192999778	  0.086 	  -39.46 	 
14.209599778	  0.087 	  -38.69 	 
14.226199778	  0.089 	  -38.11 	 
14.242799778	  0.089 	  -37.79 	 
14.259399777	  0.091 	  -37.70 	 
14.275999777	  0.090 	  -37.95 	 
14.292599777	  0.090 	  -38.36 	 
14.309199777	  0.089 	  -39.10 	 
14.325799776	  0.089 	  -40.06 	 
14.342399776	  0.087 	  -41.25 	 
14.358999776	  0.086 	  -42.68 	 
14.375599775	  0.084 	  -44.28 	 
14.392199775	  0.082 	  -46.12 	 
14.408799775	  0.080 	  -48.09 	 
14.425399775	  0.078 	  -50.23 	 
14.441999774	  0.074 	  -52.47 	 
14.458599774	  0.071 	  -54.82 	 
14.475199774	  0.067 	  -57.23 	 
14.491799774	  0.064 	  -59.71 	 
14.508399773	  0.061 	  -62.18 	 
14.524999773	  0.057 	  -64.69 	 
14.541599773	  0.053 	  -67.11 	 
14.558199773	  0.050 	  -69.52 	 
14.574799772	  0.047 	  -71.78 	 
14.591399772	  0.044 	  -74.02 	 
14.607999772	  0.041 	  -76.05 	 
14.624599772	  0.038 	  -77.95 	 
14.641199771	  0.036 	  -79.63 	 
14.657799771	  0.034 	  -81.23 	 
14.674399771	  0.032 	  -82.46 	 
14.690999771	  0.031 	  -83.62 	 
14.707599770	  0.029 	  -84.42 	 
14.724199770	  0.029 	  -85.07 	 
14.740799770	  0.028 	  -85.37 	 
14.757399769	  0.027 	  -85.48 	 
14.773999769	  0.027 	  -85.28 	 
14.790599769	  0.027 	  -84.87 	 
14.807199769	  0.028 	  -84.21 	 
14.823799768	  0.028 	  -83.27 	 
14.840399768	  0.030 	  -82.08 	 
14.856999768	  0.030 	  -80.74 	 
14.873599768	  0.031 	  -79.11 	 
14.890199767	  0.033 	  -77.32 	 
14.906799767	  0.035 	  -75.36 	 
14.923399767	  0.036 	  -73.23 	 
14.939999767	  0.039 	  -71.00 	 
14.956599766	  0.041 	  -68.69 	 
14.973199766	  0.044 	  -66.26 	 
14.989799766	  0.047 	  -63.78 	 
15.006399766	  0.050 	  -61.28 	 
15.022999765	  0.054 	  -58.79 	 
15.039599765	  0.057 	  -56.35 	 
15.056199765	  0.060 	  -53.97 	 
15.072799765	  0.063 	  -51.66 	 
15.089399764	  0.067 	  -49.44 	 
15.105999764	  0.070 	  -47.36 	 
15.122599764	  0.074 	  -45.42 	 
15.139199764	  0.077 	  -43.67 	 
15.155799763	  0.080 	  -42.18 	 
15.172399763	  0.083 	  -40.82 	 
15.188999763	  0.085 	  -39.73 	 
15.205599762	  0.087 	  -38.81 	 
15.222199762	  0.088 	  -38.21 	 
15.238799762	  0.089 	  -37.84 	 
15.255399762	  0.090 	  -37.72 	 
15.271999761	  0.089 	  -37.85 	 
15.288599761	  0.090 	  -38.27 	 
15.305199761	  0.090 	  -38.88 	 
15.321799761	  0.088 	  -39.81 	 
15.338399760	  0.087 	  -40.92 	 
15.354999760	  0.086 	  -42.33 	 
15.371599760	  0.085 	  -43.90 	 
15.388199760	  0.082 	  -45.68 	 
15.404799759	  0.080 	  -47.59 	 
15.421399759	  0.077 	  -49.71 	 
15.437999759	  0.075 	  -51.89 	 
15.454599759	  0.071 	  -54.23 	 
15.471199758	  0.069 	  -56.64 	 
15.487799758	  0.065 	  -59.14 	 
15.504399758	  0.061 	  -61.59 	 
15.520999758	  0.057 	  -64.09 	 
15.537599757	  0.054 	  -66.50 	 
15.554199757	  0.051 	  -68.96 	 
15.570799757	  0.048 	  -71.26 	 
15.587399757	  0.044 	  -73.51 	 
15.603999756	  0.041 	  -75.57 	 
15.620599756	  0.039 	  -77.50 	 
15.637199756	  0.036 	  -79.28 	 
15.653799755	  0.035 	  -80.82 	 
15.670399755	  0.033 	  -82.25 	 
15.686999755	  0.031 	  -83.37 	 
15.703599755	  0.030 	  -84.25 	 
15.720199754	  0.028 	  -84.91 	 
15.736799754	  0.028 	  -85.28 	 
15.753399754	  0.027 	  -85.48 	 
15.769999754	  0.027 	  -85.34 	 
15.786599753	  0.028 	  -85.05 	 
15.803199753	  0.028 	  -84.36 	 
15.819799753	  0.028 	  -83.59 	 
15.836399753	  0.029 	  -82.38 	 
15.852999752	  0.029 	  -81.14 	 
15.869599752	  0.030 	  -79.50 	 
15.886199752	  0.032 	  -77.79 	 
15.902799752	  0.034 	  -75.85 	 
15.919399751	  0.036 	  -73.78 	 
15.935999751	  0.038 	  -71.54 	 
15.952599751	  0.040 	  -69.23 	 
15.969199751	  0.043 	  -66.79 	 
15.985799750	  0.046 	  -64.39 	 
16.002399750	  0.049 	  -61.90 	 
16.018999750	  0.052 	  -59.42 	 
16.035599750	  0.056 	  -56.90 	 
16.052199749	  0.059 	  -54.52 	 
16.068799749	  0.062 	  -52.21 	 
16.085399749	  0.065 	  -49.97 	 
16.101999748	  0.069 	  -47.87 	 
16.118599748	  0.073 	  -45.91 	 
16.135199748	  0.076 	  -44.11 	 
16.151799748	  0.079 	  -42.50 	 
16.168399747	  0.082 	  -41.11 	 
16.184999747	  0.084 	  -39.98 	 
16.201599747	  0.086 	  -39.04 	 
16.218199747	  0.087 	  -38.32 	 
16.234799746	  0.089 	  -37.90 	 
16.251399746	  0.089 	  -37.73 	 
16.267999746	  0.090 	  -37.81 	 
16.284599746	  0.090 	  -38.13 	 
16.301199745	  0.089 	  -38.73 	 
16.317799745	  0.089 	  -39.55 	 
16.334399745	  0.087 	  -40.66 	 
16.350999745	  0.087 	  -41.93 	 
16.367599744	  0.085 	  -43.48 	 
16.384199744	  0.083 	  -45.22 	 
16.400799744	  0.080 	  -47.13 	 
16.417399744	  0.078 	  -49.17 	 
16.433999743	  0.075 	  -51.38 	 
16.450599743	  0.071 	  -53.68 	 
16.467199743	  0.068 	  -56.04 	 
16.483799743	  0.066 	  -58.51 	 
16.500399742	  0.062 	  -61.02 	 
16.516999742	  0.058 	  -63.48 	 
16.533599742	  0.054 	  -65.95 	 
16.550199741	  0.051 	  -68.36 	 
16.566799741	  0.048 	  -70.73 	 
16.583399741	  0.045 	  -72.94 	 
16.599999741	  0.042 	  -75.06 	 
16.616599740	  0.040 	  -77.04 	 
16.633199740	  0.037 	  -78.90 	 
16.649799740	  0.034 	  -80.46 	 
16.666399740	  0.033 	  -81.92 	 
16.682999739	  0.032 	  -83.11 	 
16.699599739	  0.030 	  -84.05 	 
16.716199739	  0.029 	  -84.78 	 
16.732799739	  0.028 	  -85.26 	 
16.749399738	  0.027 	  -85.47 	 
16.765999738	  0.027 	  -85.44 	 
16.782599738	  0.027 	  -85.11 	 
16.799199738	  0.027 	  -84.54 	 
16.815799737	  0.028 	  -83.68 	 
16.832399737	  0.029 	  -82.72 	 
16.848999737	  0.029 	  -81.38 	 
16.865599737	  0.031 	  -79.88 	 
16.882199736	  0.032 	  -78.20 	 
16.898799736	  0.033 	  -76.32 	 
16.915399736	  0.035 	  -74.25 	 
16.931999736	  0.037 	  -72.11 	 
16.948599735	  0.039 	  -69.78 	 
16.965199735	  0.042 	  -67.45 	 
16.981799735	  0.045 	  -64.95 	 
