0.000000000	 -0.171 	  -62.23 	 
0.016600000	 -0.168 	  -59.82 	 
0.033199999	 -0.166 	  -57.29 	 
0.049799999	 -0.162 	  -54.82 	 
0.066399999	 -0.159 	  -52.48 	 
0.082999999	 -0.157 	  -50.25 	 
0.099599998	 -0.154 	  -48.13 	 
0.116199998	 -0.151 	  -46.14 	 
0.132799998	 -0.149 	  -44.37 	 
0.149399998	 -0.147 	  -42.64 	 
0.165999997	 -0.145 	  -41.32 	 
0.182599997	 -0.142 	  -40.04 	 
0.199199997	 -0.140 	  -39.11 	 
0.215799997	 -0.139 	  -38.41 	 
0.232399996	 -0.138 	  -37.90 	 
0.248999996	 -0.137 	  -37.66 	 
0.265599996	 -0.137 	  -37.78 	 
0.282199996	 -0.137 	  -37.92 	 
0.298799995	 -0.137 	  -38.62 	 
0.315399995	 -0.138 	  -39.34 	 
0.331999995	 -0.139 	  -40.51 	 
0.348599995	 -0.139 	  -41.66 	 
0.365199994	 -0.141 	  -43.23 	 
0.381799994	 -0.143 	  -44.89 	 
0.398399994	 -0.144 	  -46.81 	 
0.414999994	 -0.146 	  -48.82 	 
0.431599993	 -0.149 	  -50.95 	 
0.448199993	 -0.151 	  -53.33 	 
0.464799993	 -0.154 	  -55.65 	 
0.481399992	 -0.156 	  -58.15 	 
0.497999992	 -0.159 	  -60.61 	 
0.514599992	 -0.162 	  -63.19 	 
0.531199992	 -0.165 	  -65.56 	 
0.547799991	 -0.167 	  -68.01 	 
0.564399991	 -0.170 	  -70.33 	 
0.580999991	 -0.173 	  -72.67 	 
0.597599991	 -0.176 	  -74.76 	 
0.614199990	 -0.178 	  -76.80 	 
0.630799990	 -0.180 	  -78.62 	 
0.647399990	 -0.181 	  -80.26 	 
0.663999990	 -0.183 	  -81.76 	 
0.680599989	 -0.185 	  -82.92 	 
0.697199989	 -0.186 	  -83.94 	 
0.713799989	 -0.186 	  -84.73 	 
0.730399989	 -0.187 	  -85.25 	 
0.746999988	 -0.188 	  -85.48 	 
0.763599988	 -0.188 	  -85.42 	 
0.780199988	 -0.188 	  -85.23 	 
0.796799988	 -0.188 	  -84.71 	 
0.813399987	 -0.188 	  -83.91 	 
0.829999987	 -0.187 	  -82.83 	 
0.846599987	 -0.187 	  -81.62 	 
0.863199987	 -0.186 	  -80.07 	 
0.879799986	 -0.185 	  -78.41 	 
0.896399986	 -0.183 	  -76.58 	 
0.912999986	 -0.182 	  -74.55 	 
0.929599985	 -0.180 	  -72.45 	 
0.946199985	 -0.179 	  -70.12 	 
0.962799985	 -0.177 	  -67.77 	 
0.979399985	 -0.175 	  -65.28 	 
0.995999984	 -0.172 	  -62.93 	 
1.012599984	 -0.169 	  -60.31 	 
1.029199984	 -0.166 	  -57.87 	 
1.045799984	 -0.164 	  -55.44 	 
1.062399983	 -0.161 	  -53.04 	 
1.078999983	 -0.159 	  -50.81 	 
1.095599983	 -0.155 	  -48.68 	 
1.112199983	 -0.152 	  -46.55 	 
1.128799982	 -0.149 	  -44.70 	 
1.145399982	 -0.148 	  -43.07 	 
1.161999982	 -0.145 	  -41.58 	 
1.178599982	 -0.143 	  -40.33 	 
1.195199981	 -0.141 	  -39.37 	 
1.211799981	 -0.139 	  -38.49 	 
1.228399981	 -0.138 	  -38.06 	 
1.244999981	 -0.138 	  -37.73 	 
1.261599980	 -0.137 	  -37.75 	 
1.278199980	 -0.138 	  -37.97 	 
1.294799980	 -0.138 	  -38.36 	 
1.311399980	 -0.138 	  -39.18 	 
1.327999979	 -0.139 	  -40.22 	 
1.344599979	 -0.140 	  -41.39 	 
1.361199979	 -0.141 	  -42.89 	 
1.377799978	 -0.142 	  -44.50 	 
1.394399978	 -0.144 	  -46.44 	 
1.410999978	 -0.146 	  -48.24 	 
1.427599978	 -0.149 	  -50.52 	 
1.444199977	 -0.151 	  -52.70 	 
1.460799977	 -0.154 	  -55.24 	 
1.477399977	 -0.156 	  -57.52 	 
1.493999977	 -0.159 	  -60.05 	 
1.510599976	 -0.162 	  -62.52 	 
1.527199976	 -0.164 	  -64.92 	 
1.543799976	 -0.168 	  -67.43 	 
1.560399976	 -0.170 	  -69.84 	 
1.576999975	 -0.173 	  -72.07 	 
1.593599975	 -0.175 	  -74.23 	 
1.610199975	 -0.177 	  -76.27 	 
1.626799975	 -0.180 	  -78.18 	 
1.643399974	 -0.181 	  -79.85 	 
1.659999974	 -0.183 	  -81.31 	 
1.676599974	 -0.184 	  -82.70 	 
1.693199974	 -0.186 	  -83.70 	 
1.709799973	 -0.187 	  -84.59 	 
1.726399973	 -0.188 	  -85.21 	 
1.742999973	 -0.188 	  -85.40 	 
1.759599973	 -0.189 	  -85.44 	 
1.776199972	 -0.188 	  -85.17 	 
1.792799972	 -0.188 	  -84.70 	 
1.809399972	 -0.188 	  -84.01 	 
1.825999971	 -0.187 	  -83.13 	 
1.842599971	 -0.187 	  -82.03 	 
1.859199971	 -0.187 	  -80.51 	 
1.875799971	 -0.186 	  -78.86 	 
1.892399970	 -0.184 	  -77.02 	 
1.908999970	 -0.183 	  -75.03 	 
1.925599970	 -0.182 	  -72.87 	 
1.942199970	 -0.179 	  -70.64 	 
1.958799969	 -0.177 	  -68.34 	 
1.975399969	 -0.175 	  -65.85 	 
1.991999969	 -0.173 	  -63.41 	 
2.008599969	 -0.170 	  -61.00 	 
2.025199968	 -0.167 	  -58.45 	 
2.041799968	 -0.165 	  -55.96 	 
2.058399968	 -0.162 	  -53.65 	 
2.074999968	 -0.159 	  -51.42 	 
2.091599967	 -0.156 	  -49.25 	 
2.108199967	 -0.154 	  -47.08 	 
2.124799967	 -0.151 	  -45.25 	 
2.141399967	 -0.148 	  -43.50 	 
2.157999966	 -0.146 	  -41.97 	 
2.174599966	 -0.144 	  -40.73 	 
2.191199966	 -0.142 	  -39.58 	 
2.207799966	 -0.141 	  -38.77 	 
2.224399965	 -0.139 	  -38.19 	 
2.240999965	 -0.139 	  -37.84 	 
2.257599965	 -0.138 	  -37.71 	 
2.274199964	 -0.138 	  -37.97 	 
2.290799964	 -0.138 	  -38.34 	 
2.307399964	 -0.138 	  -39.07 	 
2.323999964	 -0.139 	  -39.96 	 
2.340599963	 -0.139 	  -41.09 	 
2.357199963	 -0.141 	  -42.57 	 
2.373799963	 -0.143 	  -44.11 	 
2.390399963	 -0.144 	  -45.97 	 
2.406999962	 -0.146 	  -47.92 	 
2.423599962	 -0.148 	  -50.02 	 
2.440199962	 -0.151 	  -52.15 	 
2.456799962	 -0.153 	  -54.57 	 
2.473399961	 -0.156 	  -56.93 	 
2.489999961	 -0.159 	  -59.47 	 
2.506599961	 -0.162 	  -61.94 	 
2.523199961	 -0.164 	  -64.37 	 
2.539799960	 -0.167 	  -66.87 	 
2.556399960	 -0.170 	  -69.23 	 
2.572999960	 -0.173 	  -71.48 	 
2.589599960	 -0.175 	  -73.72 	 
2.606199959	 -0.177 	  -75.81 	 
2.622799959	 -0.179 	  -77.70 	 
2.639399959	 -0.182 	  -79.42 	 
2.655999959	 -0.183 	  -81.00 	 
2.672599958	 -0.184 	  -82.36 	 
2.689199958	 -0.186 	  -83.43 	 
2.705799958	 -0.187 	  -84.36 	 
2.722399957	 -0.188 	  -85.00 	 
2.738999957	 -0.189 	  -85.37 	 
2.755599957	 -0.189 	  -85.33 	 
2.772199957	 -0.189 	  -85.23 	 
2.788799956	 -0.189 	  -84.79 	 
2.805399956	 -0.189 	  -84.25 	 
2.821999956	 -0.188 	  -83.38 	 
2.838599956	 -0.188 	  -82.24 	 
2.855199955	 -0.187 	  -80.88 	 
2.871799955	 -0.186 	  -79.26 	 
2.888399955	 -0.185 	  -77.47 	 
2.904999955	 -0.183 	  -75.48 	 
2.921599954	 -0.182 	  -73.40 	 
2.938199954	 -0.180 	  -71.25 	 
2.954799954	 -0.178 	  -68.94 	 
2.971399954	 -0.176 	  -66.54 	 
2.987999953	 -0.173 	  -63.97 	 
3.004599953	 -0.171 	  -61.59 	 
3.021199953	 -0.168 	  -59.01 	 
3.037799953	 -0.165 	  -56.63 	 
3.054399952	 -0.163 	  -54.29 	 
3.070999952	 -0.160 	  -51.93 	 
3.087599952	 -0.157 	  -49.69 	 
3.104199952	 -0.154 	  -47.61 	 
3.120799951	 -0.152 	  -45.64 	 
3.137399951	 -0.150 	  -43.91 	 
3.153999951	 -0.147 	  -42.39 	 
3.170599950	 -0.145 	  -41.00 	 
3.187199950	 -0.142 	  -39.82 	 
3.203799950	 -0.141 	  -38.93 	 
3.220399950	 -0.139 	  -38.32 	 
3.236999949	 -0.139 	  -37.85 	 
3.253599949	 -0.138 	  -37.81 	 
3.270199949	 -0.138 	  -37.80 	 
3.286799949	 -0.139 	  -38.30 	 
3.303399948	 -0.138 	  -38.82 	 
3.319999948	 -0.140 	  -39.72 	 
3.336599948	 -0.140 	  -40.77 	 
3.353199948	 -0.141 	  -42.22 	 
3.369799947	 -0.142 	  -43.71 	 
3.386399947	 -0.144 	  -45.44 	 
3.402999947	 -0.145 	  -47.32 	 
3.419599947	 -0.148 	  -49.43 	 
3.436199946	 -0.150 	  -51.69 	 
3.452799946	 -0.153 	  -53.97 	 
3.469399946	 -0.155 	  -56.31 	 
3.485999946	 -0.158 	  -58.83 	 
3.502599945	 -0.160 	  -61.28 	 
3.519199945	 -0.163 	  -63.75 	 
3.535799945	 -0.166 	  -66.28 	 
3.552399945	 -0.170 	  -68.65 	 
3.568999944	 -0.172 	  -71.06 	 
3.585599944	 -0.175 	  -73.16 	 
3.602199944	 -0.177 	  -75.31 	 
3.618799943	 -0.179 	  -77.22 	 
3.635399943	 -0.181 	  -79.06 	 
3.651999943	 -0.183 	  -80.62 	 
3.668599943	 -0.184 	  -81.95 	 
3.685199942	 -0.185 	  -83.09 	 
3.701799942	 -0.187 	  -84.04 	 
3.718399942	 -0.187 	  -84.73 	 
3.734999942	 -0.188 	  -85.26 	 
3.751599941	 -0.189 	  -85.41 	 
3.768199941	 -0.188 	  -85.28 	 
3.784799941	 -0.189 	  -84.93 	 
3.801399941	 -0.188 	  -84.36 	 
3.817999940	 -0.189 	  -83.53 	 
3.834599940	 -0.188 	  -82.50 	 
3.851199940	 -0.187 	  -81.06 	 
3.867799940	 -0.186 	  -79.55 	 
3.884399939	 -0.185 	  -77.89 	 
3.900999939	 -0.184 	  -75.91 	 
3.917599939	 -0.182 	  -73.89 	 
3.934199939	 -0.182 	  -71.73 	 
3.950799938	 -0.179 	  -69.45 	 
3.967399938	 -0.177 	  -67.03 	 
3.983999938	 -0.174 	  -64.62 	 
4.000599938	 -0.172 	  -62.13 	 
4.017199937	 -0.169 	  -59.61 	 
4.033799937	 -0.167 	  -57.21 	 
4.050399937	 -0.163 	  -54.74 	 
4.066999936	 -0.161 	  -52.45 	 
4.083599936	 -0.159 	  -50.19 	 
4.100199936	 -0.155 	  -48.06 	 
4.116799936	 -0.153 	  -46.11 	 
4.133399935	 -0.150 	  -44.27 	 
4.149999935	 -0.148 	  -42.68 	 
4.166599935	 -0.146 	  -41.30 	 
4.183199935	 -0.143 	  -40.12 	 
4.199799934	 -0.142 	  -39.09 	 
4.216399934	 -0.140 	  -38.40 	 
4.232999934	 -0.140 	  -37.97 	 
4.249599934	 -0.139 	  -37.72 	 
4.266199933	 -0.139 	  -37.84 	 
4.282799933	 -0.139 	  -38.05 	 
4.299399933	 -0.139 	  -38.71 	 
4.315999933	 -0.139 	  -39.43 	 
4.332599932	 -0.140 	  -40.53 	 
4.349199932	 -0.141 	  -41.85 	 
4.365799932	 -0.143 	  -43.29 	 
4.382399932	 -0.144 	  -45.05 	 
4.398999931	 -0.146 	  -46.91 	 
4.415599931	 -0.147 	  -48.90 	 
4.432199931	 -0.150 	  -51.12 	 
4.448799931	 -0.152 	  -53.40 	 
4.465399930	 -0.155 	  -55.74 	 
4.481999930	 -0.158 	  -58.17 	 
4.498599930	 -0.160 	  -60.69 	 
4.515199929	 -0.163 	  -63.26 	 
4.531799929	 -0.167 	  -65.66 	 
4.548399929	 -0.169 	  -68.04 	 
4.564999929	 -0.172 	  -70.33 	 
4.581599928	 -0.174 	  -72.66 	 
4.598199928	 -0.177 	  -74.73 	 
4.614799928	 -0.179 	  -76.80 	 
4.631399928	 -0.181 	  -78.63 	 
4.647999927	 -0.183 	  -80.31 	 
4.664599927	 -0.185 	  -81.64 	 
4.681199927	 -0.186 	  -82.81 	 
4.697799927	 -0.187 	  -83.75 	 
4.714399926	 -0.188 	  -84.55 	 
4.730999926	 -0.189 	  -85.14 	 
4.747599926	 -0.189 	  -85.40 	 
4.764199926	 -0.189 	  -85.24 	 
4.780799925	 -0.189 	  -85.02 	 
4.797399925	 -0.189 	  -84.45 	 
4.813999925	 -0.189 	  -83.84 	 
4.830599925	 -0.188 	  -82.76 	 
4.847199924	 -0.188 	  -81.51 	 
4.863799924	 -0.186 	  -79.97 	 
4.880399924	 -0.186 	  -78.28 	 
4.896999924	 -0.184 	  -76.43 	 
4.913599923	 -0.183 	  -74.43 	 
4.930199923	 -0.182 	  -72.27 	 
4.946799923	 -0.179 	  -70.03 	 
4.963399922	 -0.178 	  -67.61 	 
4.979999922	 -0.175 	  -65.17 	 
4.996599922	 -0.173 	  -62.74 	 
5.013199922	 -0.171 	  -60.19 	 
5.029799921	 -0.168 	  -57.75 	 
5.046399921	 -0.165 	  -55.41 	 
5.062999921	 -0.162 	  -52.98 	 
5.079599921	 -0.159 	  -50.67 	 
5.096199920	 -0.157 	  -48.59 	 
5.112799920	 -0.154 	  -46.54 	 
5.129399920	 -0.151 	  -44.72 	 
5.145999920	 -0.149 	  -42.99 	 
5.162599919	 -0.146 	  -41.68 	 
5.179199919	 -0.145 	  -40.33 	 
5.195799919	 -0.142 	  -39.37 	 
5.212399919	 -0.141 	  -38.54 	 
5.228999918	 -0.140 	  -38.08 	 
5.245599918	 -0.139 	  -37.80 	 
5.262199918	 -0.139 	  -37.72 	 
5.278799918	 -0.139 	  -37.99 	 
5.295399917	 -0.139 	  -38.50 	 
5.311999917	 -0.139 	  -39.25 	 
5.328599917	 -0.140 	  -40.27 	 
5.345199917	 -0.141 	  -41.54 	 
5.361799916	 -0.143 	  -42.94 	 
5.378399916	 -0.144 	  -44.63 	 
5.394999916	 -0.145 	  -46.39 	 
5.411599915	 -0.148 	  -48.47 	 
5.428199915	 -0.150 	  -50.60 	 
5.444799915	 -0.152 	  -52.83 	 
5.461399915	 -0.154 	  -55.21 	 
5.477999914	 -0.157 	  -57.62 	 
5.494599914	 -0.160 	  -60.15 	 
5.511199914	 -0.163 	  -62.55 	 
5.527799914	 -0.166 	  -65.04 	 
5.544399913	 -0.169 	  -67.58 	 
5.560999913	 -0.171 	  -69.88 	 
5.577599913	 -0.174 	  -72.12 	 
5.594199913	 -0.177 	  -74.30 	 
5.610799912	 -0.179 	  -76.40 	 
5.627399912	 -0.181 	  -78.20 	 
5.643999912	 -0.183 	  -80.00 	 
5.660599912	 -0.184 	  -81.38 	 
5.677199911	 -0.186 	  -82.65 	 
5.693799911	 -0.187 	  -83.62 	 
5.710399911	 -0.188 	  -84.51 	 
5.726999911	 -0.189 	  -85.07 	 
5.743599910	 -0.189 	  -85.35 	 
5.760199910	 -0.190 	  -85.43 	 
5.776799910	 -0.190 	  -85.17 	 
5.793399910	 -0.189 	  -84.73 	 
5.809999909	 -0.189 	  -84.05 	 
5.826599909	 -0.188 	  -83.11 	 
5.843199909	 -0.188 	  -81.93 	 
5.859799908	 -0.187 	  -80.56 	 
5.876399908	 -0.186 	  -78.83 	 
5.892999908	 -0.186 	  -76.94 	 
5.909599908	 -0.184 	  -74.96 	 
5.926199907	 -0.182 	  -72.83 	 
5.942799907	 -0.181 	  -70.62 	 
5.959399907	 -0.179 	  -68.29 	 
5.975999907	 -0.177 	  -65.92 	 
5.992599906	 -0.174 	  -63.35 	 
6.009199906	 -0.171 	  -60.91 	 
6.025799906	 -0.169 	  -58.38 	 
6.042399906	 -0.165 	  -56.00 	 
6.058999905	 -0.162 	  -53.58 	 
6.075599905	 -0.160 	  -51.28 	 
6.092199905	 -0.157 	  -49.15 	 
6.108799905	 -0.154 	  -47.07 	 
6.125399904	 -0.152 	  -45.17 	 
6.141999904	 -0.150 	  -43.44 	 
6.158599904	 -0.148 	  -41.98 	 
6.175199904	 -0.146 	  -40.64 	 
6.191799903	 -0.144 	  -39.63 	 
6.208399903	 -0.141 	  -38.69 	 
6.224999903	 -0.141 	  -38.24 	 
6.241599903	 -0.139 	  -37.84 	 
6.258199902	 -0.140 	  -37.72 	 
6.274799902	 -0.139 	  -38.01 	 
6.291399902	 -0.139 	  -38.34 	 
6.307999901	 -0.140 	  -39.08 	 
6.324599901	 -0.141 	  -40.06 	 
6.341199901	 -0.141 	  -41.14 	 
6.357799901	 -0.143 	  -42.64 	 
6.374399900	 -0.144 	  -44.17 	 
6.390999900	 -0.146 	  -46.13 	 
6.407599900	 -0.148 	  -47.94 	 
6.424199900	 -0.149 	  -50.11 	 
6.440799899	 -0.151 	  -52.34 	 
6.457399899	 -0.154 	  -54.69 	 
6.473999899	 -0.157 	  -57.08 	 
6.490599899	 -0.160 	  -59.52 	 
6.507199898	 -0.163 	  -61.99 	 
6.523799898	 -0.165 	  -64.54 	 
6.540399898	 -0.169 	  -66.96 	 
6.556999898	 -0.171 	  -69.33 	 
6.573599897	 -0.173 	  -71.62 	 
6.590199897	 -0.176 	  -73.78 	 
6.606799897	 -0.179 	  -75.89 	 
6.623399897	 -0.181 	  -77.84 	 
6.639999896	 -0.183 	  -79.54 	 
6.656599896	 -0.184 	  -81.10 	 
6.673199896	 -0.185 	  -82.37 	 
6.689799896	 -0.187 	  -83.50 	 
6.706399895	 -0.188 	  -84.35 	 
6.722999895	 -0.189 	  -85.03 	 
6.739599895	 -0.190 	  -85.33 	 
6.756199894	 -0.190 	  -85.45 	 
6.772799894	 -0.190 	  -85.25 	 
6.789399894	 -0.190 	  -84.84 	 
6.805999894	 -0.190 	  -84.23 	 
6.822599893	 -0.189 	  -83.32 	 
6.839199893	 -0.189 	  -82.19 	 
6.855799893	 -0.188 	  -80.90 	 
6.872399893	 -0.187 	  -79.26 	 
6.888999892	 -0.186 	  -77.40 	 
6.905599892	 -0.184 	  -75.55 	 
6.922199892	 -0.183 	  -73.38 	 
6.938799892	 -0.181 	  -71.15 	 
6.955399891	 -0.179 	  -68.87 	 
6.971999891	 -0.178 	  -66.39 	 
6.988599891	 -0.175 	  -63.99 	 
7.005199891	 -0.172 	  -61.46 	 
7.021799890	 -0.170 	  -59.04 	 
7.038399890	 -0.166 	  -56.55 	 
7.054999890	 -0.164 	  -54.10 	 
7.071599890	 -0.161 	  -51.86 	 
7.088199889	 -0.159 	  -49.67 	 
7.104799889	 -0.156 	  -47.57 	 
7.121399889	 -0.153 	  -45.62 	 
7.137999889	 -0.150 	  -43.88 	 
7.154599888	 -0.149 	  -42.36 	 
7.171199888	 -0.146 	  -40.89 	 
7.187799888	 -0.144 	  -39.85 	 
7.204399887	 -0.143 	  -38.93 	 
7.220999887	 -0.141 	  -38.39 	 
7.237599887	 -0.140 	  -37.93 	 
7.254199887	 -0.139 	  -37.75 	 
7.270799886	 -0.139 	  -37.90 	 
7.287399886	 -0.140 	  -38.20 	 
7.303999886	 -0.140 	  -38.97 	 
7.320599886	 -0.140 	  -39.69 	 
7.337199885	 -0.141 	  -41.04 	 
7.353799885	 -0.143 	  -42.23 	 
7.370399885	 -0.144 	  -43.74 	 
7.386999885	 -0.146 	  -45.64 	 
7.403599884	 -0.147 	  -47.48 	 
7.420199884	 -0.149 	  -49.61 	 
7.436799884	 -0.151 	  -51.81 	 
7.453399884	 -0.154 	  -54.10 	 
7.469999883	 -0.157 	  -56.42 	 
7.486599883	 -0.160 	  -58.92 	 
7.503199883	 -0.162 	  -61.48 	 
7.519799883	 -0.165 	  -63.87 	 
7.536399882	 -0.168 	  -66.35 	 
7.552999882	 -0.171 	  -68.73 	 
7.569599882	 -0.173 	  -71.04 	 
7.586199882	 -0.176 	  -73.28 	 
7.602799881	 -0.178 	  -75.34 	 
7.619399881	 -0.181 	  -77.36 	 
7.635999881	 -0.183 	  -79.15 	 
7.652599880	 -0.184 	  -80.71 	 
7.669199880	 -0.186 	  -82.06 	 
7.685799880	 -0.188 	  -83.25 	 
7.702399880	 -0.188 	  -84.16 	 
7.718999879	 -0.190 	  -84.90 	 
7.735599879	 -0.190 	  -85.29 	 
7.752199879	 -0.189 	  -85.36 	 
7.768799879	 -0.190 	  -85.26 	 
7.785399878	 -0.191 	  -84.98 	 
7.801999878	 -0.191 	  -84.43 	 
7.818599878	 -0.190 	  -83.54 	 
7.835199878	 -0.189 	  -82.43 	 
7.851799877	 -0.189 	  -81.16 	 
7.868399877	 -0.187 	  -79.60 	 
7.884999877	 -0.186 	  -77.79 	 
7.901599877	 -0.185 	  -75.88 	 
7.918199876	 -0.183 	  -73.80 	 
7.934799876	 -0.182 	  -71.65 	 
7.951399876	 -0.180 	  -69.31 	 
7.967999876	 -0.178 	  -67.02 	 
7.984599875	 -0.175 	  -64.62 	 
8.001199875	 -0.173 	  -62.10 	 
8.017799875	 -0.170 	  -59.54 	 
8.034399875	 -0.167 	  -57.08 	 
8.050999874	 -0.166 	  -54.68 	 
8.067599874	 -0.162 	  -52.45 	 
8.084199874	 -0.159 	  -50.17 	 
8.100799873	 -0.157 	  -48.00 	 
8.117399873	 -0.154 	  -46.01 	 
8.133999873	 -0.151 	  -44.23 	 
8.150599873	 -0.149 	  -42.66 	 
8.167199872	 -0.147 	  -41.22 	 
8.183799872	 -0.145 	  -40.05 	 
8.200399872	 -0.143 	  -39.11 	 
8.216999872	 -0.142 	  -38.43 	 
8.233599871	 -0.140 	  -37.97 	 
8.250199871	 -0.140 	  -37.68 	 
8.266799871	 -0.140 	  -37.88 	 
8.283399871	 -0.139 	  -38.06 	 
8.299999870	 -0.140 	  -38.79 	 
8.316599870	 -0.140 	  -39.49 	 
8.333199870	 -0.141 	  -40.55 	 
8.349799870	 -0.142 	  -41.84 	 
8.366399869	 -0.144 	  -43.43 	 
8.382999869	 -0.145 	  -45.06 	 
8.399599869	 -0.147 	  -46.96 	 
8.416199869	 -0.149 	  -48.96 	 
8.432799868	 -0.152 	  -51.22 	 
8.449399868	 -0.154 	  -53.50 	 
8.465999868	 -0.157 	  -55.84 	 
8.482599868	 -0.159 	  -58.37 	 
8.499199867	 -0.162 	  -60.80 	 
8.515799867	 -0.165 	  -63.31 	 
8.532399867	 -0.168 	  -65.74 	 
8.548999866	 -0.171 	  -68.17 	 
8.565599866	 -0.174 	  -70.55 	 
8.582199866	 -0.175 	  -72.72 	 
8.598799866	 -0.178 	  -74.89 	 
8.615399865	 -0.180 	  -76.89 	 
8.631999865	 -0.182 	  -78.77 	 
8.648599865	 -0.184 	  -80.34 	 
8.665199865	 -0.186 	  -81.74 	 
8.681799864	 -0.187 	  -82.99 	 
8.698399864	 -0.188 	  -83.92 	 
8.714999864	 -0.189 	  -84.62 	 
8.731599864	 -0.190 	  -85.16 	 
8.748199863	 -0.191 	  -85.40 	 
8.764799863	 -0.191 	  -85.30 	 
8.781399863	 -0.191 	  -85.10 	 
8.797999863	 -0.191 	  -84.55 	 
8.814599862	 -0.191 	  -83.79 	 
8.831199862	 -0.190 	  -82.78 	 
8.847799862	 -0.189 	  -81.51 	 
8.864399862	 -0.188 	  -80.00 	 
8.880999861	 -0.187 	  -78.29 	 
8.897599861	 -0.186 	  -76.40 	 
8.914199861	 -0.184 	  -74.34 	 
8.930799861	 -0.183 	  -72.19 	 
8.947399860	 -0.182 	  -69.91 	 
8.963999860	 -0.179 	  -67.55 	 
8.980599860	 -0.176 	  -65.15 	 
8.997199859	 -0.174 	  -62.69 	 
9.013799859	 -0.171 	  -60.15 	 
9.030399859	 -0.169 	  -57.71 	 
9.046999859	 -0.166 	  -55.19 	 
9.063599858	 -0.163 	  -52.89 	 
9.080199858	 -0.160 	  -50.66 	 
9.096799858	 -0.158 	  -48.51 	 
9.113399858	 -0.155 	  -46.49 	 
9.129999857	 -0.153 	  -44.72 	 
9.146599857	 -0.150 	  -42.99 	 
9.163199857	 -0.148 	  -41.50 	 
9.179799857	 -0.146 	  -40.29 	 
9.196399856	 -0.144 	  -39.40 	 
9.212999856	 -0.143 	  -38.55 	 
9.229599856	 -0.141 	  -38.04 	 
9.246199856	 -0.140 	  -37.73 	 
9.262799855	 -0.140 	  -37.82 	 
9.279399855	 -0.140 	  -37.95 	 
9.295999855	 -0.141 	  -38.58 	 
9.312599855	 -0.141 	  -39.39 	 
9.329199854	 -0.141 	  -40.25 	 
9.345799854	 -0.143 	  -41.61 	 
9.362399854	 -0.144 	  -43.00 	 
9.378999854	 -0.145 	  -44.70 	 
9.395599853	 -0.147 	  -46.50 	 
9.412199853	 -0.148 	  -48.58 	 
9.428799853	 -0.151 	  -50.72 	 
9.445399852	 -0.153 	  -52.90 	 
9.461999852	 -0.156 	  -55.30 	 
9.478599852	 -0.158 	  -57.73 	 
9.495199852	 -0.161 	  -60.21 	 
9.511799851	 -0.165 	  -62.69 	 
9.528399851	 -0.167 	  -65.11 	 
9.544999851	 -0.170 	  -67.65 	 
9.561599851	 -0.172 	  -69.92 	 
9.578199850	 -0.176 	  -72.18 	 
9.594799850	 -0.178 	  -74.31 	 
9.611399850	 -0.180 	  -76.47 	 
9.627999850	 -0.182 	  -78.30 	 
9.644599849	 -0.183 	  -79.96 	 
9.661199849	 -0.186 	  -81.44 	 
9.677799849	 -0.187 	  -82.67 	 
9.694399849	 -0.188 	  -83.75 	 
9.710999848	 -0.189 	  -84.61 	 
9.727599848	 -0.189 	  -85.10 	 
9.744199848	 -0.190 	  -85.33 	 
9.760799848	 -0.191 	  -85.40 	 
9.777399847	 -0.190 	  -85.09 	 
9.793999847	 -0.190 	  -84.67 	 
9.810599847	 -0.191 	  -84.00 	 
9.827199847	 -0.190 	  -83.12 	 
9.843799846	 -0.189 	  -81.84 	 
9.860399846	 -0.189 	  -80.38 	 
9.876999846	 -0.188 	  -78.68 	 
9.893599845	 -0.186 	  -76.87 	 
9.910199845	 -0.185 	  -74.87 	 
9.926799845	 -0.183 	  -72.71 	 
9.943399845	 -0.182 	  -70.49 	 
9.959999844	 -0.179 	  -68.09 	 
9.976599844	 -0.178 	  -65.75 	 
9.993199844	 -0.175 	  -63.24 	 
10.009799844	 -0.172 	  -60.77 	 
10.026399843	 -0.170 	  -58.26 	 
10.042999843	 -0.167 	  -55.89 	 
10.059599843	 -0.165 	  -53.51 	 
10.076199843	 -0.161 	  -51.15 	 
10.092799842	 -0.158 	  -49.03 	 
10.109399842	 -0.156 	  -46.95 	 
10.125999842	 -0.153 	  -45.09 	 
10.142599842	 -0.151 	  -43.37 	 
10.159199841	 -0.148 	  -41.89 	 
10.175799841	 -0.146 	  -40.64 	 
10.192399841	 -0.144 	  -39.53 	 
10.208999841	 -0.143 	  -38.74 	 
10.225599840	 -0.142 	  -38.12 	 
10.242199840	 -0.141 	  -37.87 	 
10.258799840	 -0.141 	  -37.76 	 
10.275399840	 -0.141 	  -37.95 	 
10.291999839	 -0.141 	  -38.34 	 
10.308599839	 -0.141 	  -39.04 	 
10.325199839	 -0.142 	  -40.02 	 
10.341799838	 -0.143 	  -41.33 	 
10.358399838	 -0.144 	  -42.57 	 
10.374999838	 -0.145 	  -44.32 	 
10.391599838	 -0.146 	  -46.01 	 
10.408199837	 -0.149 	  -48.03 	 
10.424799837	 -0.151 	  -50.13 	 
10.441399837	 -0.153 	  -52.43 	 
10.457999837	 -0.156 	  -54.74 	 
10.474599836	 -0.158 	  -57.15 	 
10.491199836	 -0.161 	  -59.58 	 
10.507799836	 -0.164 	  -62.07 	 
10.524399836	 -0.167 	  -64.55 	 
10.540999835	 -0.170 	  -67.00 	 
10.557599835	 -0.172 	  -69.47 	 
10.574199835	 -0.175 	  -71.68 	 
10.590799835	 -0.178 	  -73.86 	 
10.607399834	 -0.180 	  -76.03 	 
10.623999834	 -0.182 	  -77.85 	 
10.640599834	 -0.184 	  -79.65 	 
10.657199834	 -0.185 	  -81.10 	 
10.673799833	 -0.187 	  -82.39 	 
10.690399833	 -0.188 	  -83.51 	 
10.706999833	 -0.189 	  -84.38 	 
10.723599833	 -0.191 	  -85.00 	 
10.740199832	 -0.191 	  -85.28 	 
10.756799832	 -0.191 	  -85.44 	 
10.773399832	 -0.191 	  -85.22 	 
10.789999831	 -0.191 	  -84.81 	 
10.806599831	 -0.191 	  -84.19 	 
10.823199831	 -0.191 	  -83.25 	 
10.839799831	 -0.190 	  -82.17 	 
10.856399830	 -0.190 	  -80.72 	 
10.872999830	 -0.188 	  -79.10 	 
10.889599830	 -0.188 	  -77.27 	 
10.906199830	 -0.186 	  -75.35 	 
10.922799829	 -0.184 	  -73.27 	 
10.939399829	 -0.182 	  -71.06 	 
10.955999829	 -0.180 	  -68.74 	 
10.972599829	 -0.178 	  -66.37 	 
10.989199828	 -0.176 	  -63.82 	 
11.005799828	 -0.174 	  -61.37 	 
11.022399828	 -0.171 	  -58.83 	 
11.038999828	 -0.168 	  -56.44 	 
11.055599827	 -0.165 	  -54.02 	 
11.072199827	 -0.162 	  -51.76 	 
11.088799827	 -0.160 	  -49.55 	 
11.105399827	 -0.158 	  -47.43 	 
11.121999826	 -0.155 	  -45.48 	 
11.138599826	 -0.152 	  -43.75 	 
11.155199826	 -0.149 	  -42.26 	 
11.171799826	 -0.147 	  -40.87 	 
11.188399825	 -0.145 	  -39.78 	 
11.204999825	 -0.144 	  -38.84 	 
11.221599825	 -0.143 	  -38.25 	 
11.238199824	 -0.141 	  -37.81 	 
11.254799824	 -0.141 	  -37.72 	 
11.271399824	 -0.141 	  -37.86 	 
11.287999824	 -0.141 	  -38.26 	 
11.304599823	 -0.142 	  -39.00 	 
11.321199823	 -0.142 	  -39.81 	 
11.337799823	 -0.142 	  -40.89 	 
11.354399823	 -0.144 	  -42.31 	 
11.370999822	 -0.145 	  -43.84 	 
11.387599822	 -0.147 	  -45.57 	 
11.404199822	 -0.149 	  -47.59 	 
11.420799822	 -0.151 	  -49.61 	 
11.437399821	 -0.153 	  -51.84 	 
11.453999821	 -0.155 	  -54.16 	 
11.470599821	 -0.158 	  -56.56 	 
11.487199821	 -0.161 	  -59.03 	 
11.503799820	 -0.164 	  -61.48 	 
11.520399820	 -0.167 	  -63.96 	 
11.536999820	 -0.170 	  -66.43 	 
11.553599820	 -0.172 	  -68.84 	 
11.570199819	 -0.175 	  -71.10 	 
11.586799819	 -0.177 	  -73.36 	 
11.603399819	 -0.180 	  -75.44 	 
11.619999819	 -0.182 	  -77.43 	 
11.636599818	 -0.183 	  -79.15 	 
11.653199818	 -0.186 	  -80.77 	 
11.669799818	 -0.187 	  -82.06 	 
11.686399817	 -0.188 	  -83.29 	 
11.702999817	 -0.190 	  -84.19 	 
11.719599817	 -0.191 	  -84.91 	 
11.736199817	 -0.191 	  -85.24 	 
11.752799816	 -0.191 	  -85.44 	 
11.769399816	 -0.191 	  -85.21 	 
11.785999816	 -0.191 	  -85.03 	 
11.802599816	 -0.191 	  -84.41 	 
11.819199815	 -0.191 	  -83.59 	 
11.835799815	 -0.191 	  -82.37 	 
11.852399815	 -0.190 	  -81.09 	 
11.868999815	 -0.189 	  -79.49 	 
11.885599814	 -0.187 	  -77.76 	 
11.902199814	 -0.186 	  -75.85 	 
11.918799814	 -0.184 	  -73.80 	 
11.935399814	 -0.183 	  -71.63 	 
11.951999813	 -0.181 	  -69.35 	 
11.968599813	 -0.179 	  -66.89 	 
11.985199813	 -0.177 	  -64.40 	 
12.001799813	 -0.175 	  -61.92 	 
12.018399812	 -0.172 	  -59.49 	 
12.034999812	 -0.169 	  -56.96 	 
12.051599812	 -0.166 	  -54.58 	 
12.068199812	 -0.163 	  -52.27 	 
12.084799811	 -0.161 	  -50.02 	 
12.101399811	 -0.158 	  -47.90 	 
12.117999811	 -0.156 	  -45.98 	 
12.134599810	 -0.153 	  -44.15 	 
12.151199810	 -0.150 	  -42.57 	 
12.167799810	 -0.148 	  -41.20 	 
12.184399810	 -0.146 	  -40.00 	 
12.200999809	 -0.144 	  -39.04 	 
12.217599809	 -0.143 	  -38.34 	 
12.234199809	 -0.142 	  -37.90 	 
12.250799809	 -0.142 	  -37.82 	 
12.267399808	 -0.141 	  -37.80 	 
12.283999808	 -0.141 	  -38.08 	 
12.300599808	 -0.141 	  -38.75 	 
12.317199808	 -0.142 	  -39.52 	 
12.333799807	 -0.143 	  -40.56 	 
12.350399807	 -0.144 	  -42.00 	 
12.366999807	 -0.145 	  -43.38 	 
12.383599807	 -0.146 	  -45.16 	 
12.400199806	 -0.148 	  -47.00 	 
12.416799806	 -0.150 	  -49.06 	 
12.433399806	 -0.153 	  -51.26 	 
12.449999806	 -0.156 	  -53.61 	 
12.466599805	 -0.158 	  -55.94 	 
12.483199805	 -0.161 	  -58.44 	 
12.499799805	 -0.163 	  -60.85 	 
12.516399805	 -0.166 	  -63.40 	 
12.532999804	 -0.169 	  -65.86 	 
12.549599804	 -0.172 	  -68.25 	 
12.566199804	 -0.173 	  -70.64 	 
12.582799803	 -0.177 	  -72.82 	 
12.599399803	 -0.179 	  -74.95 	 
12.615999803	 -0.182 	  -76.95 	 
12.632599803	 -0.183 	  -78.79 	 
12.649199802	 -0.186 	  -80.45 	 
12.665799802	 -0.187 	  -81.80 	 
12.682399802	 -0.189 	  -82.92 	 
12.698999802	 -0.190 	  -84.01 	 
12.715599801	 -0.191 	  -84.73 	 
12.732199801	 -0.192 	  -85.25 	 
12.748799801	 -0.192 	  -85.45 	 
12.765399801	 -0.192 	  -85.29 	 
12.781999800	 -0.192 	  -85.04 	 
12.798599800	 -0.191 	  -84.56 	 
12.815199800	 -0.191 	  -83.84 	 
12.831799800	 -0.190 	  -82.81 	 
12.848399799	 -0.190 	  -81.51 	 
12.864999799	 -0.189 	  -79.93 	 
12.881599799	 -0.188 	  -78.23 	 
12.898199799	 -0.187 	  -76.26 	 
12.914799798	 -0.185 	  -74.31 	 
12.931399798	 -0.184 	  -72.18 	 
12.947999798	 -0.182 	  -69.99 	 
12.964599798	 -0.180 	  -67.54 	 
12.981199797	 -0.177 	  -65.05 	 
12.997799797	 -0.175 	  -62.54 	 
13.014399797	 -0.173 	  -60.06 	 
13.030999796	 -0.170 	  -57.58 	 
13.047599796	 -0.168 	  -55.24 	 
13.064199796	 -0.164 	  -52.87 	 
13.080799796	 -0.161 	  -50.62 	 
13.097399795	 -0.159 	  -48.36 	 
13.113999795	 -0.156 	  -46.46 	 
13.130599795	 -0.154 	  -44.57 	 
13.147199795	 -0.151 	  -42.95 	 
13.163799794	 -0.149 	  -41.48 	 
13.180399794	 -0.147 	  -40.27 	 
13.196999794	 -0.145 	  -39.30 	 
13.213599794	 -0.144 	  -38.49 	 
13.230199793	 -0.143 	  -38.03 	 
13.246799793	 -0.142 	  -37.68 	 
13.263399793	 -0.141 	  -37.83 	 
13.279999793	 -0.141 	  -38.05 	 
13.296599792	 -0.142 	  -38.48 	 
13.313199792	 -0.142 	  -39.35 	 
13.329799792	 -0.143 	  -40.39 	 
13.346399792	 -0.144 	  -41.52 	 
13.362999791	 -0.145 	  -43.04 	 
13.379599791	 -0.146 	  -44.72 	 
13.396199791	 -0.148 	  -46.68 	 
13.412799791	 -0.150 	  -48.56 	 
13.429399790	 -0.152 	  -50.86 	 
13.445999790	 -0.155 	  -52.97 	 
13.462599790	 -0.158 	  -55.36 	 
13.479199789	 -0.160 	  -57.79 	 
13.495799789	 -0.162 	  -60.26 	 
13.512399789	 -0.166 	  -62.78 	 
13.528999789	 -0.169 	  -65.30 	 
13.545599788	 -0.171 	  -67.62 	 
13.562199788	 -0.174 	  -70.05 	 
13.578799788	 -0.176 	  -72.32 	 
13.595399788	 -0.179 	  -74.55 	 
13.611999787	 -0.182 	  -76.48 	 
13.628599787	 -0.184 	  -78.40 	 
13.645199787	 -0.185 	  -79.96 	 
13.661799787	 -0.187 	  -81.50 	 
13.678399786	 -0.188 	  -82.74 	 
13.694999786	 -0.190 	  -83.76 	 
13.711599786	 -0.190 	  -84.65 	 
13.728199786	 -0.191 	  -85.19 	 
13.744799785	 -0.192 	  -85.41 	 
13.761399785	 -0.192 	  -85.26 	 
13.777999785	 -0.192 	  -85.07 	 
13.794599785	 -0.192 	  -84.80 	 
13.811199784	 -0.192 	  -84.13 	 
13.827799784	 -0.191 	  -83.13 	 
13.844399784	 -0.190 	  -81.67 	 
13.860999784	 -0.189 	  -80.26 	 
13.877599783	 -0.189 	  -78.53 	 
13.894199783	 -0.187 	  -76.77 	 
13.910799783	 -0.186 	  -74.81 	 
13.927399782	 -0.184 	  -72.68 	 
13.943999782	 -0.183 	  -70.44 	 
13.960599782	 -0.180 	  -68.06 	 
13.977199782	 -0.179 	  -65.61 	 
13.993799781	 -0.176 	  -63.19 	 
14.010399781	 -0.174 	  -60.67 	 
14.026999781	 -0.171 	  -58.22 	 
14.043599781	 -0.168 	  -55.81 	 
14.060199780	 -0.165 	  -53.40 	 
14.076799780	 -0.162 	  -51.11 	 
14.093399780	 -0.160 	  -48.94 	 
14.109999780	 -0.157 	  -46.89 	 
14.126599779	 -0.154 	  -45.04 	 
14.143199779	 -0.152 	  -43.35 	 
14.159799779	 -0.150 	  -41.74 	 
14.176399779	 -0.147 	  -40.59 	 
14.192999778	 -0.146 	  -39.51 	 
14.209599778	 -0.145 	  -38.64 	 
14.226199778	 -0.143 	  -38.14 	 
14.242799778	 -0.142 	  -37.81 	 
14.259399777	 -0.142 	  -37.70 	 
14.275999777	 -0.141 	  -37.93 	 
14.292599777	 -0.142 	  -38.45 	 
14.309199777	 -0.142 	  -39.11 	 
14.325799776	 -0.143 	  -40.01 	 
14.342399776	 -0.144 	  -41.31 	 
14.358999776	 -0.145 	  -42.65 	 
14.375599775	 -0.146 	  -44.31 	 
14.392199775	 -0.148 	  -46.05 	 
14.408799775	 -0.150 	  -48.09 	 
14.425399775	 -0.153 	  -50.15 	 
14.441999774	 -0.154 	  -52.47 	 
14.458599774	 -0.157 	  -54.85 	 
14.475199774	 -0.160 	  -57.16 	 
14.491799774	 -0.163 	  -59.69 	 
14.508399773	 -0.165 	  -62.22 	 
14.524999773	 -0.168 	  -64.65 	 
14.541599773	 -0.170 	  -67.09 	 
14.558199773	 -0.173 	  -69.42 	 
14.574799772	 -0.176 	  -71.77 	 
14.591399772	 -0.179 	  -73.95 	 
14.607999772	 -0.181 	  -75.98 	 
14.624599772	 -0.183 	  -77.93 	 
14.641199771	 -0.184 	  -79.70 	 
14.657799771	 -0.187 	  -81.14 	 
14.674399771	 -0.188 	  -82.43 	 
14.690999771	 -0.190 	  -83.51 	 
14.707599770	 -0.191 	  -84.32 	 
14.724199770	 -0.191 	  -84.97 	 
14.740799770	 -0.192 	  -85.37 	 
14.757399769	 -0.192 	  -85.40 	 
14.773999769	 -0.192 	  -85.29 	 
14.790599769	 -0.192 	  -84.79 	 
14.807199769	 -0.192 	  -84.11 	 
14.823799768	 -0.192 	  -83.27 	 
14.840399768	 -0.191 	  -82.16 	 
14.856999768	 -0.190 	  -80.76 	 
14.873599768	 -0.189 	  -79.06 	 
14.890199767	 -0.188 	  -77.24 	 
14.906799767	 -0.187 	  -75.29 	 
14.923399767	 -0.185 	  -73.24 	 
14.939999767	 -0.183 	  -71.00 	 
14.956599766	 -0.182 	  -68.65 	 
14.973199766	 -0.179 	  -66.28 	 
14.989799766	 -0.176 	  -63.78 	 
15.006399766	 -0.175 	  -61.36 	 
15.022999765	 -0.172 	  -58.72 	 
15.039599765	 -0.169 	  -56.30 	 
15.056199765	 -0.167 	  -53.96 	 
15.072799765	 -0.164 	  -51.63 	 
15.089399764	 -0.160 	  -49.44 	 
15.105999764	 -0.158 	  -47.35 	 
15.122599764	 -0.156 	  -45.44 	 
15.139199764	 -0.152 	  -43.73 	 
15.155799763	 -0.150 	  -42.09 	 
15.172399763	 -0.149 	  -40.89 	 
15.188999763	 -0.146 	  -39.74 	 
15.205599762	 -0.145 	  -38.86 	 
15.222199762	 -0.144 	  -38.21 	 
15.238799762	 -0.143 	  -37.84 	 
15.255399762	 -0.143 	  -37.72 	 
15.271999761	 -0.142 	  -37.86 	 
15.288599761	 -0.142 	  -38.36 	 
15.305199761	 -0.142 	  -38.88 	 
15.321799761	 -0.143 	  -39.77 	 
15.338399760	 -0.144 	  -41.03 	 
15.354999760	 -0.145 	  -42.22 	 
15.371599760	 -0.146 	  -44.01 	 
15.388199760	 -0.149 	  -45.57 	 
15.404799759	 -0.150 	  -47.68 	 
15.421399759	 -0.152 	  -49.65 	 
15.437999759	 -0.154 	  -51.92 	 
15.454599759	 -0.157 	  -54.21 	 
15.471199758	 -0.160 	  -56.65 	 
15.487799758	 -0.162 	  -59.09 	 
15.504399758	 -0.165 	  -61.59 	 
15.520999758	 -0.167 	  -64.04 	 
15.537599757	 -0.171 	  -66.54 	 
15.554199757	 -0.173 	  -68.87 	 
15.570799757	 -0.176 	  -71.23 	 
15.587399757	 -0.179 	  -73.43 	 
15.603999756	 -0.181 	  -75.57 	 
15.620599756	 -0.183 	  -77.45 	 
15.637199756	 -0.185 	  -79.26 	 
15.653799755	 -0.187 	  -80.74 	 
15.670399755	 -0.188 	  -82.15 	 
15.686999755	 -0.190 	  -83.34 	 
15.703599755	 -0.191 	  -84.27 	 
15.720199754	 -0.191 	  -84.87 	 
15.736799754	 -0.193 	  -85.29 	 
15.753399754	 -0.192 	  -85.29 	 
15.769999754	 -0.193 	  -85.30 	 
15.786599753	 -0.193 	  -85.00 	 
15.803199753	 -0.193 	  -84.32 	 
15.819799753	 -0.192 	  -83.46 	 
15.836399753	 -0.192 	  -82.39 	 
15.852999752	 -0.191 	  -81.03 	 
15.869599752	 -0.190 	  -79.46 	 
15.886199752	 -0.188 	  -77.69 	 
15.902799752	 -0.188 	  -75.75 	 
15.919399751	 -0.186 	  -73.72 	 
15.935999751	 -0.184 	  -71.46 	 
15.952599751	 -0.182 	  -69.17 	 
15.969199751	 -0.181 	  -66.79 	 
15.985799750	 -0.178 	  -64.33 	 
16.002399750	 -0.176 	  -61.90 	 
16.018999750	 -0.172 	  -59.44 	 
16.035599750	 -0.170 	  -57.03 	 
16.052199749	 -0.167 	  -54.55 	 
16.068799749	 -0.165 	  -52.19 	 
16.085399749	 -0.162 	  -49.92 	 
16.101999748	 -0.159 	  -47.93 	 
16.118599748	 -0.157 	  -45.95 	 
16.135199748	 -0.154 	  -44.08 	 
16.151799748	 -0.152 	  -42.55 	 
16.168399747	 -0.149 	  -41.10 	 
16.184999747	 -0.147 	  -40.07 	 
16.201599747	 -0.145 	  -39.06 	 
16.218199747	 -0.144 	  -38.35 	 
16.234799746	 -0.143 	  -37.92 	 
16.251399746	 -0.142 	  -37.75 	 
16.267999746	 -0.143 	  -37.75 	 
16.284599746	 -0.143 	  -38.14 	 
16.301199745	 -0.142 	  -38.87 	 
16.317799745	 -0.143 	  -39.54 	 
16.334399745	 -0.144 	  -40.67 	 
16.350999745	 -0.145 	  -42.02 	 
16.367599744	 -0.147 	  -43.48 	 
16.384199744	 -0.148 	  -45.20 	 
16.400799744	 -0.150 	  -47.15 	 
16.417399744	 -0.152 	  -49.20 	 
16.433999743	 -0.154 	  -51.40 	 
16.450599743	 -0.156 	  -53.65 	 
16.467199743	 -0.159 	  -56.05 	 
16.483799743	 -0.162 	  -58.50 	 
16.500399742	 -0.165 	  -61.00 	 
16.516999742	 -0.167 	  -63.45 	 
16.533599742	 -0.170 	  -65.89 	 
16.550199741	 -0.173 	  -68.39 	 
16.566799741	 -0.176 	  -70.66 	 
16.583399741	 -0.178 	  -72.90 	 
16.599999741	 -0.181 	  -75.09 	 
16.616599740	 -0.183 	  -77.00 	 
16.633199740	 -0.185 	  -78.84 	 
16.649799740	 -0.186 	  -80.48 	 
16.666399740	 -0.188 	  -81.83 	 
16.682999739	 -0.189 	  -83.06 	 
16.699599739	 -0.191 	  -83.99 	 
16.716199739	 -0.192 	  -84.70 	 
16.732799739	 -0.193 	  -85.22 	 
16.749399738	 -0.193 	  -85.42 	 
16.765999738	 -0.193 	  -85.32 	 
16.782599738	 -0.193 	  -85.07 	 
16.799199738	 -0.193 	  -84.48 	 
16.815799737	 -0.193 	  -83.67 	 
16.832399737	 -0.192 	  -82.64 	 
16.848999737	 -0.191 	  -81.46 	 
16.865599737	 -0.191 	  -79.90 	 
16.882199736	 -0.189 	  -78.20 	 
16.898799736	 -0.189 	  -76.26 	 
16.915399736	 -0.187 	  -74.13 	 
16.931999736	 -0.186 	  -72.04 	 
16.948599735	 -0.183 	  -69.77 	 
16.965199735	 -0.181 	  -67.38 	 
16.981799735	 -0.179 	  -64.99 	 
