0.000000000	 -0.558 	  -66.99 	 
0.002200000	 -0.555 	  -64.38 	 
0.004400000	 -0.552 	  -61.73 	 
0.006600000	 -0.550 	  -59.07 	 
0.008800000	 -0.547 	  -56.44 	 
0.011000000	 -0.544 	  -53.86 	 
0.013200000	 -0.541 	  -51.39 	 
0.015400000	 -0.537 	  -49.08 	 
0.017600000	 -0.534 	  -46.88 	 
0.019800000	 -0.531 	  -44.91 	 
0.022000000	 -0.529 	  -43.11 	 
0.024200000	 -0.526 	  -41.58 	 
0.026400000	 -0.523 	  -40.28 	 
0.028600000	 -0.523 	  -39.24 	 
0.030800000	 -0.522 	  -38.42 	 
0.033000000	 -0.520 	  -37.92 	 
0.035200000	 -0.520 	  -37.73 	 
0.037400000	 -0.518 	  -37.77 	 
0.039600000	 -0.519 	  -38.10 	 
0.041800000	 -0.519 	  -38.71 	 
0.044000000	 -0.520 	  -39.58 	 
0.046200000	 -0.520 	  -40.79 	 
0.048400000	 -0.520 	  -42.26 	 
0.050600000	 -0.523 	  -43.93 	 
0.052800000	 -0.524 	  -45.84 	 
0.055000000	 -0.526 	  -47.99 	 
0.057200000	 -0.529 	  -50.23 	 
0.059400000	 -0.531 	  -52.69 	 
0.061600000	 -0.534 	  -55.21 	 
0.063800000	 -0.536 	  -57.79 	 
0.066000000	 -0.539 	  -60.42 	 
0.068200000	 -0.543 	  -63.09 	 
0.070400000	 -0.545 	  -65.71 	 
0.072600000	 -0.548 	  -68.28 	 
0.074800000	 -0.551 	  -70.74 	 
0.077000000	 -0.554 	  -73.10 	 
0.079200000	 -0.556 	  -75.35 	 
0.081400000	 -0.559 	  -77.39 	 
0.083600000	 -0.561 	  -79.28 	 
0.085800000	 -0.563 	  -80.89 	 
0.088000000	 -0.565 	  -82.32 	 
0.090200000	 -0.566 	  -83.48 	 
0.092399999	 -0.568 	  -84.40 	 
0.094599999	 -0.569 	  -85.03 	 
0.096799999	 -0.569 	  -85.35 	 
0.098999999	 -0.570 	  -85.40 	 
0.101199999	 -0.570 	  -85.24 	 
0.103399999	 -0.570 	  -84.80 	 
0.105599999	 -0.569 	  -84.08 	 
0.107799999	 -0.569 	  -83.07 	 
0.109999999	 -0.568 	  -81.73 	 
0.112199999	 -0.567 	  -80.11 	 
0.114399999	 -0.566 	  -78.29 	 
0.116599999	 -0.565 	  -76.20 	 
0.118799999	 -0.562 	  -73.98 	 
0.120999999	 -0.561 	  -71.61 	 
0.123199999	 -0.558 	  -69.11 	 
0.125399999	 -0.557 	  -66.50 	 
0.127599999	 -0.555 	  -63.91 	 
0.129799999	 -0.551 	  -61.22 	 
0.131999999	 -0.548 	  -58.56 	 
0.134199999	 -0.546 	  -55.95 	 
0.136399999	 -0.543 	  -53.40 	 
0.138599999	 -0.540 	  -50.98 	 
0.140799999	 -0.537 	  -48.67 	 
0.142999999	 -0.534 	  -46.56 	 
0.145199999	 -0.531 	  -44.56 	 
0.147399999	 -0.529 	  -42.85 	 
0.149599999	 -0.526 	  -41.32 	 
0.151799999	 -0.524 	  -40.03 	 
0.153999999	 -0.523 	  -39.06 	 
0.156199999	 -0.521 	  -38.32 	 
0.158399999	 -0.519 	  -37.86 	 
0.160599999	 -0.519 	  -37.73 	 
0.162799999	 -0.519 	  -37.86 	 
0.164999999	 -0.518 	  -38.18 	 
0.167199999	 -0.519 	  -38.86 	 
0.169399999	 -0.519 	  -39.81 	 
0.171599999	 -0.520 	  -41.05 	 
0.173799999	 -0.522 	  -42.57 	 
0.175999999	 -0.523 	  -44.28 	 
0.178199999	 -0.525 	  -46.25 	 
0.180399999	 -0.527 	  -48.44 	 
0.182599999	 -0.529 	  -50.74 	 
0.184799999	 -0.532 	  -53.15 	 
0.186999999	 -0.534 	  -55.71 	 
0.189199999	 -0.537 	  -58.31 	 
0.191399999	 -0.540 	  -60.91 	 
0.193599999	 -0.543 	  -63.56 	 
0.195799999	 -0.546 	  -66.17 	 
0.197999999	 -0.548 	  -68.71 	 
0.200199999	 -0.552 	  -71.22 	 
0.202399999	 -0.555 	  -73.56 	 
0.204599999	 -0.557 	  -75.73 	 
0.206799999	 -0.559 	  -77.79 	 
0.208999999	 -0.562 	  -79.58 	 
0.211199999	 -0.564 	  -81.20 	 
0.213399999	 -0.565 	  -82.59 	 
0.215599999	 -0.566 	  -83.73 	 
0.217799999	 -0.567 	  -84.51 	 
0.219999999	 -0.568 	  -85.13 	 
0.222199999	 -0.569 	  -85.44 	 
0.224399999	 -0.570 	  -85.41 	 
0.226599999	 -0.570 	  -85.22 	 
0.228799999	 -0.570 	  -84.71 	 
0.230999999	 -0.569 	  -83.94 	 
0.233199999	 -0.569 	  -82.85 	 
0.235399999	 -0.568 	  -81.49 	 
0.237599999	 -0.567 	  -79.80 	 
0.239799999	 -0.566 	  -77.95 	 
0.241999999	 -0.565 	  -75.86 	 
0.244199999	 -0.562 	  -73.56 	 
0.246399999	 -0.561 	  -71.20 	 
0.248599999	 -0.559 	  -68.67 	 
0.250799999	 -0.556 	  -66.05 	 
0.252999999	 -0.554 	  -63.41 	 
0.255199999	 -0.551 	  -60.77 	 
0.257399999	 -0.548 	  -58.07 	 
0.259599999	 -0.546 	  -55.49 	 
0.261799999	 -0.542 	  -52.96 	 
0.263999999	 -0.539 	  -50.53 	 
0.266199999	 -0.536 	  -48.29 	 
0.268399999	 -0.534 	  -46.17 	 
0.270599999	 -0.531 	  -44.26 	 
0.272799999	 -0.529 	  -42.55 	 
0.274999999	 -0.526 	  -41.11 	 
0.277199998	 -0.523 	  -39.81 	 
0.279399998	 -0.522 	  -38.90 	 
0.281599998	 -0.520 	  -38.23 	 
0.283799998	 -0.519 	  -37.83 	 
0.285999998	 -0.519 	  -37.76 	 
0.288199998	 -0.519 	  -37.90 	 
0.290399998	 -0.519 	  -38.31 	 
0.292599998	 -0.519 	  -39.02 	 
0.294799998	 -0.520 	  -40.05 	 
0.296999998	 -0.521 	  -41.26 	 
0.299199998	 -0.522 	  -42.86 	 
0.301399998	 -0.523 	  -44.63 	 
0.303599998	 -0.525 	  -46.62 	 
0.305799998	 -0.527 	  -48.86 	 
0.307999998	 -0.530 	  -51.15 	 
0.310199998	 -0.532 	  -53.62 	 
0.312399998	 -0.535 	  -56.18 	 
0.314599998	 -0.537 	  -58.76 	 
0.316799998	 -0.540 	  -61.37 	 
0.318999998	 -0.543 	  -64.03 	 
0.321199998	 -0.546 	  -66.62 	 
0.323399998	 -0.550 	  -69.17 	 
0.325599998	 -0.553 	  -71.66 	 
0.327799998	 -0.555 	  -73.95 	 
0.329999998	 -0.558 	  -76.07 	 
0.332199998	 -0.560 	  -78.06 	 
0.334399998	 -0.562 	  -79.91 	 
0.336599998	 -0.563 	  -81.45 	 
0.338799998	 -0.566 	  -82.83 	 
0.340999998	 -0.567 	  -83.84 	 
0.343199998	 -0.568 	  -84.71 	 
0.345399998	 -0.568 	  -85.26 	 
0.347599998	 -0.570 	  -85.48 	 
0.349799998	 -0.570 	  -85.41 	 
0.351999998	 -0.569 	  -85.13 	 
0.354199998	 -0.570 	  -84.63 	 
0.356399998	 -0.569 	  -83.77 	 
0.358599998	 -0.569 	  -82.65 	 
0.360799998	 -0.568 	  -81.18 	 
0.362999998	 -0.567 	  -79.47 	 
0.365199998	 -0.565 	  -77.57 	 
0.367399998	 -0.564 	  -75.46 	 
0.369599998	 -0.562 	  -73.14 	 
0.371799998	 -0.560 	  -70.71 	 
0.373999998	 -0.558 	  -68.19 	 
0.376199998	 -0.556 	  -65.54 	 
0.378399998	 -0.553 	  -62.90 	 
0.380599998	 -0.551 	  -60.23 	 
0.382799998	 -0.548 	  -57.58 	 
0.384999998	 -0.546 	  -55.00 	 
0.387199998	 -0.543 	  -52.52 	 
0.389399998	 -0.539 	  -50.11 	 
0.391599998	 -0.536 	  -47.83 	 
0.393799998	 -0.533 	  -45.79 	 
0.395999998	 -0.531 	  -43.88 	 
0.398199998	 -0.528 	  -42.24 	 
0.400399998	 -0.526 	  -40.82 	 
0.402599998	 -0.524 	  -39.65 	 
0.404799998	 -0.522 	  -38.73 	 
0.406999998	 -0.520 	  -38.14 	 
0.409199998	 -0.520 	  -37.77 	 
0.411399998	 -0.520 	  -37.73 	 
0.413599998	 -0.519 	  -37.95 	 
0.415799998	 -0.519 	  -38.36 	 
0.417999998	 -0.519 	  -39.14 	 
0.420199998	 -0.520 	  -40.20 	 
0.422399998	 -0.520 	  -41.55 	 
0.424599998	 -0.523 	  -43.12 	 
0.426799998	 -0.524 	  -44.97 	 
0.428999998	 -0.525 	  -47.03 	 
0.431199998	 -0.527 	  -49.23 	 
0.433399998	 -0.529 	  -51.60 	 
0.435599998	 -0.533 	  -54.02 	 
0.437799998	 -0.535 	  -56.62 	 
0.439999998	 -0.538 	  -59.24 	 
0.442199998	 -0.541 	  -61.89 	 
0.444399998	 -0.544 	  -64.48 	 
0.446599998	 -0.547 	  -67.11 	 
0.448799998	 -0.550 	  -69.63 	 
0.450999998	 -0.553 	  -72.07 	 
0.453199998	 -0.556 	  -74.36 	 
0.455399998	 -0.558 	  -76.45 	 
0.457599998	 -0.560 	  -78.40 	 
0.459799998	 -0.562 	  -80.15 	 
0.461999997	 -0.564 	  -81.73 	 
0.464199997	 -0.566 	  -83.05 	 
0.466399997	 -0.567 	  -84.09 	 
0.468599997	 -0.568 	  -84.77 	 
0.470799997	 -0.569 	  -85.27 	 
0.472999997	 -0.570 	  -85.50 	 
0.475199997	 -0.570 	  -85.39 	 
0.477399997	 -0.570 	  -85.05 	 
0.479599997	 -0.569 	  -84.47 	 
0.481799997	 -0.569 	  -83.55 	 
0.483999997	 -0.568 	  -82.34 	 
0.486199997	 -0.567 	  -80.89 	 
0.488399997	 -0.566 	  -79.15 	 
0.490599997	 -0.566 	  -77.17 	 
0.492799997	 -0.563 	  -75.05 	 
0.494999997	 -0.562 	  -72.70 	 
0.497199997	 -0.560 	  -70.27 	 
0.499399997	 -0.557 	  -67.68 	 
0.501599997	 -0.555 	  -65.10 	 
0.503799997	 -0.553 	  -62.42 	 
0.505999997	 -0.550 	  -59.80 	 
0.508199997	 -0.547 	  -57.16 	 
0.510399997	 -0.545 	  -54.53 	 
0.512599997	 -0.542 	  -52.03 	 
0.514799997	 -0.539 	  -49.66 	 
0.516999997	 -0.535 	  -47.43 	 
0.519199997	 -0.533 	  -45.44 	 
0.521399997	 -0.530 	  -43.59 	 
0.523599997	 -0.526 	  -41.93 	 
0.525799997	 -0.525 	  -40.60 	 
0.527999997	 -0.523 	  -39.46 	 
0.530199997	 -0.521 	  -38.61 	 
0.532399997	 -0.520 	  -38.03 	 
0.534599997	 -0.519 	  -37.75 	 
0.536799997	 -0.519 	  -37.72 	 
0.538999997	 -0.518 	  -37.99 	 
0.541199997	 -0.518 	  -38.52 	 
0.543399997	 -0.519 	  -39.30 	 
0.545599997	 -0.520 	  -40.44 	 
0.547799997	 -0.521 	  -41.83 	 
0.549999997	 -0.523 	  -43.46 	 
0.552199997	 -0.525 	  -45.35 	 
0.554399997	 -0.525 	  -47.40 	 
0.556599997	 -0.527 	  -49.62 	 
0.558799997	 -0.530 	  -52.03 	 
0.560999997	 -0.532 	  -54.51 	 
0.563199997	 -0.536 	  -57.08 	 
0.565399997	 -0.538 	  -59.73 	 
0.567599997	 -0.541 	  -62.37 	 
0.569799997	 -0.545 	  -64.99 	 
0.571999997	 -0.547 	  -67.57 	 
0.574199997	 -0.550 	  -70.10 	 
0.576399997	 -0.553 	  -72.48 	 
0.578599997	 -0.556 	  -74.77 	 
0.580799997	 -0.559 	  -76.85 	 
0.582999997	 -0.561 	  -78.75 	 
0.585199997	 -0.563 	  -80.50 	 
0.587399997	 -0.565 	  -81.98 	 
0.589599997	 -0.566 	  -83.23 	 
0.591799997	 -0.567 	  -84.21 	 
0.593999997	 -0.569 	  -84.91 	 
0.596199997	 -0.569 	  -85.31 	 
0.598399997	 -0.570 	  -85.51 	 
0.600599997	 -0.570 	  -85.35 	 
0.602799997	 -0.570 	  -84.97 	 
0.604999997	 -0.570 	  -84.32 	 
0.607199997	 -0.569 	  -83.32 	 
0.609399997	 -0.569 	  -82.10 	 
0.611599997	 -0.568 	  -80.57 	 
0.613799997	 -0.567 	  -78.84 	 
0.615999997	 -0.565 	  -76.80 	 
0.618199997	 -0.564 	  -74.63 	 
0.620399997	 -0.562 	  -72.26 	 
0.622599997	 -0.560 	  -69.80 	 
0.624799997	 -0.557 	  -67.22 	 
0.626999997	 -0.555 	  -64.59 	 
0.629199997	 -0.553 	  -61.92 	 
0.631399997	 -0.550 	  -59.27 	 
0.633599997	 -0.547 	  -56.68 	 
0.635799997	 -0.544 	  -54.06 	 
0.637999997	 -0.541 	  -51.64 	 
0.640199997	 -0.538 	  -49.25 	 
0.642399997	 -0.535 	  -47.09 	 
0.644599997	 -0.532 	  -45.08 	 
0.646799996	 -0.530 	  -43.30 	 
0.648999996	 -0.527 	  -41.69 	 
0.651199996	 -0.525 	  -40.35 	 
0.653399996	 -0.523 	  -39.33 	 
0.655599996	 -0.522 	  -38.46 	 
0.657799996	 -0.520 	  -37.98 	 
0.659999996	 -0.519 	  -37.73 	 
0.662199996	 -0.519 	  -37.79 	 
0.664399996	 -0.519 	  -38.09 	 
0.666599996	 -0.519 	  -38.65 	 
0.668799996	 -0.520 	  -39.51 	 
0.670999996	 -0.520 	  -40.67 	 
0.673199996	 -0.521 	  -42.13 	 
0.675399996	 -0.523 	  -43.77 	 
0.677599996	 -0.524 	  -45.68 	 
0.679799996	 -0.526 	  -47.77 	 
0.681999996	 -0.528 	  -50.06 	 
0.684199996	 -0.530 	  -52.49 	 
0.686399996	 -0.534 	  -55.00 	 
0.688599996	 -0.537 	  -57.54 	 
0.690799996	 -0.539 	  -60.16 	 
0.692999996	 -0.542 	  -62.84 	 
0.695199996	 -0.545 	  -65.43 	 
0.697399996	 -0.548 	  -68.06 	 
0.699599996	 -0.551 	  -70.60 	 
0.701799996	 -0.555 	  -72.90 	 
0.703999996	 -0.557 	  -75.14 	 
0.706199996	 -0.558 	  -77.23 	 
0.708399996	 -0.561 	  -79.09 	 
0.710599996	 -0.563 	  -80.72 	 
0.712799996	 -0.565 	  -82.16 	 
0.714999996	 -0.566 	  -83.34 	 
0.717199996	 -0.567 	  -84.34 	 
0.719399996	 -0.570 	  -85.00 	 
0.721599996	 -0.569 	  -85.35 	 
0.723799996	 -0.570 	  -85.44 	 
0.725999996	 -0.570 	  -85.30 	 
0.728199996	 -0.570 	  -84.86 	 
0.730399996	 -0.570 	  -84.10 	 
0.732599996	 -0.569 	  -83.15 	 
0.734799996	 -0.568 	  -81.80 	 
0.736999996	 -0.568 	  -80.26 	 
0.739199996	 -0.567 	  -78.44 	 
0.741399996	 -0.565 	  -76.41 	 
0.743599996	 -0.563 	  -74.17 	 
0.745799996	 -0.561 	  -71.83 	 
0.747999996	 -0.559 	  -69.30 	 
0.750199996	 -0.556 	  -66.73 	 
0.752399996	 -0.554 	  -64.11 	 
0.754599996	 -0.552 	  -61.41 	 
0.756799996	 -0.550 	  -58.78 	 
0.758999996	 -0.547 	  -56.18 	 
0.761199996	 -0.543 	  -53.61 	 
0.763399996	 -0.540 	  -51.16 	 
0.765599996	 -0.538 	  -48.88 	 
0.767799996	 -0.534 	  -46.71 	 
0.769999996	 -0.532 	  -44.72 	 
0.772199996	 -0.529 	  -43.01 	 
0.774399996	 -0.526 	  -41.41 	 
0.776599996	 -0.524 	  -40.14 	 
0.778799996	 -0.522 	  -39.11 	 
0.780999996	 -0.521 	  -38.35 	 
0.783199996	 -0.520 	  -37.88 	 
0.785399996	 -0.519 	  -37.72 	 
0.787599996	 -0.519 	  -37.79 	 
0.789799996	 -0.519 	  -38.14 	 
0.791999996	 -0.519 	  -38.77 	 
0.794199996	 -0.520 	  -39.66 	 
0.796399996	 -0.521 	  -40.86 	 
0.798599996	 -0.522 	  -42.37 	 
0.800799996	 -0.523 	  -44.10 	 
0.802999996	 -0.524 	  -46.03 	 
0.805199996	 -0.527 	  -48.20 	 
0.807399996	 -0.529 	  -50.48 	 
0.809599996	 -0.531 	  -52.90 	 
0.811799996	 -0.534 	  -55.44 	 
0.813999996	 -0.536 	  -58.01 	 
0.816199996	 -0.540 	  -60.62 	 
0.818399996	 -0.542 	  -63.28 	 
0.820599996	 -0.546 	  -65.93 	 
0.822799996	 -0.549 	  -68.47 	 
0.824999996	 -0.552 	  -70.97 	 
0.827199996	 -0.554 	  -73.32 	 
0.829399996	 -0.557 	  -75.54 	 
0.831599995	 -0.559 	  -77.55 	 
0.833799995	 -0.562 	  -79.41 	 
0.835999995	 -0.564 	  -81.07 	 
0.838199995	 -0.565 	  -82.50 	 
0.840399995	 -0.567 	  -83.62 	 
0.842599995	 -0.568 	  -84.48 	 
0.844799995	 -0.569 	  -85.07 	 
0.846999995	 -0.570 	  -85.37 	 
0.849199995	 -0.570 	  -85.45 	 
0.851399995	 -0.570 	  -85.24 	 
0.853599995	 -0.570 	  -84.76 	 
0.855799995	 -0.570 	  -83.99 	 
0.857999995	 -0.569 	  -82.97 	 
0.860199995	 -0.568 	  -81.61 	 
0.862399995	 -0.568 	  -79.96 	 
0.864599995	 -0.566 	  -78.12 	 
0.866799995	 -0.564 	  -76.03 	 
0.868999995	 -0.563 	  -73.78 	 
0.871199995	 -0.561 	  -71.41 	 
0.873399995	 -0.558 	  -68.88 	 
0.875599995	 -0.556 	  -66.24 	 
0.877799995	 -0.554 	  -63.65 	 
0.879999995	 -0.551 	  -60.98 	 
0.882199995	 -0.548 	  -58.30 	 
0.884399995	 -0.546 	  -55.72 	 
0.886599995	 -0.543 	  -53.16 	 
0.888799995	 -0.541 	  -50.74 	 
0.890999995	 -0.537 	  -48.45 	 
0.893199995	 -0.535 	  -46.35 	 
0.895399995	 -0.531 	  -44.37 	 
0.897599995	 -0.528 	  -42.67 	 
0.899799995	 -0.526 	  -41.17 	 
0.901999995	 -0.524 	  -39.92 	 
0.904199995	 -0.523 	  -38.96 	 
0.906399995	 -0.521 	  -38.27 	 
0.908599995	 -0.520 	  -37.84 	 
0.910799995	 -0.519 	  -37.70 	 
0.912999995	 -0.519 	  -37.83 	 
0.915199995	 -0.519 	  -38.20 	 
0.917399995	 -0.519 	  -38.89 	 
0.919599995	 -0.520 	  -39.87 	 
0.921799995	 -0.521 	  -41.15 	 
0.923999995	 -0.522 	  -42.70 	 
0.926199995	 -0.523 	  -44.46 	 
0.928399995	 -0.525 	  -46.42 	 
0.930599995	 -0.527 	  -48.62 	 
0.932799995	 -0.529 	  -50.94 	 
0.934999995	 -0.531 	  -53.35 	 
0.937199995	 -0.534 	  -55.94 	 
0.939399995	 -0.537 	  -58.52 	 
0.941599995	 -0.541 	  -61.14 	 
0.943799995	 -0.543 	  -63.82 	 
0.945999995	 -0.546 	  -66.42 	 
0.948199995	 -0.549 	  -68.98 	 
0.950399995	 -0.552 	  -71.41 	 
0.952599995	 -0.555 	  -73.80 	 
0.954799995	 -0.557 	  -75.89 	 
0.956999995	 -0.560 	  -77.91 	 
0.959199995	 -0.563 	  -79.72 	 
0.961399995	 -0.564 	  -81.34 	 
0.963599995	 -0.566 	  -82.70 	 
0.965799995	 -0.568 	  -83.86 	 
0.967999995	 -0.568 	  -84.65 	 
0.970199995	 -0.570 	  -85.20 	 
0.972399995	 -0.570 	  -85.43 	 
0.974599995	 -0.570 	  -85.42 	 
0.976799995	 -0.570 	  -85.17 	 
0.978999995	 -0.570 	  -84.67 	 
0.981199995	 -0.570 	  -83.85 	 
0.983399995	 -0.569 	  -82.74 	 
0.985599995	 -0.568 	  -81.36 	 
0.987799995	 -0.567 	  -79.67 	 
0.989999995	 -0.566 	  -77.74 	 
0.992199995	 -0.564 	  -75.67 	 
0.994399995	 -0.562 	  -73.35 	 
0.996599995	 -0.560 	  -70.95 	 
0.998799995	 -0.559 	  -68.43 	 
1.000999995	 -0.556 	  -65.80 	 
1.003199995	 -0.553 	  -63.17 	 
1.005399995	 -0.551 	  -60.50 	 
1.007599995	 -0.548 	  -57.84 	 
1.009799995	 -0.546 	  -55.20 	 
1.011999995	 -0.543 	  -52.73 	 
1.014199995	 -0.539 	  -50.28 	 
1.016399994	 -0.536 	  -48.05 	 
1.018599994	 -0.534 	  -45.93 	 
1.020799994	 -0.531 	  -44.05 	 
1.022999994	 -0.528 	  -42.42 	 
1.025199994	 -0.526 	  -40.94 	 
1.027399994	 -0.524 	  -39.73 	 
1.029599994	 -0.523 	  -38.80 	 
1.031799994	 -0.521 	  -38.20 	 
1.033999994	 -0.520 	  -37.76 	 
1.036199994	 -0.519 	  -37.72 	 
1.038399994	 -0.519 	  -37.88 	 
1.040599994	 -0.519 	  -38.32 	 
1.042799994	 -0.519 	  -39.06 	 
1.044999994	 -0.520 	  -40.12 	 
1.047199994	 -0.521 	  -41.39 	 
1.049399994	 -0.522 	  -42.97 	 
1.051599994	 -0.523 	  -44.81 	 
1.053799994	 -0.525 	  -46.78 	 
1.055999994	 -0.528 	  -49.01 	 
1.058199994	 -0.529 	  -51.37 	 
1.060399994	 -0.532 	  -53.84 	 
1.062599994	 -0.535 	  -56.40 	 
1.064799994	 -0.539 	  -59.05 	 
1.066999994	 -0.541 	  -61.65 	 
1.069199994	 -0.544 	  -64.26 	 
1.071399994	 -0.547 	  -66.90 	 
1.073599994	 -0.550 	  -69.40 	 
1.075799994	 -0.552 	  -71.87 	 
1.077999994	 -0.555 	  -74.19 	 
1.080199994	 -0.558 	  -76.33 	 
1.082399994	 -0.560 	  -78.28 	 
1.084599994	 -0.563 	  -80.09 	 
1.086799994	 -0.565 	  -81.63 	 
1.088999994	 -0.565 	  -82.95 	 
1.091199994	 -0.568 	  -84.03 	 
1.093399994	 -0.568 	  -84.73 	 
1.095599994	 -0.568 	  -85.27 	 
1.097799994	 -0.570 	  -85.48 	 
1.099999994	 -0.570 	  -85.52 	 
1.102199994	 -0.570 	  -85.15 	 
1.104399994	 -0.570 	  -84.59 	 
1.106599994	 -0.569 	  -83.69 	 
1.108799994	 -0.569 	  -82.54 	 
1.110999994	 -0.568 	  -81.09 	 
1.113199994	 -0.567 	  -79.34 	 
1.115399994	 -0.566 	  -77.41 	 
1.117599994	 -0.564 	  -75.30 	 
1.119799994	 -0.562 	  -72.98 	 
1.121999994	 -0.560 	  -70.50 	 
1.124199994	 -0.559 	  -68.00 	 
1.126399994	 -0.556 	  -65.35 	 
1.128599994	 -0.553 	  -62.68 	 
1.130799994	 -0.550 	  -60.05 	 
1.132999994	 -0.548 	  -57.41 	 
1.135199994	 -0.545 	  -54.78 	 
1.137399994	 -0.542 	  -52.28 	 
1.139599994	 -0.539 	  -49.93 	 
1.141799994	 -0.536 	  -47.66 	 
1.143999994	 -0.533 	  -45.62 	 
1.146199994	 -0.530 	  -43.76 	 
1.148399994	 -0.527 	  -42.10 	 
1.150599994	 -0.526 	  -40.72 	 
1.152799994	 -0.523 	  -39.56 	 
1.154999994	 -0.522 	  -38.65 	 
1.157199994	 -0.520 	  -38.10 	 
1.159399994	 -0.520 	  -37.79 	 
1.161599994	 -0.519 	  -37.73 	 
1.163799994	 -0.519 	  -37.99 	 
1.165999994	 -0.519 	  -38.47 	 
1.168199994	 -0.519 	  -39.26 	 
1.170399994	 -0.520 	  -40.33 	 
1.172599994	 -0.522 	  -41.69 	 
1.174799994	 -0.523 	  -43.28 	 
1.176999994	 -0.524 	  -45.16 	 
1.179199994	 -0.526 	  -47.23 	 
1.181399994	 -0.528 	  -49.45 	 
1.183599994	 -0.530 	  -51.87 	 
1.185799994	 -0.533 	  -54.33 	 
1.187999994	 -0.535 	  -56.87 	 
1.190199994	 -0.538 	  -59.50 	 
1.192399994	 -0.541 	  -62.15 	 
1.194599994	 -0.544 	  -64.77 	 
1.196799994	 -0.548 	  -67.40 	 
1.198999994	 -0.550 	  -69.92 	 
1.201199993	 -0.552 	  -72.28 	 
1.203399993	 -0.556 	  -74.61 	 
1.205599993	 -0.558 	  -76.73 	 
1.207799993	 -0.561 	  -78.66 	 
1.209999993	 -0.563 	  -80.41 	 
1.212199993	 -0.565 	  -81.89 	 
1.214399993	 -0.566 	  -83.13 	 
1.216599993	 -0.568 	  -84.19 	 
1.218799993	 -0.568 	  -84.93 	 
1.220999993	 -0.569 	  -85.37 	 
1.223199993	 -0.570 	  -85.65 	 
1.225399993	 -0.570 	  -85.46 	 
1.227599993	 -0.570 	  -85.08 	 
1.229799993	 -0.570 	  -84.46 	 
1.231999993	 -0.570 	  -83.53 	 
1.234199993	 -0.569 	  -82.28 	 
1.236399993	 -0.568 	  -80.81 	 
1.238599993	 -0.567 	  -79.03 	 
1.240799993	 -0.565 	  -77.06 	 
1.242999993	 -0.564 	  -74.90 	 
1.245199993	 -0.563 	  -72.56 	 
1.247399993	 -0.560 	  -70.11 	 
1.249599993	 -0.558 	  -67.50 	 
1.251799993	 -0.556 	  -64.91 	 
1.253999993	 -0.553 	  -62.22 	 
1.256199993	 -0.550 	  -59.55 	 
1.258399993	 -0.547 	  -56.92 	 
1.260599993	 -0.545 	  -54.34 	 
1.262799993	 -0.541 	  -51.88 	 
1.264999993	 -0.539 	  -49.52 	 
1.267199993	 -0.536 	  -47.28 	 
1.269399993	 -0.532 	  -45.28 	 
1.271599993	 -0.530 	  -43.47 	 
1.273799993	 -0.527 	  -41.81 	 
1.275999993	 -0.525 	  -40.51 	 
1.278199993	 -0.523 	  -39.38 	 
1.280399993	 -0.522 	  -38.54 	 
1.282599993	 -0.521 	  -38.04 	 
1.284799993	 -0.519 	  -37.76 	 
1.286999993	 -0.519 	  -37.75 	 
1.289199993	 -0.519 	  -38.02 	 
1.291399993	 -0.519 	  -38.59 	 
1.293599993	 -0.520 	  -39.40 	 
1.295799993	 -0.520 	  -40.56 	 
1.297999993	 -0.522 	  -41.97 	 
1.300199993	 -0.523 	  -43.62 	 
1.302399993	 -0.525 	  -45.53 	 
1.304599993	 -0.526 	  -47.63 	 
1.306799993	 -0.528 	  -49.87 	 
1.308999993	 -0.531 	  -52.24 	 
1.311199993	 -0.534 	  -54.79 	 
1.313399993	 -0.536 	  -57.27 	 
1.315599993	 -0.539 	  -59.94 	 
1.317799993	 -0.542 	  -62.60 	 
1.319999993	 -0.545 	  -65.24 	 
1.322199993	 -0.548 	  -67.82 	 
1.324399993	 -0.551 	  -70.31 	 
1.326599993	 -0.554 	  -72.67 	 
1.328799993	 -0.556 	  -74.93 	 
1.330999993	 -0.559 	  -77.03 	 
1.333199993	 -0.561 	  -78.91 	 
1.335399993	 -0.563 	  -80.61 	 
1.337599993	 -0.565 	  -82.06 	 
1.339799993	 -0.567 	  -83.27 	 
1.341999993	 -0.567 	  -84.27 	 
1.344199993	 -0.569 	  -84.96 	 
1.346399993	 -0.570 	  -85.34 	 
1.348599993	 -0.570 	  -85.43 	 
1.350799993	 -0.570 	  -85.32 	 
1.352999993	 -0.570 	  -84.87 	 
1.355199993	 -0.570 	  -84.21 	 
1.357399993	 -0.569 	  -83.24 	 
1.359599993	 -0.569 	  -81.97 	 
1.361799993	 -0.568 	  -80.43 	 
1.363999993	 -0.567 	  -78.62 	 
1.366199993	 -0.566 	  -76.60 	 
1.368399993	 -0.564 	  -74.36 	 
1.370599993	 -0.562 	  -72.03 	 
1.372799993	 -0.560 	  -69.52 	 
1.374999993	 -0.557 	  -66.97 	 
1.377199993	 -0.555 	  -64.33 	 
1.379399993	 -0.553 	  -61.66 	 
1.381599993	 -0.550 	  -59.01 	 
1.383799993	 -0.547 	  -56.41 	 
1.385999992	 -0.544 	  -53.83 	 
1.388199992	 -0.541 	  -51.35 	 
1.390399992	 -0.538 	  -49.08 	 
1.392599992	 -0.534 	  -46.86 	 
1.394799992	 -0.531 	  -44.90 	 
1.396999992	 -0.529 	  -43.13 	 
1.399199992	 -0.527 	  -41.58 	 
1.401399992	 -0.525 	  -40.25 	 
1.403599992	 -0.523 	  -39.24 	 
1.405799992	 -0.521 	  -38.43 	 
1.407999992	 -0.520 	  -37.91 	 
1.410199992	 -0.519 	  -37.73 	 
1.412399992	 -0.519 	  -37.76 	 
1.414599992	 -0.519 	  -38.10 	 
1.416799992	 -0.519 	  -38.71 	 
1.418999992	 -0.520 	  -39.61 	 
1.421199992	 -0.520 	  -40.79 	 
1.423399992	 -0.521 	  -42.26 	 
1.425599992	 -0.523 	  -43.93 	 
1.427799992	 -0.525 	  -45.87 	 
1.429999992	 -0.527 	  -47.99 	 
1.432199992	 -0.529 	  -50.24 	 
1.434399992	 -0.531 	  -52.68 	 
1.436599992	 -0.534 	  -55.22 	 
1.438799992	 -0.536 	  -57.80 	 
1.440999992	 -0.539 	  -60.37 	 
1.443199992	 -0.542 	  -63.06 	 
1.445399992	 -0.545 	  -65.64 	 
1.447599992	 -0.548 	  -68.23 	 
1.449799992	 -0.552 	  -70.71 	 
1.451999992	 -0.555 	  -73.03 	 
1.454199992	 -0.556 	  -75.26 	 
1.456399992	 -0.559 	  -77.36 	 
1.458599992	 -0.562 	  -79.25 	 
1.460799992	 -0.564 	  -80.86 	 
1.462999992	 -0.565 	  -82.30 	 
1.465199992	 -0.567 	  -83.47 	 
1.467399992	 -0.568 	  -84.34 	 
1.469599992	 -0.569 	  -84.96 	 
1.471799992	 -0.570 	  -85.26 	 
1.473999992	 -0.570 	  -85.35 	 
1.476199992	 -0.570 	  -85.22 	 
1.478399992	 -0.570 	  -84.78 	 
1.480599992	 -0.570 	  -84.01 	 
1.482799992	 -0.569 	  -82.99 	 
1.484999992	 -0.568 	  -81.67 	 
1.487199992	 -0.569 	  -80.08 	 
1.489399992	 -0.566 	  -78.25 	 
1.491599992	 -0.565 	  -76.19 	 
1.493799992	 -0.563 	  -73.91 	 
1.495999992	 -0.561 	  -71.58 	 
1.498199992	 -0.560 	  -69.10 	 
1.500399992	 -0.557 	  -66.48 	 
1.502599992	 -0.554 	  -63.87 	 
1.504799992	 -0.552 	  -61.18 	 
1.506999992	 -0.549 	  -58.53 	 
1.509199992	 -0.546 	  -55.94 	 
1.511399992	 -0.544 	  -53.36 	 
1.513599992	 -0.540 	  -50.94 	 
1.515799992	 -0.537 	  -48.66 	 
1.517999992	 -0.535 	  -46.51 	 
1.520199992	 -0.532 	  -44.56 	 
1.522399992	 -0.530 	  -42.84 	 
1.524599992	 -0.526 	  -41.33 	 
1.526799992	 -0.525 	  -40.04 	 
1.528999992	 -0.522 	  -39.05 	 
1.531199992	 -0.522 	  -38.34 	 
1.533399992	 -0.520 	  -37.86 	 
1.535599992	 -0.520 	  -37.72 	 
1.537799992	 -0.519 	  -37.83 	 
1.539999992	 -0.519 	  -38.18 	 
1.542199992	 -0.520 	  -38.86 	 
1.544399992	 -0.520 	  -39.79 	 
1.546599992	 -0.521 	  -41.04 	 
1.548799992	 -0.522 	  -42.53 	 
1.550999992	 -0.523 	  -44.28 	 
1.553199992	 -0.524 	  -46.19 	 
1.555399992	 -0.527 	  -48.42 	 
1.557599992	 -0.530 	  -50.69 	 
1.559799992	 -0.532 	  -53.13 	 
1.561999992	 -0.534 	  -55.69 	 
1.564199992	 -0.537 	  -58.28 	 
1.566399992	 -0.539 	  -60.91 	 
1.568599992	 -0.544 	  -63.54 	 
1.570799991	 -0.547 	  -66.17 	 
1.572999991	 -0.549 	  -68.69 	 
1.575199991	 -0.551 	  -71.18 	 
1.577399991	 -0.554 	  -73.57 	 
1.579599991	 -0.557 	  -75.68 	 
1.581799991	 -0.559 	  -77.76 	 
1.583999991	 -0.562 	  -79.58 	 
1.586199991	 -0.565 	  -81.17 	 
1.588399991	 -0.566 	  -82.61 	 
1.590599991	 -0.568 	  -83.75 	 
1.592799991	 -0.568 	  -84.55 	 
1.594999991	 -0.569 	  -85.15 	 
1.597199991	 -0.570 	  -85.44 	 
1.599399991	 -0.571 	  -85.48 	 
1.601599991	 -0.571 	  -85.27 	 
1.603799991	 -0.571 	  -84.75 	 
1.605999991	 -0.570 	  -83.97 	 
1.608199991	 -0.570 	  -82.88 	 
1.610399991	 -0.568 	  -81.55 	 
1.612599991	 -0.567 	  -79.82 	 
1.614799991	 -0.566 	  -77.96 	 
1.616999991	 -0.565 	  -75.88 	 
1.619199991	 -0.563 	  -73.60 	 
1.621399991	 -0.561 	  -71.22 	 
1.623599991	 -0.560 	  -68.69 	 
1.625799991	 -0.557 	  -66.06 	 
1.627999991	 -0.554 	  -63.41 	 
1.630199991	 -0.552 	  -60.76 	 
1.632399991	 -0.548 	  -58.05 	 
1.634599991	 -0.546 	  -55.47 	 
1.636799991	 -0.542 	  -52.94 	 
1.638999991	 -0.540 	  -50.53 	 
1.641199991	 -0.537 	  -48.27 	 
1.643399991	 -0.534 	  -46.13 	 
1.645599991	 -0.531 	  -44.20 	 
1.647799991	 -0.528 	  -42.49 	 
1.649999991	 -0.526 	  -41.04 	 
1.652199991	 -0.524 	  -39.78 	 
1.654399991	 -0.522 	  -38.85 	 
1.656599991	 -0.521 	  -38.17 	 
1.658799991	 -0.520 	  -37.77 	 
1.660999991	 -0.519 	  -37.70 	 
1.663199991	 -0.519 	  -37.84 	 
1.665399991	 -0.519 	  -38.26 	 
1.667599991	 -0.519 	  -38.94 	 
1.669799991	 -0.520 	  -39.98 	 
1.671999991	 -0.522 	  -41.24 	 
1.674199991	 -0.522 	  -42.81 	 
1.676399991	 -0.524 	  -44.60 	 
1.678599991	 -0.525 	  -46.62 	 
1.680799991	 -0.527 	  -48.81 	 
1.682999991	 -0.530 	  -51.15 	 
1.685199991	 -0.532 	  -53.59 	 
1.687399991	 -0.535 	  -56.11 	 
1.689599991	 -0.537 	  -58.76 	 
1.691799991	 -0.541 	  -61.36 	 
1.693999991	 -0.544 	  -64.08 	 
1.696199991	 -0.548 	  -66.65 	 
1.698399991	 -0.550 	  -69.21 	 
1.700599991	 -0.552 	  -71.67 	 
1.702799991	 -0.556 	  -74.02 	 
1.704999991	 -0.558 	  -76.16 	 
1.707199991	 -0.560 	  -78.12 	 
1.709399991	 -0.562 	  -79.98 	 
1.711599991	 -0.565 	  -81.44 	 
1.713799991	 -0.566 	  -82.85 	 
1.715999991	 -0.567 	  -83.96 	 
1.718199991	 -0.568 	  -84.71 	 
1.720399991	 -0.570 	  -85.29 	 
1.722599991	 -0.570 	  -85.50 	 
1.724799991	 -0.570 	  -85.48 	 
1.726999991	 -0.571 	  -85.19 	 
1.729199991	 -0.571 	  -84.65 	 
1.731399991	 -0.570 	  -83.80 	 
1.733599991	 -0.569 	  -82.68 	 
1.735799991	 -0.568 	  -81.25 	 
1.737999991	 -0.567 	  -79.54 	 
1.740199991	 -0.566 	  -77.59 	 
1.742399991	 -0.565 	  -75.51 	 
1.744599991	 -0.562 	  -73.19 	 
1.746799991	 -0.561 	  -70.71 	 
1.748999991	 -0.559 	  -68.21 	 
1.751199991	 -0.556 	  -65.56 	 
1.753399990	 -0.553 	  -62.89 	 
1.755599990	 -0.551 	  -60.24 	 
1.757799990	 -0.549 	  -57.61 	 
1.759999990	 -0.545 	  -54.98 	 
1.762199990	 -0.542 	  -52.51 	 
1.764399990	 -0.539 	  -50.11 	 
1.766599990	 -0.536 	  -47.83 	 
1.768799990	 -0.533 	  -45.77 	 
1.770999990	 -0.531 	  -43.86 	 
1.773199990	 -0.528 	  -42.22 	 
1.775399990	 -0.526 	  -40.79 	 
1.777599990	 -0.523 	  -39.63 	 
1.779799990	 -0.522 	  -38.70 	 
1.781999990	 -0.521 	  -38.11 	 
1.784199990	 -0.520 	  -37.76 	 
1.786399990	 -0.520 	  -37.70 	 
1.788599990	 -0.519 	  -37.90 	 
1.790799990	 -0.519 	  -38.36 	 
1.792999990	 -0.519 	  -39.13 	 
1.795199990	 -0.519 	  -40.20 	 
1.797399990	 -0.521 	  -41.54 	 
1.799599990	 -0.522 	  -43.12 	 
1.801799990	 -0.524 	  -44.98 	 
1.803999990	 -0.526 	  -46.97 	 
1.806199990	 -0.528 	  -49.21 	 
1.808399990	 -0.530 	  -51.60 	 
1.810599990	 -0.533 	  -54.03 	 
1.812799990	 -0.535 	  -56.58 	 
1.814999990	 -0.538 	  -59.21 	 
1.817199990	 -0.541 	  -61.88 	 
1.819399990	 -0.544 	  -64.49 	 
1.821599990	 -0.547 	  -67.14 	 
1.823799990	 -0.550 	  -69.63 	 
1.825999990	 -0.553 	  -72.07 	 
1.828199990	 -0.556 	  -74.41 	 
1.830399990	 -0.559 	  -76.53 	 
1.832599990	 -0.560 	  -78.47 	 
1.834799990	 -0.563 	  -80.21 	 
1.836999990	 -0.564 	  -81.75 	 
1.839199990	 -0.566 	  -83.01 	 
1.841399990	 -0.568 	  -84.09 	 
1.843599990	 -0.568 	  -84.82 	 
1.845799990	 -0.570 	  -85.30 	 
1.847999990	 -0.570 	  -85.54 	 
1.850199990	 -0.571 	  -85.43 	 
1.852399990	 -0.570 	  -85.05 	 
1.854599990	 -0.571 	  -84.49 	 
1.856799990	 -0.570 	  -83.61 	 
1.858999990	 -0.569 	  -82.38 	 
1.861199990	 -0.568 	  -80.92 	 
1.863399990	 -0.567 	  -79.16 	 
1.865599990	 -0.565 	  -77.21 	 
1.867799990	 -0.564 	  -75.04 	 
1.869999990	 -0.562 	  -72.72 	 
1.872199990	 -0.560 	  -70.23 	 
1.874399990	 -0.558 	  -67.73 	 
1.876599990	 -0.556 	  -65.11 	 
1.878799990	 -0.553 	  -62.48 	 
1.880999990	 -0.551 	  -59.80 	 
1.883199990	 -0.548 	  -57.16 	 
1.885399990	 -0.545 	  -54.54 	 
1.887599990	 -0.541 	  -52.06 	 
1.889799990	 -0.539 	  -49.71 	 
1.891999990	 -0.536 	  -47.46 	 
1.894199990	 -0.533 	  -45.46 	 
1.896399990	 -0.530 	  -43.58 	 
1.898599990	 -0.528 	  -41.95 	 
1.900799990	 -0.525 	  -40.61 	 
1.902999990	 -0.523 	  -39.47 	 
1.905199990	 -0.522 	  -38.61 	 
1.907399990	 -0.521 	  -38.05 	 
1.909599990	 -0.519 	  -37.77 	 
1.911799990	 -0.519 	  -37.73 	 
1.913999990	 -0.518 	  -37.98 	 
1.916199990	 -0.519 	  -38.47 	 
1.918399990	 -0.520 	  -39.31 	 
1.920599990	 -0.520 	  -40.44 	 
1.922799990	 -0.522 	  -41.81 	 
1.924999990	 -0.523 	  -43.45 	 
1.927199990	 -0.524 	  -45.35 	 
1.929399990	 -0.527 	  -47.43 	 
1.931599990	 -0.528 	  -49.63 	 
1.933799990	 -0.531 	  -52.05 	 
1.935999990	 -0.533 	  -54.52 	 
1.938199989	 -0.536 	  -57.08 	 
1.940399989	 -0.539 	  -59.71 	 
1.942599989	 -0.542 	  -62.37 	 
1.944799989	 -0.545 	  -64.98 	 
1.946999989	 -0.548 	  -67.59 	 
1.949199989	 -0.550 	  -70.10 	 
1.951399989	 -0.554 	  -72.46 	 
1.953599989	 -0.556 	  -74.76 	 
1.955799989	 -0.559 	  -76.82 	 
1.957999989	 -0.561 	  -78.77 	 
1.960199989	 -0.563 	  -80.54 	 
1.962399989	 -0.565 	  -81.99 	 
1.964599989	 -0.567 	  -83.27 	 
1.966799989	 -0.568 	  -84.18 	 
1.968999989	 -0.569 	  -84.91 	 
1.971199989	 -0.570 	  -85.34 	 
1.973399989	 -0.570 	  -85.47 	 
1.975599989	 -0.571 	  -85.35 	 
1.977799989	 -0.570 	  -84.96 	 
1.979999989	 -0.570 	  -84.34 	 
1.982199989	 -0.570 	  -83.37 	 
1.984399989	 -0.568 	  -82.13 	 
1.986599989	 -0.568 	  -80.61 	 
1.988799989	 -0.567 	  -78.84 	 
1.990999989	 -0.565 	  -76.80 	 
1.993199989	 -0.565 	  -74.62 	 
1.995399989	 -0.562 	  -72.26 	 
1.997599989	 -0.560 	  -69.80 	 
1.999799989	 -0.558 	  -67.25 	 
2.001999989	 -0.555 	  -64.62 	 
2.004199989	 -0.552 	  -61.94 	 
2.006399989	 -0.551 	  -59.27 	 
2.008599989	 -0.547 	  -56.65 	 
2.010799989	 -0.544 	  -54.05 	 
2.012999989	 -0.541 	  -51.62 	 
2.015199989	 -0.538 	  -49.26 	 
2.017399989	 -0.535 	  -47.10 	 
2.019599989	 -0.533 	  -45.07 	 
2.021799989	 -0.529 	  -43.29 	 
2.023999989	 -0.526 	  -41.69 	 
2.026199989	 -0.525 	  -40.35 	 
2.028399989	 -0.523 	  -39.30 	 
2.030599989	 -0.522 	  -38.45 	 
2.032799989	 -0.521 	  -37.97 	 
2.034999989	 -0.520 	  -37.73 	 
2.037199989	 -0.519 	  -37.77 	 
2.039399989	 -0.519 	  -38.06 	 
2.041599989	 -0.520 	  -38.64 	 
2.043799989	 -0.520 	  -39.50 	 
2.045999989	 -0.520 	  -40.66 	 
2.048199989	 -0.521 	  -42.09 	 
2.050399989	 -0.523 	  -43.76 	 
2.052599989	 -0.524 	  -45.68 	 
2.054799989	 -0.526 	  -47.81 	 
2.056999989	 -0.529 	  -50.09 	 
2.059199989	 -0.531 	  -52.47 	 
2.061399989	 -0.534 	  -55.03 	 
2.063599989	 -0.536 	  -57.57 	 
2.065799989	 -0.540 	  -60.19 	 
2.067999989	 -0.542 	  -62.85 	 
2.070199989	 -0.546 	  -65.44 	 
2.072399989	 -0.548 	  -68.02 	 
2.074599989	 -0.551 	  -70.56 	 
2.076799989	 -0.554 	  -72.93 	 
2.078999989	 -0.556 	  -75.12 	 
2.081199989	 -0.560 	  -77.24 	 
2.083399989	 -0.561 	  -79.09 	 
2.085599989	 -0.564 	  -80.78 	 
2.087799989	 -0.566 	  -82.24 	 
2.089999989	 -0.567 	  -83.44 	 
2.092199989	 -0.568 	  -84.37 	 
2.094399989	 -0.569 	  -85.02 	 
2.096599989	 -0.570 	  -85.43 	 
2.098799989	 -0.570 	  -85.47 	 
2.100999989	 -0.570 	  -85.36 	 
2.103199989	 -0.570 	  -84.87 	 
2.105399989	 -0.570 	  -84.16 	 
2.107599989	 -0.569 	  -83.14 	 
2.109799989	 -0.569 	  -81.84 	 
2.111999989	 -0.568 	  -80.29 	 
2.114199989	 -0.566 	  -78.48 	 
2.116399989	 -0.565 	  -76.47 	 
2.118599989	 -0.564 	  -74.19 	 
2.120799989	 -0.561 	  -71.89 	 
2.122999988	 -0.560 	  -69.37 	 
2.125199988	 -0.557 	  -66.79 	 
2.127399988	 -0.555 	  -64.11 	 
2.129599988	 -0.552 	  -61.48 	 
2.131799988	 -0.549 	  -58.82 	 
2.133999988	 -0.546 	  -56.22 	 
2.136199988	 -0.544 	  -53.66 	 
2.138399988	 -0.540 	  -51.18 	 
2.140599988	 -0.538 	  -48.90 	 
2.142799988	 -0.534 	  -46.72 	 
2.144999988	 -0.532 	  -44.76 	 
2.147199988	 -0.529 	  -43.01 	 
2.149399988	 -0.527 	  -41.45 	 
2.151599988	 -0.525 	  -40.17 	 
2.153799988	 -0.523 	  -39.15 	 
2.155999988	 -0.522 	  -38.38 	 
2.158199988	 -0.520 	  -37.90 	 
2.160399988	 -0.520 	  -37.75 	 
2.162599988	 -0.519 	  -37.83 	 
2.164799988	 -0.520 	  -38.16 	 
2.166999988	 -0.520 	  -38.82 	 
2.169199988	 -0.520 	  -39.72 	 
2.171399988	 -0.520 	  -40.91 	 
2.173599988	 -0.522 	  -42.39 	 
2.175799988	 -0.523 	  -44.13 	 
2.177999988	 -0.525 	  -46.05 	 
2.180199988	 -0.526 	  -48.27 	 
2.182399988	 -0.530 	  -50.53 	 
2.184599988	 -0.532 	  -52.96 	 
2.186799988	 -0.534 	  -55.44 	 
2.188999988	 -0.537 	  -58.09 	 
2.191199988	 -0.540 	  -60.69 	 
2.193399988	 -0.544 	  -63.39 	 
2.195599988	 -0.546 	  -65.95 	 
2.197799988	 -0.549 	  -68.51 	 
2.199999988	 -0.552 	  -71.04 	 
2.202199988	 -0.555 	  -73.36 	 
2.204399988	 -0.557 	  -75.55 	 
2.206599988	 -0.560 	  -77.60 	 
2.208799988	 -0.562 	  -79.45 	 
2.210999988	 -0.563 	  -81.07 	 
2.213199988	 -0.565 	  -82.48 	 
2.215399988	 -0.567 	  -83.63 	 
2.217599988	 -0.568 	  -84.48 	 
2.219799988	 -0.569 	  -85.14 	 
2.221999988	 -0.570 	  -85.46 	 
2.224199988	 -0.570 	  -85.48 	 
2.226399988	 -0.570 	  -85.29 	 
2.228599988	 -0.570 	  -84.81 	 
2.230799988	 -0.569 	  -84.03 	 
2.232999988	 -0.570 	  -82.99 	 
2.235199988	 -0.569 	  -81.60 	 
2.237399988	 -0.567 	  -80.00 	 
2.239599988	 -0.567 	  -78.16 	 
2.241799988	 -0.565 	  -76.08 	 
2.243999988	 -0.563 	  -73.82 	 
2.246199988	 -0.562 	  -71.42 	 
2.248399988	 -0.559 	  -68.92 	 
2.250599988	 -0.557 	  -66.29 	 
