0.000000000	  0.365 	  -66.87 	 
0.002200000	  0.366 	  -64.24 	 
0.004400000	  0.369 	  -61.60 	 
0.006600000	  0.370 	  -58.93 	 
0.008800000	  0.372 	  -56.25 	 
0.011000000	  0.374 	  -53.79 	 
0.013200000	  0.376 	  -51.33 	 
0.015400000	  0.377 	  -49.06 	 
0.017600000	  0.380 	  -46.83 	 
0.019800000	  0.381 	  -44.87 	 
0.022000000	  0.383 	  -43.10 	 
0.024200000	  0.385 	  -41.50 	 
0.026400000	  0.386 	  -40.22 	 
0.028600000	  0.387 	  -39.14 	 
0.030800000	  0.388 	  -38.43 	 
0.033000000	  0.389 	  -37.90 	 
0.035200000	  0.389 	  -37.70 	 
0.037400000	  0.390 	  -37.79 	 
0.039600000	  0.390 	  -38.11 	 
0.041800000	  0.390 	  -38.72 	 
0.044000000	  0.389 	  -39.64 	 
0.046200000	  0.389 	  -40.86 	 
0.048400000	  0.388 	  -42.31 	 
0.050600000	  0.387 	  -44.00 	 
0.052800000	  0.385 	  -45.92 	 
0.055000000	  0.384 	  -48.03 	 
0.057200000	  0.382 	  -50.29 	 
0.059400000	  0.381 	  -52.75 	 
0.061600000	  0.379 	  -55.26 	 
0.063800000	  0.377 	  -57.86 	 
0.066000000	  0.375 	  -60.51 	 
0.068200000	  0.373 	  -63.15 	 
0.070400000	  0.371 	  -65.77 	 
0.072600000	  0.369 	  -68.34 	 
0.074800000	  0.367 	  -70.84 	 
0.077000000	  0.365 	  -73.18 	 
0.079200000	  0.364 	  -75.42 	 
0.081400000	  0.361 	  -77.48 	 
0.083600000	  0.359 	  -79.36 	 
0.085800000	  0.358 	  -81.02 	 
0.088000000	  0.358 	  -82.39 	 
0.090200000	  0.357 	  -83.53 	 
0.092399999	  0.356 	  -84.47 	 
0.094599999	  0.354 	  -85.07 	 
0.096799999	  0.354 	  -85.37 	 
0.098999999	  0.354 	  -85.46 	 
0.101199999	  0.354 	  -85.26 	 
0.103399999	  0.354 	  -84.76 	 
0.105599999	  0.355 	  -84.01 	 
0.107799999	  0.355 	  -82.91 	 
0.109999999	  0.356 	  -81.53 	 
0.112199999	  0.357 	  -79.95 	 
0.114399999	  0.359 	  -78.10 	 
0.116599999	  0.359 	  -76.06 	 
0.118799999	  0.360 	  -73.87 	 
0.120999999	  0.361 	  -71.47 	 
0.123199999	  0.363 	  -68.97 	 
0.125399999	  0.365 	  -66.39 	 
0.127599999	  0.367 	  -63.74 	 
0.129799999	  0.369 	  -61.11 	 
0.131999999	  0.370 	  -58.43 	 
0.134199999	  0.373 	  -55.80 	 
0.136399999	  0.374 	  -53.28 	 
0.138599999	  0.376 	  -50.90 	 
0.140799999	  0.378 	  -48.63 	 
0.142999999	  0.380 	  -46.48 	 
0.145199999	  0.382 	  -44.54 	 
0.147399999	  0.383 	  -42.83 	 
0.149599999	  0.385 	  -41.29 	 
0.151799999	  0.386 	  -40.01 	 
0.153999999	  0.387 	  -39.00 	 
0.156199999	  0.388 	  -38.25 	 
0.158399999	  0.389 	  -37.86 	 
0.160599999	  0.390 	  -37.73 	 
0.162799999	  0.390 	  -37.81 	 
0.164999999	  0.390 	  -38.18 	 
0.167199999	  0.389 	  -38.86 	 
0.169399999	  0.390 	  -39.82 	 
0.171599999	  0.389 	  -41.04 	 
0.173799999	  0.388 	  -42.54 	 
0.175999999	  0.387 	  -44.28 	 
0.178199999	  0.385 	  -46.29 	 
0.180399999	  0.383 	  -48.43 	 
0.182599999	  0.382 	  -50.74 	 
0.184799999	  0.381 	  -53.19 	 
0.186999999	  0.379 	  -55.74 	 
0.189199999	  0.377 	  -58.33 	 
0.191399999	  0.374 	  -60.97 	 
0.193599999	  0.373 	  -63.62 	 
0.195799999	  0.370 	  -66.23 	 
0.197999999	  0.369 	  -68.80 	 
0.200199999	  0.366 	  -71.26 	 
0.202399999	  0.365 	  -73.61 	 
0.204599999	  0.362 	  -75.81 	 
0.206799999	  0.361 	  -77.86 	 
0.208999999	  0.359 	  -79.65 	 
0.211199999	  0.358 	  -81.26 	 
0.213399999	  0.357 	  -82.61 	 
0.215599999	  0.356 	  -83.74 	 
0.217799999	  0.355 	  -84.59 	 
0.219999999	  0.354 	  -85.21 	 
0.222199999	  0.354 	  -85.45 	 
0.224399999	  0.354 	  -85.44 	 
0.226599999	  0.354 	  -85.22 	 
0.228799999	  0.354 	  -84.64 	 
0.230999999	  0.354 	  -83.78 	 
0.233199999	  0.355 	  -82.64 	 
0.235399999	  0.355 	  -81.25 	 
0.237599999	  0.357 	  -79.65 	 
0.239799999	  0.358 	  -77.83 	 
0.241999999	  0.359 	  -75.73 	 
0.244199999	  0.360 	  -73.41 	 
0.246399999	  0.361 	  -71.06 	 
0.248599999	  0.363 	  -68.52 	 
0.250799999	  0.365 	  -65.91 	 
0.252999999	  0.367 	  -63.30 	 
0.255199999	  0.369 	  -60.58 	 
0.257399999	  0.371 	  -57.98 	 
0.259599999	  0.373 	  -55.38 	 
0.261799999	  0.374 	  -52.85 	 
0.263999999	  0.377 	  -50.48 	 
0.266199999	  0.378 	  -48.27 	 
0.268399999	  0.380 	  -46.08 	 
0.270599999	  0.382 	  -44.19 	 
0.272799999	  0.384 	  -42.50 	 
0.274999999	  0.386 	  -40.99 	 
0.277199998	  0.387 	  -39.75 	 
0.279399998	  0.388 	  -38.91 	 
0.281599998	  0.389 	  -38.18 	 
0.283799998	  0.389 	  -37.81 	 
0.285999998	  0.390 	  -37.71 	 
0.288199998	  0.390 	  -37.90 	 
0.290399998	  0.390 	  -38.33 	 
0.292599998	  0.390 	  -39.06 	 
0.294799998	  0.388 	  -40.07 	 
0.296999998	  0.389 	  -41.31 	 
0.299199998	  0.388 	  -42.88 	 
0.301399998	  0.387 	  -44.64 	 
0.303599998	  0.385 	  -46.64 	 
0.305799998	  0.383 	  -48.84 	 
0.307999998	  0.382 	  -51.15 	 
0.310199998	  0.380 	  -53.62 	 
0.312399998	  0.378 	  -56.20 	 
0.314599998	  0.376 	  -58.85 	 
0.316799998	  0.374 	  -61.44 	 
0.318999998	  0.372 	  -64.09 	 
0.321199998	  0.369 	  -66.67 	 
0.323399998	  0.368 	  -69.23 	 
0.325599998	  0.366 	  -71.76 	 
0.327799998	  0.364 	  -74.02 	 
0.329999998	  0.362 	  -76.20 	 
0.332199998	  0.361 	  -78.20 	 
0.334399998	  0.359 	  -79.98 	 
0.336599998	  0.358 	  -81.50 	 
0.338799998	  0.357 	  -82.84 	 
0.340999998	  0.355 	  -83.89 	 
0.343199998	  0.354 	  -84.70 	 
0.345399998	  0.355 	  -85.22 	 
0.347599998	  0.354 	  -85.41 	 
0.349799998	  0.354 	  -85.37 	 
0.351999998	  0.354 	  -85.08 	 
0.354199998	  0.355 	  -84.51 	 
0.356399998	  0.355 	  -83.60 	 
0.358599998	  0.355 	  -82.43 	 
0.360799998	  0.356 	  -81.01 	 
0.362999998	  0.357 	  -79.30 	 
0.365199998	  0.357 	  -77.46 	 
0.367399998	  0.359 	  -75.24 	 
0.369599998	  0.361 	  -72.92 	 
0.371799998	  0.362 	  -70.52 	 
0.373999998	  0.364 	  -68.03 	 
0.376199998	  0.366 	  -65.38 	 
0.378399998	  0.367 	  -62.83 	 
0.380599998	  0.369 	  -60.17 	 
0.382799998	  0.371 	  -57.54 	 
0.384999998	  0.373 	  -54.95 	 
0.387199998	  0.375 	  -52.43 	 
0.389399998	  0.377 	  -50.00 	 
0.391599998	  0.379 	  -47.79 	 
0.393799998	  0.381 	  -45.74 	 
0.395999998	  0.383 	  -43.87 	 
0.398199998	  0.384 	  -42.24 	 
0.400399998	  0.385 	  -40.77 	 
0.402599998	  0.386 	  -39.64 	 
0.404799998	  0.387 	  -38.80 	 
0.406999998	  0.389 	  -38.15 	 
0.409199998	  0.389 	  -37.77 	 
0.411399998	  0.389 	  -37.69 	 
0.413599998	  0.390 	  -37.95 	 
0.415799998	  0.390 	  -38.43 	 
0.417999998	  0.389 	  -39.22 	 
0.420199998	  0.388 	  -40.33 	 
0.422399998	  0.388 	  -41.66 	 
0.424599998	  0.387 	  -43.25 	 
0.426799998	  0.387 	  -45.06 	 
0.428999998	  0.385 	  -47.04 	 
0.431199998	  0.383 	  -49.27 	 
0.433399998	  0.382 	  -51.61 	 
0.435599998	  0.380 	  -54.10 	 
0.437799998	  0.377 	  -56.69 	 
0.439999998	  0.376 	  -59.31 	 
0.442199998	  0.374 	  -61.94 	 
0.444399998	  0.371 	  -64.62 	 
0.446599998	  0.370 	  -67.22 	 
0.448799998	  0.367 	  -69.70 	 
0.450999998	  0.365 	  -72.14 	 
0.453199998	  0.364 	  -74.42 	 
0.455399998	  0.362 	  -76.57 	 
0.457599998	  0.360 	  -78.55 	 
0.459799998	  0.359 	  -80.30 	 
0.461999997	  0.358 	  -81.82 	 
0.464199997	  0.357 	  -83.07 	 
0.466399997	  0.355 	  -84.12 	 
0.468599997	  0.355 	  -84.84 	 
0.470799997	  0.354 	  -85.30 	 
0.472999997	  0.354 	  -85.51 	 
0.475199997	  0.354 	  -85.40 	 
0.477399997	  0.354 	  -85.07 	 
0.479599997	  0.354 	  -84.44 	 
0.481799997	  0.355 	  -83.48 	 
0.483999997	  0.355 	  -82.25 	 
0.486199997	  0.357 	  -80.78 	 
0.488399997	  0.357 	  -78.99 	 
0.490599997	  0.358 	  -77.06 	 
0.492799997	  0.359 	  -74.88 	 
0.494999997	  0.361 	  -72.59 	 
0.497199997	  0.362 	  -70.17 	 
0.499399997	  0.365 	  -67.65 	 
0.501599997	  0.366 	  -64.99 	 
0.503799997	  0.367 	  -62.38 	 
0.505999997	  0.369 	  -59.80 	 
0.508199997	  0.372 	  -57.06 	 
0.510399997	  0.374 	  -54.48 	 
0.512599997	  0.376 	  -51.99 	 
0.514799997	  0.377 	  -49.61 	 
0.516999997	  0.379 	  -47.43 	 
0.519199997	  0.381 	  -45.41 	 
0.521399997	  0.382 	  -43.53 	 
0.523599997	  0.385 	  -41.98 	 
0.525799997	  0.386 	  -40.63 	 
0.527999997	  0.387 	  -39.52 	 
0.530199997	  0.389 	  -38.65 	 
0.532399997	  0.389 	  -38.06 	 
0.534599997	  0.389 	  -37.71 	 
0.536799997	  0.390 	  -37.77 	 
0.538999997	  0.390 	  -38.03 	 
0.541199997	  0.389 	  -38.56 	 
0.543399997	  0.389 	  -39.41 	 
0.545599997	  0.389 	  -40.58 	 
0.547799997	  0.388 	  -41.91 	 
0.549999997	  0.387 	  -43.57 	 
0.552199997	  0.386 	  -45.40 	 
0.554399997	  0.385 	  -47.43 	 
0.556599997	  0.383 	  -49.65 	 
0.558799997	  0.381 	  -52.07 	 
0.560999997	  0.379 	  -54.56 	 
0.563199997	  0.378 	  -57.16 	 
0.565399997	  0.375 	  -59.80 	 
0.567599997	  0.373 	  -62.46 	 
0.569799997	  0.372 	  -65.12 	 
0.571999997	  0.369 	  -67.71 	 
0.574199997	  0.367 	  -70.20 	 
0.576399997	  0.366 	  -72.53 	 
0.578599997	  0.363 	  -74.89 	 
0.580799997	  0.361 	  -76.91 	 
0.582999997	  0.360 	  -78.85 	 
0.585199997	  0.359 	  -80.55 	 
0.587399997	  0.357 	  -82.04 	 
0.589599997	  0.357 	  -83.32 	 
0.591799997	  0.355 	  -84.31 	 
0.593999997	  0.355 	  -84.99 	 
0.596199997	  0.355 	  -85.35 	 
0.598399997	  0.354 	  -85.52 	 
0.600599997	  0.354 	  -85.33 	 
0.602799997	  0.354 	  -84.95 	 
0.604999997	  0.355 	  -84.25 	 
0.607199997	  0.355 	  -83.27 	 
0.609399997	  0.355 	  -81.98 	 
0.611599997	  0.357 	  -80.47 	 
0.613799997	  0.357 	  -78.70 	 
0.615999997	  0.358 	  -76.67 	 
0.618199997	  0.360 	  -74.52 	 
0.620399997	  0.361 	  -72.15 	 
0.622599997	  0.363 	  -69.70 	 
0.624799997	  0.365 	  -67.14 	 
0.626999997	  0.366 	  -64.48 	 
0.629199997	  0.368 	  -61.85 	 
0.631399997	  0.370 	  -59.22 	 
0.633599997	  0.372 	  -56.57 	 
0.635799997	  0.374 	  -53.96 	 
0.637999997	  0.376 	  -51.58 	 
0.640199997	  0.378 	  -49.21 	 
0.642399997	  0.380 	  -47.09 	 
0.644599997	  0.381 	  -45.11 	 
0.646799996	  0.383 	  -43.29 	 
0.648999996	  0.384 	  -41.66 	 
0.651199996	  0.386 	  -40.31 	 
0.653399996	  0.387 	  -39.30 	 
0.655599996	  0.388 	  -38.54 	 
0.657799996	  0.389 	  -38.00 	 
0.659999996	  0.389 	  -37.76 	 
0.662199996	  0.390 	  -37.78 	 
0.664399996	  0.389 	  -38.10 	 
0.666599996	  0.389 	  -38.69 	 
0.668799996	  0.389 	  -39.48 	 
0.670999996	  0.389 	  -40.67 	 
0.673199996	  0.388 	  -42.14 	 
0.675399996	  0.387 	  -43.82 	 
0.677599996	  0.385 	  -45.81 	 
0.679799996	  0.384 	  -47.89 	 
0.681999996	  0.382 	  -50.15 	 
0.684199996	  0.381 	  -52.57 	 
0.686399996	  0.379 	  -55.10 	 
0.688599996	  0.377 	  -57.65 	 
0.690799996	  0.375 	  -60.26 	 
0.692999996	  0.373 	  -62.90 	 
0.695199996	  0.371 	  -65.52 	 
0.697399996	  0.369 	  -68.17 	 
0.699599996	  0.367 	  -70.63 	 
0.701799996	  0.365 	  -72.99 	 
0.703999996	  0.363 	  -75.19 	 
0.706199996	  0.361 	  -77.33 	 
0.708399996	  0.360 	  -79.17 	 
0.710599996	  0.358 	  -80.88 	 
0.712799996	  0.357 	  -82.29 	 
0.714999996	  0.355 	  -83.46 	 
0.717199996	  0.355 	  -84.41 	 
0.719399996	  0.355 	  -85.04 	 
0.721599996	  0.354 	  -85.35 	 
0.723799996	  0.354 	  -85.44 	 
0.725999996	  0.354 	  -85.28 	 
0.728199996	  0.354 	  -84.83 	 
0.730399996	  0.354 	  -84.06 	 
0.732599996	  0.354 	  -83.03 	 
0.734799996	  0.356 	  -81.68 	 
0.736999996	  0.357 	  -80.11 	 
0.739199996	  0.357 	  -78.31 	 
0.741399996	  0.358 	  -76.26 	 
0.743599996	  0.360 	  -74.05 	 
0.745799996	  0.361 	  -71.70 	 
0.747999996	  0.363 	  -69.21 	 
0.750199996	  0.365 	  -66.65 	 
0.752399996	  0.366 	  -63.96 	 
0.754599996	  0.368 	  -61.35 	 
0.756799996	  0.370 	  -58.68 	 
0.758999996	  0.372 	  -56.08 	 
0.761199996	  0.374 	  -53.57 	 
0.763399996	  0.376 	  -51.09 	 
0.765599996	  0.378 	  -48.82 	 
0.767799996	  0.380 	  -46.61 	 
0.769999996	  0.382 	  -44.72 	 
0.772199996	  0.383 	  -42.89 	 
0.774399996	  0.385 	  -41.38 	 
0.776599996	  0.386 	  -40.10 	 
0.778799996	  0.387 	  -39.11 	 
0.780999996	  0.388 	  -38.34 	 
0.783199996	  0.390 	  -37.93 	 
0.785399996	  0.389 	  -37.73 	 
0.787599996	  0.389 	  -37.79 	 
0.789799996	  0.390 	  -38.12 	 
0.791999996	  0.390 	  -38.80 	 
0.794199996	  0.389 	  -39.71 	 
0.796399996	  0.388 	  -40.93 	 
0.798599996	  0.387 	  -42.44 	 
0.800799996	  0.386 	  -44.17 	 
0.802999996	  0.386 	  -46.14 	 
0.805199996	  0.385 	  -48.29 	 
0.807399996	  0.382 	  -50.51 	 
0.809599996	  0.380 	  -52.96 	 
0.811799996	  0.379 	  -55.49 	 
0.813999996	  0.377 	  -58.09 	 
0.816199996	  0.375 	  -60.72 	 
0.818399996	  0.373 	  -63.39 	 
0.820599996	  0.370 	  -66.02 	 
0.822799996	  0.368 	  -68.56 	 
0.824999996	  0.366 	  -71.03 	 
0.827199996	  0.365 	  -73.30 	 
0.829399996	  0.363 	  -75.57 	 
0.831599995	  0.361 	  -77.64 	 
0.833799995	  0.360 	  -79.51 	 
0.835999995	  0.358 	  -81.10 	 
0.838199995	  0.357 	  -82.52 	 
0.840399995	  0.356 	  -83.65 	 
0.842599995	  0.355 	  -84.54 	 
0.844799995	  0.355 	  -85.11 	 
0.846999995	  0.354 	  -85.39 	 
0.849199995	  0.354 	  -85.44 	 
0.851399995	  0.354 	  -85.19 	 
0.853599995	  0.354 	  -84.67 	 
0.855799995	  0.355 	  -83.81 	 
0.857999995	  0.355 	  -82.80 	 
0.860199995	  0.356 	  -81.42 	 
0.862399995	  0.356 	  -79.81 	 
0.864599995	  0.358 	  -77.94 	 
0.866799995	  0.359 	  -75.82 	 
0.868999995	  0.360 	  -73.59 	 
0.871199995	  0.362 	  -71.21 	 
0.873399995	  0.364 	  -68.74 	 
0.875599995	  0.365 	  -66.10 	 
0.877799995	  0.366 	  -63.50 	 
0.879999995	  0.369 	  -60.86 	 
0.882199995	  0.371 	  -58.22 	 
0.884399995	  0.373 	  -55.62 	 
0.886599995	  0.374 	  -53.09 	 
0.888799995	  0.376 	  -50.65 	 
0.890999995	  0.378 	  -48.46 	 
0.893199995	  0.380 	  -46.27 	 
0.895399995	  0.382 	  -44.32 	 
0.897599995	  0.384 	  -42.66 	 
0.899799995	  0.385 	  -41.16 	 
0.901999995	  0.387 	  -39.94 	 
0.904199995	  0.388 	  -39.00 	 
0.906399995	  0.387 	  -38.23 	 
0.908599995	  0.389 	  -37.84 	 
0.910799995	  0.389 	  -37.66 	 
0.912999995	  0.390 	  -37.88 	 
0.915199995	  0.389 	  -38.20 	 
0.917399995	  0.389 	  -38.96 	 
0.919599995	  0.389 	  -39.94 	 
0.921799995	  0.388 	  -41.22 	 
0.923999995	  0.387 	  -42.77 	 
0.926199995	  0.387 	  -44.55 	 
0.928399995	  0.385 	  -46.47 	 
0.930599995	  0.383 	  -48.66 	 
0.932799995	  0.381 	  -50.95 	 
0.934999995	  0.380 	  -53.42 	 
0.937199995	  0.378 	  -55.99 	 
0.939399995	  0.377 	  -58.59 	 
0.941599995	  0.374 	  -61.22 	 
0.943799995	  0.372 	  -63.88 	 
0.945999995	  0.370 	  -66.53 	 
0.948199995	  0.368 	  -69.03 	 
0.950399995	  0.366 	  -71.49 	 
0.952599995	  0.364 	  -73.83 	 
0.954799995	  0.362 	  -75.98 	 
0.956999995	  0.360 	  -78.04 	 
0.959199995	  0.360 	  -79.85 	 
0.961399995	  0.359 	  -81.39 	 
0.963599995	  0.357 	  -82.75 	 
0.965799995	  0.356 	  -83.89 	 
0.967999995	  0.355 	  -84.62 	 
0.970199995	  0.354 	  -85.24 	 
0.972399995	  0.353 	  -85.43 	 
0.974599995	  0.354 	  -85.43 	 
0.976799995	  0.354 	  -85.18 	 
0.978999995	  0.354 	  -84.61 	 
0.981199995	  0.354 	  -83.70 	 
0.983399995	  0.355 	  -82.56 	 
0.985599995	  0.356 	  -81.21 	 
0.987799995	  0.357 	  -79.50 	 
0.989999995	  0.358 	  -77.61 	 
0.992199995	  0.359 	  -75.46 	 
0.994399995	  0.360 	  -73.18 	 
0.996599995	  0.362 	  -70.82 	 
0.998799995	  0.364 	  -68.32 	 
1.000999995	  0.365 	  -65.68 	 
1.003199995	  0.367 	  -63.10 	 
1.005399995	  0.369 	  -60.43 	 
1.007599995	  0.371 	  -57.78 	 
1.009799995	  0.373 	  -55.19 	 
1.011999995	  0.375 	  -52.61 	 
1.014199995	  0.377 	  -50.22 	 
1.016399994	  0.379 	  -48.00 	 
1.018599994	  0.380 	  -45.98 	 
1.020799994	  0.382 	  -44.04 	 
1.022999994	  0.384 	  -42.32 	 
1.025199994	  0.386 	  -40.90 	 
1.027399994	  0.387 	  -39.70 	 
1.029599994	  0.387 	  -38.87 	 
1.031799994	  0.388 	  -38.16 	 
1.033999994	  0.389 	  -37.75 	 
1.036199994	  0.389 	  -37.70 	 
1.038399994	  0.389 	  -37.97 	 
1.040599994	  0.390 	  -38.38 	 
1.042799994	  0.389 	  -39.15 	 
1.044999994	  0.389 	  -40.16 	 
1.047199994	  0.388 	  -41.38 	 
1.049399994	  0.387 	  -43.01 	 
1.051599994	  0.386 	  -44.83 	 
1.053799994	  0.385 	  -46.86 	 
1.055999994	  0.385 	  -49.04 	 
1.058199994	  0.381 	  -51.45 	 
1.060399994	  0.379 	  -53.89 	 
1.062599994	  0.378 	  -56.46 	 
1.064799994	  0.376 	  -59.10 	 
1.066999994	  0.374 	  -61.72 	 
1.069199994	  0.372 	  -64.37 	 
1.071399994	  0.370 	  -66.96 	 
1.073599994	  0.368 	  -69.52 	 
1.075799994	  0.366 	  -71.92 	 
1.077999994	  0.364 	  -74.26 	 
1.080199994	  0.362 	  -76.40 	 
1.082399994	  0.361 	  -78.38 	 
1.084599994	  0.359 	  -80.17 	 
1.086799994	  0.358 	  -81.69 	 
1.088999994	  0.356 	  -82.98 	 
1.091199994	  0.356 	  -84.03 	 
1.093399994	  0.355 	  -84.86 	 
1.095599994	  0.354 	  -85.29 	 
1.097799994	  0.353 	  -85.53 	 
1.099999994	  0.353 	  -85.44 	 
1.102199994	  0.354 	  -85.08 	 
1.104399994	  0.354 	  -84.49 	 
1.106599994	  0.355 	  -83.55 	 
1.108799994	  0.355 	  -82.35 	 
1.110999994	  0.356 	  -80.89 	 
1.113199994	  0.357 	  -79.19 	 
1.115399994	  0.358 	  -77.24 	 
1.117599994	  0.359 	  -75.14 	 
1.119799994	  0.360 	  -72.81 	 
1.121999994	  0.362 	  -70.35 	 
1.124199994	  0.364 	  -67.83 	 
1.126399994	  0.366 	  -65.19 	 
1.128599994	  0.367 	  -62.58 	 
1.130799994	  0.369 	  -59.95 	 
1.132999994	  0.371 	  -57.27 	 
1.135199994	  0.373 	  -54.63 	 
1.137399994	  0.375 	  -52.20 	 
1.139599994	  0.377 	  -49.82 	 
1.141799994	  0.379 	  -47.64 	 
1.143999994	  0.380 	  -45.58 	 
1.146199994	  0.382 	  -43.71 	 
1.148399994	  0.384 	  -42.04 	 
1.150599994	  0.386 	  -40.65 	 
1.152799994	  0.387 	  -39.55 	 
1.154999994	  0.388 	  -38.71 	 
1.157199994	  0.389 	  -38.10 	 
1.159399994	  0.389 	  -37.77 	 
1.161599994	  0.390 	  -37.74 	 
1.163799994	  0.390 	  -37.97 	 
1.165999994	  0.390 	  -38.48 	 
1.168199994	  0.389 	  -39.21 	 
1.170399994	  0.389 	  -40.35 	 
1.172599994	  0.388 	  -41.71 	 
1.174799994	  0.387 	  -43.36 	 
1.176999994	  0.386 	  -45.26 	 
1.179199994	  0.385 	  -47.30 	 
1.181399994	  0.383 	  -49.52 	 
1.183599994	  0.381 	  -51.89 	 
1.185799994	  0.379 	  -54.39 	 
1.187999994	  0.377 	  -56.91 	 
1.190199994	  0.376 	  -59.55 	 
1.192399994	  0.374 	  -62.19 	 
1.194599994	  0.371 	  -64.84 	 
1.196799994	  0.369 	  -67.45 	 
1.198999994	  0.367 	  -69.98 	 
1.201199993	  0.366 	  -72.37 	 
1.203399993	  0.363 	  -74.67 	 
1.205599993	  0.362 	  -76.82 	 
1.207799993	  0.360 	  -78.67 	 
1.209999993	  0.359 	  -80.42 	 
1.212199993	  0.358 	  -81.91 	 
1.214399993	  0.356 	  -83.18 	 
1.216599993	  0.355 	  -84.21 	 
1.218799993	  0.354 	  -84.93 	 
1.220999993	  0.355 	  -85.36 	 
1.223199993	  0.354 	  -85.51 	 
1.225399993	  0.353 	  -85.39 	 
1.227599993	  0.354 	  -84.97 	 
1.229799993	  0.354 	  -84.31 	 
1.231999993	  0.355 	  -83.32 	 
1.234199993	  0.355 	  -82.08 	 
1.236399993	  0.356 	  -80.63 	 
1.238599993	  0.357 	  -78.84 	 
1.240799993	  0.358 	  -76.83 	 
1.242999993	  0.360 	  -74.68 	 
1.245199993	  0.361 	  -72.40 	 
1.247399993	  0.363 	  -69.90 	 
1.249599993	  0.364 	  -67.38 	 
1.251799993	  0.365 	  -64.70 	 
1.253999993	  0.368 	  -62.10 	 
1.256199993	  0.369 	  -59.47 	 
1.258399993	  0.372 	  -56.92 	 
1.260599993	  0.374 	  -54.28 	 
1.262799993	  0.376 	  -51.84 	 
1.264999993	  0.377 	  -49.45 	 
1.267199993	  0.380 	  -47.28 	 
1.269399993	  0.381 	  -45.22 	 
1.271599993	  0.383 	  -43.39 	 
1.273799993	  0.384 	  -41.83 	 
1.275999993	  0.386 	  -40.49 	 
1.278199993	  0.386 	  -39.44 	 
1.280399993	  0.388 	  -38.60 	 
1.282599993	  0.389 	  -38.03 	 
1.284799993	  0.390 	  -37.84 	 
1.286999993	  0.390 	  -37.79 	 
1.289199993	  0.390 	  -38.06 	 
1.291399993	  0.389 	  -38.60 	 
1.293599993	  0.389 	  -39.45 	 
1.295799993	  0.389 	  -40.64 	 
1.297999993	  0.388 	  -42.09 	 
1.300199993	  0.387 	  -43.74 	 
1.302399993	  0.386 	  -45.61 	 
1.304599993	  0.384 	  -47.72 	 
1.306799993	  0.383 	  -49.93 	 
1.308999993	  0.381 	  -52.34 	 
1.311199993	  0.379 	  -54.84 	 
1.313399993	  0.377 	  -57.41 	 
1.315599993	  0.375 	  -60.02 	 
1.317799993	  0.373 	  -62.71 	 
1.319999993	  0.371 	  -65.32 	 
1.322199993	  0.368 	  -67.87 	 
1.324399993	  0.367 	  -70.42 	 
1.326599993	  0.365 	  -72.78 	 
1.328799993	  0.363 	  -75.08 	 
1.330999993	  0.361 	  -77.17 	 
1.333199993	  0.360 	  -79.04 	 
1.335399993	  0.359 	  -80.70 	 
1.337599993	  0.357 	  -82.19 	 
1.339799993	  0.356 	  -83.35 	 
1.341999993	  0.355 	  -84.30 	 
1.344199993	  0.355 	  -85.05 	 
1.346399993	  0.355 	  -85.41 	 
1.348599993	  0.353 	  -85.52 	 
1.350799993	  0.354 	  -85.36 	 
1.352999993	  0.354 	  -84.86 	 
1.355199993	  0.354 	  -84.10 	 
1.357399993	  0.354 	  -83.12 	 
1.359599993	  0.355 	  -81.82 	 
1.361799993	  0.356 	  -80.27 	 
1.363999993	  0.358 	  -78.53 	 
1.366199993	  0.358 	  -76.49 	 
1.368399993	  0.359 	  -74.30 	 
1.370599993	  0.362 	  -71.96 	 
1.372799993	  0.363 	  -69.40 	 
1.374999993	  0.364 	  -66.87 	 
1.377199993	  0.366 	  -64.25 	 
1.379399993	  0.368 	  -61.68 	 
1.381599993	  0.370 	  -59.00 	 
1.383799993	  0.372 	  -56.41 	 
1.385999992	  0.375 	  -53.77 	 
1.388199992	  0.376 	  -51.37 	 
1.390399992	  0.377 	  -49.05 	 
1.392599992	  0.380 	  -46.86 	 
1.394799992	  0.381 	  -44.90 	 
1.396999992	  0.382 	  -43.19 	 
1.399199992	  0.384 	  -41.64 	 
1.401399992	  0.386 	  -40.28 	 
1.403599992	  0.387 	  -39.22 	 
1.405799992	  0.388 	  -38.43 	 
1.407999992	  0.389 	  -37.92 	 
1.410199992	  0.389 	  -37.70 	 
1.412399992	  0.389 	  -37.82 	 
1.414599992	  0.390 	  -38.16 	 
1.416799992	  0.390 	  -38.82 	 
1.418999992	  0.389 	  -39.68 	 
1.421199992	  0.388 	  -40.89 	 
1.423399992	  0.388 	  -42.35 	 
1.425599992	  0.387 	  -44.08 	 
1.427799992	  0.386 	  -45.95 	 
1.429999992	  0.384 	  -48.06 	 
1.432199992	  0.382 	  -50.39 	 
1.434399992	  0.381 	  -52.76 	 
1.436599992	  0.379 	  -55.34 	 
1.438799992	  0.377 	  -57.90 	 
1.440999992	  0.375 	  -60.50 	 
1.443199992	  0.373 	  -63.17 	 
1.445399992	  0.371 	  -65.81 	 
1.447599992	  0.369 	  -68.34 	 
1.449799992	  0.367 	  -70.87 	 
1.451999992	  0.365 	  -73.22 	 
1.454199992	  0.363 	  -75.44 	 
1.456399992	  0.361 	  -77.51 	 
1.458599992	  0.359 	  -79.37 	 
1.460799992	  0.359 	  -81.00 	 
1.462999992	  0.357 	  -82.43 	 
1.465199992	  0.356 	  -83.57 	 
1.467399992	  0.355 	  -84.43 	 
1.469599992	  0.354 	  -85.05 	 
1.471799992	  0.355 	  -85.41 	 
1.473999992	  0.354 	  -85.44 	 
1.476199992	  0.354 	  -85.26 	 
1.478399992	  0.354 	  -84.76 	 
1.480599992	  0.354 	  -83.98 	 
1.482799992	  0.355 	  -82.92 	 
1.484999992	  0.355 	  -81.64 	 
1.487199992	  0.357 	  -79.94 	 
1.489399992	  0.358 	  -78.12 	 
1.491599992	  0.359 	  -76.03 	 
1.493799992	  0.360 	  -73.85 	 
1.495999992	  0.361 	  -71.50 	 
1.498199992	  0.363 	  -69.00 	 
1.500399992	  0.365 	  -66.39 	 
1.502599992	  0.367 	  -63.78 	 
1.504799992	  0.368 	  -61.13 	 
1.506999992	  0.370 	  -58.41 	 
1.509199992	  0.372 	  -55.87 	 
1.511399992	  0.374 	  -53.30 	 
1.513599992	  0.376 	  -50.89 	 
1.515799992	  0.378 	  -48.66 	 
1.517999992	  0.379 	  -46.60 	 
1.520199992	  0.382 	  -44.61 	 
1.522399992	  0.383 	  -42.83 	 
1.524599992	  0.385 	  -41.35 	 
1.526799992	  0.386 	  -40.03 	 
1.528999992	  0.387 	  -39.06 	 
1.531199992	  0.388 	  -38.30 	 
1.533399992	  0.389 	  -37.84 	 
1.535599992	  0.390 	  -37.78 	 
1.537799992	  0.390 	  -37.92 	 
1.539999992	  0.389 	  -38.27 	 
1.542199992	  0.389 	  -38.84 	 
1.544399992	  0.388 	  -39.83 	 
1.546599992	  0.388 	  -41.06 	 
1.548799992	  0.387 	  -42.66 	 
1.550999992	  0.386 	  -44.38 	 
1.553199992	  0.385 	  -46.36 	 
1.555399992	  0.383 	  -48.50 	 
1.557599992	  0.381 	  -50.83 	 
1.559799992	  0.380 	  -53.24 	 
1.561999992	  0.378 	  -55.74 	 
1.564199992	  0.376 	  -58.35 	 
1.566399992	  0.374 	  -60.94 	 
1.568599992	  0.372 	  -63.64 	 
1.570799991	  0.369 	  -66.26 	 
1.572999991	  0.367 	  -68.80 	 
1.575199991	  0.366 	  -71.26 	 
1.577399991	  0.364 	  -73.59 	 
1.579599991	  0.363 	  -75.79 	 
1.581799991	  0.361 	  -77.79 	 
1.583999991	  0.360 	  -79.65 	 
1.586199991	  0.358 	  -81.23 	 
1.588399991	  0.357 	  -82.63 	 
1.590599991	  0.356 	  -83.75 	 
1.592799991	  0.355 	  -84.58 	 
1.594999991	  0.354 	  -85.07 	 
1.597199991	  0.353 	  -85.37 	 
1.599399991	  0.354 	  -85.41 	 
1.601599991	  0.353 	  -85.15 	 
1.603799991	  0.354 	  -84.65 	 
1.605999991	  0.355 	  -83.78 	 
1.608199991	  0.355 	  -82.70 	 
1.610399991	  0.356 	  -81.31 	 
1.612599991	  0.357 	  -79.64 	 
1.614799991	  0.358 	  -77.72 	 
1.616999991	  0.359 	  -75.69 	 
1.619199991	  0.359 	  -73.42 	 
1.621399991	  0.361 	  -71.03 	 
1.623599991	  0.364 	  -68.52 	 
1.625799991	  0.365 	  -65.87 	 
1.627999991	  0.367 	  -63.26 	 
1.630199991	  0.368 	  -60.65 	 
1.632399991	  0.371 	  -58.07 	 
1.634599991	  0.373 	  -55.43 	 
1.636799991	  0.375 	  -52.96 	 
1.638999991	  0.377 	  -50.47 	 
1.641199991	  0.378 	  -48.23 	 
1.643399991	  0.381 	  -46.20 	 
1.645599991	  0.382 	  -44.23 	 
1.647799991	  0.383 	  -42.50 	 
1.649999991	  0.386 	  -41.00 	 
1.652199991	  0.386 	  -39.86 	 
1.654399991	  0.388 	  -38.93 	 
1.656599991	  0.388 	  -38.26 	 
1.658799991	  0.389 	  -37.84 	 
1.660999991	  0.389 	  -37.73 	 
1.663199991	  0.390 	  -37.92 	 
1.665399991	  0.389 	  -38.38 	 
1.667599991	  0.389 	  -39.02 	 
1.669799991	  0.389 	  -40.03 	 
1.671999991	  0.389 	  -41.32 	 
1.674199991	  0.387 	  -42.91 	 
1.676399991	  0.386 	  -44.75 	 
1.678599991	  0.384 	  -46.70 	 
1.680799991	  0.384 	  -48.87 	 
1.682999991	  0.381 	  -51.22 	 
1.685199991	  0.380 	  -53.66 	 
1.687399991	  0.377 	  -56.21 	 
1.689599991	  0.376 	  -58.83 	 
1.691799991	  0.374 	  -61.50 	 
1.693999991	  0.372 	  -64.10 	 
1.696199991	  0.369 	  -66.76 	 
1.698399991	  0.367 	  -69.26 	 
1.700599991	  0.366 	  -71.72 	 
1.702799991	  0.365 	  -74.06 	 
1.704999991	  0.362 	  -76.21 	 
1.707199991	  0.361 	  -78.16 	 
1.709399991	  0.359 	  -79.93 	 
1.711599991	  0.358 	  -81.50 	 
1.713799991	  0.356 	  -82.85 	 
1.715999991	  0.355 	  -83.92 	 
1.718199991	  0.355 	  -84.72 	 
1.720399991	  0.354 	  -85.19 	 
1.722599991	  0.354 	  -85.45 	 
1.724799991	  0.354 	  -85.39 	 
1.726999991	  0.354 	  -85.02 	 
1.729199991	  0.353 	  -84.47 	 
1.731399991	  0.354 	  -83.59 	 
1.733599991	  0.355 	  -82.46 	 
1.735799991	  0.356 	  -81.05 	 
1.737999991	  0.357 	  -79.31 	 
1.740199991	  0.358 	  -77.37 	 
1.742399991	  0.359 	  -75.28 	 
1.744599991	  0.360 	  -73.01 	 
1.746799991	  0.362 	  -70.56 	 
1.748999991	  0.364 	  -68.06 	 
1.751199991	  0.366 	  -65.49 	 
1.753399990	  0.367 	  -62.79 	 
1.755599990	  0.369 	  -60.16 	 
1.757799990	  0.371 	  -57.51 	 
1.759999990	  0.373 	  -54.93 	 
1.762199990	  0.375 	  -52.43 	 
1.764399990	  0.377 	  -50.03 	 
1.766599990	  0.379 	  -47.77 	 
1.768799990	  0.381 	  -45.67 	 
1.770999990	  0.382 	  -43.83 	 
1.773199990	  0.384 	  -42.20 	 
1.775399990	  0.385 	  -40.83 	 
1.777599990	  0.386 	  -39.66 	 
1.779799990	  0.388 	  -38.71 	 
1.781999990	  0.388 	  -38.12 	 
1.784199990	  0.389 	  -37.79 	 
1.786399990	  0.389 	  -37.66 	 
1.788599990	  0.389 	  -37.97 	 
1.790799990	  0.389 	  -38.45 	 
1.792999990	  0.389 	  -39.22 	 
1.795199990	  0.389 	  -40.28 	 
1.797399990	  0.388 	  -41.61 	 
1.799599990	  0.388 	  -43.18 	 
1.801799990	  0.386 	  -45.04 	 
1.803999990	  0.385 	  -47.05 	 
1.806199990	  0.383 	  -49.24 	 
1.808399990	  0.381 	  -51.64 	 
1.810599990	  0.380 	  -54.10 	 
1.812799990	  0.377 	  -56.74 	 
1.814999990	  0.375 	  -59.30 	 
1.817199990	  0.374 	  -61.95 	 
1.819399990	  0.372 	  -64.57 	 
1.821599990	  0.369 	  -67.18 	 
1.823799990	  0.367 	  -69.72 	 
1.825999990	  0.365 	  -72.12 	 
1.828199990	  0.362 	  -74.43 	 
1.830399990	  0.361 	  -76.56 	 
1.832599990	  0.360 	  -78.52 	 
1.834799990	  0.358 	  -80.25 	 
1.836999990	  0.357 	  -81.80 	 
1.839199990	  0.356 	  -83.07 	 
1.841399990	  0.355 	  -84.06 	 
1.843599990	  0.354 	  -84.81 	 
1.845799990	  0.354 	  -85.22 	 
1.847999990	  0.354 	  -85.41 	 
1.850199990	  0.353 	  -85.35 	 
1.852399990	  0.354 	  -84.99 	 
1.854599990	  0.354 	  -84.34 	 
1.856799990	  0.354 	  -83.44 	 
1.858999990	  0.355 	  -82.21 	 
1.861199990	  0.356 	  -80.72 	 
1.863399990	  0.357 	  -78.98 	 
1.865599990	  0.358 	  -77.02 	 
1.867799990	  0.359 	  -74.92 	 
1.869999990	  0.360 	  -72.59 	 
1.872199990	  0.362 	  -70.14 	 
1.874399990	  0.364 	  -67.56 	 
1.876599990	  0.366 	  -64.97 	 
1.878799990	  0.368 	  -62.28 	 
1.880999990	  0.370 	  -59.63 	 
1.883199990	  0.371 	  -57.06 	 
1.885399990	  0.374 	  -54.45 	 
1.887599990	  0.375 	  -52.00 	 
1.889799990	  0.377 	  -49.63 	 
1.891999990	  0.379 	  -47.39 	 
1.894199990	  0.381 	  -45.40 	 
1.896399990	  0.383 	  -43.61 	 
1.898599990	  0.384 	  -41.94 	 
1.900799990	  0.386 	  -40.55 	 
1.902999990	  0.387 	  -39.39 	 
1.905199990	  0.387 	  -38.58 	 
1.907399990	  0.388 	  -38.02 	 
1.909599990	  0.390 	  -37.79 	 
1.911799990	  0.389 	  -37.77 	 
1.913999990	  0.389 	  -37.98 	 
1.916199990	  0.389 	  -38.49 	 
1.918399990	  0.389 	  -39.35 	 
1.920599990	  0.389 	  -40.54 	 
1.922799990	  0.388 	  -41.90 	 
1.924999990	  0.387 	  -43.52 	 
1.927199990	  0.385 	  -45.33 	 
1.929399990	  0.384 	  -47.42 	 
1.931599990	  0.382 	  -49.67 	 
1.933799990	  0.381 	  -52.04 	 
1.935999990	  0.379 	  -54.58 	 
1.938199989	  0.378 	  -57.14 	 
1.940399989	  0.376 	  -59.77 	 
1.942599989	  0.373 	  -62.45 	 
1.944799989	  0.370 	  -65.08 	 
1.946999989	  0.369 	  -67.65 	 
1.949199989	  0.367 	  -70.16 	 
1.951399989	  0.365 	  -72.57 	 
1.953599989	  0.364 	  -74.85 	 
1.955799989	  0.361 	  -76.95 	 
1.957999989	  0.360 	  -78.82 	 
1.960199989	  0.359 	  -80.55 	 
1.962399989	  0.357 	  -82.01 	 
1.964599989	  0.355 	  -83.29 	 
1.966799989	  0.355 	  -84.19 	 
1.968999989	  0.354 	  -84.92 	 
1.971199989	  0.354 	  -85.30 	 
1.973399989	  0.354 	  -85.46 	 
1.975599989	  0.354 	  -85.39 	 
1.977799989	  0.354 	  -85.00 	 
1.979999989	  0.354 	  -84.27 	 
1.982199989	  0.355 	  -83.27 	 
1.984399989	  0.355 	  -81.97 	 
1.986599989	  0.356 	  -80.38 	 
1.988799989	  0.357 	  -78.62 	 
1.990999989	  0.358 	  -76.65 	 
1.993199989	  0.360 	  -74.48 	 
1.995399989	  0.361 	  -72.20 	 
1.997599989	  0.362 	  -69.72 	 
1.999799989	  0.364 	  -67.17 	 
2.001999989	  0.366 	  -64.53 	 
2.004199989	  0.368 	  -61.86 	 
2.006399989	  0.370 	  -59.18 	 
2.008599989	  0.372 	  -56.60 	 
2.010799989	  0.374 	  -54.02 	 
2.012999989	  0.376 	  -51.58 	 
2.015199989	  0.378 	  -49.28 	 
2.017399989	  0.379 	  -47.11 	 
2.019599989	  0.381 	  -45.13 	 
2.021799989	  0.383 	  -43.26 	 
2.023999989	  0.384 	  -41.71 	 
2.026199989	  0.386 	  -40.37 	 
2.028399989	  0.387 	  -39.33 	 
2.030599989	  0.387 	  -38.54 	 
2.032799989	  0.388 	  -37.96 	 
2.034999989	  0.389 	  -37.76 	 
2.037199989	  0.389 	  -37.84 	 
2.039399989	  0.389 	  -38.15 	 
2.041599989	  0.389 	  -38.71 	 
2.043799989	  0.389 	  -39.59 	 
2.045999989	  0.389 	  -40.69 	 
2.048199989	  0.388 	  -42.13 	 
2.050399989	  0.387 	  -43.84 	 
2.052599989	  0.386 	  -45.73 	 
2.054799989	  0.384 	  -47.87 	 
2.056999989	  0.382 	  -50.18 	 
2.059199989	  0.380 	  -52.58 	 
2.061399989	  0.379 	  -55.11 	 
2.063599989	  0.377 	  -57.72 	 
2.065799989	  0.375 	  -60.28 	 
2.067999989	  0.373 	  -62.93 	 
2.070199989	  0.370 	  -65.53 	 
2.072399989	  0.369 	  -68.10 	 
2.074599989	  0.367 	  -70.56 	 
2.076799989	  0.365 	  -72.99 	 
2.078999989	  0.363 	  -75.25 	 
2.081199989	  0.361 	  -77.33 	 
2.083399989	  0.359 	  -79.25 	 
2.085599989	  0.359 	  -80.86 	 
2.087799989	  0.357 	  -82.32 	 
2.089999989	  0.356 	  -83.50 	 
2.092199989	  0.355 	  -84.43 	 
2.094399989	  0.354 	  -85.03 	 
2.096599989	  0.354 	  -85.46 	 
2.098799989	  0.354 	  -85.47 	 
2.100999989	  0.354 	  -85.30 	 
2.103199989	  0.354 	  -84.85 	 
2.105399989	  0.354 	  -84.06 	 
2.107599989	  0.355 	  -83.05 	 
2.109799989	  0.355 	  -81.74 	 
2.111999989	  0.356 	  -80.18 	 
2.114199989	  0.357 	  -78.32 	 
2.116399989	  0.358 	  -76.31 	 
2.118599989	  0.360 	  -74.08 	 
2.120799989	  0.361 	  -71.72 	 
2.122999988	  0.363 	  -69.24 	 
2.125199988	  0.364 	  -66.63 	 
2.127399988	  0.367 	  -63.97 	 
2.129599988	  0.369 	  -61.38 	 
2.131799988	  0.370 	  -58.75 	 
2.133999988	  0.372 	  -56.12 	 
2.136199988	  0.374 	  -53.60 	 
2.138399988	  0.376 	  -51.13 	 
2.140599988	  0.377 	  -48.86 	 
2.142799988	  0.379 	  -46.73 	 
2.144999988	  0.382 	  -44.68 	 
2.147199988	  0.383 	  -42.95 	 
2.149399988	  0.385 	  -41.45 	 
2.151599988	  0.386 	  -40.20 	 
2.153799988	  0.387 	  -39.09 	 
2.155999988	  0.388 	  -38.35 	 
2.158199988	  0.388 	  -37.90 	 
2.160399988	  0.389 	  -37.72 	 
2.162599988	  0.389 	  -37.84 	 
2.164799988	  0.389 	  -38.19 	 
2.166999988	  0.389 	  -38.80 	 
2.169199988	  0.388 	  -39.75 	 
2.171399988	  0.388 	  -40.97 	 
2.173599988	  0.387 	  -42.44 	 
2.175799988	  0.387 	  -44.17 	 
2.177999988	  0.384 	  -46.09 	 
2.180199988	  0.383 	  -48.23 	 
2.182399988	  0.382 	  -50.55 	 
2.184599988	  0.380 	  -53.00 	 
2.186799988	  0.378 	  -55.49 	 
2.188999988	  0.377 	  -58.11 	 
2.191199988	  0.374 	  -60.74 	 
2.193399988	  0.372 	  -63.37 	 
2.195599988	  0.370 	  -66.03 	 
2.197799988	  0.368 	  -68.56 	 
2.199999988	  0.366 	  -71.06 	 
2.202199988	  0.364 	  -73.43 	 
2.204399988	  0.362 	  -75.64 	 
2.206599988	  0.361 	  -77.68 	 
2.208799988	  0.359 	  -79.54 	 
2.210999988	  0.358 	  -81.15 	 
2.213199988	  0.357 	  -82.53 	 
2.215399988	  0.356 	  -83.72 	 
2.217599988	  0.355 	  -84.58 	 
2.219799988	  0.354 	  -85.11 	 
2.221999988	  0.354 	  -85.44 	 
2.224199988	  0.353 	  -85.46 	 
2.226399988	  0.354 	  -85.23 	 
2.228599988	  0.354 	  -84.74 	 
2.230799988	  0.354 	  -83.91 	 
2.232999988	  0.354 	  -82.84 	 
2.235199988	  0.355 	  -81.47 	 
2.237399988	  0.356 	  -79.85 	 
2.239599988	  0.357 	  -77.96 	 
2.241799988	  0.359 	  -75.89 	 
2.243999988	  0.360 	  -73.65 	 
2.246199988	  0.361 	  -71.26 	 
2.248399988	  0.364 	  -68.75 	 
2.250599988	  0.365 	  -66.14 	 
