0.000000000	  0.128 	  -66.93 	 
0.002200000	  0.130 	  -64.27 	 
0.004400000	  0.132 	  -61.60 	 
0.006600000	  0.134 	  -58.93 	 
0.008800000	  0.136 	  -56.31 	 
0.011000000	  0.137 	  -53.79 	 
0.013200000	  0.140 	  -51.34 	 
0.015400000	  0.143 	  -49.00 	 
0.017600000	  0.144 	  -46.84 	 
0.019800000	  0.146 	  -44.85 	 
0.022000000	  0.148 	  -43.06 	 
0.024200000	  0.150 	  -41.50 	 
0.026400000	  0.151 	  -40.21 	 
0.028600000	  0.153 	  -39.11 	 
0.030800000	  0.154 	  -38.41 	 
0.033000000	  0.155 	  -37.93 	 
0.035200000	  0.155 	  -37.70 	 
0.037400000	  0.156 	  -37.81 	 
0.039600000	  0.155 	  -38.12 	 
0.041800000	  0.155 	  -38.71 	 
0.044000000	  0.155 	  -39.64 	 
0.046200000	  0.155 	  -40.87 	 
0.048400000	  0.154 	  -42.26 	 
0.050600000	  0.152 	  -44.02 	 
0.052800000	  0.151 	  -45.90 	 
0.055000000	  0.150 	  -48.11 	 
0.057200000	  0.148 	  -50.39 	 
0.059400000	  0.147 	  -52.80 	 
0.061600000	  0.145 	  -55.28 	 
0.063800000	  0.143 	  -57.93 	 
0.066000000	  0.141 	  -60.59 	 
0.068200000	  0.139 	  -63.17 	 
0.070400000	  0.137 	  -65.82 	 
0.072600000	  0.135 	  -68.41 	 
0.074800000	  0.133 	  -70.89 	 
0.077000000	  0.132 	  -73.25 	 
0.079200000	  0.129 	  -75.46 	 
0.081400000	  0.127 	  -77.52 	 
0.083600000	  0.126 	  -79.39 	 
0.085800000	  0.124 	  -81.03 	 
0.088000000	  0.123 	  -82.43 	 
0.090200000	  0.122 	  -83.62 	 
0.092399999	  0.121 	  -84.46 	 
0.094599999	  0.120 	  -85.04 	 
0.096799999	  0.120 	  -85.44 	 
0.098999999	  0.120 	  -85.47 	 
0.101199999	  0.119 	  -85.26 	 
0.103399999	  0.120 	  -84.81 	 
0.105599999	  0.120 	  -84.08 	 
0.107799999	  0.120 	  -82.94 	 
0.109999999	  0.120 	  -81.60 	 
0.112199999	  0.121 	  -80.04 	 
0.114399999	  0.122 	  -78.21 	 
0.116599999	  0.123 	  -76.18 	 
0.118799999	  0.124 	  -73.92 	 
0.120999999	  0.125 	  -71.53 	 
0.123199999	  0.127 	  -69.06 	 
0.125399999	  0.129 	  -66.44 	 
0.127599999	  0.131 	  -63.78 	 
0.129799999	  0.133 	  -61.10 	 
0.131999999	  0.134 	  -58.48 	 
0.134199999	  0.137 	  -55.85 	 
0.136399999	  0.139 	  -53.30 	 
0.138599999	  0.141 	  -50.91 	 
0.140799999	  0.143 	  -48.60 	 
0.142999999	  0.144 	  -46.45 	 
0.145199999	  0.147 	  -44.53 	 
0.147399999	  0.148 	  -42.74 	 
0.149599999	  0.150 	  -41.25 	 
0.151799999	  0.151 	  -39.99 	 
0.153999999	  0.154 	  -38.98 	 
0.156199999	  0.154 	  -38.27 	 
0.158399999	  0.154 	  -37.88 	 
0.160599999	  0.155 	  -37.69 	 
0.162799999	  0.155 	  -37.84 	 
0.164999999	  0.156 	  -38.22 	 
0.167199999	  0.156 	  -38.84 	 
0.169399999	  0.155 	  -39.83 	 
0.171599999	  0.154 	  -41.07 	 
0.173799999	  0.154 	  -42.61 	 
0.175999999	  0.153 	  -44.36 	 
0.178199999	  0.151 	  -46.32 	 
0.180399999	  0.150 	  -48.41 	 
0.182599999	  0.149 	  -50.76 	 
0.184799999	  0.146 	  -53.27 	 
0.186999999	  0.145 	  -55.74 	 
0.189199999	  0.143 	  -58.35 	 
0.191399999	  0.141 	  -61.05 	 
0.193599999	  0.138 	  -63.69 	 
0.195799999	  0.137 	  -66.25 	 
0.197999999	  0.135 	  -68.82 	 
0.200199999	  0.132 	  -71.29 	 
0.202399999	  0.131 	  -73.64 	 
0.204599999	  0.129 	  -75.81 	 
0.206799999	  0.127 	  -77.87 	 
0.208999999	  0.126 	  -79.69 	 
0.211199999	  0.124 	  -81.25 	 
0.213399999	  0.123 	  -82.67 	 
0.215599999	  0.122 	  -83.77 	 
0.217799999	  0.121 	  -84.59 	 
0.219999999	  0.120 	  -85.19 	 
0.222199999	  0.120 	  -85.46 	 
0.224399999	  0.120 	  -85.47 	 
0.226599999	  0.119 	  -85.16 	 
0.228799999	  0.119 	  -84.69 	 
0.230999999	  0.120 	  -83.86 	 
0.233199999	  0.120 	  -82.73 	 
0.235399999	  0.121 	  -81.30 	 
0.237599999	  0.122 	  -79.78 	 
0.239799999	  0.122 	  -77.84 	 
0.241999999	  0.123 	  -75.77 	 
0.244199999	  0.124 	  -73.44 	 
0.246399999	  0.126 	  -71.09 	 
0.248599999	  0.128 	  -68.52 	 
0.250799999	  0.129 	  -65.95 	 
0.252999999	  0.131 	  -63.28 	 
0.255199999	  0.133 	  -60.60 	 
0.257399999	  0.136 	  -58.01 	 
0.259599999	  0.136 	  -55.41 	 
0.261799999	  0.138 	  -52.89 	 
0.263999999	  0.140 	  -50.48 	 
0.266199999	  0.143 	  -48.17 	 
0.268399999	  0.145 	  -46.06 	 
0.270599999	  0.147 	  -44.16 	 
0.272799999	  0.149 	  -42.47 	 
0.274999999	  0.150 	  -40.97 	 
0.277199998	  0.152 	  -39.77 	 
0.279399998	  0.153 	  -38.87 	 
0.281599998	  0.154 	  -38.19 	 
0.283799998	  0.155 	  -37.84 	 
0.285999998	  0.155 	  -37.71 	 
0.288199998	  0.156 	  -37.86 	 
0.290399998	  0.155 	  -38.30 	 
0.292599998	  0.155 	  -39.04 	 
0.294799998	  0.155 	  -40.05 	 
0.296999998	  0.154 	  -41.34 	 
0.299199998	  0.153 	  -42.97 	 
0.301399998	  0.152 	  -44.69 	 
0.303599998	  0.151 	  -46.71 	 
0.305799998	  0.150 	  -48.83 	 
0.307999998	  0.148 	  -51.21 	 
0.310199998	  0.146 	  -53.68 	 
0.312399998	  0.145 	  -56.25 	 
0.314599998	  0.142 	  -58.84 	 
0.316799998	  0.140 	  -61.54 	 
0.318999998	  0.138 	  -64.16 	 
0.321199998	  0.136 	  -66.74 	 
0.323399998	  0.134 	  -69.29 	 
0.325599998	  0.132 	  -71.76 	 
0.327799998	  0.130 	  -74.03 	 
0.329999998	  0.129 	  -76.21 	 
0.332199998	  0.127 	  -78.21 	 
0.334399998	  0.125 	  -79.99 	 
0.336599998	  0.123 	  -81.53 	 
0.338799998	  0.122 	  -82.91 	 
0.340999998	  0.122 	  -83.94 	 
0.343199998	  0.121 	  -84.71 	 
0.345399998	  0.120 	  -85.24 	 
0.347599998	  0.119 	  -85.46 	 
0.349799998	  0.119 	  -85.40 	 
0.351999998	  0.120 	  -85.09 	 
0.354199998	  0.119 	  -84.55 	 
0.356399998	  0.119 	  -83.67 	 
0.358599998	  0.120 	  -82.51 	 
0.360799998	  0.121 	  -81.04 	 
0.362999998	  0.121 	  -79.45 	 
0.365199998	  0.122 	  -77.51 	 
0.367399998	  0.124 	  -75.31 	 
0.369599998	  0.124 	  -73.05 	 
0.371799998	  0.126 	  -70.57 	 
0.373999998	  0.127 	  -68.08 	 
0.376199998	  0.130 	  -65.51 	 
0.378399998	  0.131 	  -62.87 	 
0.380599998	  0.133 	  -60.17 	 
0.382799998	  0.135 	  -57.54 	 
0.384999998	  0.137 	  -54.95 	 
0.387199998	  0.139 	  -52.43 	 
0.389399998	  0.141 	  -50.09 	 
0.391599998	  0.143 	  -47.83 	 
0.393799998	  0.145 	  -45.78 	 
0.395999998	  0.147 	  -43.94 	 
0.398199998	  0.149 	  -42.26 	 
0.400399998	  0.150 	  -40.79 	 
0.402599998	  0.152 	  -39.68 	 
0.404799998	  0.153 	  -38.78 	 
0.406999998	  0.154 	  -38.12 	 
0.409199998	  0.155 	  -37.79 	 
0.411399998	  0.155 	  -37.75 	 
0.413599998	  0.155 	  -37.99 	 
0.415799998	  0.155 	  -38.49 	 
0.417999998	  0.155 	  -39.24 	 
0.420199998	  0.154 	  -40.32 	 
0.422399998	  0.154 	  -41.61 	 
0.424599998	  0.153 	  -43.29 	 
0.426799998	  0.152 	  -45.07 	 
0.428999998	  0.151 	  -47.12 	 
0.431199998	  0.149 	  -49.27 	 
0.433399998	  0.148 	  -51.73 	 
0.435599998	  0.146 	  -54.17 	 
0.437799998	  0.144 	  -56.73 	 
0.439999998	  0.142 	  -59.31 	 
0.442199998	  0.140 	  -62.01 	 
0.444399998	  0.138 	  -64.66 	 
0.446599998	  0.136 	  -67.22 	 
0.448799998	  0.134 	  -69.75 	 
0.450999998	  0.132 	  -72.20 	 
0.453199998	  0.130 	  -74.45 	 
0.455399998	  0.128 	  -76.58 	 
0.457599998	  0.126 	  -78.60 	 
0.459799998	  0.125 	  -80.31 	 
0.461999997	  0.123 	  -81.78 	 
0.464199997	  0.122 	  -83.11 	 
0.466399997	  0.121 	  -84.10 	 
0.468599997	  0.121 	  -84.80 	 
0.470799997	  0.120 	  -85.30 	 
0.472999997	  0.119 	  -85.48 	 
0.475199997	  0.119 	  -85.40 	 
0.477399997	  0.119 	  -85.04 	 
0.479599997	  0.120 	  -84.44 	 
0.481799997	  0.120 	  -83.46 	 
0.483999997	  0.121 	  -82.32 	 
0.486199997	  0.121 	  -80.77 	 
0.488399997	  0.122 	  -79.08 	 
0.490599997	  0.122 	  -77.09 	 
0.492799997	  0.124 	  -74.95 	 
0.494999997	  0.125 	  -72.59 	 
0.497199997	  0.127 	  -70.20 	 
0.499399997	  0.129 	  -67.64 	 
0.501599997	  0.130 	  -64.99 	 
0.503799997	  0.132 	  -62.32 	 
0.505999997	  0.134 	  -59.62 	 
0.508199997	  0.136 	  -57.03 	 
0.510399997	  0.138 	  -54.51 	 
0.512599997	  0.139 	  -52.04 	 
0.514799997	  0.141 	  -49.67 	 
0.516999997	  0.144 	  -47.45 	 
0.519199997	  0.145 	  -45.37 	 
0.521399997	  0.148 	  -43.54 	 
0.523599997	  0.149 	  -41.94 	 
0.525799997	  0.151 	  -40.54 	 
0.527999997	  0.152 	  -39.46 	 
0.530199997	  0.153 	  -38.63 	 
0.532399997	  0.154 	  -38.10 	 
0.534599997	  0.155 	  -37.81 	 
0.536799997	  0.155 	  -37.81 	 
0.538999997	  0.155 	  -38.04 	 
0.541199997	  0.155 	  -38.58 	 
0.543399997	  0.155 	  -39.41 	 
0.545599997	  0.154 	  -40.49 	 
0.547799997	  0.154 	  -41.90 	 
0.549999997	  0.152 	  -43.61 	 
0.552199997	  0.151 	  -45.44 	 
0.554399997	  0.150 	  -47.50 	 
0.556599997	  0.149 	  -49.71 	 
0.558799997	  0.147 	  -52.17 	 
0.560999997	  0.145 	  -54.66 	 
0.563199997	  0.144 	  -57.25 	 
0.565399997	  0.142 	  -59.78 	 
0.567599997	  0.140 	  -62.49 	 
0.569799997	  0.137 	  -65.12 	 
0.571999997	  0.135 	  -67.70 	 
0.574199997	  0.134 	  -70.19 	 
0.576399997	  0.131 	  -72.64 	 
0.578599997	  0.129 	  -74.85 	 
0.580799997	  0.128 	  -76.93 	 
0.582999997	  0.126 	  -78.90 	 
0.585199997	  0.124 	  -80.55 	 
0.587399997	  0.123 	  -82.01 	 
0.589599997	  0.122 	  -83.24 	 
0.591799997	  0.121 	  -84.27 	 
0.593999997	  0.121 	  -84.95 	 
0.596199997	  0.120 	  -85.36 	 
0.598399997	  0.120 	  -85.51 	 
0.600599997	  0.119 	  -85.34 	 
0.602799997	  0.119 	  -84.91 	 
0.604999997	  0.120 	  -84.25 	 
0.607199997	  0.120 	  -83.33 	 
0.609399997	  0.120 	  -82.02 	 
0.611599997	  0.121 	  -80.50 	 
0.613799997	  0.122 	  -78.68 	 
0.615999997	  0.122 	  -76.77 	 
0.618199997	  0.123 	  -74.51 	 
0.620399997	  0.125 	  -72.21 	 
0.622599997	  0.127 	  -69.69 	 
0.624799997	  0.129 	  -67.22 	 
0.626999997	  0.130 	  -64.50 	 
0.629199997	  0.133 	  -61.88 	 
0.631399997	  0.133 	  -59.23 	 
0.633599997	  0.136 	  -56.55 	 
0.635799997	  0.137 	  -54.00 	 
0.637999997	  0.140 	  -51.55 	 
0.640199997	  0.142 	  -49.23 	 
0.642399997	  0.144 	  -47.06 	 
0.644599997	  0.146 	  -45.06 	 
0.646799996	  0.148 	  -43.22 	 
0.648999996	  0.150 	  -41.66 	 
0.651199996	  0.151 	  -40.32 	 
0.653399996	  0.153 	  -39.25 	 
0.655599996	  0.154 	  -38.45 	 
0.657799996	  0.155 	  -37.94 	 
0.659999996	  0.155 	  -37.70 	 
0.662199996	  0.156 	  -37.76 	 
0.664399996	  0.156 	  -38.10 	 
0.666599996	  0.156 	  -38.66 	 
0.668799996	  0.154 	  -39.56 	 
0.670999996	  0.154 	  -40.73 	 
0.673199996	  0.154 	  -42.14 	 
0.675399996	  0.153 	  -43.82 	 
0.677599996	  0.151 	  -45.79 	 
0.679799996	  0.150 	  -47.89 	 
0.681999996	  0.149 	  -50.15 	 
0.684199996	  0.147 	  -52.54 	 
0.686399996	  0.145 	  -55.04 	 
0.688599996	  0.143 	  -57.72 	 
0.690799996	  0.142 	  -60.29 	 
0.692999996	  0.139 	  -62.90 	 
0.695199996	  0.137 	  -65.59 	 
0.697399996	  0.135 	  -68.16 	 
0.699599996	  0.133 	  -70.66 	 
0.701799996	  0.131 	  -73.03 	 
0.703999996	  0.129 	  -75.31 	 
0.706199996	  0.127 	  -77.30 	 
0.708399996	  0.126 	  -79.19 	 
0.710599996	  0.125 	  -80.87 	 
0.712799996	  0.123 	  -82.31 	 
0.714999996	  0.122 	  -83.49 	 
0.717199996	  0.121 	  -84.41 	 
0.719399996	  0.120 	  -85.04 	 
0.721599996	  0.120 	  -85.43 	 
0.723799996	  0.120 	  -85.48 	 
0.725999996	  0.118 	  -85.27 	 
0.728199996	  0.119 	  -84.84 	 
0.730399996	  0.119 	  -84.09 	 
0.732599996	  0.120 	  -83.05 	 
0.734799996	  0.120 	  -81.81 	 
0.736999996	  0.121 	  -80.19 	 
0.739199996	  0.122 	  -78.36 	 
0.741399996	  0.123 	  -76.33 	 
0.743599996	  0.124 	  -74.18 	 
0.745799996	  0.125 	  -71.72 	 
0.747999996	  0.127 	  -69.25 	 
0.750199996	  0.129 	  -66.61 	 
0.752399996	  0.131 	  -64.03 	 
0.754599996	  0.132 	  -61.41 	 
0.756799996	  0.135 	  -58.72 	 
0.758999996	  0.136 	  -56.09 	 
0.761199996	  0.138 	  -53.53 	 
0.763399996	  0.140 	  -51.13 	 
0.765599996	  0.143 	  -48.77 	 
0.767799996	  0.144 	  -46.65 	 
0.769999996	  0.147 	  -44.70 	 
0.772199996	  0.148 	  -42.94 	 
0.774399996	  0.150 	  -41.41 	 
0.776599996	  0.152 	  -40.13 	 
0.778799996	  0.153 	  -39.11 	 
0.780999996	  0.153 	  -38.35 	 
0.783199996	  0.155 	  -37.91 	 
0.785399996	  0.155 	  -37.70 	 
0.787599996	  0.155 	  -37.85 	 
0.789799996	  0.156 	  -38.21 	 
0.791999996	  0.155 	  -38.82 	 
0.794199996	  0.154 	  -39.77 	 
0.796399996	  0.154 	  -40.99 	 
0.798599996	  0.154 	  -42.46 	 
0.800799996	  0.152 	  -44.21 	 
0.802999996	  0.151 	  -46.21 	 
0.805199996	  0.150 	  -48.27 	 
0.807399996	  0.149 	  -50.57 	 
0.809599996	  0.147 	  -53.04 	 
0.811799996	  0.144 	  -55.59 	 
0.813999996	  0.143 	  -58.17 	 
0.816199996	  0.141 	  -60.78 	 
0.818399996	  0.139 	  -63.45 	 
0.820599996	  0.137 	  -66.07 	 
0.822799996	  0.134 	  -68.63 	 
0.824999996	  0.133 	  -71.06 	 
0.827199996	  0.131 	  -73.47 	 
0.829399996	  0.129 	  -75.65 	 
0.831599995	  0.127 	  -77.69 	 
0.833799995	  0.126 	  -79.54 	 
0.835999995	  0.124 	  -81.17 	 
0.838199995	  0.123 	  -82.51 	 
0.840399995	  0.121 	  -83.65 	 
0.842599995	  0.120 	  -84.56 	 
0.844799995	  0.120 	  -85.13 	 
0.846999995	  0.120 	  -85.48 	 
0.849199995	  0.119 	  -85.50 	 
0.851399995	  0.119 	  -85.22 	 
0.853599995	  0.119 	  -84.73 	 
0.855799995	  0.119 	  -84.01 	 
0.857999995	  0.120 	  -82.87 	 
0.860199995	  0.121 	  -81.52 	 
0.862399995	  0.122 	  -79.88 	 
0.864599995	  0.122 	  -78.06 	 
0.866799995	  0.123 	  -75.97 	 
0.868999995	  0.124 	  -73.75 	 
0.871199995	  0.126 	  -71.32 	 
0.873399995	  0.127 	  -68.79 	 
0.875599995	  0.129 	  -66.25 	 
0.877799995	  0.131 	  -63.59 	 
0.879999995	  0.133 	  -60.91 	 
0.882199995	  0.135 	  -58.26 	 
0.884399995	  0.136 	  -55.63 	 
0.886599995	  0.138 	  -53.13 	 
0.888799995	  0.140 	  -50.72 	 
0.890999995	  0.143 	  -48.42 	 
0.893199995	  0.144 	  -46.31 	 
0.895399995	  0.147 	  -44.37 	 
0.897599995	  0.149 	  -42.68 	 
0.899799995	  0.151 	  -41.19 	 
0.901999995	  0.151 	  -39.98 	 
0.904199995	  0.153 	  -38.99 	 
0.906399995	  0.154 	  -38.27 	 
0.908599995	  0.155 	  -37.88 	 
0.910799995	  0.155 	  -37.75 	 
0.912999995	  0.155 	  -37.88 	 
0.915199995	  0.155 	  -38.28 	 
0.917399995	  0.155 	  -38.99 	 
0.919599995	  0.155 	  -40.01 	 
0.921799995	  0.154 	  -41.27 	 
0.923999995	  0.153 	  -42.75 	 
0.926199995	  0.152 	  -44.51 	 
0.928399995	  0.151 	  -46.51 	 
0.930599995	  0.149 	  -48.74 	 
0.932799995	  0.148 	  -51.02 	 
0.934999995	  0.146 	  -53.46 	 
0.937199995	  0.144 	  -56.01 	 
0.939399995	  0.143 	  -58.70 	 
0.941599995	  0.140 	  -61.32 	 
0.943799995	  0.138 	  -63.96 	 
0.945999995	  0.136 	  -66.49 	 
0.948199995	  0.134 	  -69.13 	 
0.950399995	  0.133 	  -71.55 	 
0.952599995	  0.130 	  -73.84 	 
0.954799995	  0.128 	  -76.08 	 
0.956999995	  0.126 	  -78.09 	 
0.959199995	  0.125 	  -79.87 	 
0.961399995	  0.124 	  -81.45 	 
0.963599995	  0.122 	  -82.78 	 
0.965799995	  0.122 	  -83.84 	 
0.967999995	  0.121 	  -84.67 	 
0.970199995	  0.120 	  -85.24 	 
0.972399995	  0.120 	  -85.46 	 
0.974599995	  0.119 	  -85.48 	 
0.976799995	  0.119 	  -85.16 	 
0.978999995	  0.119 	  -84.65 	 
0.981199995	  0.120 	  -83.79 	 
0.983399995	  0.120 	  -82.63 	 
0.985599995	  0.120 	  -81.22 	 
0.987799995	  0.121 	  -79.64 	 
0.989999995	  0.122 	  -77.68 	 
0.992199995	  0.123 	  -75.57 	 
0.994399995	  0.124 	  -73.27 	 
0.996599995	  0.126 	  -70.93 	 
0.998799995	  0.127 	  -68.33 	 
1.000999995	  0.129 	  -65.77 	 
1.003199995	  0.131 	  -63.08 	 
1.005399995	  0.132 	  -60.38 	 
1.007599995	  0.134 	  -57.79 	 
1.009799995	  0.137 	  -55.22 	 
1.011999995	  0.139 	  -52.69 	 
1.014199995	  0.141 	  -50.30 	 
1.016399994	  0.144 	  -48.03 	 
1.018599994	  0.145 	  -45.94 	 
1.020799994	  0.148 	  -44.05 	 
1.022999994	  0.149 	  -42.40 	 
1.025199994	  0.151 	  -40.91 	 
1.027399994	  0.152 	  -39.74 	 
1.029599994	  0.153 	  -38.84 	 
1.031799994	  0.154 	  -38.22 	 
1.033999994	  0.155 	  -37.87 	 
1.036199994	  0.155 	  -37.79 	 
1.038399994	  0.155 	  -37.97 	 
1.040599994	  0.155 	  -38.41 	 
1.042799994	  0.155 	  -39.16 	 
1.044999994	  0.155 	  -40.17 	 
1.047199994	  0.154 	  -41.47 	 
1.049399994	  0.153 	  -43.10 	 
1.051599994	  0.152 	  -44.91 	 
1.053799994	  0.150 	  -46.92 	 
1.055999994	  0.149 	  -49.08 	 
1.058199994	  0.148 	  -51.44 	 
1.060399994	  0.146 	  -53.97 	 
1.062599994	  0.144 	  -56.55 	 
1.064799994	  0.142 	  -59.07 	 
1.066999994	  0.140 	  -61.77 	 
1.069199994	  0.139 	  -64.40 	 
1.071399994	  0.136 	  -66.97 	 
1.073599994	  0.133 	  -69.53 	 
1.075799994	  0.132 	  -71.99 	 
1.077999994	  0.130 	  -74.26 	 
1.080199994	  0.128 	  -76.38 	 
1.082399994	  0.127 	  -78.44 	 
1.084599994	  0.124 	  -80.11 	 
1.086799994	  0.123 	  -81.69 	 
1.088999994	  0.122 	  -82.98 	 
1.091199994	  0.121 	  -84.01 	 
1.093399994	  0.121 	  -84.81 	 
1.095599994	  0.120 	  -85.30 	 
1.097799994	  0.119 	  -85.48 	 
1.099999994	  0.119 	  -85.44 	 
1.102199994	  0.119 	  -85.11 	 
1.104399994	  0.119 	  -84.48 	 
1.106599994	  0.120 	  -83.57 	 
1.108799994	  0.121 	  -82.39 	 
1.110999994	  0.121 	  -80.90 	 
1.113199994	  0.122 	  -79.26 	 
1.115399994	  0.123 	  -77.30 	 
1.117599994	  0.124 	  -75.13 	 
1.119799994	  0.125 	  -72.81 	 
1.121999994	  0.126 	  -70.45 	 
1.124199994	  0.128 	  -67.86 	 
1.126399994	  0.129 	  -65.25 	 
1.128599994	  0.131 	  -62.55 	 
1.130799994	  0.133 	  -59.88 	 
1.132999994	  0.135 	  -57.25 	 
1.135199994	  0.137 	  -54.70 	 
1.137399994	  0.139 	  -52.24 	 
1.139599994	  0.141 	  -49.87 	 
1.141799994	  0.144 	  -47.64 	 
1.143999994	  0.146 	  -45.53 	 
1.146199994	  0.147 	  -43.67 	 
1.148399994	  0.149 	  -42.04 	 
1.150599994	  0.150 	  -40.61 	 
1.152799994	  0.152 	  -39.51 	 
1.154999994	  0.153 	  -38.63 	 
1.157199994	  0.154 	  -38.07 	 
1.159399994	  0.155 	  -37.76 	 
1.161599994	  0.155 	  -37.78 	 
1.163799994	  0.155 	  -37.97 	 
1.165999994	  0.155 	  -38.49 	 
1.168199994	  0.155 	  -39.27 	 
1.170399994	  0.155 	  -40.36 	 
1.172599994	  0.154 	  -41.71 	 
1.174799994	  0.153 	  -43.40 	 
1.176999994	  0.152 	  -45.24 	 
1.179199994	  0.150 	  -47.28 	 
1.181399994	  0.149 	  -49.50 	 
1.183599994	  0.148 	  -51.84 	 
1.185799994	  0.146 	  -54.40 	 
1.187999994	  0.144 	  -56.95 	 
1.190199994	  0.142 	  -59.56 	 
1.192399994	  0.139 	  -62.21 	 
1.194599994	  0.138 	  -64.90 	 
1.196799994	  0.136 	  -67.46 	 
1.198999994	  0.134 	  -69.96 	 
1.201199993	  0.131 	  -72.39 	 
1.203399993	  0.129 	  -74.62 	 
1.205599993	  0.128 	  -76.76 	 
1.207799993	  0.126 	  -78.72 	 
1.209999993	  0.124 	  -80.45 	 
1.212199993	  0.123 	  -81.93 	 
1.214399993	  0.122 	  -83.18 	 
1.216599993	  0.122 	  -84.19 	 
1.218799993	  0.120 	  -84.87 	 
1.220999993	  0.120 	  -85.32 	 
1.223199993	  0.119 	  -85.44 	 
1.225399993	  0.120 	  -85.37 	 
1.227599993	  0.119 	  -85.02 	 
1.229799993	  0.119 	  -84.36 	 
1.231999993	  0.120 	  -83.36 	 
1.234199993	  0.121 	  -82.17 	 
1.236399993	  0.121 	  -80.63 	 
1.238599993	  0.121 	  -78.90 	 
1.240799993	  0.123 	  -76.91 	 
1.242999993	  0.124 	  -74.78 	 
1.245199993	  0.125 	  -72.37 	 
1.247399993	  0.127 	  -69.93 	 
1.249599993	  0.128 	  -67.38 	 
1.251799993	  0.130 	  -64.80 	 
1.253999993	  0.132 	  -62.14 	 
1.256199993	  0.134 	  -59.47 	 
1.258399993	  0.136 	  -56.79 	 
1.260599993	  0.138 	  -54.24 	 
1.262799993	  0.139 	  -51.73 	 
1.264999993	  0.141 	  -49.41 	 
1.267199993	  0.144 	  -47.22 	 
1.269399993	  0.146 	  -45.20 	 
1.271599993	  0.148 	  -43.38 	 
1.273799993	  0.149 	  -41.82 	 
1.275999993	  0.151 	  -40.45 	 
1.278199993	  0.152 	  -39.35 	 
1.280399993	  0.154 	  -38.54 	 
1.282599993	  0.154 	  -37.98 	 
1.284799993	  0.155 	  -37.70 	 
1.286999993	  0.155 	  -37.73 	 
1.289199993	  0.155 	  -38.04 	 
1.291399993	  0.155 	  -38.61 	 
1.293599993	  0.155 	  -39.49 	 
1.295799993	  0.154 	  -40.62 	 
1.297999993	  0.153 	  -42.02 	 
1.300199993	  0.153 	  -43.67 	 
1.302399993	  0.151 	  -45.60 	 
1.304599993	  0.150 	  -47.64 	 
1.306799993	  0.149 	  -49.91 	 
1.308999993	  0.147 	  -52.30 	 
1.311199993	  0.146 	  -54.87 	 
1.313399993	  0.144 	  -57.42 	 
1.315599993	  0.141 	  -60.06 	 
1.317799993	  0.139 	  -62.69 	 
1.319999993	  0.137 	  -65.39 	 
1.322199993	  0.135 	  -67.94 	 
1.324399993	  0.133 	  -70.39 	 
1.326599993	  0.131 	  -72.85 	 
1.328799993	  0.129 	  -75.07 	 
1.330999993	  0.127 	  -77.13 	 
1.333199993	  0.125 	  -79.07 	 
1.335399993	  0.125 	  -80.73 	 
1.337599993	  0.123 	  -82.17 	 
1.339799993	  0.122 	  -83.37 	 
1.341999993	  0.121 	  -84.36 	 
1.344199993	  0.121 	  -84.98 	 
1.346399993	  0.120 	  -85.36 	 
1.348599993	  0.120 	  -85.53 	 
1.350799993	  0.119 	  -85.33 	 
1.352999993	  0.119 	  -84.90 	 
1.355199993	  0.119 	  -84.22 	 
1.357399993	  0.120 	  -83.23 	 
1.359599993	  0.121 	  -81.89 	 
1.361799993	  0.121 	  -80.31 	 
1.363999993	  0.122 	  -78.52 	 
1.366199993	  0.122 	  -76.55 	 
1.368399993	  0.124 	  -74.33 	 
1.370599993	  0.125 	  -71.95 	 
1.372799993	  0.126 	  -69.47 	 
1.374999993	  0.128 	  -66.98 	 
1.377199993	  0.130 	  -64.29 	 
1.379399993	  0.132 	  -61.64 	 
1.381599993	  0.134 	  -58.98 	 
1.383799993	  0.136 	  -56.31 	 
1.385999992	  0.138 	  -53.77 	 
1.388199992	  0.140 	  -51.31 	 
1.390399992	  0.143 	  -48.99 	 
1.392599992	  0.144 	  -46.86 	 
1.394799992	  0.146 	  -44.89 	 
1.396999992	  0.148 	  -43.11 	 
1.399199992	  0.150 	  -41.54 	 
1.401399992	  0.151 	  -40.27 	 
1.403599992	  0.153 	  -39.18 	 
1.405799992	  0.154 	  -38.42 	 
1.407999992	  0.154 	  -37.92 	 
1.410199992	  0.155 	  -37.70 	 
1.412399992	  0.155 	  -37.81 	 
1.414599992	  0.155 	  -38.14 	 
1.416799992	  0.156 	  -38.79 	 
1.418999992	  0.155 	  -39.71 	 
1.421199992	  0.154 	  -40.93 	 
1.423399992	  0.153 	  -42.31 	 
1.425599992	  0.152 	  -44.04 	 
1.427799992	  0.151 	  -46.01 	 
1.429999992	  0.150 	  -48.08 	 
1.432199992	  0.149 	  -50.39 	 
1.434399992	  0.147 	  -52.77 	 
1.436599992	  0.144 	  -55.35 	 
1.438799992	  0.143 	  -57.95 	 
1.440999992	  0.141 	  -60.57 	 
1.443199992	  0.139 	  -63.15 	 
1.445399992	  0.137 	  -65.85 	 
1.447599992	  0.135 	  -68.41 	 
1.449799992	  0.133 	  -70.86 	 
1.451999992	  0.131 	  -73.24 	 
1.454199992	  0.129 	  -75.49 	 
1.456399992	  0.127 	  -77.52 	 
1.458599992	  0.126 	  -79.34 	 
1.460799992	  0.123 	  -81.04 	 
1.462999992	  0.122 	  -82.40 	 
1.465199992	  0.122 	  -83.58 	 
1.467399992	  0.121 	  -84.50 	 
1.469599992	  0.120 	  -85.11 	 
1.471799992	  0.119 	  -85.44 	 
1.473999992	  0.119 	  -85.48 	 
1.476199992	  0.119 	  -85.30 	 
1.478399992	  0.119 	  -84.81 	 
1.480599992	  0.119 	  -84.05 	 
1.482799992	  0.120 	  -82.96 	 
1.484999992	  0.121 	  -81.69 	 
1.487199992	  0.121 	  -80.01 	 
1.489399992	  0.122 	  -78.16 	 
1.491599992	  0.123 	  -76.14 	 
1.493799992	  0.124 	  -73.97 	 
1.495999992	  0.126 	  -71.56 	 
1.498199992	  0.127 	  -69.02 	 
1.500399992	  0.129 	  -66.46 	 
1.502599992	  0.131 	  -63.81 	 
1.504799992	  0.132 	  -61.15 	 
1.506999992	  0.134 	  -58.50 	 
1.509199992	  0.136 	  -55.88 	 
1.511399992	  0.138 	  -53.31 	 
1.513599992	  0.140 	  -50.91 	 
1.515799992	  0.143 	  -48.62 	 
1.517999992	  0.145 	  -46.45 	 
1.520199992	  0.146 	  -44.55 	 
1.522399992	  0.149 	  -42.80 	 
1.524599992	  0.149 	  -41.28 	 
1.526799992	  0.151 	  -40.02 	 
1.528999992	  0.153 	  -39.05 	 
1.531199992	  0.154 	  -38.30 	 
1.533399992	  0.154 	  -37.88 	 
1.535599992	  0.154 	  -37.73 	 
1.537799992	  0.155 	  -37.84 	 
1.539999992	  0.155 	  -38.25 	 
1.542199992	  0.156 	  -38.89 	 
1.544399992	  0.155 	  -39.84 	 
1.546599992	  0.154 	  -41.10 	 
1.548799992	  0.153 	  -42.61 	 
1.550999992	  0.152 	  -44.34 	 
1.553199992	  0.151 	  -46.38 	 
1.555399992	  0.150 	  -48.46 	 
1.557599992	  0.148 	  -50.77 	 
1.559799992	  0.146 	  -53.21 	 
1.561999992	  0.145 	  -55.78 	 
1.564199992	  0.143 	  -58.39 	 
1.566399992	  0.141 	  -60.98 	 
1.568599992	  0.139 	  -63.71 	 
1.570799991	  0.136 	  -66.31 	 
1.572999991	  0.134 	  -68.87 	 
1.575199991	  0.132 	  -71.30 	 
1.577399991	  0.130 	  -73.65 	 
1.579599991	  0.128 	  -75.84 	 
1.581799991	  0.127 	  -77.85 	 
1.583999991	  0.125 	  -79.70 	 
1.586199991	  0.123 	  -81.30 	 
1.588399991	  0.123 	  -82.65 	 
1.590599991	  0.122 	  -83.77 	 
1.592799991	  0.120 	  -84.60 	 
1.594999991	  0.120 	  -85.13 	 
1.597199991	  0.119 	  -85.46 	 
1.599399991	  0.119 	  -85.48 	 
1.601599991	  0.120 	  -85.21 	 
1.603799991	  0.119 	  -84.62 	 
1.605999991	  0.119 	  -83.88 	 
1.608199991	  0.120 	  -82.75 	 
1.610399991	  0.121 	  -81.36 	 
1.612599991	  0.121 	  -79.70 	 
1.614799991	  0.122 	  -77.89 	 
1.616999991	  0.123 	  -75.75 	 
1.619199991	  0.124 	  -73.50 	 
1.621399991	  0.126 	  -71.04 	 
1.623599991	  0.127 	  -68.58 	 
1.625799991	  0.128 	  -65.96 	 
1.627999991	  0.131 	  -63.32 	 
1.630199991	  0.133 	  -60.63 	 
1.632399991	  0.134 	  -57.98 	 
1.634599991	  0.137 	  -55.38 	 
1.636799991	  0.138 	  -52.88 	 
1.638999991	  0.140 	  -50.48 	 
1.641199991	  0.143 	  -48.20 	 
1.643399991	  0.144 	  -46.08 	 
1.645599991	  0.147 	  -44.23 	 
1.647799991	  0.149 	  -42.48 	 
1.649999991	  0.150 	  -41.05 	 
1.652199991	  0.151 	  -39.85 	 
1.654399991	  0.153 	  -38.87 	 
1.656599991	  0.154 	  -38.19 	 
1.658799991	  0.154 	  -37.79 	 
1.660999991	  0.155 	  -37.72 	 
1.663199991	  0.156 	  -37.88 	 
1.665399991	  0.155 	  -38.34 	 
1.667599991	  0.155 	  -39.07 	 
1.669799991	  0.154 	  -40.06 	 
1.671999991	  0.154 	  -41.38 	 
1.674199991	  0.152 	  -42.88 	 
1.676399991	  0.152 	  -44.73 	 
1.678599991	  0.150 	  -46.69 	 
1.680799991	  0.149 	  -48.87 	 
1.682999991	  0.148 	  -51.14 	 
1.685199991	  0.147 	  -53.72 	 
1.687399991	  0.144 	  -56.28 	 
1.689599991	  0.143 	  -58.87 	 
1.691799991	  0.140 	  -61.48 	 
1.693999991	  0.139 	  -64.16 	 
1.696199991	  0.136 	  -66.71 	 
1.698399991	  0.134 	  -69.27 	 
1.700599991	  0.132 	  -71.76 	 
1.702799991	  0.130 	  -74.04 	 
1.704999991	  0.128 	  -76.22 	 
1.707199991	  0.126 	  -78.14 	 
1.709399991	  0.125 	  -79.98 	 
1.711599991	  0.123 	  -81.54 	 
1.713799991	  0.122 	  -82.83 	 
1.715999991	  0.121 	  -83.90 	 
1.718199991	  0.120 	  -84.75 	 
1.720399991	  0.120 	  -85.26 	 
1.722599991	  0.120 	  -85.44 	 
1.724799991	  0.119 	  -85.41 	 
1.726999991	  0.119 	  -85.12 	 
1.729199991	  0.120 	  -84.53 	 
1.731399991	  0.119 	  -83.64 	 
1.733599991	  0.120 	  -82.54 	 
1.735799991	  0.121 	  -81.10 	 
1.737999991	  0.122 	  -79.40 	 
1.740199991	  0.122 	  -77.48 	 
1.742399991	  0.123 	  -75.36 	 
1.744599991	  0.125 	  -73.10 	 
1.746799991	  0.127 	  -70.58 	 
1.748999991	  0.128 	  -68.08 	 
1.751199991	  0.129 	  -65.45 	 
1.753399990	  0.131 	  -62.84 	 
1.755599990	  0.133 	  -60.15 	 
1.757799990	  0.135 	  -57.54 	 
1.759999990	  0.137 	  -54.97 	 
1.762199990	  0.138 	  -52.39 	 
1.764399990	  0.141 	  -50.04 	 
1.766599990	  0.144 	  -47.77 	 
1.768799990	  0.145 	  -45.70 	 
1.770999990	  0.147 	  -43.84 	 
1.773199990	  0.148 	  -42.19 	 
1.775399990	  0.150 	  -40.76 	 
1.777599990	  0.151 	  -39.61 	 
1.779799990	  0.153 	  -38.75 	 
1.781999990	  0.154 	  -38.13 	 
1.784199990	  0.155 	  -37.81 	 
1.786399990	  0.154 	  -37.74 	 
1.788599990	  0.155 	  -37.95 	 
1.790799990	  0.155 	  -38.45 	 
1.792999990	  0.154 	  -39.21 	 
1.795199990	  0.154 	  -40.25 	 
1.797399990	  0.153 	  -41.56 	 
1.799599990	  0.153 	  -43.25 	 
1.801799990	  0.151 	  -45.06 	 
1.803999990	  0.150 	  -47.11 	 
1.806199990	  0.149 	  -49.30 	 
1.808399990	  0.147 	  -51.67 	 
1.810599990	  0.146 	  -54.18 	 
1.812799990	  0.144 	  -56.74 	 
1.814999990	  0.142 	  -59.31 	 
1.817199990	  0.140 	  -61.96 	 
1.819399990	  0.138 	  -64.67 	 
1.821599990	  0.136 	  -67.20 	 
1.823799990	  0.134 	  -69.73 	 
1.825999990	  0.132 	  -72.18 	 
1.828199990	  0.130 	  -74.46 	 
1.830399990	  0.128 	  -76.56 	 
1.832599990	  0.126 	  -78.56 	 
1.834799990	  0.124 	  -80.29 	 
1.836999990	  0.123 	  -81.79 	 
1.839199990	  0.122 	  -83.08 	 
1.841399990	  0.122 	  -84.12 	 
1.843599990	  0.120 	  -84.83 	 
1.845799990	  0.120 	  -85.26 	 
1.847999990	  0.120 	  -85.48 	 
1.850199990	  0.119 	  -85.39 	 
1.852399990	  0.119 	  -85.05 	 
1.854599990	  0.119 	  -84.41 	 
1.856799990	  0.120 	  -83.51 	 
1.858999990	  0.120 	  -82.25 	 
1.861199990	  0.121 	  -80.76 	 
1.863399990	  0.121 	  -79.03 	 
1.865599990	  0.123 	  -77.15 	 
1.867799990	  0.123 	  -74.93 	 
1.869999990	  0.125 	  -72.64 	 
1.872199990	  0.127 	  -70.14 	 
1.874399990	  0.128 	  -67.66 	 
1.876599990	  0.130 	  -65.02 	 
1.878799990	  0.132 	  -62.36 	 
1.880999990	  0.133 	  -59.64 	 
1.883199990	  0.135 	  -57.02 	 
1.885399990	  0.137 	  -54.45 	 
1.887599990	  0.140 	  -52.02 	 
1.889799990	  0.142 	  -49.64 	 
1.891999990	  0.144 	  -47.46 	 
1.894199990	  0.145 	  -45.40 	 
1.896399990	  0.148 	  -43.55 	 
1.898599990	  0.149 	  -41.93 	 
1.900799990	  0.151 	  -40.54 	 
1.902999990	  0.152 	  -39.42 	 
1.905199990	  0.153 	  -38.59 	 
1.907399990	  0.154 	  -38.05 	 
1.909599990	  0.154 	  -37.74 	 
1.911799990	  0.155 	  -37.73 	 
1.913999990	  0.155 	  -38.03 	 
1.916199990	  0.155 	  -38.58 	 
1.918399990	  0.155 	  -39.41 	 
1.920599990	  0.154 	  -40.47 	 
1.922799990	  0.154 	  -41.87 	 
1.924999990	  0.153 	  -43.53 	 
1.927199990	  0.152 	  -45.46 	 
1.929399990	  0.151 	  -47.49 	 
1.931599990	  0.149 	  -49.74 	 
1.933799990	  0.148 	  -52.07 	 
1.935999990	  0.145 	  -54.64 	 
1.938199989	  0.143 	  -57.19 	 
1.940399989	  0.142 	  -59.79 	 
1.942599989	  0.140 	  -62.44 	 
1.944799989	  0.137 	  -65.12 	 
1.946999989	  0.135 	  -67.69 	 
1.949199989	  0.134 	  -70.18 	 
1.951399989	  0.131 	  -72.60 	 
1.953599989	  0.129 	  -74.86 	 
1.955799989	  0.127 	  -76.95 	 
1.957999989	  0.126 	  -78.88 	 
1.960199989	  0.124 	  -80.59 	 
1.962399989	  0.123 	  -82.02 	 
1.964599989	  0.122 	  -83.28 	 
1.966799989	  0.121 	  -84.25 	 
1.968999989	  0.121 	  -84.94 	 
1.971199989	  0.119 	  -85.36 	 
1.973399989	  0.119 	  -85.47 	 
1.975599989	  0.119 	  -85.36 	 
1.977799989	  0.119 	  -84.97 	 
1.979999989	  0.120 	  -84.25 	 
1.982199989	  0.120 	  -83.26 	 
1.984399989	  0.120 	  -82.02 	 
1.986599989	  0.121 	  -80.54 	 
1.988799989	  0.122 	  -78.71 	 
1.990999989	  0.123 	  -76.75 	 
1.993199989	  0.124 	  -74.52 	 
1.995399989	  0.126 	  -72.25 	 
1.997599989	  0.127 	  -69.68 	 
1.999799989	  0.128 	  -67.18 	 
2.001999989	  0.130 	  -64.43 	 
2.004199989	  0.132 	  -61.82 	 
2.006399989	  0.133 	  -59.18 	 
2.008599989	  0.136 	  -56.60 	 
2.010799989	  0.137 	  -54.05 	 
2.012999989	  0.139 	  -51.58 	 
2.015199989	  0.142 	  -49.21 	 
2.017399989	  0.144 	  -47.05 	 
2.019599989	  0.146 	  -45.04 	 
2.021799989	  0.148 	  -43.20 	 
2.023999989	  0.150 	  -41.65 	 
2.026199989	  0.151 	  -40.31 	 
2.028399989	  0.153 	  -39.24 	 
2.030599989	  0.153 	  -38.51 	 
2.032799989	  0.154 	  -38.03 	 
2.034999989	  0.154 	  -37.79 	 
2.037199989	  0.154 	  -37.79 	 
2.039399989	  0.155 	  -38.11 	 
2.041599989	  0.155 	  -38.65 	 
2.043799989	  0.155 	  -39.55 	 
2.045999989	  0.155 	  -40.71 	 
2.048199989	  0.154 	  -42.19 	 
2.050399989	  0.152 	  -43.88 	 
2.052599989	  0.151 	  -45.82 	 
2.054799989	  0.150 	  -47.86 	 
2.056999989	  0.148 	  -50.15 	 
2.059199989	  0.146 	  -52.61 	 
2.061399989	  0.145 	  -55.08 	 
2.063599989	  0.143 	  -57.67 	 
2.065799989	  0.141 	  -60.32 	 
2.067999989	  0.139 	  -63.01 	 
2.070199989	  0.136 	  -65.61 	 
2.072399989	  0.135 	  -68.14 	 
2.074599989	  0.132 	  -70.64 	 
2.076799989	  0.131 	  -73.01 	 
2.078999989	  0.129 	  -75.27 	 
2.081199989	  0.127 	  -77.31 	 
2.083399989	  0.126 	  -79.23 	 
2.085599989	  0.124 	  -80.87 	 
2.087799989	  0.123 	  -82.26 	 
2.089999989	  0.122 	  -83.48 	 
2.092199989	  0.120 	  -84.42 	 
2.094399989	  0.120 	  -85.01 	 
2.096599989	  0.120 	  -85.40 	 
2.098799989	  0.119 	  -85.50 	 
2.100999989	  0.119 	  -85.27 	 
2.103199989	  0.119 	  -84.84 	 
2.105399989	  0.120 	  -84.11 	 
2.107599989	  0.120 	  -83.06 	 
2.109799989	  0.120 	  -81.73 	 
2.111999989	  0.120 	  -80.22 	 
2.114199989	  0.122 	  -78.39 	 
2.116399989	  0.123 	  -76.37 	 
2.118599989	  0.124 	  -74.10 	 
2.120799989	  0.125 	  -71.72 	 
2.122999988	  0.126 	  -69.29 	 
2.125199988	  0.128 	  -66.65 	 
2.127399988	  0.131 	  -64.07 	 
2.129599988	  0.132 	  -61.35 	 
2.131799988	  0.134 	  -58.73 	 
2.133999988	  0.136 	  -56.08 	 
2.136199988	  0.138 	  -53.56 	 
2.138399988	  0.140 	  -51.12 	 
2.140599988	  0.142 	  -48.81 	 
2.142799988	  0.144 	  -46.67 	 
2.144999988	  0.146 	  -44.70 	 
2.147199988	  0.148 	  -42.92 	 
2.149399988	  0.150 	  -41.41 	 
2.151599988	  0.151 	  -40.10 	 
2.153799988	  0.152 	  -39.06 	 
2.155999988	  0.154 	  -38.32 	 
2.158199988	  0.154 	  -37.88 	 
2.160399988	  0.155 	  -37.65 	 
2.162599988	  0.155 	  -37.77 	 
2.164799988	  0.155 	  -38.19 	 
2.166999988	  0.154 	  -38.85 	 
2.169199988	  0.155 	  -39.77 	 
2.171399988	  0.154 	  -40.97 	 
2.173599988	  0.153 	  -42.42 	 
2.175799988	  0.152 	  -44.13 	 
2.177999988	  0.151 	  -46.16 	 
2.180199988	  0.150 	  -48.23 	 
2.182399988	  0.148 	  -50.57 	 
2.184599988	  0.146 	  -52.96 	 
2.186799988	  0.145 	  -55.57 	 
2.188999988	  0.143 	  -58.16 	 
2.191199988	  0.141 	  -60.81 	 
2.193399988	  0.138 	  -63.39 	 
2.195599988	  0.136 	  -66.03 	 
2.197799988	  0.134 	  -68.63 	 
2.199999988	  0.132 	  -71.05 	 
2.202199988	  0.131 	  -73.40 	 
2.204399988	  0.128 	  -75.66 	 
2.206599988	  0.126 	  -77.71 	 
2.208799988	  0.125 	  -79.50 	 
2.210999988	  0.124 	  -81.16 	 
2.213199988	  0.122 	  -82.55 	 
2.215399988	  0.122 	  -83.64 	 
2.217599988	  0.120 	  -84.51 	 
2.219799988	  0.120 	  -85.13 	 
2.221999988	  0.120 	  -85.43 	 
2.224199988	  0.119 	  -85.43 	 
2.226399988	  0.119 	  -85.20 	 
2.228599988	  0.120 	  -84.76 	 
2.230799988	  0.119 	  -83.95 	 
2.232999988	  0.120 	  -82.87 	 
2.235199988	  0.120 	  -81.47 	 
2.237399988	  0.121 	  -79.93 	 
2.239599988	  0.122 	  -77.96 	 
2.241799988	  0.123 	  -75.92 	 
2.243999988	  0.124 	  -73.64 	 
2.246199988	  0.125 	  -71.35 	 
2.248399988	  0.127 	  -68.75 	 
2.250599988	  0.129 	  -66.22 	 
