0.000000000	  0.049 	  -66.84 	 
0.002200000	  0.050 	  -64.35 	 
0.004400000	  0.051 	  -61.74 	 
0.006600000	  0.054 	  -58.96 	 
0.008800000	  0.055 	  -56.35 	 
0.011000000	  0.057 	  -53.83 	 
0.013200000	  0.058 	  -51.42 	 
0.015400000	  0.061 	  -49.11 	 
0.017600000	  0.062 	  -46.86 	 
0.019800000	  0.064 	  -44.82 	 
0.022000000	  0.065 	  -43.14 	 
0.024200000	  0.066 	  -41.61 	 
0.026400000	  0.068 	  -40.25 	 
0.028600000	  0.069 	  -39.20 	 
0.030800000	  0.070 	  -38.47 	 
0.033000000	  0.071 	  -37.95 	 
0.035200000	  0.071 	  -37.77 	 
0.037400000	  0.071 	  -37.79 	 
0.039600000	  0.070 	  -38.14 	 
0.041800000	  0.070 	  -38.77 	 
0.044000000	  0.070 	  -39.65 	 
0.046200000	  0.070 	  -40.92 	 
0.048400000	  0.069 	  -42.34 	 
0.050600000	  0.069 	  -43.93 	 
0.052800000	  0.068 	  -45.90 	 
0.055000000	  0.066 	  -48.15 	 
0.057200000	  0.065 	  -50.53 	 
0.059400000	  0.064 	  -52.74 	 
0.061600000	  0.063 	  -55.26 	 
0.063800000	  0.061 	  -57.83 	 
0.066000000	  0.059 	  -60.54 	 
0.068200000	  0.057 	  -63.22 	 
0.070400000	  0.055 	  -65.78 	 
0.072600000	  0.053 	  -68.35 	 
0.074800000	  0.052 	  -70.83 	 
0.077000000	  0.050 	  -73.30 	 
0.079200000	  0.049 	  -75.41 	 
0.081400000	  0.046 	  -77.47 	 
0.083600000	  0.045 	  -79.34 	 
0.085800000	  0.044 	  -81.01 	 
0.088000000	  0.043 	  -82.40 	 
0.090200000	  0.042 	  -83.61 	 
0.092399999	  0.042 	  -84.45 	 
0.094599999	  0.041 	  -85.06 	 
0.096799999	  0.040 	  -85.49 	 
0.098999999	  0.041 	  -85.48 	 
0.101199999	  0.040 	  -85.28 	 
0.103399999	  0.040 	  -84.80 	 
0.105599999	  0.041 	  -84.06 	 
0.107799999	  0.041 	  -83.00 	 
0.109999999	  0.041 	  -81.64 	 
0.112199999	  0.042 	  -80.03 	 
0.114399999	  0.042 	  -78.21 	 
0.116599999	  0.044 	  -76.25 	 
0.118799999	  0.045 	  -73.96 	 
0.120999999	  0.046 	  -71.52 	 
0.123199999	  0.048 	  -69.00 	 
0.125399999	  0.048 	  -66.48 	 
0.127599999	  0.051 	  -63.91 	 
0.129799999	  0.051 	  -61.17 	 
0.131999999	  0.054 	  -58.41 	 
0.134199999	  0.055 	  -55.89 	 
0.136399999	  0.057 	  -53.39 	 
0.138599999	  0.059 	  -50.90 	 
0.140799999	  0.061 	  -48.59 	 
0.142999999	  0.062 	  -46.43 	 
0.145199999	  0.064 	  -44.55 	 
0.147399999	  0.066 	  -42.77 	 
0.149599999	  0.066 	  -41.30 	 
0.151799999	  0.068 	  -40.01 	 
0.153999999	  0.069 	  -39.02 	 
0.156199999	  0.069 	  -38.28 	 
0.158399999	  0.070 	  -37.83 	 
0.160599999	  0.070 	  -37.70 	 
0.162799999	  0.071 	  -37.77 	 
0.164999999	  0.071 	  -38.23 	 
0.167199999	  0.071 	  -38.82 	 
0.169399999	  0.070 	  -39.83 	 
0.171599999	  0.070 	  -41.12 	 
0.173799999	  0.069 	  -42.52 	 
0.175999999	  0.069 	  -44.25 	 
0.178199999	  0.067 	  -46.38 	 
0.180399999	  0.066 	  -48.51 	 
0.182599999	  0.065 	  -50.76 	 
0.184799999	  0.064 	  -53.09 	 
0.186999999	  0.062 	  -55.65 	 
0.189199999	  0.061 	  -58.48 	 
0.191399999	  0.059 	  -61.07 	 
0.193599999	  0.057 	  -63.62 	 
0.195799999	  0.056 	  -66.17 	 
0.197999999	  0.053 	  -68.85 	 
0.200199999	  0.051 	  -71.31 	 
0.202399999	  0.049 	  -73.67 	 
0.204599999	  0.048 	  -75.84 	 
0.206799999	  0.047 	  -77.83 	 
0.208999999	  0.045 	  -79.65 	 
0.211199999	  0.044 	  -81.29 	 
0.213399999	  0.043 	  -82.63 	 
0.215599999	  0.042 	  -83.74 	 
0.217799999	  0.041 	  -84.59 	 
0.219999999	  0.041 	  -85.12 	 
0.222199999	  0.040 	  -85.50 	 
0.224399999	  0.040 	  -85.48 	 
0.226599999	  0.040 	  -85.20 	 
0.228799999	  0.040 	  -84.68 	 
0.230999999	  0.040 	  -83.93 	 
0.233199999	  0.041 	  -82.77 	 
0.235399999	  0.041 	  -81.36 	 
0.237599999	  0.043 	  -79.70 	 
0.239799999	  0.043 	  -77.80 	 
0.241999999	  0.044 	  -75.79 	 
0.244199999	  0.045 	  -73.55 	 
0.246399999	  0.046 	  -71.12 	 
0.248599999	  0.048 	  -68.54 	 
0.250799999	  0.049 	  -65.89 	 
0.252999999	  0.050 	  -63.34 	 
0.255199999	  0.053 	  -60.75 	 
0.257399999	  0.054 	  -58.03 	 
0.259599999	  0.056 	  -55.33 	 
0.261799999	  0.057 	  -52.87 	 
0.263999999	  0.059 	  -50.48 	 
0.266199999	  0.061 	  -48.25 	 
0.268399999	  0.063 	  -46.10 	 
0.270599999	  0.064 	  -44.17 	 
0.272799999	  0.066 	  -42.52 	 
0.274999999	  0.066 	  -41.05 	 
0.277199998	  0.068 	  -39.79 	 
0.279399998	  0.069 	  -38.80 	 
0.281599998	  0.070 	  -38.21 	 
0.283799998	  0.071 	  -37.80 	 
0.285999998	  0.071 	  -37.69 	 
0.288199998	  0.071 	  -37.86 	 
0.290399998	  0.070 	  -38.30 	 
0.292599998	  0.071 	  -39.06 	 
0.294799998	  0.070 	  -39.98 	 
0.296999998	  0.070 	  -41.32 	 
0.299199998	  0.069 	  -42.94 	 
0.301399998	  0.068 	  -44.74 	 
0.303599998	  0.067 	  -46.56 	 
0.305799998	  0.065 	  -48.77 	 
0.307999998	  0.065 	  -51.34 	 
0.310199998	  0.063 	  -53.78 	 
0.312399998	  0.062 	  -56.21 	 
0.314599998	  0.060 	  -58.70 	 
0.316799998	  0.058 	  -61.43 	 
0.318999998	  0.056 	  -64.14 	 
0.321199998	  0.055 	  -66.74 	 
0.323399998	  0.053 	  -69.21 	 
0.325599998	  0.051 	  -71.65 	 
0.327799998	  0.049 	  -74.10 	 
0.329999998	  0.048 	  -76.23 	 
0.332199998	  0.047 	  -78.18 	 
0.334399998	  0.044 	  -79.93 	 
0.336599998	  0.043 	  -81.58 	 
0.338799998	  0.043 	  -82.83 	 
0.340999998	  0.043 	  -83.97 	 
0.343199998	  0.041 	  -84.69 	 
0.345399998	  0.041 	  -85.27 	 
0.347599998	  0.041 	  -85.49 	 
0.349799998	  0.040 	  -85.46 	 
0.351999998	  0.040 	  -85.08 	 
0.354199998	  0.040 	  -84.62 	 
0.356399998	  0.040 	  -83.71 	 
0.358599998	  0.041 	  -82.48 	 
0.360799998	  0.041 	  -81.00 	 
0.362999998	  0.042 	  -79.35 	 
0.365199998	  0.043 	  -77.54 	 
0.367399998	  0.044 	  -75.40 	 
0.369599998	  0.045 	  -73.09 	 
0.371799998	  0.047 	  -70.58 	 
0.373999998	  0.047 	  -68.07 	 
0.376199998	  0.049 	  -65.49 	 
0.378399998	  0.050 	  -62.82 	 
0.380599998	  0.053 	  -60.20 	 
0.382799998	  0.054 	  -57.49 	 
0.384999998	  0.056 	  -54.93 	 
0.387199998	  0.058 	  -52.43 	 
0.389399998	  0.060 	  -50.15 	 
0.391599998	  0.061 	  -47.81 	 
0.393799998	  0.063 	  -45.70 	 
0.395999998	  0.064 	  -43.88 	 
0.398199998	  0.066 	  -42.23 	 
0.400399998	  0.068 	  -40.79 	 
0.402599998	  0.068 	  -39.57 	 
0.404799998	  0.069 	  -38.75 	 
0.406999998	  0.070 	  -38.13 	 
0.409199998	  0.070 	  -37.79 	 
0.411399998	  0.071 	  -37.75 	 
0.413599998	  0.071 	  -37.88 	 
0.415799998	  0.071 	  -38.41 	 
0.417999998	  0.070 	  -39.19 	 
0.420199998	  0.070 	  -40.22 	 
0.422399998	  0.070 	  -41.61 	 
0.424599998	  0.069 	  -43.27 	 
0.426799998	  0.068 	  -44.94 	 
0.428999998	  0.067 	  -46.99 	 
0.431199998	  0.066 	  -49.25 	 
0.433399998	  0.064 	  -51.64 	 
0.435599998	  0.063 	  -54.16 	 
0.437799998	  0.062 	  -56.63 	 
0.439999998	  0.060 	  -59.32 	 
0.442199998	  0.057 	  -61.94 	 
0.444399998	  0.056 	  -64.58 	 
0.446599998	  0.054 	  -67.09 	 
0.448799998	  0.052 	  -69.69 	 
0.450999998	  0.051 	  -72.13 	 
0.453199998	  0.050 	  -74.40 	 
0.455399998	  0.048 	  -76.51 	 
0.457599998	  0.046 	  -78.46 	 
0.459799998	  0.045 	  -80.22 	 
0.461999997	  0.043 	  -81.78 	 
0.464199997	  0.043 	  -83.04 	 
0.466399997	  0.041 	  -84.00 	 
0.468599997	  0.041 	  -84.86 	 
0.470799997	  0.040 	  -85.28 	 
0.472999997	  0.041 	  -85.48 	 
0.475199997	  0.040 	  -85.37 	 
0.477399997	  0.040 	  -85.06 	 
0.479599997	  0.040 	  -84.38 	 
0.481799997	  0.041 	  -83.48 	 
0.483999997	  0.042 	  -82.27 	 
0.486199997	  0.042 	  -80.81 	 
0.488399997	  0.043 	  -79.04 	 
0.490599997	  0.043 	  -77.04 	 
0.492799997	  0.045 	  -75.06 	 
0.494999997	  0.045 	  -72.70 	 
0.497199997	  0.046 	  -70.09 	 
0.499399997	  0.048 	  -67.50 	 
0.501599997	  0.050 	  -65.04 	 
0.503799997	  0.051 	  -62.49 	 
0.505999997	  0.053 	  -59.64 	 
0.508199997	  0.055 	  -56.95 	 
0.510399997	  0.056 	  -54.51 	 
0.512599997	  0.059 	  -52.08 	 
0.514799997	  0.060 	  -49.67 	 
0.516999997	  0.062 	  -47.37 	 
0.519199997	  0.063 	  -45.33 	 
0.521399997	  0.065 	  -43.61 	 
0.523599997	  0.066 	  -41.93 	 
0.525799997	  0.067 	  -40.53 	 
0.527999997	  0.069 	  -39.44 	 
0.530199997	  0.069 	  -38.60 	 
0.532399997	  0.070 	  -38.06 	 
0.534599997	  0.070 	  -37.74 	 
0.536799997	  0.071 	  -37.73 	 
0.538999997	  0.071 	  -37.93 	 
0.541199997	  0.070 	  -38.60 	 
0.543399997	  0.070 	  -39.37 	 
0.545599997	  0.070 	  -40.41 	 
0.547799997	  0.070 	  -41.97 	 
0.549999997	  0.068 	  -43.58 	 
0.552199997	  0.068 	  -45.37 	 
0.554399997	  0.066 	  -47.37 	 
0.556599997	  0.066 	  -49.66 	 
0.558799997	  0.064 	  -52.10 	 
0.560999997	  0.063 	  -54.62 	 
0.563199997	  0.061 	  -57.15 	 
0.565399997	  0.060 	  -59.75 	 
0.567599997	  0.058 	  -62.51 	 
0.569799997	  0.056 	  -65.10 	 
0.571999997	  0.054 	  -67.62 	 
0.574199997	  0.052 	  -70.08 	 
0.576399997	  0.050 	  -72.55 	 
0.578599997	  0.049 	  -74.79 	 
0.580799997	  0.047 	  -76.92 	 
0.582999997	  0.046 	  -78.82 	 
0.585199997	  0.044 	  -80.47 	 
0.587399997	  0.043 	  -82.06 	 
0.589599997	  0.042 	  -83.26 	 
0.591799997	  0.041 	  -84.22 	 
0.593999997	  0.041 	  -84.87 	 
0.596199997	  0.040 	  -85.41 	 
0.598399997	  0.040 	  -85.45 	 
0.600599997	  0.040 	  -85.33 	 
0.602799997	  0.040 	  -84.90 	 
0.604999997	  0.040 	  -84.21 	 
0.607199997	  0.041 	  -83.30 	 
0.609399997	  0.041 	  -82.02 	 
0.611599997	  0.042 	  -80.42 	 
0.613799997	  0.042 	  -78.72 	 
0.615999997	  0.043 	  -76.82 	 
0.618199997	  0.044 	  -74.52 	 
0.620399997	  0.046 	  -72.22 	 
0.622599997	  0.047 	  -69.63 	 
0.624799997	  0.048 	  -67.09 	 
0.626999997	  0.049 	  -64.60 	 
0.629199997	  0.051 	  -61.92 	 
0.631399997	  0.053 	  -59.14 	 
0.633599997	  0.055 	  -56.57 	 
0.635799997	  0.057 	  -54.07 	 
0.637999997	  0.059 	  -51.55 	 
0.640199997	  0.060 	  -49.25 	 
0.642399997	  0.062 	  -47.01 	 
0.644599997	  0.064 	  -45.02 	 
0.646799996	  0.065 	  -43.25 	 
0.648999996	  0.066 	  -41.71 	 
0.651199996	  0.068 	  -40.33 	 
0.653399996	  0.069 	  -39.24 	 
0.655599996	  0.069 	  -38.47 	 
0.657799996	  0.070 	  -37.95 	 
0.659999996	  0.070 	  -37.73 	 
0.662199996	  0.071 	  -37.73 	 
0.664399996	  0.071 	  -38.08 	 
0.666599996	  0.070 	  -38.65 	 
0.668799996	  0.070 	  -39.57 	 
0.670999996	  0.069 	  -40.73 	 
0.673199996	  0.069 	  -42.05 	 
0.675399996	  0.068 	  -43.80 	 
0.677599996	  0.067 	  -45.84 	 
0.679799996	  0.066 	  -47.85 	 
0.681999996	  0.065 	  -50.05 	 
0.684199996	  0.064 	  -52.41 	 
0.686399996	  0.062 	  -54.98 	 
0.688599996	  0.061 	  -57.72 	 
0.690799996	  0.059 	  -60.28 	 
0.692999996	  0.057 	  -62.93 	 
0.695199996	  0.056 	  -65.48 	 
0.697399996	  0.054 	  -68.14 	 
0.699599996	  0.052 	  -70.60 	 
0.701799996	  0.050 	  -72.97 	 
0.703999996	  0.049 	  -75.20 	 
0.706199996	  0.046 	  -77.24 	 
0.708399996	  0.046 	  -79.15 	 
0.710599996	  0.043 	  -80.83 	 
0.712799996	  0.043 	  -82.25 	 
0.714999996	  0.042 	  -83.40 	 
0.717199996	  0.041 	  -84.39 	 
0.719399996	  0.041 	  -84.98 	 
0.721599996	  0.041 	  -85.41 	 
0.723799996	  0.040 	  -85.47 	 
0.725999996	  0.040 	  -85.28 	 
0.728199996	  0.040 	  -84.82 	 
0.730399996	  0.041 	  -84.14 	 
0.732599996	  0.041 	  -83.05 	 
0.734799996	  0.041 	  -81.72 	 
0.736999996	  0.042 	  -80.16 	 
0.739199996	  0.042 	  -78.37 	 
0.741399996	  0.044 	  -76.41 	 
0.743599996	  0.045 	  -74.16 	 
0.745799996	  0.046 	  -71.75 	 
0.747999996	  0.047 	  -69.20 	 
0.750199996	  0.048 	  -66.66 	 
0.752399996	  0.050 	  -64.16 	 
0.754599996	  0.052 	  -61.42 	 
0.756799996	  0.053 	  -58.65 	 
0.758999996	  0.055 	  -56.07 	 
0.761199996	  0.057 	  -53.59 	 
0.763399996	  0.058 	  -51.17 	 
0.765599996	  0.061 	  -48.77 	 
0.767799996	  0.063 	  -46.66 	 
0.769999996	  0.064 	  -44.70 	 
0.772199996	  0.065 	  -42.95 	 
0.774399996	  0.067 	  -41.42 	 
0.776599996	  0.068 	  -40.09 	 
0.778799996	  0.069 	  -39.06 	 
0.780999996	  0.070 	  -38.35 	 
0.783199996	  0.070 	  -37.92 	 
0.785399996	  0.071 	  -37.70 	 
0.787599996	  0.070 	  -37.81 	 
0.789799996	  0.071 	  -38.17 	 
0.791999996	  0.070 	  -38.80 	 
0.794199996	  0.070 	  -39.74 	 
0.796399996	  0.070 	  -40.96 	 
0.798599996	  0.069 	  -42.33 	 
0.800799996	  0.069 	  -44.15 	 
0.802999996	  0.068 	  -46.27 	 
0.805199996	  0.066 	  -48.27 	 
0.807399996	  0.065 	  -50.47 	 
0.809599996	  0.064 	  -52.85 	 
0.811799996	  0.062 	  -55.48 	 
0.813999996	  0.061 	  -58.22 	 
0.816199996	  0.059 	  -60.80 	 
0.818399996	  0.057 	  -63.35 	 
0.820599996	  0.055 	  -65.97 	 
0.822799996	  0.054 	  -68.60 	 
0.824999996	  0.051 	  -71.07 	 
0.827199996	  0.050 	  -73.40 	 
0.829399996	  0.048 	  -75.58 	 
0.831599995	  0.047 	  -77.63 	 
0.833799995	  0.046 	  -79.47 	 
0.835999995	  0.043 	  -81.14 	 
0.838199995	  0.043 	  -82.44 	 
0.840399995	  0.042 	  -83.63 	 
0.842599995	  0.041 	  -84.50 	 
0.844799995	  0.040 	  -85.08 	 
0.846999995	  0.041 	  -85.44 	 
0.849199995	  0.040 	  -85.46 	 
0.851399995	  0.040 	  -85.24 	 
0.853599995	  0.040 	  -84.73 	 
0.855799995	  0.040 	  -84.03 	 
0.857999995	  0.041 	  -82.83 	 
0.860199995	  0.041 	  -81.51 	 
0.862399995	  0.042 	  -79.87 	 
0.864599995	  0.043 	  -77.97 	 
0.866799995	  0.043 	  -75.95 	 
0.868999995	  0.045 	  -73.78 	 
0.871199995	  0.047 	  -71.41 	 
0.873399995	  0.047 	  -68.76 	 
0.875599995	  0.048 	  -66.15 	 
0.877799995	  0.050 	  -63.61 	 
0.879999995	  0.052 	  -60.96 	 
0.882199995	  0.054 	  -58.20 	 
0.884399995	  0.055 	  -55.63 	 
0.886599995	  0.058 	  -53.11 	 
0.888799995	  0.059 	  -50.78 	 
0.890999995	  0.061 	  -48.44 	 
0.893199995	  0.063 	  -46.23 	 
0.895399995	  0.064 	  -44.38 	 
0.897599995	  0.065 	  -42.64 	 
0.899799995	  0.067 	  -41.19 	 
0.901999995	  0.068 	  -39.91 	 
0.904199995	  0.068 	  -38.93 	 
0.906399995	  0.070 	  -38.30 	 
0.908599995	  0.070 	  -37.87 	 
0.910799995	  0.071 	  -37.68 	 
0.912999995	  0.071 	  -37.80 	 
0.915199995	  0.070 	  -38.27 	 
0.917399995	  0.070 	  -38.97 	 
0.919599995	  0.070 	  -39.83 	 
0.921799995	  0.069 	  -41.22 	 
0.923999995	  0.069 	  -42.80 	 
0.926199995	  0.069 	  -44.43 	 
0.928399995	  0.068 	  -46.40 	 
0.930599995	  0.066 	  -48.64 	 
0.932799995	  0.065 	  -51.12 	 
0.934999995	  0.064 	  -53.47 	 
0.937199995	  0.061 	  -55.87 	 
0.939399995	  0.060 	  -58.48 	 
0.941599995	  0.058 	  -61.24 	 
0.943799995	  0.057 	  -63.96 	 
0.945999995	  0.055 	  -66.46 	 
0.948199995	  0.053 	  -69.07 	 
0.950399995	  0.051 	  -71.45 	 
0.952599995	  0.049 	  -73.84 	 
0.954799995	  0.047 	  -76.00 	 
0.956999995	  0.046 	  -78.01 	 
0.959199995	  0.045 	  -79.78 	 
0.961399995	  0.044 	  -81.40 	 
0.963599995	  0.042 	  -82.72 	 
0.965799995	  0.041 	  -83.79 	 
0.967999995	  0.042 	  -84.71 	 
0.970199995	  0.040 	  -85.19 	 
0.972399995	  0.041 	  -85.49 	 
0.974599995	  0.040 	  -85.42 	 
0.976799995	  0.041 	  -85.17 	 
0.978999995	  0.040 	  -84.60 	 
0.981199995	  0.040 	  -83.77 	 
0.983399995	  0.041 	  -82.59 	 
0.985599995	  0.041 	  -81.17 	 
0.987799995	  0.042 	  -79.61 	 
0.989999995	  0.043 	  -77.72 	 
0.992199995	  0.044 	  -75.63 	 
0.994399995	  0.044 	  -73.16 	 
0.996599995	  0.047 	  -70.79 	 
0.998799995	  0.048 	  -68.44 	 
1.000999995	  0.049 	  -65.82 	 
1.003199995	  0.050 	  -62.98 	 
1.005399995	  0.052 	  -60.29 	 
1.007599995	  0.054 	  -57.87 	 
1.009799995	  0.056 	  -55.26 	 
1.011999995	  0.057 	  -52.65 	 
1.014199995	  0.060 	  -50.17 	 
1.016399994	  0.061 	  -48.00 	 
1.018599994	  0.063 	  -46.01 	 
1.020799994	  0.064 	  -44.06 	 
1.022999994	  0.066 	  -42.28 	 
1.025199994	  0.067 	  -40.86 	 
1.027399994	  0.068 	  -39.81 	 
1.029599994	  0.069 	  -38.80 	 
1.031799994	  0.070 	  -38.12 	 
1.033999994	  0.070 	  -37.80 	 
1.036199994	  0.071 	  -37.72 	 
1.038399994	  0.072 	  -37.88 	 
1.040599994	  0.070 	  -38.32 	 
1.042799994	  0.071 	  -39.13 	 
1.044999994	  0.070 	  -40.19 	 
1.047199994	  0.069 	  -41.40 	 
1.049399994	  0.069 	  -42.94 	 
1.051599994	  0.068 	  -44.89 	 
1.053799994	  0.066 	  -47.05 	 
1.055999994	  0.065 	  -49.04 	 
1.058199994	  0.065 	  -51.27 	 
1.060399994	  0.064 	  -53.81 	 
1.062599994	  0.062 	  -56.46 	 
1.064799994	  0.060 	  -59.11 	 
1.066999994	  0.058 	  -61.69 	 
1.069199994	  0.056 	  -64.32 	 
1.071399994	  0.055 	  -66.98 	 
1.073599994	  0.053 	  -69.59 	 
1.075799994	  0.050 	  -71.94 	 
1.077999994	  0.049 	  -74.15 	 
1.080199994	  0.047 	  -76.37 	 
1.082399994	  0.046 	  -78.38 	 
1.084599994	  0.045 	  -80.13 	 
1.086799994	  0.043 	  -81.67 	 
1.088999994	  0.043 	  -82.94 	 
1.091199994	  0.042 	  -84.00 	 
1.093399994	  0.041 	  -84.82 	 
1.095599994	  0.040 	  -85.27 	 
1.097799994	  0.040 	  -85.45 	 
1.099999994	  0.040 	  -85.40 	 
1.102199994	  0.040 	  -85.04 	 
1.104399994	  0.040 	  -84.47 	 
1.106599994	  0.040 	  -83.66 	 
1.108799994	  0.041 	  -82.41 	 
1.110999994	  0.041 	  -81.00 	 
1.113199994	  0.042 	  -79.25 	 
1.115399994	  0.043 	  -77.30 	 
1.117599994	  0.043 	  -75.10 	 
1.119799994	  0.045 	  -72.92 	 
1.121999994	  0.047 	  -70.47 	 
1.124199994	  0.048 	  -67.89 	 
1.126399994	  0.049 	  -65.24 	 
1.128599994	  0.051 	  -62.61 	 
1.130799994	  0.054 	  -59.99 	 
1.132999994	  0.054 	  -57.31 	 
1.135199994	  0.056 	  -54.72 	 
1.137399994	  0.058 	  -52.23 	 
1.139599994	  0.060 	  -49.90 	 
1.141799994	  0.061 	  -47.63 	 
1.143999994	  0.063 	  -45.59 	 
1.146199994	  0.065 	  -43.71 	 
1.148399994	  0.065 	  -42.13 	 
1.150599994	  0.067 	  -40.66 	 
1.152799994	  0.068 	  -39.52 	 
1.154999994	  0.069 	  -38.69 	 
1.157199994	  0.069 	  -38.06 	 
1.159399994	  0.070 	  -37.77 	 
1.161599994	  0.070 	  -37.73 	 
1.163799994	  0.070 	  -37.98 	 
1.165999994	  0.071 	  -38.49 	 
1.168199994	  0.070 	  -39.37 	 
1.170399994	  0.070 	  -40.36 	 
1.172599994	  0.070 	  -41.65 	 
1.174799994	  0.069 	  -43.45 	 
1.176999994	  0.067 	  -45.31 	 
1.179199994	  0.067 	  -47.23 	 
1.181399994	  0.065 	  -49.32 	 
1.183599994	  0.065 	  -51.83 	 
1.185799994	  0.062 	  -54.48 	 
1.187999994	  0.062 	  -57.04 	 
1.190199994	  0.060 	  -59.55 	 
1.192399994	  0.057 	  -62.10 	 
1.194599994	  0.056 	  -64.89 	 
1.196799994	  0.054 	  -67.50 	 
1.198999994	  0.052 	  -69.96 	 
1.201199993	  0.050 	  -72.32 	 
1.203399993	  0.049 	  -74.61 	 
1.205599993	  0.047 	  -76.76 	 
1.207799993	  0.046 	  -78.74 	 
1.209999993	  0.044 	  -80.42 	 
1.212199993	  0.043 	  -81.91 	 
1.214399993	  0.042 	  -83.18 	 
1.216599993	  0.042 	  -84.14 	 
1.218799993	  0.041 	  -84.86 	 
1.220999993	  0.040 	  -85.31 	 
1.223199993	  0.040 	  -85.49 	 
1.225399993	  0.041 	  -85.37 	 
1.227599993	  0.040 	  -85.12 	 
1.229799993	  0.041 	  -84.34 	 
1.231999993	  0.040 	  -83.42 	 
1.234199993	  0.042 	  -82.18 	 
1.236399993	  0.041 	  -80.65 	 
1.238599993	  0.042 	  -78.88 	 
1.240799993	  0.043 	  -76.96 	 
1.242999993	  0.044 	  -74.85 	 
1.245199993	  0.046 	  -72.40 	 
1.247399993	  0.046 	  -70.05 	 
1.249599993	  0.048 	  -67.38 	 
1.251799993	  0.050 	  -64.75 	 
1.253999993	  0.051 	  -62.21 	 
1.256199993	  0.053 	  -59.48 	 
1.258399993	  0.055 	  -56.79 	 
1.260599993	  0.057 	  -54.30 	 
1.262799993	  0.058 	  -51.80 	 
1.264999993	  0.060 	  -49.43 	 
1.267199993	  0.061 	  -47.26 	 
1.269399993	  0.063 	  -45.24 	 
1.271599993	  0.066 	  -43.39 	 
1.273799993	  0.066 	  -41.82 	 
1.275999993	  0.067 	  -40.45 	 
1.278199993	  0.068 	  -39.33 	 
1.280399993	  0.069 	  -38.55 	 
1.282599993	  0.070 	  -38.01 	 
1.284799993	  0.071 	  -37.73 	 
1.286999993	  0.071 	  -37.78 	 
1.289199993	  0.071 	  -38.06 	 
1.291399993	  0.070 	  -38.63 	 
1.293599993	  0.070 	  -39.43 	 
1.295799993	  0.070 	  -40.63 	 
1.297999993	  0.069 	  -42.09 	 
1.300199993	  0.068 	  -43.64 	 
1.302399993	  0.067 	  -45.47 	 
1.304599993	  0.066 	  -47.63 	 
1.306799993	  0.065 	  -50.02 	 
1.308999993	  0.064 	  -52.44 	 
1.311199993	  0.062 	  -54.76 	 
1.313399993	  0.061 	  -57.39 	 
1.315599993	  0.059 	  -60.06 	 
1.317799993	  0.058 	  -62.67 	 
1.319999993	  0.055 	  -65.30 	 
1.322199993	  0.054 	  -67.85 	 
1.324399993	  0.052 	  -70.38 	 
1.326599993	  0.050 	  -72.79 	 
1.328799993	  0.048 	  -75.03 	 
1.330999993	  0.047 	  -77.08 	 
1.333199993	  0.046 	  -78.99 	 
1.335399993	  0.044 	  -80.70 	 
1.337599993	  0.043 	  -82.14 	 
1.339799993	  0.042 	  -83.33 	 
1.341999993	  0.041 	  -84.32 	 
1.344199993	  0.041 	  -84.97 	 
1.346399993	  0.040 	  -85.42 	 
1.348599993	  0.040 	  -85.49 	 
1.350799993	  0.040 	  -85.30 	 
1.352999993	  0.040 	  -84.89 	 
1.355199993	  0.040 	  -84.19 	 
1.357399993	  0.041 	  -83.11 	 
1.359599993	  0.041 	  -81.92 	 
1.361799993	  0.041 	  -80.46 	 
1.363999993	  0.042 	  -78.55 	 
1.366199993	  0.043 	  -76.57 	 
1.368399993	  0.044 	  -74.32 	 
1.370599993	  0.046 	  -71.95 	 
1.372799993	  0.047 	  -69.50 	 
1.374999993	  0.048 	  -66.96 	 
1.377199993	  0.050 	  -64.31 	 
1.379399993	  0.051 	  -61.62 	 
1.381599993	  0.054 	  -58.92 	 
1.383799993	  0.055 	  -56.34 	 
1.385999992	  0.056 	  -53.84 	 
1.388199992	  0.058 	  -51.38 	 
1.390399992	  0.061 	  -48.97 	 
1.392599992	  0.062 	  -46.84 	 
1.394799992	  0.064 	  -44.92 	 
1.396999992	  0.065 	  -43.10 	 
1.399199992	  0.067 	  -41.52 	 
1.401399992	  0.068 	  -40.22 	 
1.403599992	  0.069 	  -39.19 	 
1.405799992	  0.070 	  -38.43 	 
1.407999992	  0.070 	  -37.96 	 
1.410199992	  0.071 	  -37.69 	 
1.412399992	  0.071 	  -37.79 	 
1.414599992	  0.071 	  -38.19 	 
1.416799992	  0.070 	  -38.71 	 
1.418999992	  0.070 	  -39.64 	 
1.421199992	  0.070 	  -40.82 	 
1.423399992	  0.069 	  -42.24 	 
1.425599992	  0.068 	  -44.01 	 
1.427799992	  0.067 	  -46.03 	 
1.429999992	  0.066 	  -48.10 	 
1.432199992	  0.064 	  -50.37 	 
1.434399992	  0.063 	  -52.72 	 
1.436599992	  0.062 	  -55.23 	 
1.438799992	  0.060 	  -57.87 	 
1.440999992	  0.058 	  -60.47 	 
1.443199992	  0.057 	  -63.13 	 
1.445399992	  0.055 	  -65.72 	 
1.447599992	  0.054 	  -68.42 	 
1.449799992	  0.051 	  -70.83 	 
1.451999992	  0.050 	  -73.19 	 
1.454199992	  0.048 	  -75.40 	 
1.456399992	  0.046 	  -77.45 	 
1.458599992	  0.046 	  -79.28 	 
1.460799992	  0.044 	  -80.99 	 
1.462999992	  0.043 	  -82.36 	 
1.465199992	  0.042 	  -83.52 	 
1.467399992	  0.041 	  -84.47 	 
1.469599992	  0.040 	  -85.03 	 
1.471799992	  0.041 	  -85.33 	 
1.473999992	  0.040 	  -85.44 	 
1.476199992	  0.041 	  -85.22 	 
1.478399992	  0.040 	  -84.75 	 
1.480599992	  0.040 	  -84.03 	 
1.482799992	  0.041 	  -82.95 	 
1.484999992	  0.041 	  -81.64 	 
1.487199992	  0.041 	  -80.08 	 
1.489399992	  0.042 	  -78.18 	 
1.491599992	  0.043 	  -76.05 	 
1.493799992	  0.044 	  -73.89 	 
1.495999992	  0.046 	  -71.58 	 
1.498199992	  0.047 	  -69.06 	 
1.500399992	  0.048 	  -66.44 	 
1.502599992	  0.050 	  -63.75 	 
1.504799992	  0.052 	  -61.15 	 
1.506999992	  0.053 	  -58.59 	 
1.509199992	  0.055 	  -55.89 	 
1.511399992	  0.057 	  -53.31 	 
1.513599992	  0.059 	  -50.93 	 
1.515799992	  0.061 	  -48.65 	 
1.517999992	  0.062 	  -46.49 	 
1.520199992	  0.064 	  -44.52 	 
1.522399992	  0.065 	  -42.78 	 
1.524599992	  0.066 	  -41.30 	 
1.526799992	  0.068 	  -40.05 	 
1.528999992	  0.068 	  -39.00 	 
1.531199992	  0.069 	  -38.32 	 
1.533399992	  0.070 	  -37.90 	 
1.535599992	  0.070 	  -37.68 	 
1.537799992	  0.071 	  -37.77 	 
1.539999992	  0.070 	  -38.28 	 
1.542199992	  0.070 	  -38.93 	 
1.544399992	  0.070 	  -39.74 	 
1.546599992	  0.069 	  -41.14 	 
1.548799992	  0.069 	  -42.62 	 
1.550999992	  0.068 	  -44.26 	 
1.553199992	  0.067 	  -46.25 	 
1.555399992	  0.065 	  -48.51 	 
1.557599992	  0.064 	  -50.88 	 
1.559799992	  0.063 	  -53.18 	 
1.561999992	  0.062 	  -55.65 	 
1.564199992	  0.061 	  -58.30 	 
1.566399992	  0.058 	  -61.03 	 
1.568599992	  0.057 	  -63.68 	 
1.570799991	  0.055 	  -66.22 	 
1.572999991	  0.053 	  -68.82 	 
1.575199991	  0.050 	  -71.25 	 
1.577399991	  0.049 	  -73.59 	 
1.579599991	  0.047 	  -75.78 	 
1.581799991	  0.046 	  -77.88 	 
1.583999991	  0.045 	  -79.61 	 
1.586199991	  0.044 	  -81.24 	 
1.588399991	  0.043 	  -82.59 	 
1.590599991	  0.042 	  -83.71 	 
1.592799991	  0.042 	  -84.57 	 
1.594999991	  0.040 	  -85.13 	 
1.597199991	  0.041 	  -85.41 	 
1.599399991	  0.040 	  -85.45 	 
1.601599991	  0.040 	  -85.20 	 
1.603799991	  0.041 	  -84.65 	 
1.605999991	  0.040 	  -83.89 	 
1.608199991	  0.041 	  -82.72 	 
1.610399991	  0.041 	  -81.34 	 
1.612599991	  0.042 	  -79.64 	 
1.614799991	  0.043 	  -77.80 	 
1.616999991	  0.044 	  -75.75 	 
1.619199991	  0.045 	  -73.56 	 
1.621399991	  0.046 	  -71.12 	 
1.623599991	  0.047 	  -68.54 	 
1.625799991	  0.049 	  -65.97 	 
1.627999991	  0.050 	  -63.33 	 
1.630199991	  0.052 	  -60.73 	 
1.632399991	  0.054 	  -58.03 	 
1.634599991	  0.056 	  -55.49 	 
1.636799991	  0.057 	  -52.89 	 
1.638999991	  0.059 	  -50.50 	 
1.641199991	  0.061 	  -48.29 	 
1.643399991	  0.063 	  -46.12 	 
1.645599991	  0.064 	  -44.23 	 
1.647799991	  0.065 	  -42.53 	 
1.649999991	  0.067 	  -41.08 	 
1.652199991	  0.068 	  -39.85 	 
1.654399991	  0.069 	  -38.91 	 
1.656599991	  0.070 	  -38.26 	 
1.658799991	  0.070 	  -37.84 	 
1.660999991	  0.071 	  -37.70 	 
1.663199991	  0.070 	  -37.92 	 
1.665399991	  0.071 	  -38.36 	 
1.667599991	  0.070 	  -39.09 	 
1.669799991	  0.070 	  -40.04 	 
1.671999991	  0.069 	  -41.30 	 
1.674199991	  0.068 	  -42.99 	 
1.676399991	  0.069 	  -44.78 	 
1.678599991	  0.066 	  -46.65 	 
1.680799991	  0.065 	  -48.77 	 
1.682999991	  0.064 	  -51.16 	 
1.685199991	  0.063 	  -53.69 	 
1.687399991	  0.061 	  -56.27 	 
1.689599991	  0.061 	  -58.81 	 
1.691799991	  0.058 	  -61.50 	 
1.693999991	  0.056 	  -64.13 	 
1.696199991	  0.055 	  -66.72 	 
1.698399991	  0.053 	  -69.22 	 
1.700599991	  0.051 	  -71.67 	 
1.702799991	  0.049 	  -74.01 	 
1.704999991	  0.048 	  -76.21 	 
1.707199991	  0.046 	  -78.15 	 
1.709399991	  0.045 	  -79.96 	 
1.711599991	  0.043 	  -81.47 	 
1.713799991	  0.042 	  -82.86 	 
1.715999991	  0.041 	  -83.89 	 
1.718199991	  0.041 	  -84.67 	 
1.720399991	  0.040 	  -85.20 	 
1.722599991	  0.040 	  -85.42 	 
1.724799991	  0.040 	  -85.37 	 
1.726999991	  0.040 	  -85.13 	 
1.729199991	  0.040 	  -84.51 	 
1.731399991	  0.040 	  -83.60 	 
1.733599991	  0.041 	  -82.54 	 
1.735799991	  0.041 	  -81.10 	 
1.737999991	  0.042 	  -79.41 	 
1.740199991	  0.043 	  -77.38 	 
1.742399991	  0.044 	  -75.29 	 
1.744599991	  0.045 	  -73.09 	 
1.746799991	  0.047 	  -70.66 	 
1.748999991	  0.048 	  -68.11 	 
1.751199991	  0.049 	  -65.45 	 
1.753399990	  0.051 	  -62.80 	 
1.755599990	  0.053 	  -60.21 	 
1.757799990	  0.054 	  -57.59 	 
1.759999990	  0.056 	  -54.93 	 
1.762199990	  0.057 	  -52.50 	 
1.764399990	  0.060 	  -50.05 	 
1.766599990	  0.061 	  -47.87 	 
1.768799990	  0.062 	  -45.79 	 
1.770999990	  0.064 	  -43.91 	 
1.773199990	  0.065 	  -42.24 	 
1.775399990	  0.067 	  -40.82 	 
1.777599990	  0.068 	  -39.69 	 
1.779799990	  0.069 	  -38.76 	 
1.781999990	  0.070 	  -38.13 	 
1.784199990	  0.070 	  -37.79 	 
1.786399990	  0.070 	  -37.80 	 
1.788599990	  0.070 	  -37.99 	 
1.790799990	  0.070 	  -38.45 	 
1.792999990	  0.071 	  -39.19 	 
1.795199990	  0.071 	  -40.26 	 
1.797399990	  0.069 	  -41.65 	 
1.799599990	  0.068 	  -43.30 	 
1.801799990	  0.067 	  -45.02 	 
1.803999990	  0.067 	  -46.95 	 
1.806199990	  0.066 	  -49.29 	 
1.808399990	  0.063 	  -51.71 	 
1.810599990	  0.063 	  -54.26 	 
1.812799990	  0.061 	  -56.66 	 
1.814999990	  0.059 	  -59.27 	 
1.817199990	  0.058 	  -61.93 	 
1.819399990	  0.056 	  -64.64 	 
1.821599990	  0.054 	  -67.23 	 
1.823799990	  0.052 	  -69.69 	 
1.825999990	  0.050 	  -72.15 	 
1.828199990	  0.049 	  -74.44 	 
1.830399990	  0.047 	  -76.54 	 
1.832599990	  0.046 	  -78.51 	 
1.834799990	  0.045 	  -80.29 	 
1.836999990	  0.043 	  -81.73 	 
1.839199990	  0.042 	  -83.09 	 
1.841399990	  0.041 	  -84.09 	 
1.843599990	  0.041 	  -84.86 	 
1.845799990	  0.040 	  -85.33 	 
1.847999990	  0.040 	  -85.52 	 
1.850199990	  0.040 	  -85.44 	 
1.852399990	  0.040 	  -85.08 	 
1.854599990	  0.040 	  -84.41 	 
1.856799990	  0.040 	  -83.49 	 
1.858999990	  0.041 	  -82.28 	 
1.861199990	  0.042 	  -80.79 	 
1.863399990	  0.042 	  -79.08 	 
1.865599990	  0.043 	  -77.17 	 
1.867799990	  0.044 	  -75.06 	 
1.869999990	  0.045 	  -72.65 	 
1.872199990	  0.046 	  -70.19 	 
1.874399990	  0.048 	  -67.66 	 
1.876599990	  0.049 	  -65.03 	 
1.878799990	  0.051 	  -62.49 	 
1.880999990	  0.053 	  -59.67 	 
1.883199990	  0.055 	  -57.03 	 
1.885399990	  0.056 	  -54.60 	 
1.887599990	  0.058 	  -52.06 	 
1.889799990	  0.060 	  -49.68 	 
1.891999990	  0.061 	  -47.46 	 
1.894199990	  0.063 	  -45.43 	 
1.896399990	  0.064 	  -43.58 	 
1.898599990	  0.066 	  -41.96 	 
1.900799990	  0.067 	  -40.60 	 
1.902999990	  0.069 	  -39.50 	 
1.905199990	  0.069 	  -38.67 	 
1.907399990	  0.069 	  -38.08 	 
1.909599990	  0.070 	  -37.77 	 
1.911799990	  0.071 	  -37.80 	 
1.913999990	  0.070 	  -38.04 	 
1.916199990	  0.071 	  -38.59 	 
1.918399990	  0.070 	  -39.40 	 
1.920599990	  0.070 	  -40.47 	 
1.922799990	  0.069 	  -41.98 	 
1.924999990	  0.068 	  -43.65 	 
1.927199990	  0.067 	  -45.38 	 
1.929399990	  0.067 	  -47.35 	 
1.931599990	  0.065 	  -49.71 	 
1.933799990	  0.064 	  -52.22 	 
1.935999990	  0.062 	  -54.66 	 
1.938199989	  0.061 	  -57.23 	 
1.940399989	  0.060 	  -59.77 	 
1.942599989	  0.057 	  -62.48 	 
1.944799989	  0.056 	  -65.14 	 
1.946999989	  0.053 	  -67.73 	 
1.949199989	  0.052 	  -70.14 	 
1.951399989	  0.050 	  -72.56 	 
1.953599989	  0.049 	  -74.87 	 
1.955799989	  0.047 	  -76.95 	 
1.957999989	  0.045 	  -78.89 	 
1.960199989	  0.044 	  -80.57 	 
1.962399989	  0.042 	  -82.03 	 
1.964599989	  0.042 	  -83.29 	 
1.966799989	  0.041 	  -84.29 	 
1.968999989	  0.041 	  -84.93 	 
1.971199989	  0.040 	  -85.39 	 
1.973399989	  0.040 	  -85.53 	 
1.975599989	  0.040 	  -85.37 	 
1.977799989	  0.040 	  -85.00 	 
1.979999989	  0.040 	  -84.36 	 
1.982199989	  0.041 	  -83.33 	 
1.984399989	  0.041 	  -82.11 	 
1.986599989	  0.041 	  -80.50 	 
1.988799989	  0.043 	  -78.71 	 
1.990999989	  0.043 	  -76.76 	 
1.993199989	  0.044 	  -74.61 	 
1.995399989	  0.045 	  -72.31 	 
1.997599989	  0.047 	  -69.78 	 
1.999799989	  0.048 	  -67.18 	 
2.001999989	  0.049 	  -64.53 	 
2.004199989	  0.052 	  -61.90 	 
2.006399989	  0.053 	  -59.34 	 
2.008599989	  0.055 	  -56.62 	 
2.010799989	  0.057 	  -54.03 	 
2.012999989	  0.059 	  -51.60 	 
2.015199989	  0.060 	  -49.23 	 
2.017399989	  0.062 	  -47.09 	 
2.019599989	  0.063 	  -45.06 	 
2.021799989	  0.064 	  -43.26 	 
2.023999989	  0.066 	  -41.69 	 
2.026199989	  0.067 	  -40.38 	 
2.028399989	  0.068 	  -39.33 	 
2.030599989	  0.069 	  -38.50 	 
2.032799989	  0.070 	  -37.97 	 
2.034999989	  0.070 	  -37.77 	 
2.037199989	  0.071 	  -37.79 	 
2.039399989	  0.070 	  -38.10 	 
2.041599989	  0.070 	  -38.69 	 
2.043799989	  0.070 	  -39.55 	 
2.045999989	  0.069 	  -40.82 	 
2.048199989	  0.068 	  -42.16 	 
2.050399989	  0.068 	  -43.80 	 
2.052599989	  0.067 	  -45.76 	 
2.054799989	  0.066 	  -47.97 	 
2.056999989	  0.065 	  -50.18 	 
2.059199989	  0.064 	  -52.56 	 
2.061399989	  0.062 	  -55.01 	 
2.063599989	  0.060 	  -57.58 	 
2.065799989	  0.060 	  -60.36 	 
2.067999989	  0.057 	  -62.95 	 
2.070199989	  0.055 	  -65.58 	 
2.072399989	  0.053 	  -68.11 	 
2.074599989	  0.051 	  -70.62 	 
2.076799989	  0.049 	  -72.97 	 
2.078999989	  0.048 	  -75.27 	 
2.081199989	  0.047 	  -77.31 	 
2.083399989	  0.046 	  -79.22 	 
2.085599989	  0.044 	  -80.83 	 
2.087799989	  0.043 	  -82.26 	 
2.089999989	  0.042 	  -83.45 	 
2.092199989	  0.041 	  -84.43 	 
2.094399989	  0.040 	  -85.01 	 
2.096599989	  0.040 	  -85.39 	 
2.098799989	  0.040 	  -85.48 	 
2.100999989	  0.039 	  -85.33 	 
2.103199989	  0.040 	  -84.82 	 
2.105399989	  0.040 	  -84.11 	 
2.107599989	  0.041 	  -83.07 	 
2.109799989	  0.041 	  -81.75 	 
2.111999989	  0.041 	  -80.19 	 
2.114199989	  0.043 	  -78.39 	 
2.116399989	  0.043 	  -76.43 	 
2.118599989	  0.044 	  -74.14 	 
2.120799989	  0.046 	  -71.78 	 
2.122999988	  0.047 	  -69.22 	 
2.125199988	  0.048 	  -66.68 	 
2.127399988	  0.050 	  -64.09 	 
2.129599988	  0.051 	  -61.47 	 
2.131799988	  0.053 	  -58.74 	 
2.133999988	  0.056 	  -56.13 	 
2.136199988	  0.057 	  -53.57 	 
2.138399988	  0.058 	  -51.17 	 
2.140599988	  0.060 	  -48.86 	 
2.142799988	  0.062 	  -46.67 	 
2.144999988	  0.064 	  -44.73 	 
2.147199988	  0.065 	  -43.03 	 
2.149399988	  0.067 	  -41.44 	 
2.151599988	  0.068 	  -40.15 	 
2.153799988	  0.068 	  -39.13 	 
2.155999988	  0.069 	  -38.40 	 
2.158199988	  0.070 	  -37.90 	 
2.160399988	  0.070 	  -37.71 	 
2.162599988	  0.070 	  -37.87 	 
2.164799988	  0.070 	  -38.21 	 
2.166999988	  0.070 	  -38.87 	 
2.169199988	  0.070 	  -39.74 	 
2.171399988	  0.069 	  -40.99 	 
2.173599988	  0.069 	  -42.57 	 
2.175799988	  0.068 	  -44.23 	 
2.177999988	  0.067 	  -46.05 	 
2.180199988	  0.065 	  -48.18 	 
2.182399988	  0.065 	  -50.57 	 
2.184599988	  0.063 	  -53.10 	 
2.186799988	  0.061 	  -55.63 	 
2.188999988	  0.060 	  -58.08 	 
2.191199988	  0.059 	  -60.76 	 
2.193399988	  0.057 	  -63.43 	 
2.195599988	  0.055 	  -66.04 	 
2.197799988	  0.053 	  -68.58 	 
2.199999988	  0.051 	  -70.99 	 
2.202199988	  0.049 	  -73.40 	 
2.204399988	  0.048 	  -75.64 	 
2.206599988	  0.046 	  -77.66 	 
2.208799988	  0.045 	  -79.44 	 
2.210999988	  0.044 	  -81.11 	 
2.213199988	  0.042 	  -82.54 	 
2.215399988	  0.042 	  -83.61 	 
2.217599988	  0.041 	  -84.46 	 
2.219799988	  0.040 	  -85.11 	 
2.221999988	  0.040 	  -85.42 	 
2.224199988	  0.040 	  -85.48 	 
2.226399988	  0.040 	  -85.23 	 
2.228599988	  0.040 	  -84.78 	 
2.230799988	  0.041 	  -83.92 	 
2.232999988	  0.040 	  -82.89 	 
2.235199988	  0.041 	  -81.47 	 
2.237399988	  0.041 	  -79.83 	 
2.239599988	  0.043 	  -78.01 	 
2.241799988	  0.043 	  -75.97 	 
2.243999988	  0.045 	  -73.80 	 
2.246199988	  0.046 	  -71.34 	 
2.248399988	  0.047 	  -68.75 	 
2.250599988	  0.048 	  -66.19 	 
