0.000000000	  0.165 	  -66.90 	 
0.002200000	  0.168 	  -64.27 	 
0.004400000	  0.172 	  -61.59 	 
0.006600000	  0.175 	  -58.90 	 
0.008800000	  0.178 	  -56.32 	 
0.011000000	  0.182 	  -53.69 	 
0.013200000	  0.185 	  -51.29 	 
0.015400000	  0.188 	  -48.97 	 
0.017600000	  0.191 	  -46.86 	 
0.019800000	  0.195 	  -44.82 	 
0.022000000	  0.198 	  -43.05 	 
0.024200000	  0.200 	  -41.52 	 
0.026400000	  0.203 	  -40.20 	 
0.028600000	  0.204 	  -39.23 	 
0.030800000	  0.207 	  -38.39 	 
0.033000000	  0.207 	  -37.92 	 
0.035200000	  0.208 	  -37.68 	 
0.037400000	  0.208 	  -37.79 	 
0.039600000	  0.209 	  -38.08 	 
0.041800000	  0.207 	  -38.71 	 
0.044000000	  0.207 	  -39.55 	 
0.046200000	  0.206 	  -40.75 	 
0.048400000	  0.204 	  -42.28 	 
0.050600000	  0.203 	  -44.02 	 
0.052800000	  0.200 	  -45.94 	 
0.055000000	  0.197 	  -47.95 	 
0.057200000	  0.195 	  -50.27 	 
0.059400000	  0.192 	  -52.69 	 
0.061600000	  0.188 	  -55.21 	 
0.063800000	  0.184 	  -57.84 	 
0.066000000	  0.182 	  -60.47 	 
0.068200000	  0.177 	  -63.19 	 
0.070400000	  0.175 	  -65.78 	 
0.072600000	  0.171 	  -68.36 	 
0.074800000	  0.168 	  -70.77 	 
0.077000000	  0.166 	  -73.19 	 
0.079200000	  0.163 	  -75.33 	 
0.081400000	  0.161 	  -77.44 	 
0.083600000	  0.159 	  -79.27 	 
0.085800000	  0.156 	  -80.99 	 
0.088000000	  0.154 	  -82.36 	 
0.090200000	  0.153 	  -83.55 	 
0.092399999	  0.152 	  -84.41 	 
0.094599999	  0.150 	  -85.06 	 
0.096799999	  0.150 	  -85.42 	 
0.098999999	  0.149 	  -85.37 	 
0.101199999	  0.149 	  -85.17 	 
0.103399999	  0.149 	  -84.69 	 
0.105599999	  0.150 	  -84.03 	 
0.107799999	  0.151 	  -82.91 	 
0.109999999	  0.152 	  -81.62 	 
0.112199999	  0.152 	  -80.06 	 
0.114399999	  0.154 	  -78.16 	 
0.116599999	  0.156 	  -76.12 	 
0.118799999	  0.158 	  -73.86 	 
0.120999999	  0.160 	  -71.44 	 
0.123199999	  0.163 	  -68.96 	 
0.125399999	  0.166 	  -66.42 	 
0.127599999	  0.169 	  -63.73 	 
0.129799999	  0.172 	  -61.11 	 
0.131999999	  0.175 	  -58.41 	 
0.134199999	  0.179 	  -55.82 	 
0.136399999	  0.183 	  -53.32 	 
0.138599999	  0.186 	  -50.82 	 
0.140799999	  0.189 	  -48.61 	 
0.142999999	  0.192 	  -46.42 	 
0.145199999	  0.195 	  -44.54 	 
0.147399999	  0.198 	  -42.70 	 
0.149599999	  0.201 	  -41.28 	 
0.151799999	  0.203 	  -39.93 	 
0.153999999	  0.205 	  -38.95 	 
0.156199999	  0.206 	  -38.22 	 
0.158399999	  0.208 	  -37.76 	 
0.160599999	  0.208 	  -37.63 	 
0.162799999	  0.208 	  -37.79 	 
0.164999999	  0.208 	  -38.16 	 
0.167199999	  0.208 	  -38.82 	 
0.169399999	  0.207 	  -39.78 	 
0.171599999	  0.206 	  -41.04 	 
0.173799999	  0.205 	  -42.61 	 
0.175999999	  0.202 	  -44.31 	 
0.178199999	  0.199 	  -46.16 	 
0.180399999	  0.197 	  -48.40 	 
0.182599999	  0.194 	  -50.66 	 
0.184799999	  0.191 	  -53.19 	 
0.186999999	  0.188 	  -55.68 	 
0.189199999	  0.184 	  -58.36 	 
0.191399999	  0.181 	  -60.97 	 
0.193599999	  0.178 	  -63.59 	 
0.195799999	  0.175 	  -66.30 	 
0.197999999	  0.171 	  -68.76 	 
0.200199999	  0.168 	  -71.23 	 
0.202399999	  0.165 	  -73.55 	 
0.204599999	  0.163 	  -75.79 	 
0.206799999	  0.159 	  -77.74 	 
0.208999999	  0.157 	  -79.60 	 
0.211199999	  0.155 	  -81.14 	 
0.213399999	  0.154 	  -82.52 	 
0.215599999	  0.152 	  -83.65 	 
0.217799999	  0.151 	  -84.53 	 
0.219999999	  0.151 	  -85.13 	 
0.222199999	  0.150 	  -85.41 	 
0.224399999	  0.149 	  -85.45 	 
0.226599999	  0.149 	  -85.13 	 
0.228799999	  0.149 	  -84.69 	 
0.230999999	  0.150 	  -83.85 	 
0.233199999	  0.151 	  -82.74 	 
0.235399999	  0.152 	  -81.37 	 
0.237599999	  0.153 	  -79.78 	 
0.239799999	  0.155 	  -77.87 	 
0.241999999	  0.156 	  -75.79 	 
0.244199999	  0.159 	  -73.54 	 
0.246399999	  0.160 	  -71.01 	 
0.248599999	  0.164 	  -68.51 	 
0.250799999	  0.166 	  -65.91 	 
0.252999999	  0.169 	  -63.21 	 
0.255199999	  0.172 	  -60.61 	 
0.257399999	  0.176 	  -57.90 	 
0.259599999	  0.179 	  -55.35 	 
0.261799999	  0.183 	  -52.82 	 
0.263999999	  0.186 	  -50.45 	 
0.266199999	  0.189 	  -48.17 	 
0.268399999	  0.192 	  -46.08 	 
0.270599999	  0.196 	  -44.16 	 
0.272799999	  0.199 	  -42.44 	 
0.274999999	  0.201 	  -41.01 	 
0.277199998	  0.204 	  -39.77 	 
0.279399998	  0.206 	  -38.84 	 
0.281599998	  0.206 	  -38.16 	 
0.283799998	  0.207 	  -37.81 	 
0.285999998	  0.208 	  -37.62 	 
0.288199998	  0.209 	  -37.86 	 
0.290399998	  0.208 	  -38.22 	 
0.292599998	  0.208 	  -38.95 	 
0.294799998	  0.207 	  -39.92 	 
0.296999998	  0.205 	  -41.26 	 
0.299199998	  0.204 	  -42.90 	 
0.301399998	  0.202 	  -44.61 	 
0.303599998	  0.200 	  -46.60 	 
0.305799998	  0.197 	  -48.85 	 
0.307999998	  0.194 	  -51.17 	 
0.310199998	  0.190 	  -53.61 	 
0.312399998	  0.187 	  -56.24 	 
0.314599998	  0.184 	  -58.81 	 
0.316799998	  0.180 	  -61.50 	 
0.318999998	  0.177 	  -64.02 	 
0.321199998	  0.173 	  -66.63 	 
0.323399998	  0.170 	  -69.15 	 
0.325599998	  0.168 	  -71.59 	 
0.327799998	  0.164 	  -74.01 	 
0.329999998	  0.161 	  -76.16 	 
0.332199998	  0.159 	  -78.15 	 
0.334399998	  0.156 	  -79.94 	 
0.336599998	  0.155 	  -81.51 	 
0.338799998	  0.153 	  -82.83 	 
0.340999998	  0.152 	  -83.94 	 
0.343199998	  0.151 	  -84.71 	 
0.345399998	  0.150 	  -85.24 	 
0.347599998	  0.150 	  -85.47 	 
0.349799998	  0.149 	  -85.40 	 
0.351999998	  0.149 	  -85.10 	 
0.354199998	  0.150 	  -84.52 	 
0.356399998	  0.150 	  -83.67 	 
0.358599998	  0.151 	  -82.43 	 
0.360799998	  0.152 	  -81.05 	 
0.362999998	  0.154 	  -79.32 	 
0.365199998	  0.155 	  -77.38 	 
0.367399998	  0.157 	  -75.31 	 
0.369599998	  0.159 	  -73.03 	 
0.371799998	  0.161 	  -70.62 	 
0.373999998	  0.164 	  -68.10 	 
0.376199998	  0.167 	  -65.51 	 
0.378399998	  0.170 	  -62.75 	 
0.380599998	  0.173 	  -60.10 	 
0.382799998	  0.176 	  -57.43 	 
0.384999998	  0.180 	  -54.89 	 
0.387199998	  0.183 	  -52.46 	 
0.389399998	  0.187 	  -50.05 	 
0.391599998	  0.190 	  -47.82 	 
0.393799998	  0.194 	  -45.69 	 
0.395999998	  0.197 	  -43.88 	 
0.398199998	  0.199 	  -42.11 	 
0.400399998	  0.202 	  -40.78 	 
0.402599998	  0.205 	  -39.57 	 
0.404799998	  0.205 	  -38.72 	 
0.406999998	  0.207 	  -38.06 	 
0.409199998	  0.208 	  -37.75 	 
0.411399998	  0.208 	  -37.66 	 
0.413599998	  0.208 	  -37.87 	 
0.415799998	  0.208 	  -38.36 	 
0.417999998	  0.208 	  -39.13 	 
0.420199998	  0.207 	  -40.27 	 
0.422399998	  0.205 	  -41.62 	 
0.424599998	  0.203 	  -43.21 	 
0.426799998	  0.201 	  -45.04 	 
0.428999998	  0.199 	  -47.00 	 
0.431199998	  0.196 	  -49.18 	 
0.433399998	  0.193 	  -51.68 	 
0.435599998	  0.189 	  -54.12 	 
0.437799998	  0.187 	  -56.60 	 
0.439999998	  0.183 	  -59.33 	 
0.442199998	  0.180 	  -61.87 	 
0.444399998	  0.176 	  -64.53 	 
0.446599998	  0.173 	  -67.11 	 
0.448799998	  0.170 	  -69.70 	 
0.450999998	  0.167 	  -72.08 	 
0.453199998	  0.164 	  -74.37 	 
0.455399998	  0.162 	  -76.54 	 
0.457599998	  0.159 	  -78.42 	 
0.459799998	  0.157 	  -80.28 	 
0.461999997	  0.155 	  -81.73 	 
0.464199997	  0.153 	  -83.10 	 
0.466399997	  0.152 	  -84.12 	 
0.468599997	  0.151 	  -84.81 	 
0.470799997	  0.150 	  -85.22 	 
0.472999997	  0.149 	  -85.39 	 
0.475199997	  0.149 	  -85.37 	 
0.477399997	  0.149 	  -84.92 	 
0.479599997	  0.149 	  -84.34 	 
0.481799997	  0.150 	  -83.39 	 
0.483999997	  0.151 	  -82.17 	 
0.486199997	  0.152 	  -80.69 	 
0.488399997	  0.153 	  -78.97 	 
0.490599997	  0.155 	  -76.98 	 
0.492799997	  0.157 	  -74.85 	 
0.494999997	  0.159 	  -72.59 	 
0.497199997	  0.162 	  -70.08 	 
0.499399997	  0.164 	  -67.61 	 
0.501599997	  0.167 	  -65.04 	 
0.503799997	  0.170 	  -62.34 	 
0.505999997	  0.173 	  -59.67 	 
0.508199997	  0.177 	  -57.01 	 
0.510399997	  0.181 	  -54.41 	 
0.512599997	  0.184 	  -51.95 	 
0.514799997	  0.187 	  -49.63 	 
0.516999997	  0.191 	  -47.41 	 
0.519199997	  0.194 	  -45.38 	 
0.521399997	  0.197 	  -43.53 	 
0.523599997	  0.199 	  -41.89 	 
0.525799997	  0.202 	  -40.53 	 
0.527999997	  0.204 	  -39.42 	 
0.530199997	  0.206 	  -38.58 	 
0.532399997	  0.207 	  -37.97 	 
0.534599997	  0.208 	  -37.70 	 
0.536799997	  0.208 	  -37.64 	 
0.538999997	  0.208 	  -37.95 	 
0.541199997	  0.208 	  -38.45 	 
0.543399997	  0.207 	  -39.33 	 
0.545599997	  0.206 	  -40.42 	 
0.547799997	  0.204 	  -41.89 	 
0.549999997	  0.203 	  -43.50 	 
0.552199997	  0.201 	  -45.37 	 
0.554399997	  0.198 	  -47.45 	 
0.556599997	  0.196 	  -49.62 	 
0.558799997	  0.192 	  -52.04 	 
0.560999997	  0.189 	  -54.55 	 
0.563199997	  0.186 	  -57.15 	 
0.565399997	  0.182 	  -59.80 	 
0.567599997	  0.179 	  -62.41 	 
0.569799997	  0.175 	  -65.03 	 
0.571999997	  0.172 	  -67.58 	 
0.574199997	  0.169 	  -70.07 	 
0.576399997	  0.166 	  -72.46 	 
0.578599997	  0.163 	  -74.81 	 
0.580799997	  0.161 	  -76.95 	 
0.582999997	  0.158 	  -78.83 	 
0.585199997	  0.156 	  -80.50 	 
0.587399997	  0.154 	  -82.01 	 
0.589599997	  0.152 	  -83.22 	 
0.591799997	  0.151 	  -84.14 	 
0.593999997	  0.150 	  -84.88 	 
0.596199997	  0.150 	  -85.31 	 
0.598399997	  0.149 	  -85.44 	 
0.600599997	  0.149 	  -85.30 	 
0.602799997	  0.149 	  -84.86 	 
0.604999997	  0.149 	  -84.24 	 
0.607199997	  0.150 	  -83.21 	 
0.609399997	  0.151 	  -81.97 	 
0.611599997	  0.152 	  -80.48 	 
0.613799997	  0.154 	  -78.62 	 
0.615999997	  0.155 	  -76.66 	 
0.618199997	  0.158 	  -74.48 	 
0.620399997	  0.160 	  -72.07 	 
0.622599997	  0.162 	  -69.60 	 
0.624799997	  0.164 	  -67.09 	 
0.626999997	  0.168 	  -64.53 	 
0.629199997	  0.171 	  -61.83 	 
0.631399997	  0.174 	  -59.14 	 
0.633599997	  0.178 	  -56.53 	 
0.635799997	  0.181 	  -53.94 	 
0.637999997	  0.184 	  -51.47 	 
0.640199997	  0.188 	  -49.14 	 
0.642399997	  0.191 	  -46.98 	 
0.644599997	  0.194 	  -44.97 	 
0.646799996	  0.198 	  -43.22 	 
0.648999996	  0.200 	  -41.62 	 
0.651199996	  0.203 	  -40.31 	 
0.653399996	  0.205 	  -39.21 	 
0.655599996	  0.206 	  -38.42 	 
0.657799996	  0.207 	  -37.87 	 
0.659999996	  0.208 	  -37.67 	 
0.662199996	  0.208 	  -37.74 	 
0.664399996	  0.209 	  -38.02 	 
0.666599996	  0.207 	  -38.66 	 
0.668799996	  0.207 	  -39.52 	 
0.670999996	  0.206 	  -40.71 	 
0.673199996	  0.204 	  -42.04 	 
0.675399996	  0.203 	  -43.71 	 
0.677599996	  0.200 	  -45.65 	 
0.679799996	  0.197 	  -47.72 	 
0.681999996	  0.195 	  -50.02 	 
0.684199996	  0.192 	  -52.56 	 
0.686399996	  0.189 	  -55.00 	 
0.688599996	  0.185 	  -57.65 	 
0.690799996	  0.182 	  -60.23 	 
0.692999996	  0.178 	  -62.82 	 
0.695199996	  0.175 	  -65.47 	 
0.697399996	  0.172 	  -67.97 	 
0.699599996	  0.168 	  -70.55 	 
0.701799996	  0.166 	  -72.86 	 
0.703999996	  0.162 	  -75.22 	 
0.706199996	  0.160 	  -77.24 	 
0.708399996	  0.158 	  -79.18 	 
0.710599996	  0.156 	  -80.83 	 
0.712799996	  0.154 	  -82.24 	 
0.714999996	  0.152 	  -83.39 	 
0.717199996	  0.152 	  -84.32 	 
0.719399996	  0.150 	  -84.93 	 
0.721599996	  0.149 	  -85.30 	 
0.723799996	  0.150 	  -85.37 	 
0.725999996	  0.149 	  -85.22 	 
0.728199996	  0.150 	  -84.76 	 
0.730399996	  0.150 	  -84.02 	 
0.732599996	  0.150 	  -82.98 	 
0.734799996	  0.152 	  -81.71 	 
0.736999996	  0.152 	  -80.13 	 
0.739199996	  0.154 	  -78.28 	 
0.741399996	  0.156 	  -76.19 	 
0.743599996	  0.158 	  -74.06 	 
0.745799996	  0.159 	  -71.65 	 
0.747999996	  0.162 	  -69.15 	 
0.750199996	  0.165 	  -66.63 	 
0.752399996	  0.168 	  -63.96 	 
0.754599996	  0.172 	  -61.32 	 
0.756799996	  0.175 	  -58.58 	 
0.758999996	  0.179 	  -56.03 	 
0.761199996	  0.181 	  -53.44 	 
0.763399996	  0.185 	  -51.06 	 
0.765599996	  0.188 	  -48.78 	 
0.767799996	  0.192 	  -46.62 	 
0.769999996	  0.195 	  -44.66 	 
0.772199996	  0.198 	  -42.83 	 
0.774399996	  0.201 	  -41.39 	 
0.776599996	  0.203 	  -40.02 	 
0.778799996	  0.205 	  -39.09 	 
0.780999996	  0.206 	  -38.28 	 
0.783199996	  0.207 	  -37.84 	 
0.785399996	  0.208 	  -37.62 	 
0.787599996	  0.208 	  -37.77 	 
0.789799996	  0.208 	  -38.06 	 
0.791999996	  0.208 	  -38.74 	 
0.794199996	  0.207 	  -39.73 	 
0.796399996	  0.206 	  -40.90 	 
0.798599996	  0.204 	  -42.48 	 
0.800799996	  0.202 	  -44.07 	 
0.802999996	  0.200 	  -46.01 	 
0.805199996	  0.197 	  -48.23 	 
0.807399996	  0.194 	  -50.48 	 
0.809599996	  0.191 	  -52.92 	 
0.811799996	  0.188 	  -55.54 	 
0.813999996	  0.184 	  -58.09 	 
0.816199996	  0.181 	  -60.68 	 
0.818399996	  0.178 	  -63.34 	 
0.820599996	  0.174 	  -65.93 	 
0.822799996	  0.171 	  -68.54 	 
0.824999996	  0.168 	  -70.91 	 
0.827199996	  0.165 	  -73.45 	 
0.829399996	  0.162 	  -75.56 	 
0.831599995	  0.160 	  -77.63 	 
0.833799995	  0.158 	  -79.49 	 
0.835999995	  0.155 	  -81.12 	 
0.838199995	  0.153 	  -82.52 	 
0.840399995	  0.152 	  -83.62 	 
0.842599995	  0.151 	  -84.46 	 
0.844799995	  0.150 	  -85.09 	 
0.846999995	  0.149 	  -85.37 	 
0.849199995	  0.149 	  -85.41 	 
0.851399995	  0.150 	  -85.15 	 
0.853599995	  0.149 	  -84.66 	 
0.855799995	  0.150 	  -83.84 	 
0.857999995	  0.151 	  -82.74 	 
0.860199995	  0.152 	  -81.39 	 
0.862399995	  0.153 	  -79.78 	 
0.864599995	  0.154 	  -77.92 	 
0.866799995	  0.156 	  -75.92 	 
0.868999995	  0.158 	  -73.71 	 
0.871199995	  0.160 	  -71.34 	 
0.873399995	  0.162 	  -68.86 	 
0.875599995	  0.166 	  -66.25 	 
0.877799995	  0.169 	  -63.58 	 
0.879999995	  0.172 	  -60.93 	 
0.882199995	  0.176 	  -58.20 	 
0.884399995	  0.179 	  -55.57 	 
0.886599995	  0.182 	  -53.06 	 
0.888799995	  0.186 	  -50.61 	 
0.890999995	  0.189 	  -48.35 	 
0.893199995	  0.193 	  -46.25 	 
0.895399995	  0.196 	  -44.32 	 
0.897599995	  0.198 	  -42.61 	 
0.899799995	  0.201 	  -41.09 	 
0.901999995	  0.203 	  -39.89 	 
0.904199995	  0.205 	  -38.85 	 
0.906399995	  0.206 	  -38.23 	 
0.908599995	  0.208 	  -37.83 	 
0.910799995	  0.208 	  -37.67 	 
0.912999995	  0.208 	  -37.84 	 
0.915199995	  0.208 	  -38.24 	 
0.917399995	  0.208 	  -38.95 	 
0.919599995	  0.206 	  -39.91 	 
0.921799995	  0.205 	  -41.15 	 
0.923999995	  0.204 	  -42.65 	 
0.926199995	  0.202 	  -44.46 	 
0.928399995	  0.199 	  -46.38 	 
0.930599995	  0.197 	  -48.66 	 
0.932799995	  0.194 	  -50.97 	 
0.934999995	  0.190 	  -53.40 	 
0.937199995	  0.187 	  -55.96 	 
0.939399995	  0.184 	  -58.49 	 
0.941599995	  0.181 	  -61.22 	 
0.943799995	  0.177 	  -63.79 	 
0.945999995	  0.174 	  -66.46 	 
0.948199995	  0.170 	  -68.99 	 
0.950399995	  0.168 	  -71.46 	 
0.952599995	  0.165 	  -73.91 	 
0.954799995	  0.162 	  -76.04 	 
0.956999995	  0.159 	  -78.02 	 
0.959199995	  0.157 	  -79.79 	 
0.961399995	  0.155 	  -81.39 	 
0.963599995	  0.154 	  -82.69 	 
0.965799995	  0.151 	  -83.86 	 
0.967999995	  0.151 	  -84.63 	 
0.970199995	  0.150 	  -85.22 	 
0.972399995	  0.149 	  -85.42 	 
0.974599995	  0.149 	  -85.40 	 
0.976799995	  0.149 	  -85.09 	 
0.978999995	  0.150 	  -84.54 	 
0.981199995	  0.150 	  -83.70 	 
0.983399995	  0.150 	  -82.52 	 
0.985599995	  0.152 	  -81.17 	 
0.987799995	  0.153 	  -79.50 	 
0.989999995	  0.154 	  -77.59 	 
0.992199995	  0.156 	  -75.61 	 
0.994399995	  0.159 	  -73.27 	 
0.996599995	  0.161 	  -70.80 	 
0.998799995	  0.164 	  -68.34 	 
1.000999995	  0.166 	  -65.65 	 
1.003199995	  0.169 	  -63.02 	 
1.005399995	  0.173 	  -60.33 	 
1.007599995	  0.176 	  -57.76 	 
1.009799995	  0.179 	  -55.15 	 
1.011999995	  0.183 	  -52.65 	 
1.014199995	  0.186 	  -50.28 	 
1.016399994	  0.190 	  -47.95 	 
1.018599994	  0.194 	  -45.92 	 
1.020799994	  0.196 	  -43.97 	 
1.022999994	  0.199 	  -42.31 	 
1.025199994	  0.201 	  -40.90 	 
1.027399994	  0.203 	  -39.70 	 
1.029599994	  0.205 	  -38.73 	 
1.031799994	  0.207 	  -38.13 	 
1.033999994	  0.207 	  -37.75 	 
1.036199994	  0.208 	  -37.66 	 
1.038399994	  0.208 	  -37.87 	 
1.040599994	  0.208 	  -38.30 	 
1.042799994	  0.207 	  -39.00 	 
1.044999994	  0.207 	  -40.09 	 
1.047199994	  0.205 	  -41.41 	 
1.049399994	  0.204 	  -43.04 	 
1.051599994	  0.201 	  -44.83 	 
1.053799994	  0.198 	  -46.84 	 
1.055999994	  0.196 	  -49.00 	 
1.058199994	  0.193 	  -51.36 	 
1.060399994	  0.190 	  -53.79 	 
1.062599994	  0.186 	  -56.40 	 
1.064799994	  0.183 	  -59.05 	 
1.066999994	  0.180 	  -61.70 	 
1.069199994	  0.176 	  -64.34 	 
1.071399994	  0.173 	  -66.94 	 
1.073599994	  0.170 	  -69.57 	 
1.075799994	  0.167 	  -71.86 	 
1.077999994	  0.164 	  -74.22 	 
1.080199994	  0.161 	  -76.30 	 
1.082399994	  0.159 	  -78.30 	 
1.084599994	  0.157 	  -80.04 	 
1.086799994	  0.155 	  -81.58 	 
1.088999994	  0.153 	  -82.89 	 
1.091199994	  0.151 	  -83.92 	 
1.093399994	  0.150 	  -84.69 	 
1.095599994	  0.149 	  -85.19 	 
1.097799994	  0.149 	  -85.42 	 
1.099999994	  0.149 	  -85.34 	 
1.102199994	  0.149 	  -85.04 	 
1.104399994	  0.150 	  -84.41 	 
1.106599994	  0.149 	  -83.51 	 
1.108799994	  0.151 	  -82.35 	 
1.110999994	  0.152 	  -80.83 	 
1.113199994	  0.153 	  -79.19 	 
1.115399994	  0.155 	  -77.19 	 
1.117599994	  0.157 	  -75.14 	 
1.119799994	  0.158 	  -72.91 	 
1.121999994	  0.161 	  -70.39 	 
1.124199994	  0.164 	  -67.84 	 
1.126399994	  0.167 	  -65.19 	 
1.128599994	  0.170 	  -62.49 	 
1.130799994	  0.173 	  -59.88 	 
1.132999994	  0.176 	  -57.26 	 
1.135199994	  0.180 	  -54.65 	 
1.137399994	  0.183 	  -52.15 	 
1.139599994	  0.186 	  -49.80 	 
1.141799994	  0.190 	  -47.55 	 
1.143999994	  0.194 	  -45.50 	 
1.146199994	  0.197 	  -43.66 	 
1.148399994	  0.199 	  -42.03 	 
1.150599994	  0.202 	  -40.59 	 
1.152799994	  0.204 	  -39.50 	 
1.154999994	  0.206 	  -38.59 	 
1.157199994	  0.206 	  -38.01 	 
1.159399994	  0.207 	  -37.78 	 
1.161599994	  0.208 	  -37.68 	 
1.163799994	  0.209 	  -37.94 	 
1.165999994	  0.208 	  -38.43 	 
1.168199994	  0.207 	  -39.22 	 
1.170399994	  0.206 	  -40.24 	 
1.172599994	  0.205 	  -41.60 	 
1.174799994	  0.203 	  -43.23 	 
1.176999994	  0.201 	  -45.22 	 
1.179199994	  0.198 	  -47.24 	 
1.181399994	  0.195 	  -49.48 	 
1.183599994	  0.192 	  -51.77 	 
1.185799994	  0.189 	  -54.30 	 
1.187999994	  0.186 	  -56.90 	 
1.190199994	  0.182 	  -59.49 	 
1.192399994	  0.179 	  -62.21 	 
1.194599994	  0.175 	  -64.75 	 
1.196799994	  0.173 	  -67.35 	 
1.198999994	  0.169 	  -69.87 	 
1.201199993	  0.166 	  -72.29 	 
1.203399993	  0.163 	  -74.63 	 
1.205599993	  0.161 	  -76.76 	 
1.207799993	  0.158 	  -78.63 	 
1.209999993	  0.156 	  -80.36 	 
1.212199993	  0.154 	  -81.92 	 
1.214399993	  0.153 	  -83.13 	 
1.216599993	  0.151 	  -84.14 	 
1.218799993	  0.150 	  -84.83 	 
1.220999993	  0.149 	  -85.38 	 
1.223199993	  0.149 	  -85.45 	 
1.225399993	  0.149 	  -85.37 	 
1.227599993	  0.149 	  -84.95 	 
1.229799993	  0.149 	  -84.28 	 
1.231999993	  0.150 	  -83.40 	 
1.234199993	  0.151 	  -82.08 	 
1.236399993	  0.152 	  -80.57 	 
1.238599993	  0.154 	  -78.90 	 
1.240799993	  0.155 	  -76.88 	 
1.242999993	  0.157 	  -74.75 	 
1.245199993	  0.159 	  -72.45 	 
1.247399993	  0.162 	  -69.90 	 
1.249599993	  0.165 	  -67.36 	 
1.251799993	  0.167 	  -64.77 	 
1.253999993	  0.171 	  -62.06 	 
1.256199993	  0.173 	  -59.39 	 
1.258399993	  0.177 	  -56.69 	 
1.260599993	  0.181 	  -54.14 	 
1.262799993	  0.184 	  -51.65 	 
1.264999993	  0.188 	  -49.41 	 
1.267199993	  0.191 	  -47.19 	 
1.269399993	  0.194 	  -45.20 	 
1.271599993	  0.196 	  -43.33 	 
1.273799993	  0.200 	  -41.74 	 
1.275999993	  0.202 	  -40.38 	 
1.278199993	  0.204 	  -39.33 	 
1.280399993	  0.206 	  -38.52 	 
1.282599993	  0.208 	  -37.92 	 
1.284799993	  0.208 	  -37.76 	 
1.286999993	  0.208 	  -37.70 	 
1.289199993	  0.208 	  -38.03 	 
1.291399993	  0.207 	  -38.52 	 
1.293599993	  0.207 	  -39.42 	 
1.295799993	  0.206 	  -40.48 	 
1.297999993	  0.205 	  -41.87 	 
1.300199993	  0.203 	  -43.64 	 
1.302399993	  0.201 	  -45.48 	 
1.304599993	  0.198 	  -47.65 	 
1.306799993	  0.194 	  -49.89 	 
1.308999993	  0.191 	  -52.30 	 
1.311199993	  0.189 	  -54.78 	 
1.313399993	  0.185 	  -57.34 	 
1.315599993	  0.182 	  -59.97 	 
1.317799993	  0.178 	  -62.63 	 
1.319999993	  0.175 	  -65.25 	 
1.322199993	  0.172 	  -67.82 	 
1.324399993	  0.169 	  -70.38 	 
1.326599993	  0.166 	  -72.73 	 
1.328799993	  0.163 	  -74.98 	 
1.330999993	  0.160 	  -77.07 	 
1.333199993	  0.158 	  -79.04 	 
1.335399993	  0.156 	  -80.66 	 
1.337599993	  0.153 	  -82.14 	 
1.339799993	  0.152 	  -83.27 	 
1.341999993	  0.152 	  -84.30 	 
1.344199993	  0.150 	  -84.97 	 
1.346399993	  0.149 	  -85.35 	 
1.348599993	  0.149 	  -85.42 	 
1.350799993	  0.149 	  -85.31 	 
1.352999993	  0.149 	  -84.85 	 
1.355199993	  0.150 	  -84.11 	 
1.357399993	  0.150 	  -83.13 	 
1.359599993	  0.151 	  -81.86 	 
1.361799993	  0.152 	  -80.23 	 
1.363999993	  0.154 	  -78.51 	 
1.366199993	  0.155 	  -76.45 	 
1.368399993	  0.158 	  -74.24 	 
1.370599993	  0.159 	  -71.91 	 
1.372799993	  0.162 	  -69.49 	 
1.374999993	  0.166 	  -66.88 	 
1.377199993	  0.168 	  -64.29 	 
1.379399993	  0.171 	  -61.67 	 
1.381599993	  0.174 	  -58.94 	 
1.383799993	  0.177 	  -56.38 	 
1.385999992	  0.181 	  -53.76 	 
1.388199992	  0.185 	  -51.29 	 
1.390399992	  0.188 	  -48.94 	 
1.392599992	  0.191 	  -46.84 	 
1.394799992	  0.195 	  -44.78 	 
1.396999992	  0.198 	  -43.06 	 
1.399199992	  0.200 	  -41.48 	 
1.401399992	  0.202 	  -40.20 	 
1.403599992	  0.204 	  -39.19 	 
1.405799992	  0.205 	  -38.42 	 
1.407999992	  0.207 	  -37.95 	 
1.410199992	  0.208 	  -37.69 	 
1.412399992	  0.208 	  -37.81 	 
1.414599992	  0.208 	  -38.06 	 
1.416799992	  0.207 	  -38.72 	 
1.418999992	  0.207 	  -39.57 	 
1.421199992	  0.206 	  -40.78 	 
1.423399992	  0.204 	  -42.28 	 
1.425599992	  0.202 	  -44.04 	 
1.427799992	  0.200 	  -45.92 	 
1.429999992	  0.197 	  -48.03 	 
1.432199992	  0.194 	  -50.30 	 
1.434399992	  0.192 	  -52.63 	 
1.436599992	  0.188 	  -55.30 	 
1.438799992	  0.184 	  -57.82 	 
1.440999992	  0.182 	  -60.52 	 
1.443199992	  0.178 	  -63.13 	 
1.445399992	  0.174 	  -65.71 	 
1.447599992	  0.171 	  -68.29 	 
1.449799992	  0.168 	  -70.76 	 
1.451999992	  0.165 	  -73.21 	 
1.454199992	  0.162 	  -75.34 	 
1.456399992	  0.160 	  -77.42 	 
1.458599992	  0.158 	  -79.32 	 
1.460799992	  0.156 	  -80.96 	 
1.462999992	  0.153 	  -82.41 	 
1.465199992	  0.152 	  -83.55 	 
1.467399992	  0.151 	  -84.41 	 
1.469599992	  0.150 	  -85.03 	 
1.471799992	  0.149 	  -85.39 	 
1.473999992	  0.149 	  -85.36 	 
1.476199992	  0.149 	  -85.19 	 
1.478399992	  0.150 	  -84.67 	 
1.480599992	  0.149 	  -83.96 	 
1.482799992	  0.150 	  -82.85 	 
1.484999992	  0.151 	  -81.57 	 
1.487199992	  0.153 	  -79.96 	 
1.489399992	  0.154 	  -78.12 	 
1.491599992	  0.156 	  -76.14 	 
1.493799992	  0.158 	  -73.90 	 
1.495999992	  0.160 	  -71.52 	 
1.498199992	  0.162 	  -69.06 	 
1.500399992	  0.165 	  -66.46 	 
1.502599992	  0.169 	  -63.74 	 
1.504799992	  0.172 	  -61.11 	 
1.506999992	  0.175 	  -58.42 	 
1.509199992	  0.178 	  -55.80 	 
1.511399992	  0.182 	  -53.33 	 
1.513599992	  0.185 	  -50.83 	 
1.515799992	  0.189 	  -48.63 	 
1.517999992	  0.192 	  -46.45 	 
1.520199992	  0.195 	  -44.51 	 
1.522399992	  0.198 	  -42.70 	 
1.524599992	  0.201 	  -41.27 	 
1.526799992	  0.203 	  -39.96 	 
1.528999992	  0.205 	  -38.99 	 
1.531199992	  0.205 	  -38.27 	 
1.533399992	  0.207 	  -37.83 	 
1.535599992	  0.208 	  -37.65 	 
1.537799992	  0.208 	  -37.82 	 
1.539999992	  0.208 	  -38.14 	 
1.542199992	  0.208 	  -38.81 	 
1.544399992	  0.206 	  -39.87 	 
1.546599992	  0.205 	  -41.09 	 
1.548799992	  0.203 	  -42.57 	 
1.550999992	  0.202 	  -44.27 	 
1.553199992	  0.199 	  -46.24 	 
1.555399992	  0.197 	  -48.44 	 
1.557599992	  0.194 	  -50.77 	 
1.559799992	  0.191 	  -53.21 	 
1.561999992	  0.187 	  -55.65 	 
1.564199992	  0.183 	  -58.39 	 
1.566399992	  0.180 	  -60.92 	 
1.568599992	  0.177 	  -63.64 	 
1.570799991	  0.174 	  -66.23 	 
1.572999991	  0.171 	  -68.77 	 
1.575199991	  0.168 	  -71.23 	 
1.577399991	  0.165 	  -73.55 	 
1.579599991	  0.161 	  -75.84 	 
1.581799991	  0.159 	  -77.76 	 
1.583999991	  0.158 	  -79.67 	 
1.586199991	  0.155 	  -81.21 	 
1.588399991	  0.153 	  -82.62 	 
1.590599991	  0.152 	  -83.73 	 
1.592799991	  0.151 	  -84.53 	 
1.594999991	  0.150 	  -85.11 	 
1.597199991	  0.149 	  -85.39 	 
1.599399991	  0.149 	  -85.39 	 
1.601599991	  0.149 	  -85.13 	 
1.603799991	  0.149 	  -84.71 	 
1.605999991	  0.149 	  -83.81 	 
1.608199991	  0.150 	  -82.71 	 
1.610399991	  0.151 	  -81.40 	 
1.612599991	  0.153 	  -79.68 	 
1.614799991	  0.155 	  -77.83 	 
1.616999991	  0.157 	  -75.76 	 
1.619199991	  0.158 	  -73.58 	 
1.621399991	  0.161 	  -71.02 	 
1.623599991	  0.163 	  -68.48 	 
1.625799991	  0.166 	  -65.90 	 
1.627999991	  0.169 	  -63.21 	 
1.630199991	  0.172 	  -60.63 	 
1.632399991	  0.176 	  -57.96 	 
1.634599991	  0.179 	  -55.36 	 
1.636799991	  0.182 	  -52.80 	 
1.638999991	  0.186 	  -50.41 	 
1.641199991	  0.189 	  -48.09 	 
1.643399991	  0.193 	  -46.08 	 
1.645599991	  0.196 	  -44.13 	 
1.647799991	  0.199 	  -42.43 	 
1.649999991	  0.200 	  -40.97 	 
1.652199991	  0.203 	  -39.75 	 
1.654399991	  0.205 	  -38.81 	 
1.656599991	  0.207 	  -38.14 	 
1.658799991	  0.207 	  -37.79 	 
1.660999991	  0.208 	  -37.64 	 
1.663199991	  0.208 	  -37.88 	 
1.665399991	  0.208 	  -38.26 	 
1.667599991	  0.207 	  -38.97 	 
1.669799991	  0.206 	  -39.95 	 
1.671999991	  0.205 	  -41.26 	 
1.674199991	  0.204 	  -42.72 	 
1.676399991	  0.202 	  -44.55 	 
1.678599991	  0.199 	  -46.68 	 
1.680799991	  0.196 	  -48.76 	 
1.682999991	  0.193 	  -51.18 	 
1.685199991	  0.190 	  -53.67 	 
1.687399991	  0.187 	  -56.12 	 
1.689599991	  0.183 	  -58.77 	 
1.691799991	  0.180 	  -61.42 	 
1.693999991	  0.176 	  -63.99 	 
1.696199991	  0.172 	  -66.67 	 
1.698399991	  0.170 	  -69.21 	 
1.700599991	  0.167 	  -71.77 	 
1.702799991	  0.164 	  -74.04 	 
1.704999991	  0.161 	  -76.20 	 
1.707199991	  0.159 	  -78.14 	 
1.709399991	  0.157 	  -79.89 	 
1.711599991	  0.154 	  -81.47 	 
1.713799991	  0.153 	  -82.77 	 
1.715999991	  0.151 	  -83.88 	 
1.718199991	  0.150 	  -84.67 	 
1.720399991	  0.150 	  -85.16 	 
1.722599991	  0.149 	  -85.44 	 
1.724799991	  0.149 	  -85.44 	 
1.726999991	  0.149 	  -85.09 	 
1.729199991	  0.149 	  -84.51 	 
1.731399991	  0.150 	  -83.71 	 
1.733599991	  0.150 	  -82.48 	 
1.735799991	  0.152 	  -81.01 	 
1.737999991	  0.153 	  -79.31 	 
1.740199991	  0.155 	  -77.39 	 
1.742399991	  0.157 	  -75.23 	 
1.744599991	  0.158 	  -72.99 	 
1.746799991	  0.161 	  -70.60 	 
1.748999991	  0.163 	  -68.01 	 
1.751199991	  0.166 	  -65.49 	 
1.753399990	  0.169 	  -62.84 	 
1.755599990	  0.173 	  -60.14 	 
1.757799990	  0.176 	  -57.52 	 
1.759999990	  0.179 	  -54.86 	 
1.762199990	  0.183 	  -52.36 	 
1.764399990	  0.187 	  -49.97 	 
1.766599990	  0.190 	  -47.74 	 
1.768799990	  0.193 	  -45.68 	 
1.770999990	  0.196 	  -43.83 	 
1.773199990	  0.199 	  -42.13 	 
1.775399990	  0.201 	  -40.73 	 
1.777599990	  0.204 	  -39.61 	 
1.779799990	  0.205 	  -38.69 	 
1.781999990	  0.206 	  -38.09 	 
1.784199990	  0.208 	  -37.73 	 
1.786399990	  0.208 	  -37.70 	 
1.788599990	  0.208 	  -37.88 	 
1.790799990	  0.208 	  -38.39 	 
1.792999990	  0.207 	  -39.08 	 
1.795199990	  0.206 	  -40.16 	 
1.797399990	  0.205 	  -41.44 	 
1.799599990	  0.204 	  -43.13 	 
1.801799990	  0.201 	  -44.99 	 
1.803999990	  0.198 	  -47.00 	 
1.806199990	  0.195 	  -49.23 	 
1.808399990	  0.192 	  -51.57 	 
1.810599990	  0.189 	  -54.01 	 
1.812799990	  0.186 	  -56.58 	 
1.814999990	  0.183 	  -59.31 	 
1.817199990	  0.179 	  -61.88 	 
1.819399990	  0.175 	  -64.59 	 
1.821599990	  0.172 	  -67.11 	 
1.823799990	  0.169 	  -69.70 	 
1.825999990	  0.166 	  -72.06 	 
1.828199990	  0.163 	  -74.39 	 
1.830399990	  0.161 	  -76.54 	 
1.832599990	  0.158 	  -78.44 	 
1.834799990	  0.156 	  -80.24 	 
1.836999990	  0.154 	  -81.74 	 
1.839199990	  0.152 	  -83.00 	 
1.841399990	  0.151 	  -84.10 	 
1.843599990	  0.150 	  -84.82 	 
1.845799990	  0.149 	  -85.32 	 
1.847999990	  0.149 	  -85.46 	 
1.850199990	  0.149 	  -85.39 	 
1.852399990	  0.149 	  -84.99 	 
1.854599990	  0.149 	  -84.37 	 
1.856799990	  0.150 	  -83.52 	 
1.858999990	  0.151 	  -82.28 	 
1.861199990	  0.151 	  -80.81 	 
1.863399990	  0.153 	  -79.12 	 
1.865599990	  0.155 	  -77.06 	 
1.867799990	  0.157 	  -74.87 	 
1.869999990	  0.158 	  -72.64 	 
1.872199990	  0.162 	  -70.07 	 
1.874399990	  0.164 	  -67.51 	 
1.876599990	  0.167 	  -64.93 	 
1.878799990	  0.170 	  -62.29 	 
1.880999990	  0.173 	  -59.66 	 
1.883199990	  0.176 	  -57.03 	 
1.885399990	  0.179 	  -54.43 	 
1.887599990	  0.184 	  -51.89 	 
1.889799990	  0.187 	  -49.59 	 
1.891999990	  0.190 	  -47.31 	 
1.894199990	  0.194 	  -45.34 	 
1.896399990	  0.197 	  -43.49 	 
1.898599990	  0.199 	  -41.89 	 
1.900799990	  0.202 	  -40.46 	 
1.902999990	  0.204 	  -39.41 	 
1.905199990	  0.205 	  -38.52 	 
1.907399990	  0.207 	  -37.99 	 
1.909599990	  0.208 	  -37.72 	 
1.911799990	  0.208 	  -37.68 	 
1.913999990	  0.207 	  -37.97 	 
1.916199990	  0.208 	  -38.48 	 
1.918399990	  0.207 	  -39.36 	 
1.920599990	  0.206 	  -40.42 	 
1.922799990	  0.204 	  -41.84 	 
1.924999990	  0.203 	  -43.38 	 
1.927199990	  0.201 	  -45.32 	 
1.929399990	  0.198 	  -47.44 	 
1.931599990	  0.195 	  -49.60 	 
1.933799990	  0.192 	  -52.02 	 
1.935999990	  0.188 	  -54.61 	 
1.938199989	  0.185 	  -57.08 	 
1.940399989	  0.182 	  -59.68 	 
1.942599989	  0.178 	  -62.41 	 
1.944799989	  0.175 	  -64.97 	 
1.946999989	  0.172 	  -67.61 	 
1.949199989	  0.168 	  -70.16 	 
1.951399989	  0.166 	  -72.55 	 
1.953599989	  0.163 	  -74.77 	 
1.955799989	  0.160 	  -76.88 	 
1.957999989	  0.158 	  -78.75 	 
1.960199989	  0.156 	  -80.40 	 
1.962399989	  0.154 	  -81.92 	 
1.964599989	  0.152 	  -83.21 	 
1.966799989	  0.151 	  -84.19 	 
1.968999989	  0.150 	  -84.88 	 
1.971199989	  0.150 	  -85.30 	 
1.973399989	  0.149 	  -85.43 	 
1.975599989	  0.148 	  -85.30 	 
1.977799989	  0.149 	  -84.89 	 
1.979999989	  0.149 	  -84.22 	 
1.982199989	  0.150 	  -83.25 	 
1.984399989	  0.151 	  -82.07 	 
1.986599989	  0.151 	  -80.48 	 
1.988799989	  0.153 	  -78.69 	 
1.990999989	  0.155 	  -76.79 	 
1.993199989	  0.157 	  -74.48 	 
1.995399989	  0.159 	  -72.16 	 
1.997599989	  0.162 	  -69.65 	 
1.999799989	  0.164 	  -67.01 	 
2.001999989	  0.167 	  -64.44 	 
2.004199989	  0.170 	  -61.79 	 
2.006399989	  0.174 	  -59.19 	 
2.008599989	  0.177 	  -56.60 	 
2.010799989	  0.181 	  -54.00 	 
2.012999989	  0.184 	  -51.51 	 
2.015199989	  0.188 	  -49.12 	 
2.017399989	  0.191 	  -46.96 	 
2.019599989	  0.195 	  -44.93 	 
2.021799989	  0.197 	  -43.22 	 
2.023999989	  0.199 	  -41.63 	 
2.026199989	  0.202 	  -40.29 	 
2.028399989	  0.204 	  -39.19 	 
2.030599989	  0.206 	  -38.43 	 
2.032799989	  0.207 	  -37.88 	 
2.034999989	  0.207 	  -37.66 	 
2.037199989	  0.207 	  -37.75 	 
2.039399989	  0.208 	  -38.01 	 
2.041599989	  0.207 	  -38.69 	 
2.043799989	  0.206 	  -39.50 	 
2.045999989	  0.206 	  -40.63 	 
2.048199989	  0.204 	  -41.99 	 
2.050399989	  0.202 	  -43.76 	 
2.052599989	  0.200 	  -45.65 	 
2.054799989	  0.197 	  -47.85 	 
2.056999989	  0.194 	  -50.12 	 
2.059199989	  0.191 	  -52.48 	 
2.061399989	  0.188 	  -55.08 	 
2.063599989	  0.184 	  -57.54 	 
2.065799989	  0.182 	  -60.23 	 
2.067999989	  0.178 	  -62.80 	 
2.070199989	  0.175 	  -65.45 	 
2.072399989	  0.172 	  -67.99 	 
2.074599989	  0.168 	  -70.53 	 
2.076799989	  0.165 	  -72.97 	 
2.078999989	  0.162 	  -75.22 	 
2.081199989	  0.160 	  -77.26 	 
2.083399989	  0.158 	  -79.18 	 
2.085599989	  0.155 	  -80.74 	 
2.087799989	  0.153 	  -82.22 	 
2.089999989	  0.152 	  -83.38 	 
2.092199989	  0.151 	  -84.30 	 
2.094399989	  0.150 	  -84.97 	 
2.096599989	  0.149 	  -85.38 	 
2.098799989	  0.149 	  -85.42 	 
2.100999989	  0.149 	  -85.27 	 
2.103199989	  0.149 	  -84.81 	 
2.105399989	  0.149 	  -84.08 	 
2.107599989	  0.150 	  -83.03 	 
2.109799989	  0.151 	  -81.73 	 
2.111999989	  0.152 	  -80.11 	 
2.114199989	  0.153 	  -78.23 	 
2.116399989	  0.155 	  -76.23 	 
2.118599989	  0.157 	  -74.06 	 
2.120799989	  0.160 	  -71.70 	 
2.122999988	  0.162 	  -69.24 	 
2.125199988	  0.165 	  -66.69 	 
2.127399988	  0.168 	  -63.98 	 
2.129599988	  0.172 	  -61.34 	 
2.131799988	  0.174 	  -58.57 	 
2.133999988	  0.177 	  -56.02 	 
2.136199988	  0.181 	  -53.51 	 
2.138399988	  0.184 	  -51.08 	 
2.140599988	  0.188 	  -48.80 	 
2.142799988	  0.192 	  -46.61 	 
2.144999988	  0.195 	  -44.64 	 
2.147199988	  0.198 	  -42.81 	 
2.149399988	  0.200 	  -41.35 	 
2.151599988	  0.202 	  -39.99 	 
2.153799988	  0.204 	  -39.04 	 
2.155999988	  0.206 	  -38.30 	 
2.158199988	  0.207 	  -37.88 	 
2.160399988	  0.208 	  -37.63 	 
2.162599988	  0.208 	  -37.77 	 
2.164799988	  0.208 	  -38.06 	 
2.166999988	  0.207 	  -38.73 	 
2.169199988	  0.206 	  -39.65 	 
2.171399988	  0.206 	  -40.84 	 
2.173599988	  0.204 	  -42.44 	 
2.175799988	  0.201 	  -44.11 	 
2.177999988	  0.199 	  -46.03 	 
2.180199988	  0.197 	  -48.19 	 
2.182399988	  0.194 	  -50.50 	 
2.184599988	  0.190 	  -52.89 	 
2.186799988	  0.187 	  -55.41 	 
2.188999988	  0.184 	  -58.06 	 
2.191199988	  0.180 	  -60.66 	 
2.193399988	  0.177 	  -63.33 	 
2.195599988	  0.174 	  -65.97 	 
2.197799988	  0.171 	  -68.54 	 
2.199999988	  0.168 	  -71.05 	 
2.202199988	  0.165 	  -73.41 	 
2.204399988	  0.162 	  -75.57 	 
2.206599988	  0.159 	  -77.57 	 
2.208799988	  0.157 	  -79.47 	 
2.210999988	  0.155 	  -81.01 	 
2.213199988	  0.153 	  -82.41 	 
2.215399988	  0.151 	  -83.58 	 
2.217599988	  0.150 	  -84.50 	 
2.219799988	  0.149 	  -85.03 	 
2.221999988	  0.149 	  -85.42 	 
2.224199988	  0.149 	  -85.40 	 
2.226399988	  0.148 	  -85.17 	 
2.228599988	  0.148 	  -84.66 	 
2.230799988	  0.150 	  -83.88 	 
2.232999988	  0.150 	  -82.81 	 
2.235199988	  0.151 	  -81.54 	 
2.237399988	  0.152 	  -79.85 	 
2.239599988	  0.153 	  -77.94 	 
2.241799988	  0.156 	  -75.90 	 
2.243999988	  0.158 	  -73.56 	 
2.246199988	  0.160 	  -71.21 	 
2.248399988	  0.162 	  -68.74 	 
2.250599988	  0.165 	  -66.11 	 
