0.000000000	 -0.284 	  -67.06 	 
0.002200000	 -0.282 	  -64.39 	 
0.004400000	 -0.280 	  -61.77 	 
0.006600000	 -0.276 	  -59.09 	 
0.008800000	 -0.274 	  -56.38 	 
0.011000000	 -0.271 	  -53.83 	 
0.013200000	 -0.269 	  -51.38 	 
0.015400000	 -0.266 	  -49.04 	 
0.017600000	 -0.264 	  -46.89 	 
0.019800000	 -0.261 	  -44.93 	 
0.022000000	 -0.259 	  -43.19 	 
0.024200000	 -0.257 	  -41.58 	 
0.026400000	 -0.256 	  -40.32 	 
0.028600000	 -0.254 	  -39.25 	 
0.030800000	 -0.253 	  -38.46 	 
0.033000000	 -0.252 	  -38.03 	 
0.035200000	 -0.251 	  -37.77 	 
0.037400000	 -0.251 	  -37.86 	 
0.039600000	 -0.251 	  -38.26 	 
0.041800000	 -0.251 	  -38.81 	 
0.044000000	 -0.252 	  -39.74 	 
0.046200000	 -0.253 	  -40.92 	 
0.048400000	 -0.254 	  -42.33 	 
0.050600000	 -0.255 	  -44.02 	 
0.052800000	 -0.256 	  -45.96 	 
0.055000000	 -0.258 	  -48.05 	 
0.057200000	 -0.260 	  -50.37 	 
0.059400000	 -0.262 	  -52.83 	 
0.061600000	 -0.264 	  -55.42 	 
0.063800000	 -0.266 	  -57.98 	 
0.066000000	 -0.269 	  -60.72 	 
0.068200000	 -0.272 	  -63.30 	 
0.070400000	 -0.275 	  -65.91 	 
0.072600000	 -0.277 	  -68.47 	 
0.074800000	 -0.280 	  -70.91 	 
0.077000000	 -0.282 	  -73.29 	 
0.079200000	 -0.284 	  -75.52 	 
0.081400000	 -0.287 	  -77.57 	 
0.083600000	 -0.289 	  -79.40 	 
0.085800000	 -0.291 	  -81.12 	 
0.088000000	 -0.292 	  -82.44 	 
0.090200000	 -0.294 	  -83.62 	 
0.092399999	 -0.295 	  -84.53 	 
0.094599999	 -0.295 	  -85.13 	 
0.096799999	 -0.296 	  -85.47 	 
0.098999999	 -0.297 	  -85.50 	 
0.101199999	 -0.297 	  -85.37 	 
0.103399999	 -0.296 	  -84.86 	 
0.105599999	 -0.296 	  -84.12 	 
0.107799999	 -0.295 	  -83.01 	 
0.109999999	 -0.295 	  -81.67 	 
0.112199999	 -0.294 	  -80.09 	 
0.114399999	 -0.292 	  -78.21 	 
0.116599999	 -0.291 	  -76.17 	 
0.118799999	 -0.289 	  -73.95 	 
0.120999999	 -0.287 	  -71.66 	 
0.123199999	 -0.286 	  -69.09 	 
0.125399999	 -0.284 	  -66.56 	 
0.127599999	 -0.281 	  -63.84 	 
0.129799999	 -0.279 	  -61.19 	 
0.131999999	 -0.277 	  -58.54 	 
0.134199999	 -0.274 	  -55.87 	 
0.136399999	 -0.271 	  -53.38 	 
0.138599999	 -0.269 	  -50.94 	 
0.140799999	 -0.266 	  -48.66 	 
0.142999999	 -0.264 	  -46.51 	 
0.145199999	 -0.261 	  -44.58 	 
0.147399999	 -0.259 	  -42.81 	 
0.149599999	 -0.257 	  -41.30 	 
0.151799999	 -0.255 	  -40.08 	 
0.153999999	 -0.253 	  -39.07 	 
0.156199999	 -0.254 	  -38.31 	 
0.158399999	 -0.252 	  -37.95 	 
0.160599999	 -0.251 	  -37.76 	 
0.162799999	 -0.250 	  -37.84 	 
0.164999999	 -0.251 	  -38.27 	 
0.167199999	 -0.252 	  -38.91 	 
0.169399999	 -0.251 	  -39.93 	 
0.171599999	 -0.253 	  -41.17 	 
0.173799999	 -0.254 	  -42.72 	 
0.175999999	 -0.255 	  -44.44 	 
0.178199999	 -0.256 	  -46.45 	 
0.180399999	 -0.257 	  -48.53 	 
0.182599999	 -0.260 	  -50.84 	 
0.184799999	 -0.262 	  -53.29 	 
0.186999999	 -0.264 	  -55.81 	 
0.189199999	 -0.266 	  -58.40 	 
0.191399999	 -0.270 	  -61.07 	 
0.193599999	 -0.273 	  -63.72 	 
0.195799999	 -0.275 	  -66.33 	 
0.197999999	 -0.278 	  -68.97 	 
0.200199999	 -0.280 	  -71.34 	 
0.202399999	 -0.283 	  -73.66 	 
0.204599999	 -0.284 	  -75.88 	 
0.206799999	 -0.287 	  -77.92 	 
0.208999999	 -0.289 	  -79.77 	 
0.211199999	 -0.292 	  -81.34 	 
0.213399999	 -0.293 	  -82.76 	 
0.215599999	 -0.294 	  -83.78 	 
0.217799999	 -0.294 	  -84.64 	 
0.219999999	 -0.296 	  -85.19 	 
0.222199999	 -0.296 	  -85.50 	 
0.224399999	 -0.296 	  -85.52 	 
0.226599999	 -0.297 	  -85.24 	 
0.228799999	 -0.297 	  -84.79 	 
0.230999999	 -0.296 	  -83.90 	 
0.233199999	 -0.295 	  -82.83 	 
0.235399999	 -0.294 	  -81.39 	 
0.237599999	 -0.294 	  -79.77 	 
0.239799999	 -0.292 	  -77.88 	 
0.241999999	 -0.291 	  -75.77 	 
0.244199999	 -0.289 	  -73.57 	 
0.246399999	 -0.287 	  -71.10 	 
0.248599999	 -0.285 	  -68.62 	 
0.250799999	 -0.283 	  -66.03 	 
0.252999999	 -0.281 	  -63.40 	 
0.255199999	 -0.278 	  -60.65 	 
0.257399999	 -0.276 	  -58.03 	 
0.259599999	 -0.273 	  -55.47 	 
0.261799999	 -0.270 	  -52.91 	 
0.263999999	 -0.268 	  -50.52 	 
0.266199999	 -0.266 	  -48.26 	 
0.268399999	 -0.263 	  -46.13 	 
0.270599999	 -0.260 	  -44.24 	 
0.272799999	 -0.259 	  -42.53 	 
0.274999999	 -0.257 	  -41.02 	 
0.277199998	 -0.256 	  -39.89 	 
0.279399998	 -0.254 	  -38.91 	 
0.281599998	 -0.252 	  -38.24 	 
0.283799998	 -0.252 	  -37.87 	 
0.285999998	 -0.250 	  -37.76 	 
0.288199998	 -0.251 	  -37.95 	 
0.290399998	 -0.251 	  -38.35 	 
0.292599998	 -0.251 	  -39.06 	 
0.294799998	 -0.252 	  -40.06 	 
0.296999998	 -0.253 	  -41.36 	 
0.299199998	 -0.254 	  -42.94 	 
0.301399998	 -0.255 	  -44.68 	 
0.303599998	 -0.256 	  -46.75 	 
0.305799998	 -0.258 	  -48.90 	 
0.307999998	 -0.260 	  -51.23 	 
0.310199998	 -0.262 	  -53.66 	 
0.312399998	 -0.265 	  -56.24 	 
0.314599998	 -0.267 	  -58.79 	 
0.316799998	 -0.270 	  -61.48 	 
0.318999998	 -0.273 	  -64.16 	 
0.321199998	 -0.275 	  -66.73 	 
0.323399998	 -0.278 	  -69.38 	 
0.325599998	 -0.281 	  -71.76 	 
0.327799998	 -0.283 	  -74.05 	 
0.329999998	 -0.285 	  -76.21 	 
0.332199998	 -0.287 	  -78.25 	 
0.334399998	 -0.289 	  -80.00 	 
0.336599998	 -0.291 	  -81.56 	 
0.338799998	 -0.292 	  -82.91 	 
0.340999998	 -0.293 	  -83.93 	 
0.343199998	 -0.295 	  -84.73 	 
0.345399998	 -0.295 	  -85.28 	 
0.347599998	 -0.296 	  -85.53 	 
0.349799998	 -0.297 	  -85.52 	 
0.351999998	 -0.296 	  -85.22 	 
0.354199998	 -0.296 	  -84.63 	 
0.356399998	 -0.296 	  -83.70 	 
0.358599998	 -0.295 	  -82.56 	 
0.360799998	 -0.293 	  -81.09 	 
0.362999998	 -0.293 	  -79.41 	 
0.365199998	 -0.292 	  -77.46 	 
0.367399998	 -0.290 	  -75.34 	 
0.369599998	 -0.289 	  -73.05 	 
0.371799998	 -0.287 	  -70.64 	 
0.373999998	 -0.286 	  -68.03 	 
0.376199998	 -0.282 	  -65.47 	 
0.378399998	 -0.280 	  -62.84 	 
0.380599998	 -0.278 	  -60.23 	 
0.382799998	 -0.276 	  -57.54 	 
0.384999998	 -0.273 	  -54.96 	 
0.387199998	 -0.271 	  -52.45 	 
0.389399998	 -0.268 	  -50.04 	 
0.391599998	 -0.265 	  -47.84 	 
0.393799998	 -0.262 	  -45.72 	 
0.395999998	 -0.260 	  -43.86 	 
0.398199998	 -0.258 	  -42.26 	 
0.400399998	 -0.256 	  -40.79 	 
0.402599998	 -0.255 	  -39.67 	 
0.404799998	 -0.254 	  -38.79 	 
0.406999998	 -0.252 	  -38.14 	 
0.409199998	 -0.251 	  -37.86 	 
0.411399998	 -0.251 	  -37.79 	 
0.413599998	 -0.252 	  -38.00 	 
0.415799998	 -0.252 	  -38.49 	 
0.417999998	 -0.251 	  -39.28 	 
0.420199998	 -0.252 	  -40.39 	 
0.422399998	 -0.253 	  -41.69 	 
0.424599998	 -0.255 	  -43.38 	 
0.426799998	 -0.256 	  -45.16 	 
0.428999998	 -0.257 	  -47.24 	 
0.431199998	 -0.259 	  -49.44 	 
0.433399998	 -0.261 	  -51.82 	 
0.435599998	 -0.263 	  -54.26 	 
0.437799998	 -0.266 	  -56.88 	 
0.439999998	 -0.267 	  -59.44 	 
0.442199998	 -0.271 	  -62.07 	 
0.444399998	 -0.273 	  -64.70 	 
0.446599998	 -0.276 	  -67.26 	 
0.448799998	 -0.278 	  -69.79 	 
0.450999998	 -0.281 	  -72.22 	 
0.453199998	 -0.284 	  -74.52 	 
0.455399998	 -0.286 	  -76.62 	 
0.457599998	 -0.288 	  -78.64 	 
0.459799998	 -0.290 	  -80.34 	 
0.461999997	 -0.292 	  -81.81 	 
0.464199997	 -0.293 	  -83.13 	 
0.466399997	 -0.294 	  -84.12 	 
0.468599997	 -0.295 	  -84.89 	 
0.470799997	 -0.296 	  -85.31 	 
0.472999997	 -0.296 	  -85.56 	 
0.475199997	 -0.296 	  -85.40 	 
0.477399997	 -0.296 	  -85.08 	 
0.479599997	 -0.295 	  -84.44 	 
0.481799997	 -0.295 	  -83.53 	 
0.483999997	 -0.294 	  -82.30 	 
0.486199997	 -0.293 	  -80.84 	 
0.488399997	 -0.292 	  -79.10 	 
0.490599997	 -0.292 	  -77.09 	 
0.492799997	 -0.290 	  -74.93 	 
0.494999997	 -0.288 	  -72.58 	 
0.497199997	 -0.286 	  -70.21 	 
0.499399997	 -0.284 	  -67.64 	 
0.501599997	 -0.282 	  -65.05 	 
0.503799997	 -0.280 	  -62.41 	 
0.505999997	 -0.278 	  -59.73 	 
0.508199997	 -0.275 	  -57.10 	 
0.510399997	 -0.272 	  -54.54 	 
0.512599997	 -0.269 	  -52.09 	 
0.514799997	 -0.267 	  -49.68 	 
0.516999997	 -0.264 	  -47.48 	 
0.519199997	 -0.262 	  -45.47 	 
0.521399997	 -0.259 	  -43.60 	 
0.523599997	 -0.258 	  -42.02 	 
0.525799997	 -0.256 	  -40.63 	 
0.527999997	 -0.254 	  -39.50 	 
0.530199997	 -0.253 	  -38.67 	 
0.532399997	 -0.252 	  -38.10 	 
0.534599997	 -0.251 	  -37.80 	 
0.536799997	 -0.251 	  -37.87 	 
0.538999997	 -0.251 	  -38.08 	 
0.541199997	 -0.251 	  -38.60 	 
0.543399997	 -0.252 	  -39.44 	 
0.545599997	 -0.252 	  -40.48 	 
0.547799997	 -0.254 	  -41.91 	 
0.549999997	 -0.254 	  -43.53 	 
0.552199997	 -0.256 	  -45.48 	 
0.554399997	 -0.258 	  -47.50 	 
0.556599997	 -0.259 	  -49.79 	 
0.558799997	 -0.261 	  -52.14 	 
0.560999997	 -0.264 	  -54.63 	 
0.563199997	 -0.266 	  -57.21 	 
0.565399997	 -0.269 	  -59.87 	 
0.567599997	 -0.271 	  -62.50 	 
0.569799997	 -0.274 	  -65.16 	 
0.571999997	 -0.277 	  -67.84 	 
0.574199997	 -0.280 	  -70.23 	 
0.576399997	 -0.282 	  -72.68 	 
0.578599997	 -0.284 	  -74.88 	 
0.580799997	 -0.286 	  -77.00 	 
0.582999997	 -0.288 	  -78.95 	 
0.585199997	 -0.290 	  -80.62 	 
0.587399997	 -0.291 	  -82.14 	 
0.589599997	 -0.293 	  -83.32 	 
0.591799997	 -0.294 	  -84.34 	 
0.593999997	 -0.295 	  -84.97 	 
0.596199997	 -0.296 	  -85.40 	 
0.598399997	 -0.295 	  -85.50 	 
0.600599997	 -0.296 	  -85.36 	 
0.602799997	 -0.296 	  -85.00 	 
0.604999997	 -0.296 	  -84.29 	 
0.607199997	 -0.295 	  -83.40 	 
0.609399997	 -0.294 	  -82.08 	 
0.611599997	 -0.294 	  -80.61 	 
0.613799997	 -0.292 	  -78.77 	 
0.615999997	 -0.292 	  -76.84 	 
0.618199997	 -0.289 	  -74.62 	 
0.620399997	 -0.288 	  -72.28 	 
0.622599997	 -0.286 	  -69.78 	 
0.624799997	 -0.284 	  -67.22 	 
0.626999997	 -0.282 	  -64.55 	 
0.629199997	 -0.279 	  -61.94 	 
0.631399997	 -0.277 	  -59.27 	 
0.633599997	 -0.274 	  -56.57 	 
0.635799997	 -0.272 	  -54.04 	 
0.637999997	 -0.269 	  -51.56 	 
0.640199997	 -0.267 	  -49.26 	 
0.642399997	 -0.264 	  -47.08 	 
0.644599997	 -0.262 	  -45.07 	 
0.646799996	 -0.260 	  -43.31 	 
0.648999996	 -0.258 	  -41.69 	 
0.651199996	 -0.256 	  -40.44 	 
0.653399996	 -0.255 	  -39.30 	 
0.655599996	 -0.253 	  -38.54 	 
0.657799996	 -0.252 	  -38.07 	 
0.659999996	 -0.252 	  -37.77 	 
0.662199996	 -0.251 	  -37.86 	 
0.664399996	 -0.251 	  -38.16 	 
0.666599996	 -0.251 	  -38.73 	 
0.668799996	 -0.252 	  -39.70 	 
0.670999996	 -0.253 	  -40.83 	 
0.673199996	 -0.254 	  -42.24 	 
0.675399996	 -0.255 	  -43.94 	 
0.677599996	 -0.256 	  -45.88 	 
0.679799996	 -0.258 	  -47.95 	 
0.681999996	 -0.260 	  -50.28 	 
0.684199996	 -0.262 	  -52.67 	 
0.686399996	 -0.264 	  -55.26 	 
0.688599996	 -0.267 	  -57.76 	 
0.690799996	 -0.269 	  -60.45 	 
0.692999996	 -0.272 	  -62.98 	 
0.695199996	 -0.274 	  -65.65 	 
0.697399996	 -0.277 	  -68.19 	 
0.699599996	 -0.280 	  -70.68 	 
0.701799996	 -0.282 	  -73.08 	 
0.703999996	 -0.284 	  -75.31 	 
0.706199996	 -0.287 	  -77.41 	 
0.708399996	 -0.288 	  -79.21 	 
0.710599996	 -0.290 	  -80.94 	 
0.712799996	 -0.292 	  -82.27 	 
0.714999996	 -0.293 	  -83.50 	 
0.717199996	 -0.294 	  -84.40 	 
0.719399996	 -0.295 	  -85.06 	 
0.721599996	 -0.296 	  -85.41 	 
0.723799996	 -0.296 	  -85.52 	 
0.725999996	 -0.296 	  -85.38 	 
0.728199996	 -0.296 	  -84.86 	 
0.730399996	 -0.296 	  -84.14 	 
0.732599996	 -0.295 	  -83.08 	 
0.734799996	 -0.294 	  -81.78 	 
0.736999996	 -0.293 	  -80.21 	 
0.739199996	 -0.292 	  -78.38 	 
0.741399996	 -0.291 	  -76.31 	 
0.743599996	 -0.289 	  -74.09 	 
0.745799996	 -0.288 	  -71.70 	 
0.747999996	 -0.286 	  -69.20 	 
0.750199996	 -0.283 	  -66.66 	 
0.752399996	 -0.281 	  -63.98 	 
0.754599996	 -0.280 	  -61.35 	 
0.756799996	 -0.276 	  -58.79 	 
0.758999996	 -0.275 	  -56.11 	 
0.761199996	 -0.272 	  -53.58 	 
0.763399996	 -0.269 	  -51.16 	 
0.765599996	 -0.267 	  -48.82 	 
0.767799996	 -0.264 	  -46.70 	 
0.769999996	 -0.261 	  -44.70 	 
0.772199996	 -0.259 	  -42.92 	 
0.774399996	 -0.257 	  -41.42 	 
0.776599996	 -0.255 	  -40.14 	 
0.778799996	 -0.254 	  -39.13 	 
0.780999996	 -0.253 	  -38.37 	 
0.783199996	 -0.252 	  -37.97 	 
0.785399996	 -0.251 	  -37.79 	 
0.787599996	 -0.252 	  -37.86 	 
0.789799996	 -0.251 	  -38.23 	 
0.791999996	 -0.252 	  -38.89 	 
0.794199996	 -0.252 	  -39.80 	 
0.796399996	 -0.252 	  -41.06 	 
0.798599996	 -0.254 	  -42.50 	 
0.800799996	 -0.255 	  -44.28 	 
0.802999996	 -0.256 	  -46.23 	 
0.805199996	 -0.258 	  -48.39 	 
0.807399996	 -0.260 	  -50.67 	 
0.809599996	 -0.262 	  -53.17 	 
0.811799996	 -0.264 	  -55.64 	 
0.813999996	 -0.267 	  -58.32 	 
0.816199996	 -0.269 	  -60.89 	 
0.818399996	 -0.272 	  -63.56 	 
0.820599996	 -0.275 	  -66.13 	 
0.822799996	 -0.277 	  -68.69 	 
0.824999996	 -0.280 	  -71.15 	 
0.827199996	 -0.283 	  -73.47 	 
0.829399996	 -0.284 	  -75.68 	 
0.831599995	 -0.287 	  -77.69 	 
0.833799995	 -0.289 	  -79.58 	 
0.835999995	 -0.290 	  -81.18 	 
0.838199995	 -0.292 	  -82.61 	 
0.840399995	 -0.294 	  -83.66 	 
0.842599995	 -0.294 	  -84.58 	 
0.844799995	 -0.295 	  -85.14 	 
0.846999995	 -0.296 	  -85.48 	 
0.849199995	 -0.296 	  -85.54 	 
0.851399995	 -0.297 	  -85.26 	 
0.853599995	 -0.296 	  -84.80 	 
0.855799995	 -0.296 	  -83.99 	 
0.857999995	 -0.295 	  -82.95 	 
0.860199995	 -0.294 	  -81.55 	 
0.862399995	 -0.293 	  -80.02 	 
0.864599995	 -0.293 	  -78.10 	 
0.866799995	 -0.291 	  -76.11 	 
0.868999995	 -0.289 	  -73.81 	 
0.871199995	 -0.287 	  -71.43 	 
0.873399995	 -0.285 	  -68.86 	 
0.875599995	 -0.284 	  -66.31 	 
0.877799995	 -0.281 	  -63.65 	 
0.879999995	 -0.278 	  -61.01 	 
0.882199995	 -0.276 	  -58.32 	 
0.884399995	 -0.274 	  -55.67 	 
0.886599995	 -0.271 	  -53.14 	 
0.888799995	 -0.268 	  -50.72 	 
0.890999995	 -0.266 	  -48.48 	 
0.893199995	 -0.263 	  -46.32 	 
0.895399995	 -0.261 	  -44.41 	 
0.897599995	 -0.259 	  -42.74 	 
0.899799995	 -0.257 	  -41.20 	 
0.901999995	 -0.255 	  -40.01 	 
0.904199995	 -0.254 	  -39.01 	 
0.906399995	 -0.253 	  -38.32 	 
0.908599995	 -0.252 	  -37.95 	 
0.910799995	 -0.251 	  -37.79 	 
0.912999995	 -0.250 	  -37.90 	 
0.915199995	 -0.251 	  -38.38 	 
0.917399995	 -0.251 	  -39.03 	 
0.919599995	 -0.252 	  -40.04 	 
0.921799995	 -0.253 	  -41.30 	 
0.923999995	 -0.254 	  -42.80 	 
0.926199995	 -0.255 	  -44.56 	 
0.928399995	 -0.256 	  -46.55 	 
0.930599995	 -0.259 	  -48.75 	 
0.932799995	 -0.260 	  -51.05 	 
0.934999995	 -0.263 	  -53.54 	 
0.937199995	 -0.264 	  -56.15 	 
0.939399995	 -0.267 	  -58.73 	 
0.941599995	 -0.270 	  -61.50 	 
0.943799995	 -0.273 	  -64.06 	 
0.945999995	 -0.275 	  -66.63 	 
0.948199995	 -0.278 	  -69.17 	 
0.950399995	 -0.281 	  -71.62 	 
0.952599995	 -0.283 	  -73.91 	 
0.954799995	 -0.285 	  -76.11 	 
0.956999995	 -0.287 	  -78.16 	 
0.959199995	 -0.289 	  -79.88 	 
0.961399995	 -0.291 	  -81.56 	 
0.963599995	 -0.293 	  -82.83 	 
0.965799995	 -0.293 	  -83.90 	 
0.967999995	 -0.295 	  -84.73 	 
0.970199995	 -0.295 	  -85.31 	 
0.972399995	 -0.296 	  -85.55 	 
0.974599995	 -0.296 	  -85.55 	 
0.976799995	 -0.297 	  -85.29 	 
0.978999995	 -0.296 	  -84.70 	 
0.981199995	 -0.296 	  -83.89 	 
0.983399995	 -0.295 	  -82.74 	 
0.985599995	 -0.295 	  -81.32 	 
0.987799995	 -0.293 	  -79.65 	 
0.989999995	 -0.292 	  -77.79 	 
0.992199995	 -0.290 	  -75.62 	 
0.994399995	 -0.289 	  -73.40 	 
0.996599995	 -0.287 	  -70.95 	 
0.998799995	 -0.285 	  -68.40 	 
1.000999995	 -0.283 	  -65.78 	 
1.003199995	 -0.281 	  -63.16 	 
1.005399995	 -0.278 	  -60.45 	 
1.007599995	 -0.276 	  -57.79 	 
1.009799995	 -0.274 	  -55.23 	 
1.011999995	 -0.271 	  -52.64 	 
1.014199995	 -0.268 	  -50.31 	 
1.016399994	 -0.265 	  -48.03 	 
1.018599994	 -0.263 	  -45.93 	 
1.020799994	 -0.261 	  -44.10 	 
1.022999994	 -0.259 	  -42.43 	 
1.025199994	 -0.256 	  -40.95 	 
1.027399994	 -0.256 	  -39.79 	 
1.029599994	 -0.254 	  -38.87 	 
1.031799994	 -0.252 	  -38.19 	 
1.033999994	 -0.252 	  -37.85 	 
1.036199994	 -0.252 	  -37.79 	 
1.038399994	 -0.251 	  -38.01 	 
1.040599994	 -0.252 	  -38.45 	 
1.042799994	 -0.252 	  -39.19 	 
1.044999994	 -0.252 	  -40.25 	 
1.047199994	 -0.253 	  -41.53 	 
1.049399994	 -0.254 	  -43.18 	 
1.051599994	 -0.256 	  -44.89 	 
1.053799994	 -0.257 	  -47.04 	 
1.055999994	 -0.259 	  -49.20 	 
1.058199994	 -0.261 	  -51.61 	 
1.060399994	 -0.263 	  -54.04 	 
1.062599994	 -0.266 	  -56.62 	 
1.064799994	 -0.267 	  -59.16 	 
1.066999994	 -0.270 	  -61.77 	 
1.069199994	 -0.273 	  -64.40 	 
1.071399994	 -0.275 	  -66.96 	 
1.073599994	 -0.278 	  -69.52 	 
1.075799994	 -0.281 	  -71.98 	 
1.077999994	 -0.283 	  -74.28 	 
1.080199994	 -0.285 	  -76.45 	 
1.082399994	 -0.288 	  -78.47 	 
1.084599994	 -0.289 	  -80.16 	 
1.086799994	 -0.291 	  -81.75 	 
1.088999994	 -0.293 	  -83.02 	 
1.091199994	 -0.294 	  -84.09 	 
1.093399994	 -0.295 	  -84.82 	 
1.095599994	 -0.295 	  -85.33 	 
1.097799994	 -0.296 	  -85.52 	 
1.099999994	 -0.296 	  -85.45 	 
1.102199994	 -0.297 	  -85.17 	 
1.104399994	 -0.297 	  -84.55 	 
1.106599994	 -0.296 	  -83.70 	 
1.108799994	 -0.294 	  -82.49 	 
1.110999994	 -0.295 	  -81.05 	 
1.113199994	 -0.293 	  -79.33 	 
1.115399994	 -0.292 	  -77.39 	 
1.117599994	 -0.290 	  -75.21 	 
1.119799994	 -0.289 	  -72.88 	 
1.121999994	 -0.287 	  -70.43 	 
1.124199994	 -0.285 	  -67.85 	 
1.126399994	 -0.283 	  -65.22 	 
1.128599994	 -0.280 	  -62.59 	 
1.130799994	 -0.278 	  -59.89 	 
1.132999994	 -0.275 	  -57.32 	 
1.135199994	 -0.273 	  -54.71 	 
1.137399994	 -0.270 	  -52.20 	 
1.139599994	 -0.267 	  -49.87 	 
1.141799994	 -0.264 	  -47.63 	 
1.143999994	 -0.263 	  -45.55 	 
1.146199994	 -0.260 	  -43.69 	 
1.148399994	 -0.259 	  -42.09 	 
1.150599994	 -0.256 	  -40.68 	 
1.152799994	 -0.255 	  -39.55 	 
1.154999994	 -0.254 	  -38.68 	 
1.157199994	 -0.253 	  -38.13 	 
1.159399994	 -0.252 	  -37.79 	 
1.161599994	 -0.252 	  -37.77 	 
1.163799994	 -0.251 	  -38.06 	 
1.165999994	 -0.252 	  -38.54 	 
1.168199994	 -0.252 	  -39.33 	 
1.170399994	 -0.252 	  -40.37 	 
1.172599994	 -0.253 	  -41.71 	 
1.174799994	 -0.254 	  -43.35 	 
1.176999994	 -0.256 	  -45.18 	 
1.179199994	 -0.257 	  -47.26 	 
1.181399994	 -0.259 	  -49.52 	 
1.183599994	 -0.262 	  -51.93 	 
1.185799994	 -0.263 	  -54.40 	 
1.187999994	 -0.266 	  -57.01 	 
1.190199994	 -0.268 	  -59.60 	 
1.192399994	 -0.271 	  -62.21 	 
1.194599994	 -0.274 	  -64.86 	 
1.196799994	 -0.277 	  -67.48 	 
1.198999994	 -0.279 	  -69.97 	 
1.201199993	 -0.282 	  -72.42 	 
1.203399993	 -0.284 	  -74.70 	 
1.205599993	 -0.287 	  -76.78 	 
1.207799993	 -0.288 	  -78.79 	 
1.209999993	 -0.290 	  -80.44 	 
1.212199993	 -0.292 	  -81.95 	 
1.214399993	 -0.293 	  -83.22 	 
1.216599993	 -0.294 	  -84.23 	 
1.218799993	 -0.296 	  -84.91 	 
1.220999993	 -0.297 	  -85.40 	 
1.223199993	 -0.297 	  -85.56 	 
1.225399993	 -0.296 	  -85.41 	 
1.227599993	 -0.297 	  -85.09 	 
1.229799993	 -0.296 	  -84.41 	 
1.231999993	 -0.296 	  -83.44 	 
1.234199993	 -0.294 	  -82.17 	 
1.236399993	 -0.294 	  -80.66 	 
1.238599993	 -0.293 	  -78.86 	 
1.240799993	 -0.292 	  -76.93 	 
1.242999993	 -0.290 	  -74.73 	 
1.245199993	 -0.288 	  -72.44 	 
1.247399993	 -0.287 	  -69.96 	 
1.249599993	 -0.285 	  -67.42 	 
1.251799993	 -0.282 	  -64.72 	 
1.253999993	 -0.280 	  -62.12 	 
1.256199993	 -0.278 	  -59.44 	 
1.258399993	 -0.275 	  -56.80 	 
1.260599993	 -0.272 	  -54.27 	 
1.262799993	 -0.269 	  -51.75 	 
1.264999993	 -0.267 	  -49.46 	 
1.267199993	 -0.265 	  -47.26 	 
1.269399993	 -0.262 	  -45.21 	 
1.271599993	 -0.259 	  -43.40 	 
1.273799993	 -0.258 	  -41.82 	 
1.275999993	 -0.256 	  -40.44 	 
1.278199993	 -0.254 	  -39.39 	 
1.280399993	 -0.253 	  -38.60 	 
1.282599993	 -0.252 	  -38.04 	 
1.284799993	 -0.252 	  -37.80 	 
1.286999993	 -0.251 	  -37.82 	 
1.289199993	 -0.251 	  -38.12 	 
1.291399993	 -0.252 	  -38.62 	 
1.293599993	 -0.251 	  -39.46 	 
1.295799993	 -0.253 	  -40.63 	 
1.297999993	 -0.254 	  -42.02 	 
1.300199993	 -0.255 	  -43.73 	 
1.302399993	 -0.256 	  -45.60 	 
1.304599993	 -0.258 	  -47.74 	 
1.306799993	 -0.260 	  -49.98 	 
1.308999993	 -0.262 	  -52.45 	 
1.311199993	 -0.264 	  -54.88 	 
1.313399993	 -0.266 	  -57.54 	 
1.315599993	 -0.269 	  -60.11 	 
1.317799993	 -0.272 	  -62.73 	 
1.319999993	 -0.275 	  -65.34 	 
1.322199993	 -0.277 	  -67.93 	 
1.324399993	 -0.280 	  -70.42 	 
1.326599993	 -0.282 	  -72.78 	 
1.328799993	 -0.285 	  -75.16 	 
1.330999993	 -0.287 	  -77.12 	 
1.333199993	 -0.289 	  -79.10 	 
1.335399993	 -0.291 	  -80.71 	 
1.337599993	 -0.292 	  -82.19 	 
1.339799993	 -0.294 	  -83.40 	 
1.341999993	 -0.295 	  -84.38 	 
1.344199993	 -0.296 	  -85.06 	 
1.346399993	 -0.296 	  -85.39 	 
1.348599993	 -0.296 	  -85.55 	 
1.350799993	 -0.297 	  -85.33 	 
1.352999993	 -0.296 	  -84.94 	 
1.355199993	 -0.296 	  -84.19 	 
1.357399993	 -0.296 	  -83.16 	 
1.359599993	 -0.295 	  -81.88 	 
1.361799993	 -0.294 	  -80.32 	 
1.363999993	 -0.293 	  -78.51 	 
1.366199993	 -0.292 	  -76.49 	 
1.368399993	 -0.290 	  -74.43 	 
1.370599993	 -0.289 	  -72.00 	 
1.372799993	 -0.286 	  -69.60 	 
1.374999993	 -0.284 	  -66.96 	 
1.377199993	 -0.282 	  -64.33 	 
1.379399993	 -0.280 	  -61.66 	 
1.381599993	 -0.278 	  -58.96 	 
1.383799993	 -0.274 	  -56.34 	 
1.385999992	 -0.271 	  -53.79 	 
1.388199992	 -0.270 	  -51.38 	 
1.390399992	 -0.266 	  -48.99 	 
1.392599992	 -0.264 	  -46.85 	 
1.394799992	 -0.262 	  -44.91 	 
1.396999992	 -0.259 	  -43.11 	 
1.399199992	 -0.257 	  -41.59 	 
1.401399992	 -0.256 	  -40.29 	 
1.403599992	 -0.255 	  -39.21 	 
1.405799992	 -0.254 	  -38.48 	 
1.407999992	 -0.252 	  -38.00 	 
1.410199992	 -0.252 	  -37.71 	 
1.412399992	 -0.252 	  -37.88 	 
1.414599992	 -0.251 	  -38.18 	 
1.416799992	 -0.252 	  -38.76 	 
1.418999992	 -0.252 	  -39.70 	 
1.421199992	 -0.253 	  -40.86 	 
1.423399992	 -0.254 	  -42.33 	 
1.425599992	 -0.255 	  -43.98 	 
1.427799992	 -0.256 	  -45.99 	 
1.429999992	 -0.258 	  -48.04 	 
1.432199992	 -0.260 	  -50.40 	 
1.434399992	 -0.262 	  -52.79 	 
1.436599992	 -0.265 	  -55.35 	 
1.438799992	 -0.267 	  -57.90 	 
1.440999992	 -0.269 	  -60.54 	 
1.443199992	 -0.272 	  -63.13 	 
1.445399992	 -0.274 	  -65.76 	 
1.447599992	 -0.277 	  -68.36 	 
1.449799992	 -0.280 	  -70.78 	 
1.451999992	 -0.282 	  -73.21 	 
1.454199992	 -0.284 	  -75.40 	 
1.456399992	 -0.287 	  -77.47 	 
1.458599992	 -0.289 	  -79.32 	 
1.460799992	 -0.291 	  -81.00 	 
1.462999992	 -0.293 	  -82.39 	 
1.465199992	 -0.293 	  -83.52 	 
1.467399992	 -0.294 	  -84.50 	 
1.469599992	 -0.295 	  -85.04 	 
1.471799992	 -0.296 	  -85.39 	 
1.473999992	 -0.296 	  -85.44 	 
1.476199992	 -0.297 	  -85.23 	 
1.478399992	 -0.296 	  -84.78 	 
1.480599992	 -0.296 	  -84.05 	 
1.482799992	 -0.295 	  -83.02 	 
1.484999992	 -0.295 	  -81.66 	 
1.487199992	 -0.294 	  -80.13 	 
1.489399992	 -0.293 	  -78.22 	 
1.491599992	 -0.291 	  -76.23 	 
1.493799992	 -0.289 	  -73.97 	 
1.495999992	 -0.288 	  -71.65 	 
1.498199992	 -0.286 	  -69.11 	 
1.500399992	 -0.284 	  -66.58 	 
1.502599992	 -0.282 	  -63.85 	 
1.504799992	 -0.279 	  -61.19 	 
1.506999992	 -0.277 	  -58.52 	 
1.509199992	 -0.274 	  -55.86 	 
1.511399992	 -0.272 	  -53.36 	 
1.513599992	 -0.269 	  -50.94 	 
1.515799992	 -0.267 	  -48.63 	 
1.517999992	 -0.264 	  -46.51 	 
1.520199992	 -0.261 	  -44.58 	 
1.522399992	 -0.259 	  -42.83 	 
1.524599992	 -0.257 	  -41.32 	 
1.526799992	 -0.256 	  -40.09 	 
1.528999992	 -0.254 	  -39.08 	 
1.531199992	 -0.253 	  -38.35 	 
1.533399992	 -0.252 	  -37.90 	 
1.535599992	 -0.251 	  -37.80 	 
1.537799992	 -0.251 	  -37.88 	 
1.539999992	 -0.252 	  -38.29 	 
1.542199992	 -0.251 	  -38.94 	 
1.544399992	 -0.252 	  -39.87 	 
1.546599992	 -0.252 	  -41.12 	 
1.548799992	 -0.254 	  -42.56 	 
1.550999992	 -0.255 	  -44.37 	 
1.553199992	 -0.256 	  -46.33 	 
1.555399992	 -0.259 	  -48.49 	 
1.557599992	 -0.260 	  -50.79 	 
1.559799992	 -0.263 	  -53.24 	 
1.561999992	 -0.265 	  -55.78 	 
1.564199992	 -0.267 	  -58.39 	 
1.566399992	 -0.270 	  -61.09 	 
1.568599992	 -0.272 	  -63.71 	 
1.570799991	 -0.275 	  -66.33 	 
1.572999991	 -0.278 	  -68.87 	 
1.575199991	 -0.280 	  -71.33 	 
1.577399991	 -0.283 	  -73.62 	 
1.579599991	 -0.285 	  -75.88 	 
1.581799991	 -0.287 	  -77.88 	 
1.583999991	 -0.289 	  -79.68 	 
1.586199991	 -0.291 	  -81.36 	 
1.588399991	 -0.293 	  -82.68 	 
1.590599991	 -0.294 	  -83.79 	 
1.592799991	 -0.295 	  -84.66 	 
1.594999991	 -0.295 	  -85.17 	 
1.597199991	 -0.296 	  -85.43 	 
1.599399991	 -0.296 	  -85.46 	 
1.601599991	 -0.296 	  -85.22 	 
1.603799991	 -0.296 	  -84.69 	 
1.605999991	 -0.296 	  -83.95 	 
1.608199991	 -0.295 	  -82.81 	 
1.610399991	 -0.294 	  -81.48 	 
1.612599991	 -0.294 	  -79.80 	 
1.614799991	 -0.292 	  -77.98 	 
1.616999991	 -0.291 	  -75.81 	 
1.619199991	 -0.289 	  -73.69 	 
1.621399991	 -0.288 	  -71.19 	 
1.623599991	 -0.285 	  -68.69 	 
1.625799991	 -0.283 	  -66.07 	 
1.627999991	 -0.281 	  -63.45 	 
1.630199991	 -0.278 	  -60.72 	 
1.632399991	 -0.276 	  -58.06 	 
1.634599991	 -0.273 	  -55.50 	 
1.636799991	 -0.271 	  -52.95 	 
1.638999991	 -0.268 	  -50.59 	 
1.641199991	 -0.266 	  -48.31 	 
1.643399991	 -0.263 	  -46.19 	 
1.645599991	 -0.261 	  -44.32 	 
1.647799991	 -0.259 	  -42.61 	 
1.649999991	 -0.257 	  -41.10 	 
1.652199991	 -0.255 	  -39.96 	 
1.654399991	 -0.254 	  -38.97 	 
1.656599991	 -0.253 	  -38.29 	 
1.658799991	 -0.252 	  -37.97 	 
1.660999991	 -0.252 	  -37.84 	 
1.663199991	 -0.251 	  -37.99 	 
1.665399991	 -0.251 	  -38.42 	 
1.667599991	 -0.252 	  -39.18 	 
1.669799991	 -0.252 	  -40.21 	 
1.671999991	 -0.253 	  -41.49 	 
1.674199991	 -0.254 	  -43.09 	 
1.676399991	 -0.256 	  -44.85 	 
1.678599991	 -0.257 	  -46.95 	 
1.680799991	 -0.259 	  -49.06 	 
1.682999991	 -0.261 	  -51.40 	 
1.685199991	 -0.262 	  -53.82 	 
1.687399991	 -0.266 	  -56.42 	 
1.689599991	 -0.267 	  -58.92 	 
1.691799991	 -0.271 	  -61.61 	 
1.693999991	 -0.273 	  -64.20 	 
1.696199991	 -0.276 	  -66.81 	 
1.698399991	 -0.279 	  -69.35 	 
1.700599991	 -0.281 	  -71.81 	 
1.702799991	 -0.283 	  -74.11 	 
1.704999991	 -0.285 	  -76.22 	 
1.707199991	 -0.288 	  -78.29 	 
1.709399991	 -0.290 	  -79.96 	 
1.711599991	 -0.292 	  -81.56 	 
1.713799991	 -0.293 	  -82.87 	 
1.715999991	 -0.294 	  -83.95 	 
1.718199991	 -0.295 	  -84.79 	 
1.720399991	 -0.296 	  -85.27 	 
1.722599991	 -0.296 	  -85.53 	 
1.724799991	 -0.296 	  -85.46 	 
1.726999991	 -0.297 	  -85.25 	 
1.729199991	 -0.297 	  -84.58 	 
1.731399991	 -0.295 	  -83.74 	 
1.733599991	 -0.296 	  -82.54 	 
1.735799991	 -0.294 	  -81.11 	 
1.737999991	 -0.294 	  -79.41 	 
1.740199991	 -0.292 	  -77.57 	 
1.742399991	 -0.291 	  -75.40 	 
1.744599991	 -0.289 	  -73.17 	 
1.746799991	 -0.287 	  -70.73 	 
1.748999991	 -0.285 	  -68.18 	 
1.751199991	 -0.282 	  -65.54 	 
1.753399990	 -0.281 	  -62.90 	 
1.755599990	 -0.279 	  -60.22 	 
1.757799990	 -0.276 	  -57.58 	 
1.759999990	 -0.273 	  -54.98 	 
1.762199990	 -0.270 	  -52.44 	 
1.764399990	 -0.268 	  -50.04 	 
1.766599990	 -0.265 	  -47.85 	 
1.768799990	 -0.263 	  -45.74 	 
1.770999990	 -0.261 	  -43.90 	 
1.773199990	 -0.259 	  -42.24 	 
1.775399990	 -0.257 	  -40.88 	 
1.777599990	 -0.255 	  -39.70 	 
1.779799990	 -0.254 	  -38.82 	 
1.781999990	 -0.253 	  -38.24 	 
1.784199990	 -0.252 	  -37.86 	 
1.786399990	 -0.251 	  -37.84 	 
1.788599990	 -0.251 	  -37.99 	 
1.790799990	 -0.252 	  -38.51 	 
1.792999990	 -0.252 	  -39.30 	 
1.795199990	 -0.252 	  -40.35 	 
1.797399990	 -0.254 	  -41.68 	 
1.799599990	 -0.254 	  -43.29 	 
1.801799990	 -0.256 	  -45.11 	 
1.803999990	 -0.257 	  -47.13 	 
1.806199990	 -0.259 	  -49.46 	 
1.808399990	 -0.261 	  -51.75 	 
1.810599990	 -0.263 	  -54.29 	 
1.812799990	 -0.266 	  -56.81 	 
1.814999990	 -0.268 	  -59.50 	 
1.817199990	 -0.271 	  -62.05 	 
1.819399990	 -0.273 	  -64.75 	 
1.821599990	 -0.276 	  -67.23 	 
1.823799990	 -0.279 	  -69.74 	 
1.825999990	 -0.282 	  -72.19 	 
1.828199990	 -0.284 	  -74.44 	 
1.830399990	 -0.286 	  -76.60 	 
1.832599990	 -0.288 	  -78.51 	 
1.834799990	 -0.289 	  -80.33 	 
1.836999990	 -0.292 	  -81.77 	 
1.839199990	 -0.293 	  -83.08 	 
1.841399990	 -0.294 	  -84.09 	 
1.843599990	 -0.296 	  -84.84 	 
1.845799990	 -0.296 	  -85.30 	 
1.847999990	 -0.297 	  -85.48 	 
1.850199990	 -0.296 	  -85.40 	 
1.852399990	 -0.297 	  -85.04 	 
1.854599990	 -0.296 	  -84.48 	 
1.856799990	 -0.296 	  -83.50 	 
1.858999990	 -0.295 	  -82.37 	 
1.861199990	 -0.294 	  -80.83 	 
1.863399990	 -0.293 	  -79.16 	 
1.865599990	 -0.292 	  -77.18 	 
1.867799990	 -0.291 	  -75.07 	 
1.869999990	 -0.289 	  -72.67 	 
1.872199990	 -0.287 	  -70.27 	 
1.874399990	 -0.285 	  -67.67 	 
1.876599990	 -0.282 	  -65.08 	 
1.878799990	 -0.280 	  -62.40 	 
1.880999990	 -0.278 	  -59.71 	 
1.883199990	 -0.275 	  -57.06 	 
1.885399990	 -0.273 	  -54.45 	 
1.887599990	 -0.270 	  -52.00 	 
1.889799990	 -0.267 	  -49.63 	 
1.891999990	 -0.265 	  -47.42 	 
1.894199990	 -0.262 	  -45.44 	 
1.896399990	 -0.261 	  -43.54 	 
1.898599990	 -0.258 	  -41.98 	 
1.900799990	 -0.256 	  -40.59 	 
1.902999990	 -0.255 	  -39.48 	 
1.905199990	 -0.254 	  -38.65 	 
1.907399990	 -0.253 	  -38.03 	 
1.909599990	 -0.252 	  -37.75 	 
1.911799990	 -0.252 	  -37.83 	 
1.913999990	 -0.251 	  -38.08 	 
1.916199990	 -0.252 	  -38.56 	 
1.918399990	 -0.252 	  -39.40 	 
1.920599990	 -0.252 	  -40.48 	 
1.922799990	 -0.254 	  -41.97 	 
1.924999990	 -0.255 	  -43.57 	 
1.927199990	 -0.256 	  -45.49 	 
1.929399990	 -0.258 	  -47.52 	 
1.931599990	 -0.259 	  -49.82 	 
1.933799990	 -0.261 	  -52.13 	 
1.935999990	 -0.263 	  -54.62 	 
1.938199989	 -0.266 	  -57.23 	 
1.940399989	 -0.268 	  -59.84 	 
1.942599989	 -0.271 	  -62.45 	 
1.944799989	 -0.274 	  -65.12 	 
1.946999989	 -0.277 	  -67.72 	 
1.949199989	 -0.280 	  -70.20 	 
1.951399989	 -0.281 	  -72.64 	 
1.953599989	 -0.284 	  -74.85 	 
1.955799989	 -0.286 	  -77.01 	 
1.957999989	 -0.288 	  -78.88 	 
1.960199989	 -0.291 	  -80.62 	 
1.962399989	 -0.292 	  -82.05 	 
1.964599989	 -0.294 	  -83.27 	 
1.966799989	 -0.294 	  -84.28 	 
1.968999989	 -0.295 	  -84.94 	 
1.971199989	 -0.296 	  -85.35 	 
1.973399989	 -0.296 	  -85.48 	 
1.975599989	 -0.296 	  -85.33 	 
1.977799989	 -0.296 	  -84.95 	 
1.979999989	 -0.296 	  -84.36 	 
1.982199989	 -0.294 	  -83.34 	 
1.984399989	 -0.295 	  -82.15 	 
1.986599989	 -0.294 	  -80.57 	 
1.988799989	 -0.293 	  -78.83 	 
1.990999989	 -0.292 	  -76.82 	 
1.993199989	 -0.290 	  -74.65 	 
1.995399989	 -0.288 	  -72.25 	 
1.997599989	 -0.287 	  -69.82 	 
1.999799989	 -0.284 	  -67.22 	 
2.001999989	 -0.282 	  -64.64 	 
2.004199989	 -0.280 	  -61.92 	 
2.006399989	 -0.277 	  -59.27 	 
2.008599989	 -0.274 	  -56.57 	 
2.010799989	 -0.272 	  -54.05 	 
2.012999989	 -0.269 	  -51.58 	 
2.015199989	 -0.267 	  -49.24 	 
2.017399989	 -0.264 	  -47.07 	 
2.019599989	 -0.262 	  -45.11 	 
2.021799989	 -0.260 	  -43.27 	 
2.023999989	 -0.258 	  -41.69 	 
2.026199989	 -0.256 	  -40.44 	 
2.028399989	 -0.254 	  -39.30 	 
2.030599989	 -0.254 	  -38.54 	 
2.032799989	 -0.253 	  -38.04 	 
2.034999989	 -0.252 	  -37.80 	 
2.037199989	 -0.252 	  -37.86 	 
2.039399989	 -0.252 	  -38.16 	 
2.041599989	 -0.252 	  -38.73 	 
2.043799989	 -0.252 	  -39.67 	 
2.045999989	 -0.253 	  -40.84 	 
2.048199989	 -0.254 	  -42.32 	 
2.050399989	 -0.256 	  -43.98 	 
2.052599989	 -0.256 	  -45.95 	 
2.054799989	 -0.258 	  -47.97 	 
2.056999989	 -0.260 	  -50.32 	 
2.059199989	 -0.262 	  -52.67 	 
2.061399989	 -0.265 	  -55.23 	 
2.063599989	 -0.267 	  -57.74 	 
2.065799989	 -0.269 	  -60.45 	 
2.067999989	 -0.272 	  -62.98 	 
2.070199989	 -0.275 	  -65.64 	 
2.072399989	 -0.278 	  -68.17 	 
2.074599989	 -0.280 	  -70.64 	 
2.076799989	 -0.282 	  -73.04 	 
2.078999989	 -0.285 	  -75.29 	 
2.081199989	 -0.287 	  -77.39 	 
2.083399989	 -0.289 	  -79.21 	 
2.085599989	 -0.291 	  -81.01 	 
2.087799989	 -0.293 	  -82.32 	 
2.089999989	 -0.294 	  -83.55 	 
2.092199989	 -0.294 	  -84.43 	 
2.094399989	 -0.296 	  -85.08 	 
2.096599989	 -0.296 	  -85.48 	 
2.098799989	 -0.297 	  -85.55 	 
2.100999989	 -0.297 	  -85.41 	 
2.103199989	 -0.297 	  -84.91 	 
2.105399989	 -0.297 	  -84.25 	 
2.107599989	 -0.296 	  -83.16 	 
2.109799989	 -0.295 	  -81.92 	 
2.111999989	 -0.294 	  -80.28 	 
2.114199989	 -0.292 	  -78.47 	 
2.116399989	 -0.292 	  -76.41 	 
2.118599989	 -0.290 	  -74.21 	 
2.120799989	 -0.288 	  -71.78 	 
2.122999988	 -0.287 	  -69.29 	 
2.125199988	 -0.284 	  -66.68 	 
2.127399988	 -0.282 	  -64.03 	 
2.129599988	 -0.280 	  -61.39 	 
2.131799988	 -0.277 	  -58.79 	 
2.133999988	 -0.275 	  -56.13 	 
2.136199988	 -0.272 	  -53.56 	 
2.138399988	 -0.270 	  -51.18 	 
2.140599988	 -0.266 	  -48.81 	 
2.142799988	 -0.264 	  -46.65 	 
2.144999988	 -0.262 	  -44.74 	 
2.147199988	 -0.259 	  -42.91 	 
2.149399988	 -0.258 	  -41.46 	 
2.151599988	 -0.256 	  -40.14 	 
2.153799988	 -0.255 	  -39.17 	 
2.155999988	 -0.253 	  -38.38 	 
2.158199988	 -0.252 	  -37.90 	 
2.160399988	 -0.252 	  -37.77 	 
2.162599988	 -0.251 	  -37.84 	 
2.164799988	 -0.251 	  -38.21 	 
2.166999988	 -0.251 	  -38.87 	 
2.169199988	 -0.252 	  -39.82 	 
2.171399988	 -0.253 	  -41.10 	 
2.173599988	 -0.254 	  -42.57 	 
2.175799988	 -0.255 	  -44.32 	 
2.177999988	 -0.257 	  -46.26 	 
2.180199988	 -0.258 	  -48.38 	 
2.182399988	 -0.260 	  -50.60 	 
2.184599988	 -0.263 	  -53.08 	 
2.186799988	 -0.265 	  -55.57 	 
2.188999988	 -0.268 	  -58.17 	 
2.191199988	 -0.271 	  -60.80 	 
2.193399988	 -0.273 	  -63.48 	 
2.195599988	 -0.276 	  -66.07 	 
2.197799988	 -0.278 	  -68.67 	 
2.199999988	 -0.281 	  -71.19 	 
2.202199988	 -0.282 	  -73.46 	 
2.204399988	 -0.285 	  -75.70 	 
2.206599988	 -0.287 	  -77.69 	 
2.208799988	 -0.290 	  -79.54 	 
2.210999988	 -0.291 	  -81.17 	 
2.213199988	 -0.293 	  -82.59 	 
2.215399988	 -0.295 	  -83.70 	 
2.217599988	 -0.296 	  -84.60 	 
2.219799988	 -0.297 	  -85.22 	 
2.221999988	 -0.297 	  -85.49 	 
2.224199988	 -0.297 	  -85.54 	 
2.226399988	 -0.297 	  -85.26 	 
2.228599988	 -0.297 	  -84.75 	 
2.230799988	 -0.296 	  -83.96 	 
2.232999988	 -0.295 	  -82.91 	 
2.235199988	 -0.295 	  -81.56 	 
2.237399988	 -0.294 	  -79.98 	 
2.239599988	 -0.292 	  -78.17 	 
2.241799988	 -0.291 	  -76.03 	 
2.243999988	 -0.289 	  -73.86 	 
2.246199988	 -0.288 	  -71.41 	 
2.248399988	 -0.285 	  -68.92 	 
2.250599988	 -0.283 	  -66.30 	 
