0.000000000	 -0.083 	  -67.06 	 
0.002200000	 -0.082 	  -64.33 	 
0.004400000	 -0.078 	  -61.66 	 
0.006600000	 -0.076 	  -59.01 	 
0.008800000	 -0.073 	  -56.42 	 
0.011000000	 -0.070 	  -53.86 	 
0.013200000	 -0.067 	  -51.41 	 
0.015400000	 -0.064 	  -49.04 	 
0.017600000	 -0.061 	  -46.88 	 
0.019800000	 -0.058 	  -44.91 	 
0.022000000	 -0.055 	  -43.13 	 
0.024200000	 -0.052 	  -41.56 	 
0.026400000	 -0.050 	  -40.24 	 
0.028600000	 -0.048 	  -39.22 	 
0.030800000	 -0.047 	  -38.43 	 
0.033000000	 -0.046 	  -37.99 	 
0.035200000	 -0.045 	  -37.74 	 
0.037400000	 -0.044 	  -37.82 	 
0.039600000	 -0.044 	  -38.19 	 
0.041800000	 -0.043 	  -38.74 	 
0.044000000	 -0.045 	  -39.65 	 
0.046200000	 -0.045 	  -40.84 	 
0.048400000	 -0.046 	  -42.37 	 
0.050600000	 -0.047 	  -44.01 	 
0.052800000	 -0.050 	  -45.91 	 
0.055000000	 -0.052 	  -48.10 	 
0.057200000	 -0.053 	  -50.34 	 
0.059400000	 -0.056 	  -52.78 	 
0.061600000	 -0.059 	  -55.32 	 
0.063800000	 -0.061 	  -57.86 	 
0.066000000	 -0.064 	  -60.52 	 
0.068200000	 -0.067 	  -63.17 	 
0.070400000	 -0.071 	  -65.75 	 
0.072600000	 -0.073 	  -68.40 	 
0.074800000	 -0.077 	  -70.82 	 
0.077000000	 -0.080 	  -73.16 	 
0.079200000	 -0.082 	  -75.42 	 
0.081400000	 -0.085 	  -77.43 	 
0.083600000	 -0.087 	  -79.31 	 
0.085800000	 -0.090 	  -80.96 	 
0.088000000	 -0.092 	  -82.37 	 
0.090200000	 -0.093 	  -83.56 	 
0.092399999	 -0.094 	  -84.47 	 
0.094599999	 -0.096 	  -85.05 	 
0.096799999	 -0.096 	  -85.40 	 
0.098999999	 -0.096 	  -85.46 	 
0.101199999	 -0.097 	  -85.28 	 
0.103399999	 -0.097 	  -84.80 	 
0.105599999	 -0.096 	  -84.01 	 
0.107799999	 -0.096 	  -83.02 	 
0.109999999	 -0.095 	  -81.62 	 
0.112199999	 -0.094 	  -80.11 	 
0.114399999	 -0.093 	  -78.23 	 
0.116599999	 -0.092 	  -76.18 	 
0.118799999	 -0.090 	  -73.99 	 
0.120999999	 -0.087 	  -71.63 	 
0.123199999	 -0.085 	  -69.11 	 
0.125399999	 -0.083 	  -66.50 	 
0.127599999	 -0.081 	  -63.93 	 
0.129799999	 -0.078 	  -61.20 	 
0.131999999	 -0.076 	  -58.56 	 
0.134199999	 -0.073 	  -55.94 	 
0.136399999	 -0.069 	  -53.41 	 
0.138599999	 -0.066 	  -50.99 	 
0.140799999	 -0.064 	  -48.68 	 
0.142999999	 -0.060 	  -46.48 	 
0.145199999	 -0.058 	  -44.58 	 
0.147399999	 -0.055 	  -42.83 	 
0.149599999	 -0.052 	  -41.29 	 
0.151799999	 -0.050 	  -40.05 	 
0.153999999	 -0.048 	  -39.04 	 
0.156199999	 -0.047 	  -38.34 	 
0.158399999	 -0.045 	  -37.91 	 
0.160599999	 -0.045 	  -37.77 	 
0.162799999	 -0.044 	  -37.84 	 
0.164999999	 -0.043 	  -38.21 	 
0.167199999	 -0.044 	  -38.91 	 
0.169399999	 -0.045 	  -39.84 	 
0.171599999	 -0.045 	  -41.10 	 
0.173799999	 -0.048 	  -42.62 	 
0.175999999	 -0.049 	  -44.34 	 
0.178199999	 -0.049 	  -46.30 	 
0.180399999	 -0.052 	  -48.47 	 
0.182599999	 -0.054 	  -50.74 	 
0.184799999	 -0.056 	  -53.22 	 
0.186999999	 -0.059 	  -55.76 	 
0.189199999	 -0.062 	  -58.37 	 
0.191399999	 -0.065 	  -61.00 	 
0.193599999	 -0.068 	  -63.66 	 
0.195799999	 -0.071 	  -66.24 	 
0.197999999	 -0.074 	  -68.77 	 
0.200199999	 -0.077 	  -71.28 	 
0.202399999	 -0.080 	  -73.57 	 
0.204599999	 -0.083 	  -75.83 	 
0.206799999	 -0.085 	  -77.81 	 
0.208999999	 -0.087 	  -79.61 	 
0.211199999	 -0.090 	  -81.25 	 
0.213399999	 -0.091 	  -82.62 	 
0.215599999	 -0.093 	  -83.74 	 
0.217799999	 -0.095 	  -84.54 	 
0.219999999	 -0.096 	  -85.13 	 
0.222199999	 -0.096 	  -85.44 	 
0.224399999	 -0.097 	  -85.45 	 
0.226599999	 -0.097 	  -85.22 	 
0.228799999	 -0.097 	  -84.66 	 
0.230999999	 -0.096 	  -83.85 	 
0.233199999	 -0.095 	  -82.84 	 
0.235399999	 -0.095 	  -81.41 	 
0.237599999	 -0.094 	  -79.76 	 
0.239799999	 -0.092 	  -77.97 	 
0.241999999	 -0.091 	  -75.77 	 
0.244199999	 -0.089 	  -73.54 	 
0.246399999	 -0.088 	  -71.17 	 
0.248599999	 -0.085 	  -68.63 	 
0.250799999	 -0.083 	  -66.02 	 
0.252999999	 -0.081 	  -63.41 	 
0.255199999	 -0.078 	  -60.74 	 
0.257399999	 -0.075 	  -58.04 	 
0.259599999	 -0.072 	  -55.45 	 
0.261799999	 -0.068 	  -52.91 	 
0.263999999	 -0.066 	  -50.57 	 
0.266199999	 -0.062 	  -48.25 	 
0.268399999	 -0.060 	  -46.14 	 
0.270599999	 -0.057 	  -44.23 	 
0.272799999	 -0.054 	  -42.57 	 
0.274999999	 -0.052 	  -41.08 	 
0.277199998	 -0.050 	  -39.83 	 
0.279399998	 -0.048 	  -38.90 	 
0.281599998	 -0.047 	  -38.19 	 
0.283799998	 -0.045 	  -37.83 	 
0.285999998	 -0.045 	  -37.74 	 
0.288199998	 -0.044 	  -37.90 	 
0.290399998	 -0.044 	  -38.32 	 
0.292599998	 -0.044 	  -39.04 	 
0.294799998	 -0.045 	  -40.07 	 
0.296999998	 -0.045 	  -41.32 	 
0.299199998	 -0.047 	  -42.83 	 
0.301399998	 -0.049 	  -44.67 	 
0.303599998	 -0.050 	  -46.65 	 
0.305799998	 -0.052 	  -48.84 	 
0.307999998	 -0.055 	  -51.22 	 
0.310199998	 -0.057 	  -53.63 	 
0.312399998	 -0.060 	  -56.21 	 
0.314599998	 -0.063 	  -58.84 	 
0.316799998	 -0.065 	  -61.46 	 
0.318999998	 -0.069 	  -64.09 	 
0.321199998	 -0.071 	  -66.70 	 
0.323399998	 -0.075 	  -69.24 	 
0.325599998	 -0.077 	  -71.71 	 
0.327799998	 -0.081 	  -74.00 	 
0.329999998	 -0.083 	  -76.13 	 
0.332199998	 -0.086 	  -78.17 	 
0.334399998	 -0.088 	  -79.94 	 
0.336599998	 -0.090 	  -81.53 	 
0.338799998	 -0.092 	  -82.84 	 
0.340999998	 -0.093 	  -83.86 	 
0.343199998	 -0.095 	  -84.69 	 
0.345399998	 -0.096 	  -85.23 	 
0.347599998	 -0.097 	  -85.47 	 
0.349799998	 -0.097 	  -85.41 	 
0.351999998	 -0.097 	  -85.13 	 
0.354199998	 -0.097 	  -84.62 	 
0.356399998	 -0.097 	  -83.70 	 
0.358599998	 -0.095 	  -82.54 	 
0.360799998	 -0.094 	  -81.11 	 
0.362999998	 -0.093 	  -79.39 	 
0.365199998	 -0.093 	  -77.53 	 
0.367399998	 -0.091 	  -75.45 	 
0.369599998	 -0.089 	  -73.10 	 
0.371799998	 -0.087 	  -70.69 	 
0.373999998	 -0.085 	  -68.19 	 
0.376199998	 -0.083 	  -65.56 	 
0.378399998	 -0.080 	  -62.87 	 
0.380599998	 -0.078 	  -60.24 	 
0.382799998	 -0.075 	  -57.58 	 
0.384999998	 -0.072 	  -54.97 	 
0.387199998	 -0.069 	  -52.48 	 
0.389399998	 -0.065 	  -50.07 	 
0.391599998	 -0.063 	  -47.89 	 
0.393799998	 -0.060 	  -45.79 	 
0.395999998	 -0.056 	  -43.90 	 
0.398199998	 -0.054 	  -42.24 	 
0.400399998	 -0.052 	  -40.79 	 
0.402599998	 -0.049 	  -39.61 	 
0.404799998	 -0.048 	  -38.73 	 
0.406999998	 -0.046 	  -38.14 	 
0.409199998	 -0.045 	  -37.75 	 
0.411399998	 -0.044 	  -37.72 	 
0.413599998	 -0.044 	  -37.92 	 
0.415799998	 -0.043 	  -38.42 	 
0.417999998	 -0.045 	  -39.19 	 
0.420199998	 -0.045 	  -40.25 	 
0.422399998	 -0.046 	  -41.58 	 
0.424599998	 -0.048 	  -43.21 	 
0.426799998	 -0.049 	  -45.00 	 
0.428999998	 -0.051 	  -47.04 	 
0.431199998	 -0.053 	  -49.32 	 
0.433399998	 -0.055 	  -51.62 	 
0.435599998	 -0.058 	  -54.08 	 
0.437799998	 -0.061 	  -56.72 	 
0.439999998	 -0.064 	  -59.31 	 
0.442199998	 -0.067 	  -61.90 	 
0.444399998	 -0.069 	  -64.60 	 
0.446599998	 -0.072 	  -67.15 	 
0.448799998	 -0.076 	  -69.69 	 
0.450999998	 -0.078 	  -72.15 	 
0.453199998	 -0.081 	  -74.43 	 
0.455399998	 -0.084 	  -76.52 	 
0.457599998	 -0.087 	  -78.48 	 
0.459799998	 -0.089 	  -80.28 	 
0.461999997	 -0.091 	  -81.75 	 
0.464199997	 -0.093 	  -83.06 	 
0.466399997	 -0.093 	  -84.06 	 
0.468599997	 -0.095 	  -84.76 	 
0.470799997	 -0.096 	  -85.33 	 
0.472999997	 -0.097 	  -85.49 	 
0.475199997	 -0.097 	  -85.41 	 
0.477399997	 -0.097 	  -85.05 	 
0.479599997	 -0.096 	  -84.42 	 
0.481799997	 -0.096 	  -83.53 	 
0.483999997	 -0.095 	  -82.32 	 
0.486199997	 -0.095 	  -80.83 	 
0.488399997	 -0.094 	  -79.13 	 
0.490599997	 -0.092 	  -77.16 	 
0.492799997	 -0.091 	  -74.99 	 
0.494999997	 -0.089 	  -72.70 	 
0.497199997	 -0.087 	  -70.22 	 
0.499399997	 -0.085 	  -67.68 	 
0.501599997	 -0.083 	  -65.01 	 
0.503799997	 -0.079 	  -62.45 	 
0.505999997	 -0.077 	  -59.71 	 
0.508199997	 -0.074 	  -57.07 	 
0.510399997	 -0.072 	  -54.54 	 
0.512599997	 -0.069 	  -52.07 	 
0.514799997	 -0.065 	  -49.65 	 
0.516999997	 -0.062 	  -47.42 	 
0.519199997	 -0.059 	  -45.42 	 
0.521399997	 -0.056 	  -43.53 	 
0.523599997	 -0.054 	  -41.96 	 
0.525799997	 -0.051 	  -40.53 	 
0.527999997	 -0.049 	  -39.41 	 
0.530199997	 -0.048 	  -38.58 	 
0.532399997	 -0.046 	  -38.04 	 
0.534599997	 -0.045 	  -37.75 	 
0.536799997	 -0.044 	  -37.74 	 
0.538999997	 -0.044 	  -37.98 	 
0.541199997	 -0.044 	  -38.49 	 
0.543399997	 -0.045 	  -39.37 	 
0.545599997	 -0.045 	  -40.45 	 
0.547799997	 -0.047 	  -41.81 	 
0.549999997	 -0.048 	  -43.53 	 
0.552199997	 -0.050 	  -45.37 	 
0.554399997	 -0.051 	  -47.39 	 
0.556599997	 -0.054 	  -49.68 	 
0.558799997	 -0.056 	  -52.06 	 
0.560999997	 -0.058 	  -54.51 	 
0.563199997	 -0.061 	  -57.16 	 
0.565399997	 -0.064 	  -59.76 	 
0.567599997	 -0.066 	  -62.38 	 
0.569799997	 -0.070 	  -65.06 	 
0.571999997	 -0.073 	  -67.65 	 
0.574199997	 -0.076 	  -70.16 	 
0.576399997	 -0.079 	  -72.54 	 
0.578599997	 -0.083 	  -74.80 	 
0.580799997	 -0.085 	  -76.91 	 
0.582999997	 -0.087 	  -78.83 	 
0.585199997	 -0.090 	  -80.54 	 
0.587399997	 -0.091 	  -82.01 	 
0.589599997	 -0.092 	  -83.22 	 
0.591799997	 -0.094 	  -84.26 	 
0.593999997	 -0.096 	  -84.89 	 
0.596199997	 -0.096 	  -85.34 	 
0.598399997	 -0.098 	  -85.47 	 
0.600599997	 -0.097 	  -85.30 	 
0.602799997	 -0.097 	  -84.96 	 
0.604999997	 -0.097 	  -84.30 	 
0.607199997	 -0.096 	  -83.29 	 
0.609399997	 -0.096 	  -82.05 	 
0.611599997	 -0.095 	  -80.50 	 
0.613799997	 -0.093 	  -78.75 	 
0.615999997	 -0.092 	  -76.79 	 
0.618199997	 -0.090 	  -74.58 	 
0.620399997	 -0.089 	  -72.23 	 
0.622599997	 -0.087 	  -69.77 	 
0.624799997	 -0.085 	  -67.20 	 
0.626999997	 -0.082 	  -64.57 	 
0.629199997	 -0.079 	  -61.92 	 
0.631399997	 -0.077 	  -59.29 	 
0.633599997	 -0.073 	  -56.61 	 
0.635799997	 -0.071 	  -54.07 	 
0.637999997	 -0.067 	  -51.62 	 
0.640199997	 -0.065 	  -49.23 	 
0.642399997	 -0.061 	  -47.03 	 
0.644599997	 -0.059 	  -45.05 	 
0.646799996	 -0.056 	  -43.25 	 
0.648999996	 -0.053 	  -41.67 	 
0.651199996	 -0.051 	  -40.33 	 
0.653399996	 -0.048 	  -39.24 	 
0.655599996	 -0.047 	  -38.44 	 
0.657799996	 -0.046 	  -37.97 	 
0.659999996	 -0.045 	  -37.73 	 
0.662199996	 -0.044 	  -37.76 	 
0.664399996	 -0.043 	  -38.05 	 
0.666599996	 -0.044 	  -38.65 	 
0.668799996	 -0.045 	  -39.53 	 
0.670999996	 -0.045 	  -40.71 	 
0.673199996	 -0.048 	  -42.10 	 
0.675399996	 -0.048 	  -43.86 	 
0.677599996	 -0.050 	  -45.72 	 
0.679799996	 -0.051 	  -47.80 	 
0.681999996	 -0.054 	  -50.12 	 
0.684199996	 -0.056 	  -52.53 	 
0.686399996	 -0.059 	  -55.04 	 
0.688599996	 -0.062 	  -57.65 	 
0.690799996	 -0.065 	  -60.30 	 
0.692999996	 -0.067 	  -62.89 	 
0.695199996	 -0.070 	  -65.55 	 
0.697399996	 -0.074 	  -68.11 	 
0.699599996	 -0.076 	  -70.65 	 
0.701799996	 -0.079 	  -72.95 	 
0.703999996	 -0.082 	  -75.22 	 
0.706199996	 -0.085 	  -77.32 	 
0.708399996	 -0.087 	  -79.15 	 
0.710599996	 -0.090 	  -80.87 	 
0.712799996	 -0.092 	  -82.28 	 
0.714999996	 -0.093 	  -83.46 	 
0.717199996	 -0.095 	  -84.44 	 
0.719399996	 -0.096 	  -85.06 	 
0.721599996	 -0.097 	  -85.39 	 
0.723799996	 -0.097 	  -85.50 	 
0.725999996	 -0.098 	  -85.32 	 
0.728199996	 -0.098 	  -84.92 	 
0.730399996	 -0.097 	  -84.19 	 
0.732599996	 -0.097 	  -83.11 	 
0.734799996	 -0.096 	  -81.82 	 
0.736999996	 -0.094 	  -80.24 	 
0.739199996	 -0.094 	  -78.47 	 
0.741399996	 -0.092 	  -76.41 	 
0.743599996	 -0.090 	  -74.17 	 
0.745799996	 -0.089 	  -71.83 	 
0.747999996	 -0.086 	  -69.37 	 
0.750199996	 -0.085 	  -66.79 	 
0.752399996	 -0.081 	  -64.11 	 
0.754599996	 -0.079 	  -61.50 	 
0.756799996	 -0.076 	  -58.81 	 
0.758999996	 -0.073 	  -56.18 	 
0.761199996	 -0.070 	  -53.59 	 
0.763399996	 -0.067 	  -51.18 	 
0.765599996	 -0.064 	  -48.82 	 
0.767799996	 -0.061 	  -46.65 	 
0.769999996	 -0.059 	  -44.71 	 
0.772199996	 -0.055 	  -42.96 	 
0.774399996	 -0.053 	  -41.40 	 
0.776599996	 -0.051 	  -40.11 	 
0.778799996	 -0.049 	  -39.10 	 
0.780999996	 -0.047 	  -38.31 	 
0.783199996	 -0.045 	  -37.90 	 
0.785399996	 -0.045 	  -37.70 	 
0.787599996	 -0.044 	  -37.78 	 
0.789799996	 -0.044 	  -38.14 	 
0.791999996	 -0.044 	  -38.79 	 
0.794199996	 -0.045 	  -39.74 	 
0.796399996	 -0.046 	  -40.93 	 
0.798599996	 -0.047 	  -42.42 	 
0.800799996	 -0.048 	  -44.17 	 
0.802999996	 -0.050 	  -46.10 	 
0.805199996	 -0.052 	  -48.18 	 
0.807399996	 -0.055 	  -50.56 	 
0.809599996	 -0.057 	  -52.97 	 
0.811799996	 -0.060 	  -55.51 	 
0.813999996	 -0.062 	  -58.13 	 
0.816199996	 -0.065 	  -60.73 	 
0.818399996	 -0.068 	  -63.39 	 
0.820599996	 -0.071 	  -65.98 	 
0.822799996	 -0.074 	  -68.54 	 
0.824999996	 -0.077 	  -71.02 	 
0.827199996	 -0.080 	  -73.41 	 
0.829399996	 -0.083 	  -75.58 	 
0.831599995	 -0.086 	  -77.68 	 
0.833799995	 -0.088 	  -79.49 	 
0.835999995	 -0.090 	  -81.10 	 
0.838199995	 -0.092 	  -82.54 	 
0.840399995	 -0.093 	  -83.60 	 
0.842599995	 -0.095 	  -84.55 	 
0.844799995	 -0.096 	  -85.10 	 
0.846999995	 -0.097 	  -85.41 	 
0.849199995	 -0.097 	  -85.48 	 
0.851399995	 -0.097 	  -85.24 	 
0.853599995	 -0.098 	  -84.78 	 
0.855799995	 -0.097 	  -83.96 	 
0.857999995	 -0.096 	  -82.87 	 
0.860199995	 -0.096 	  -81.52 	 
0.862399995	 -0.094 	  -79.87 	 
0.864599995	 -0.093 	  -78.07 	 
0.866799995	 -0.092 	  -76.01 	 
0.868999995	 -0.090 	  -73.75 	 
0.871199995	 -0.087 	  -71.39 	 
0.873399995	 -0.087 	  -68.89 	 
0.875599995	 -0.084 	  -66.26 	 
0.877799995	 -0.081 	  -63.61 	 
0.879999995	 -0.078 	  -60.91 	 
0.882199995	 -0.075 	  -58.34 	 
0.884399995	 -0.073 	  -55.68 	 
0.886599995	 -0.069 	  -53.15 	 
0.888799995	 -0.067 	  -50.71 	 
0.890999995	 -0.064 	  -48.49 	 
0.893199995	 -0.061 	  -46.32 	 
0.895399995	 -0.057 	  -44.35 	 
0.897599995	 -0.055 	  -42.66 	 
0.899799995	 -0.053 	  -41.12 	 
0.901999995	 -0.050 	  -39.91 	 
0.904199995	 -0.048 	  -38.97 	 
0.906399995	 -0.047 	  -38.28 	 
0.908599995	 -0.046 	  -37.83 	 
0.910799995	 -0.045 	  -37.71 	 
0.912999995	 -0.044 	  -37.86 	 
0.915199995	 -0.044 	  -38.27 	 
0.917399995	 -0.044 	  -38.93 	 
0.919599995	 -0.045 	  -39.87 	 
0.921799995	 -0.047 	  -41.23 	 
0.923999995	 -0.048 	  -42.72 	 
0.926199995	 -0.049 	  -44.46 	 
0.928399995	 -0.050 	  -46.50 	 
0.930599995	 -0.053 	  -48.68 	 
0.932799995	 -0.055 	  -50.94 	 
0.934999995	 -0.057 	  -53.46 	 
0.937199995	 -0.060 	  -55.97 	 
0.939399995	 -0.063 	  -58.55 	 
0.941599995	 -0.065 	  -61.24 	 
0.943799995	 -0.070 	  -63.87 	 
0.945999995	 -0.072 	  -66.50 	 
0.948199995	 -0.075 	  -69.00 	 
0.950399995	 -0.078 	  -71.48 	 
0.952599995	 -0.081 	  -73.83 	 
0.954799995	 -0.083 	  -75.99 	 
0.956999995	 -0.086 	  -77.98 	 
0.959199995	 -0.088 	  -79.82 	 
0.961399995	 -0.090 	  -81.35 	 
0.963599995	 -0.092 	  -82.75 	 
0.965799995	 -0.093 	  -83.83 	 
0.967999995	 -0.096 	  -84.62 	 
0.970199995	 -0.097 	  -85.23 	 
0.972399995	 -0.097 	  -85.44 	 
0.974599995	 -0.098 	  -85.47 	 
0.976799995	 -0.097 	  -85.17 	 
0.978999995	 -0.097 	  -84.59 	 
0.981199995	 -0.097 	  -83.80 	 
0.983399995	 -0.096 	  -82.65 	 
0.985599995	 -0.095 	  -81.25 	 
0.987799995	 -0.094 	  -79.61 	 
0.989999995	 -0.094 	  -77.74 	 
0.992199995	 -0.091 	  -75.61 	 
0.994399995	 -0.090 	  -73.35 	 
0.996599995	 -0.087 	  -70.93 	 
0.998799995	 -0.086 	  -68.41 	 
1.000999995	 -0.084 	  -65.80 	 
1.003199995	 -0.081 	  -63.15 	 
1.005399995	 -0.078 	  -60.46 	 
1.007599995	 -0.074 	  -57.84 	 
1.009799995	 -0.072 	  -55.28 	 
1.011999995	 -0.069 	  -52.72 	 
1.014199995	 -0.067 	  -50.30 	 
1.016399994	 -0.063 	  -48.05 	 
1.018599994	 -0.061 	  -45.98 	 
1.020799994	 -0.057 	  -44.06 	 
1.022999994	 -0.055 	  -42.38 	 
1.025199994	 -0.052 	  -40.92 	 
1.027399994	 -0.050 	  -39.72 	 
1.029599994	 -0.049 	  -38.85 	 
1.031799994	 -0.047 	  -38.21 	 
1.033999994	 -0.045 	  -37.80 	 
1.036199994	 -0.045 	  -37.72 	 
1.038399994	 -0.044 	  -37.92 	 
1.040599994	 -0.045 	  -38.36 	 
1.042799994	 -0.044 	  -39.13 	 
1.044999994	 -0.046 	  -40.14 	 
1.047199994	 -0.046 	  -41.43 	 
1.049399994	 -0.048 	  -43.10 	 
1.051599994	 -0.049 	  -44.85 	 
1.053799994	 -0.051 	  -46.82 	 
1.055999994	 -0.053 	  -49.12 	 
1.058199994	 -0.056 	  -51.45 	 
1.060399994	 -0.058 	  -53.87 	 
1.062599994	 -0.061 	  -56.49 	 
1.064799994	 -0.064 	  -59.05 	 
1.066999994	 -0.066 	  -61.72 	 
1.069199994	 -0.069 	  -64.36 	 
1.071399994	 -0.073 	  -66.94 	 
1.073599994	 -0.075 	  -69.50 	 
1.075799994	 -0.079 	  -71.91 	 
1.077999994	 -0.081 	  -74.26 	 
1.080199994	 -0.085 	  -76.36 	 
1.082399994	 -0.086 	  -78.31 	 
1.084599994	 -0.088 	  -80.13 	 
1.086799994	 -0.091 	  -81.63 	 
1.088999994	 -0.093 	  -82.95 	 
1.091199994	 -0.095 	  -84.01 	 
1.093399994	 -0.095 	  -84.75 	 
1.095599994	 -0.096 	  -85.30 	 
1.097799994	 -0.097 	  -85.50 	 
1.099999994	 -0.097 	  -85.37 	 
1.102199994	 -0.097 	  -85.09 	 
1.104399994	 -0.098 	  -84.47 	 
1.106599994	 -0.097 	  -83.63 	 
1.108799994	 -0.096 	  -82.43 	 
1.110999994	 -0.096 	  -80.95 	 
1.113199994	 -0.095 	  -79.28 	 
1.115399994	 -0.093 	  -77.30 	 
1.117599994	 -0.092 	  -75.20 	 
1.119799994	 -0.090 	  -72.90 	 
1.121999994	 -0.088 	  -70.47 	 
1.124199994	 -0.085 	  -67.91 	 
1.126399994	 -0.083 	  -65.28 	 
1.128599994	 -0.081 	  -62.69 	 
1.130799994	 -0.078 	  -60.01 	 
1.132999994	 -0.076 	  -57.30 	 
1.135199994	 -0.072 	  -54.74 	 
1.137399994	 -0.069 	  -52.28 	 
1.139599994	 -0.066 	  -49.86 	 
1.141799994	 -0.063 	  -47.64 	 
1.143999994	 -0.060 	  -45.56 	 
1.146199994	 -0.057 	  -43.72 	 
1.148399994	 -0.054 	  -42.08 	 
1.150599994	 -0.052 	  -40.71 	 
1.152799994	 -0.050 	  -39.54 	 
1.154999994	 -0.048 	  -38.64 	 
1.157199994	 -0.047 	  -38.05 	 
1.159399994	 -0.045 	  -37.72 	 
1.161599994	 -0.045 	  -37.73 	 
1.163799994	 -0.045 	  -37.94 	 
1.165999994	 -0.045 	  -38.45 	 
1.168199994	 -0.045 	  -39.24 	 
1.170399994	 -0.045 	  -40.40 	 
1.172599994	 -0.047 	  -41.69 	 
1.174799994	 -0.048 	  -43.29 	 
1.176999994	 -0.050 	  -45.22 	 
1.179199994	 -0.052 	  -47.22 	 
1.181399994	 -0.054 	  -49.41 	 
1.183599994	 -0.057 	  -51.88 	 
1.185799994	 -0.058 	  -54.34 	 
1.187999994	 -0.061 	  -56.89 	 
1.190199994	 -0.064 	  -59.60 	 
1.192399994	 -0.067 	  -62.19 	 
1.194599994	 -0.071 	  -64.82 	 
1.196799994	 -0.073 	  -67.40 	 
1.198999994	 -0.076 	  -69.88 	 
1.201199993	 -0.080 	  -72.34 	 
1.203399993	 -0.082 	  -74.61 	 
1.205599993	 -0.085 	  -76.74 	 
1.207799993	 -0.087 	  -78.66 	 
1.209999993	 -0.090 	  -80.39 	 
1.212199993	 -0.091 	  -81.91 	 
1.214399993	 -0.093 	  -83.16 	 
1.216599993	 -0.095 	  -84.15 	 
1.218799993	 -0.096 	  -84.87 	 
1.220999993	 -0.097 	  -85.32 	 
1.223199993	 -0.097 	  -85.52 	 
1.225399993	 -0.098 	  -85.36 	 
1.227599993	 -0.098 	  -84.97 	 
1.229799993	 -0.098 	  -84.38 	 
1.231999993	 -0.097 	  -83.40 	 
1.234199993	 -0.097 	  -82.16 	 
1.236399993	 -0.095 	  -80.70 	 
1.238599993	 -0.094 	  -78.89 	 
1.240799993	 -0.092 	  -76.91 	 
1.242999993	 -0.092 	  -74.83 	 
1.245199993	 -0.089 	  -72.46 	 
1.247399993	 -0.087 	  -69.96 	 
1.249599993	 -0.085 	  -67.49 	 
1.251799993	 -0.083 	  -64.82 	 
1.253999993	 -0.080 	  -62.14 	 
1.256199993	 -0.078 	  -59.48 	 
1.258399993	 -0.074 	  -56.87 	 
1.260599993	 -0.072 	  -54.29 	 
1.262799993	 -0.069 	  -51.80 	 
1.264999993	 -0.065 	  -49.46 	 
1.267199993	 -0.062 	  -47.25 	 
1.269399993	 -0.059 	  -45.26 	 
1.271599993	 -0.057 	  -43.40 	 
1.273799993	 -0.054 	  -41.78 	 
1.275999993	 -0.052 	  -40.44 	 
1.278199993	 -0.049 	  -39.36 	 
1.280399993	 -0.048 	  -38.52 	 
1.282599993	 -0.046 	  -38.00 	 
1.284799993	 -0.045 	  -37.73 	 
1.286999993	 -0.045 	  -37.73 	 
1.289199993	 -0.045 	  -38.06 	 
1.291399993	 -0.045 	  -38.61 	 
1.293599993	 -0.045 	  -39.47 	 
1.295799993	 -0.046 	  -40.58 	 
1.297999993	 -0.047 	  -41.99 	 
1.300199993	 -0.048 	  -43.67 	 
1.302399993	 -0.049 	  -45.54 	 
1.304599993	 -0.052 	  -47.63 	 
1.306799993	 -0.054 	  -49.90 	 
1.308999993	 -0.057 	  -52.29 	 
1.311199993	 -0.059 	  -54.78 	 
1.313399993	 -0.062 	  -57.40 	 
1.315599993	 -0.065 	  -60.01 	 
1.317799993	 -0.068 	  -62.69 	 
1.319999993	 -0.070 	  -65.28 	 
1.322199993	 -0.074 	  -67.86 	 
1.324399993	 -0.077 	  -70.37 	 
1.326599993	 -0.080 	  -72.72 	 
1.328799993	 -0.083 	  -75.07 	 
1.330999993	 -0.085 	  -77.11 	 
1.333199993	 -0.088 	  -78.97 	 
1.335399993	 -0.091 	  -80.70 	 
1.337599993	 -0.092 	  -82.15 	 
1.339799993	 -0.093 	  -83.38 	 
1.341999993	 -0.095 	  -84.33 	 
1.344199993	 -0.096 	  -84.95 	 
1.346399993	 -0.097 	  -85.38 	 
1.348599993	 -0.098 	  -85.48 	 
1.350799993	 -0.097 	  -85.35 	 
1.352999993	 -0.098 	  -84.90 	 
1.355199993	 -0.098 	  -84.16 	 
1.357399993	 -0.097 	  -83.25 	 
1.359599993	 -0.096 	  -81.88 	 
1.361799993	 -0.095 	  -80.38 	 
1.363999993	 -0.094 	  -78.60 	 
1.366199993	 -0.092 	  -76.55 	 
1.368399993	 -0.091 	  -74.39 	 
1.370599993	 -0.090 	  -72.06 	 
1.372799993	 -0.087 	  -69.54 	 
1.374999993	 -0.085 	  -66.96 	 
1.377199993	 -0.082 	  -64.38 	 
1.379399993	 -0.079 	  -61.66 	 
1.381599993	 -0.077 	  -58.98 	 
1.383799993	 -0.074 	  -56.37 	 
1.385999992	 -0.071 	  -53.85 	 
1.388199992	 -0.068 	  -51.41 	 
1.390399992	 -0.065 	  -49.07 	 
1.392599992	 -0.062 	  -46.86 	 
1.394799992	 -0.059 	  -44.90 	 
1.396999992	 -0.056 	  -43.14 	 
1.399199992	 -0.054 	  -41.51 	 
1.401399992	 -0.052 	  -40.22 	 
1.403599992	 -0.049 	  -39.18 	 
1.405799992	 -0.048 	  -38.44 	 
1.407999992	 -0.046 	  -37.94 	 
1.410199992	 -0.046 	  -37.72 	 
1.412399992	 -0.045 	  -37.79 	 
1.414599992	 -0.045 	  -38.12 	 
1.416799992	 -0.045 	  -38.75 	 
1.418999992	 -0.046 	  -39.61 	 
1.421199992	 -0.046 	  -40.81 	 
1.423399992	 -0.047 	  -42.31 	 
1.425599992	 -0.048 	  -43.97 	 
1.427799992	 -0.051 	  -45.86 	 
1.429999992	 -0.052 	  -48.05 	 
1.432199992	 -0.054 	  -50.33 	 
1.434399992	 -0.057 	  -52.72 	 
1.436599992	 -0.060 	  -55.27 	 
1.438799992	 -0.062 	  -57.83 	 
1.440999992	 -0.065 	  -60.45 	 
1.443199992	 -0.068 	  -63.13 	 
1.445399992	 -0.072 	  -65.77 	 
1.447599992	 -0.074 	  -68.30 	 
1.449799992	 -0.078 	  -70.82 	 
1.451999992	 -0.081 	  -73.17 	 
1.454199992	 -0.083 	  -75.40 	 
1.456399992	 -0.086 	  -77.46 	 
1.458599992	 -0.088 	  -79.24 	 
1.460799992	 -0.091 	  -80.96 	 
1.462999992	 -0.092 	  -82.37 	 
1.465199992	 -0.094 	  -83.55 	 
1.467399992	 -0.095 	  -84.44 	 
1.469599992	 -0.097 	  -85.03 	 
1.471799992	 -0.097 	  -85.42 	 
1.473999992	 -0.097 	  -85.44 	 
1.476199992	 -0.098 	  -85.25 	 
1.478399992	 -0.098 	  -84.72 	 
1.480599992	 -0.097 	  -83.97 	 
1.482799992	 -0.097 	  -82.99 	 
1.484999992	 -0.096 	  -81.65 	 
1.487199992	 -0.095 	  -80.04 	 
1.489399992	 -0.093 	  -78.22 	 
1.491599992	 -0.092 	  -76.21 	 
1.493799992	 -0.091 	  -73.94 	 
1.495999992	 -0.088 	  -71.54 	 
1.498199992	 -0.087 	  -69.06 	 
1.500399992	 -0.084 	  -66.46 	 
1.502599992	 -0.082 	  -63.81 	 
1.504799992	 -0.079 	  -61.24 	 
1.506999992	 -0.076 	  -58.53 	 
1.509199992	 -0.073 	  -55.92 	 
1.511399992	 -0.070 	  -53.35 	 
1.513599992	 -0.067 	  -50.92 	 
1.515799992	 -0.063 	  -48.68 	 
1.517999992	 -0.062 	  -46.47 	 
1.520199992	 -0.058 	  -44.53 	 
1.522399992	 -0.056 	  -42.81 	 
1.524599992	 -0.053 	  -41.30 	 
1.526799992	 -0.051 	  -40.03 	 
1.528999992	 -0.049 	  -39.06 	 
1.531199992	 -0.047 	  -38.28 	 
1.533399992	 -0.046 	  -37.86 	 
1.535599992	 -0.045 	  -37.73 	 
1.537799992	 -0.045 	  -37.86 	 
1.539999992	 -0.045 	  -38.23 	 
1.542199992	 -0.045 	  -38.87 	 
1.544399992	 -0.045 	  -39.81 	 
1.546599992	 -0.046 	  -41.10 	 
1.548799992	 -0.048 	  -42.59 	 
1.550999992	 -0.049 	  -44.28 	 
1.553199992	 -0.051 	  -46.31 	 
1.555399992	 -0.053 	  -48.44 	 
1.557599992	 -0.055 	  -50.74 	 
1.559799992	 -0.058 	  -53.21 	 
1.561999992	 -0.060 	  -55.74 	 
1.564199992	 -0.063 	  -58.35 	 
1.566399992	 -0.066 	  -60.96 	 
1.568599992	 -0.069 	  -63.65 	 
1.570799991	 -0.072 	  -66.26 	 
1.572999991	 -0.075 	  -68.78 	 
1.575199991	 -0.078 	  -71.23 	 
1.577399991	 -0.081 	  -73.61 	 
1.579599991	 -0.084 	  -75.75 	 
1.581799991	 -0.086 	  -77.85 	 
1.583999991	 -0.088 	  -79.65 	 
1.586199991	 -0.091 	  -81.26 	 
1.588399991	 -0.093 	  -82.64 	 
1.590599991	 -0.094 	  -83.71 	 
1.592799991	 -0.096 	  -84.63 	 
1.594999991	 -0.096 	  -85.17 	 
1.597199991	 -0.098 	  -85.47 	 
1.599399991	 -0.098 	  -85.46 	 
1.601599991	 -0.098 	  -85.21 	 
1.603799991	 -0.098 	  -84.71 	 
1.605999991	 -0.098 	  -83.88 	 
1.608199991	 -0.097 	  -82.80 	 
1.610399991	 -0.096 	  -81.47 	 
1.612599991	 -0.095 	  -79.77 	 
1.614799991	 -0.093 	  -77.92 	 
1.616999991	 -0.092 	  -75.88 	 
1.619199991	 -0.090 	  -73.55 	 
1.621399991	 -0.088 	  -71.18 	 
1.623599991	 -0.087 	  -68.64 	 
1.625799991	 -0.084 	  -66.06 	 
1.627999991	 -0.081 	  -63.43 	 
1.630199991	 -0.078 	  -60.69 	 
1.632399991	 -0.076 	  -58.10 	 
1.634599991	 -0.073 	  -55.49 	 
1.636799991	 -0.070 	  -52.96 	 
1.638999991	 -0.066 	  -50.50 	 
1.641199991	 -0.065 	  -48.25 	 
1.643399991	 -0.061 	  -46.15 	 
1.645599991	 -0.059 	  -44.21 	 
1.647799991	 -0.055 	  -42.54 	 
1.649999991	 -0.053 	  -41.05 	 
1.652199991	 -0.050 	  -39.84 	 
1.654399991	 -0.049 	  -38.91 	 
1.656599991	 -0.047 	  -38.24 	 
1.658799991	 -0.046 	  -37.79 	 
1.660999991	 -0.045 	  -37.72 	 
1.663199991	 -0.044 	  -37.90 	 
1.665399991	 -0.044 	  -38.32 	 
1.667599991	 -0.046 	  -39.03 	 
1.669799991	 -0.046 	  -40.03 	 
1.671999991	 -0.047 	  -41.34 	 
1.674199991	 -0.048 	  -42.85 	 
1.676399991	 -0.050 	  -44.67 	 
1.678599991	 -0.051 	  -46.66 	 
1.680799991	 -0.053 	  -48.85 	 
1.682999991	 -0.055 	  -51.16 	 
1.685199991	 -0.058 	  -53.67 	 
1.687399991	 -0.061 	  -56.20 	 
1.689599991	 -0.064 	  -58.84 	 
1.691799991	 -0.067 	  -61.48 	 
1.693999991	 -0.070 	  -64.10 	 
1.696199991	 -0.073 	  -66.72 	 
1.698399991	 -0.076 	  -69.25 	 
1.700599991	 -0.079 	  -71.69 	 
1.702799991	 -0.081 	  -74.04 	 
1.704999991	 -0.085 	  -76.19 	 
1.707199991	 -0.087 	  -78.20 	 
1.709399991	 -0.090 	  -79.98 	 
1.711599991	 -0.091 	  -81.50 	 
1.713799991	 -0.093 	  -82.88 	 
1.715999991	 -0.095 	  -83.92 	 
1.718199991	 -0.096 	  -84.71 	 
1.720399991	 -0.097 	  -85.22 	 
1.722599991	 -0.098 	  -85.46 	 
1.724799991	 -0.098 	  -85.47 	 
1.726999991	 -0.098 	  -85.17 	 
1.729199991	 -0.098 	  -84.59 	 
1.731399991	 -0.097 	  -83.78 	 
1.733599991	 -0.097 	  -82.54 	 
1.735799991	 -0.096 	  -81.17 	 
1.737999991	 -0.094 	  -79.41 	 
1.740199991	 -0.094 	  -77.53 	 
1.742399991	 -0.092 	  -75.48 	 
1.744599991	 -0.090 	  -73.14 	 
1.746799991	 -0.088 	  -70.73 	 
1.748999991	 -0.086 	  -68.22 	 
1.751199991	 -0.083 	  -65.57 	 
1.753399990	 -0.081 	  -62.92 	 
1.755599990	 -0.078 	  -60.21 	 
1.757799990	 -0.076 	  -57.61 	 
1.759999990	 -0.072 	  -55.03 	 
1.762199990	 -0.069 	  -52.51 	 
1.764399990	 -0.066 	  -50.13 	 
1.766599990	 -0.063 	  -47.85 	 
1.768799990	 -0.061 	  -45.82 	 
1.770999990	 -0.057 	  -43.91 	 
1.773199990	 -0.055 	  -42.20 	 
1.775399990	 -0.052 	  -40.82 	 
1.777599990	 -0.050 	  -39.62 	 
1.779799990	 -0.048 	  -38.76 	 
1.781999990	 -0.047 	  -38.14 	 
1.784199990	 -0.046 	  -37.81 	 
1.786399990	 -0.045 	  -37.71 	 
1.788599990	 -0.045 	  -37.97 	 
1.790799990	 -0.045 	  -38.43 	 
1.792999990	 -0.045 	  -39.21 	 
1.795199990	 -0.046 	  -40.25 	 
1.797399990	 -0.048 	  -41.62 	 
1.799599990	 -0.048 	  -43.21 	 
1.801799990	 -0.050 	  -45.02 	 
1.803999990	 -0.052 	  -47.13 	 
1.806199990	 -0.053 	  -49.28 	 
1.808399990	 -0.056 	  -51.65 	 
1.810599990	 -0.059 	  -54.15 	 
1.812799990	 -0.061 	  -56.70 	 
1.814999990	 -0.064 	  -59.29 	 
1.817199990	 -0.068 	  -61.96 	 
1.819399990	 -0.070 	  -64.57 	 
1.821599990	 -0.074 	  -67.20 	 
1.823799990	 -0.076 	  -69.70 	 
1.825999990	 -0.079 	  -72.11 	 
1.828199990	 -0.083 	  -74.48 	 
1.830399990	 -0.085 	  -76.55 	 
1.832599990	 -0.088 	  -78.54 	 
1.834799990	 -0.090 	  -80.30 	 
1.836999990	 -0.092 	  -81.76 	 
1.839199990	 -0.094 	  -83.11 	 
1.841399990	 -0.095 	  -84.10 	 
1.843599990	 -0.097 	  -84.87 	 
1.845799990	 -0.097 	  -85.33 	 
1.847999990	 -0.097 	  -85.52 	 
1.850199990	 -0.098 	  -85.47 	 
1.852399990	 -0.098 	  -85.06 	 
1.854599990	 -0.098 	  -84.43 	 
1.856799990	 -0.097 	  -83.53 	 
1.858999990	 -0.097 	  -82.32 	 
1.861199990	 -0.096 	  -80.88 	 
1.863399990	 -0.094 	  -79.17 	 
1.865599990	 -0.093 	  -77.15 	 
1.867799990	 -0.092 	  -75.04 	 
1.869999990	 -0.090 	  -72.72 	 
1.872199990	 -0.088 	  -70.26 	 
1.874399990	 -0.086 	  -67.69 	 
1.876599990	 -0.084 	  -65.13 	 
1.878799990	 -0.080 	  -62.42 	 
1.880999990	 -0.079 	  -59.74 	 
1.883199990	 -0.075 	  -57.11 	 
1.885399990	 -0.072 	  -54.54 	 
1.887599990	 -0.069 	  -52.08 	 
1.889799990	 -0.066 	  -49.68 	 
1.891999990	 -0.063 	  -47.46 	 
1.894199990	 -0.060 	  -45.44 	 
1.896399990	 -0.057 	  -43.56 	 
1.898599990	 -0.055 	  -41.94 	 
1.900799990	 -0.051 	  -40.58 	 
1.902999990	 -0.050 	  -39.44 	 
1.905199990	 -0.048 	  -38.60 	 
1.907399990	 -0.046 	  -38.05 	 
1.909599990	 -0.046 	  -37.79 	 
1.911799990	 -0.046 	  -37.75 	 
1.913999990	 -0.045 	  -37.99 	 
1.916199990	 -0.044 	  -38.55 	 
1.918399990	 -0.045 	  -39.38 	 
1.920599990	 -0.047 	  -40.46 	 
1.922799990	 -0.047 	  -41.86 	 
1.924999990	 -0.049 	  -43.53 	 
1.927199990	 -0.050 	  -45.40 	 
1.929399990	 -0.052 	  -47.43 	 
1.931599990	 -0.054 	  -49.70 	 
1.933799990	 -0.057 	  -52.09 	 
1.935999990	 -0.060 	  -54.60 	 
1.938199989	 -0.062 	  -57.14 	 
1.940399989	 -0.065 	  -59.80 	 
1.942599989	 -0.069 	  -62.41 	 
1.944799989	 -0.071 	  -65.08 	 
1.946999989	 -0.074 	  -67.67 	 
1.949199989	 -0.078 	  -70.19 	 
1.951399989	 -0.081 	  -72.55 	 
1.953599989	 -0.083 	  -74.81 	 
1.955799989	 -0.086 	  -76.97 	 
1.957999989	 -0.088 	  -78.82 	 
1.960199989	 -0.091 	  -80.54 	 
1.962399989	 -0.092 	  -82.04 	 
1.964599989	 -0.094 	  -83.25 	 
1.966799989	 -0.096 	  -84.26 	 
1.968999989	 -0.097 	  -84.95 	 
1.971199989	 -0.097 	  -85.33 	 
1.973399989	 -0.098 	  -85.52 	 
1.975599989	 -0.098 	  -85.39 	 
1.977799989	 -0.098 	  -84.95 	 
1.979999989	 -0.098 	  -84.30 	 
1.982199989	 -0.098 	  -83.31 	 
1.984399989	 -0.097 	  -82.10 	 
1.986599989	 -0.097 	  -80.57 	 
1.988799989	 -0.095 	  -78.79 	 
1.990999989	 -0.094 	  -76.79 	 
1.993199989	 -0.092 	  -74.63 	 
1.995399989	 -0.090 	  -72.30 	 
1.997599989	 -0.088 	  -69.74 	 
1.999799989	 -0.085 	  -67.27 	 
2.001999989	 -0.083 	  -64.57 	 
2.004199989	 -0.080 	  -61.89 	 
2.006399989	 -0.077 	  -59.32 	 
2.008599989	 -0.074 	  -56.67 	 
2.010799989	 -0.071 	  -54.06 	 
2.012999989	 -0.069 	  -51.58 	 
2.015199989	 -0.065 	  -49.27 	 
2.017399989	 -0.063 	  -47.06 	 
2.019599989	 -0.060 	  -45.07 	 
2.021799989	 -0.056 	  -43.25 	 
2.023999989	 -0.055 	  -41.66 	 
2.026199989	 -0.051 	  -40.33 	 
2.028399989	 -0.050 	  -39.31 	 
2.030599989	 -0.047 	  -38.47 	 
2.032799989	 -0.047 	  -37.95 	 
2.034999989	 -0.046 	  -37.73 	 
2.037199989	 -0.045 	  -37.75 	 
2.039399989	 -0.045 	  -38.08 	 
2.041599989	 -0.045 	  -38.68 	 
2.043799989	 -0.045 	  -39.53 	 
2.045999989	 -0.046 	  -40.68 	 
2.048199989	 -0.048 	  -42.19 	 
2.050399989	 -0.049 	  -43.83 	 
2.052599989	 -0.051 	  -45.69 	 
2.054799989	 -0.053 	  -47.89 	 
2.056999989	 -0.055 	  -50.07 	 
2.059199989	 -0.058 	  -52.49 	 
2.061399989	 -0.059 	  -55.05 	 
2.063599989	 -0.063 	  -57.63 	 
2.065799989	 -0.066 	  -60.22 	 
2.067999989	 -0.069 	  -62.95 	 
2.070199989	 -0.071 	  -65.53 	 
2.072399989	 -0.075 	  -68.11 	 
2.074599989	 -0.078 	  -70.60 	 
2.076799989	 -0.081 	  -72.91 	 
2.078999989	 -0.084 	  -75.22 	 
2.081199989	 -0.086 	  -77.28 	 
2.083399989	 -0.089 	  -79.17 	 
2.085599989	 -0.091 	  -80.83 	 
2.087799989	 -0.093 	  -82.26 	 
2.089999989	 -0.094 	  -83.47 	 
2.092199989	 -0.096 	  -84.38 	 
2.094399989	 -0.097 	  -85.02 	 
2.096599989	 -0.097 	  -85.38 	 
2.098799989	 -0.098 	  -85.45 	 
2.100999989	 -0.098 	  -85.33 	 
2.103199989	 -0.099 	  -84.86 	 
2.105399989	 -0.098 	  -84.07 	 
2.107599989	 -0.097 	  -83.10 	 
2.109799989	 -0.097 	  -81.76 	 
2.111999989	 -0.096 	  -80.19 	 
2.114199989	 -0.094 	  -78.41 	 
2.116399989	 -0.093 	  -76.34 	 
2.118599989	 -0.092 	  -74.14 	 
2.120799989	 -0.090 	  -71.80 	 
2.122999988	 -0.087 	  -69.30 	 
2.125199988	 -0.085 	  -66.67 	 
2.127399988	 -0.083 	  -64.14 	 
2.129599988	 -0.081 	  -61.43 	 
2.131799988	 -0.077 	  -58.76 	 
2.133999988	 -0.075 	  -56.13 	 
2.136199988	 -0.071 	  -53.59 	 
2.138399988	 -0.068 	  -51.16 	 
2.140599988	 -0.065 	  -48.84 	 
2.142799988	 -0.062 	  -46.67 	 
2.144999988	 -0.059 	  -44.70 	 
2.147199988	 -0.056 	  -42.96 	 
2.149399988	 -0.054 	  -41.44 	 
2.151599988	 -0.051 	  -40.13 	 
2.153799988	 -0.049 	  -39.10 	 
2.155999988	 -0.049 	  -38.36 	 
2.158199988	 -0.047 	  -37.90 	 
2.160399988	 -0.046 	  -37.73 	 
2.162599988	 -0.045 	  -37.83 	 
2.164799988	 -0.045 	  -38.13 	 
2.166999988	 -0.045 	  -38.81 	 
2.169199988	 -0.046 	  -39.75 	 
2.171399988	 -0.047 	  -40.92 	 
2.173599988	 -0.049 	  -42.42 	 
2.175799988	 -0.050 	  -44.19 	 
2.177999988	 -0.051 	  -46.07 	 
2.180199988	 -0.053 	  -48.22 	 
2.182399988	 -0.055 	  -50.58 	 
2.184599988	 -0.058 	  -52.97 	 
2.186799988	 -0.060 	  -55.52 	 
2.188999988	 -0.063 	  -58.12 	 
2.191199988	 -0.066 	  -60.74 	 
2.193399988	 -0.069 	  -63.34 	 
2.195599988	 -0.072 	  -66.02 	 
2.197799988	 -0.076 	  -68.54 	 
2.199999988	 -0.079 	  -71.04 	 
2.202199988	 -0.081 	  -73.38 	 
2.204399988	 -0.085 	  -75.55 	 
2.206599988	 -0.087 	  -77.68 	 
2.208799988	 -0.089 	  -79.48 	 
2.210999988	 -0.092 	  -81.10 	 
2.213199988	 -0.093 	  -82.51 	 
2.215399988	 -0.094 	  -83.67 	 
2.217599988	 -0.097 	  -84.51 	 
2.219799988	 -0.097 	  -85.10 	 
2.221999988	 -0.097 	  -85.39 	 
2.224199988	 -0.098 	  -85.48 	 
2.226399988	 -0.099 	  -85.26 	 
2.228599988	 -0.099 	  -84.76 	 
2.230799988	 -0.098 	  -83.94 	 
2.232999988	 -0.097 	  -82.85 	 
2.235199988	 -0.097 	  -81.58 	 
2.237399988	 -0.095 	  -79.89 	 
2.239599988	 -0.094 	  -78.05 	 
2.241799988	 -0.093 	  -75.99 	 
2.243999988	 -0.091 	  -73.74 	 
2.246199988	 -0.090 	  -71.37 	 
2.248399988	 -0.087 	  -68.82 	 
2.250599988	 -0.085 	  -66.28 	 
