0.000000000	  0.303 	  -66.96 	 
0.002200000	  0.307 	  -64.30 	 
0.004400000	  0.309 	  -61.63 	 
0.006600000	  0.313 	  -59.00 	 
0.008800000	  0.317 	  -56.38 	 
0.011000000	  0.321 	  -53.82 	 
0.013200000	  0.323 	  -51.36 	 
0.015400000	  0.327 	  -49.03 	 
0.017600000	  0.331 	  -46.89 	 
0.019800000	  0.335 	  -44.92 	 
0.022000000	  0.337 	  -43.10 	 
0.024200000	  0.340 	  -41.58 	 
0.026400000	  0.343 	  -40.27 	 
0.028600000	  0.345 	  -39.20 	 
0.030800000	  0.346 	  -38.44 	 
0.033000000	  0.348 	  -37.97 	 
0.035200000	  0.349 	  -37.75 	 
0.037400000	  0.350 	  -37.82 	 
0.039600000	  0.350 	  -38.17 	 
0.041800000	  0.349 	  -38.75 	 
0.044000000	  0.348 	  -39.64 	 
0.046200000	  0.347 	  -40.88 	 
0.048400000	  0.345 	  -42.30 	 
0.050600000	  0.343 	  -44.06 	 
0.052800000	  0.341 	  -45.90 	 
0.055000000	  0.338 	  -48.10 	 
0.057200000	  0.335 	  -50.35 	 
0.059400000	  0.332 	  -52.78 	 
0.061600000	  0.329 	  -55.27 	 
0.063800000	  0.326 	  -57.89 	 
0.066000000	  0.322 	  -60.49 	 
0.068200000	  0.318 	  -63.14 	 
0.070400000	  0.315 	  -65.79 	 
0.072600000	  0.312 	  -68.32 	 
0.074800000	  0.308 	  -70.84 	 
0.077000000	  0.305 	  -73.18 	 
0.079200000	  0.302 	  -75.45 	 
0.081400000	  0.299 	  -77.47 	 
0.083600000	  0.297 	  -79.38 	 
0.085800000	  0.294 	  -81.07 	 
0.088000000	  0.292 	  -82.43 	 
0.090200000	  0.290 	  -83.64 	 
0.092399999	  0.289 	  -84.43 	 
0.094599999	  0.288 	  -85.02 	 
0.096799999	  0.287 	  -85.35 	 
0.098999999	  0.287 	  -85.40 	 
0.101199999	  0.287 	  -85.17 	 
0.103399999	  0.287 	  -84.74 	 
0.105599999	  0.288 	  -83.93 	 
0.107799999	  0.288 	  -82.90 	 
0.109999999	  0.290 	  -81.56 	 
0.112199999	  0.291 	  -79.98 	 
0.114399999	  0.292 	  -78.12 	 
0.116599999	  0.294 	  -76.14 	 
0.118799999	  0.297 	  -73.86 	 
0.120999999	  0.299 	  -71.52 	 
0.123199999	  0.301 	  -69.01 	 
0.125399999	  0.304 	  -66.47 	 
0.127599999	  0.307 	  -63.78 	 
0.129799999	  0.310 	  -61.13 	 
0.131999999	  0.314 	  -58.54 	 
0.134199999	  0.316 	  -55.83 	 
0.136399999	  0.321 	  -53.36 	 
0.138599999	  0.325 	  -50.92 	 
0.140799999	  0.328 	  -48.58 	 
0.142999999	  0.331 	  -46.53 	 
0.145199999	  0.334 	  -44.53 	 
0.147399999	  0.338 	  -42.79 	 
0.149599999	  0.340 	  -41.32 	 
0.151799999	  0.343 	  -40.07 	 
0.153999999	  0.345 	  -38.99 	 
0.156199999	  0.347 	  -38.34 	 
0.158399999	  0.348 	  -37.87 	 
0.160599999	  0.349 	  -37.70 	 
0.162799999	  0.349 	  -37.89 	 
0.164999999	  0.349 	  -38.24 	 
0.167199999	  0.350 	  -38.87 	 
0.169399999	  0.348 	  -39.84 	 
0.171599999	  0.347 	  -41.09 	 
0.173799999	  0.345 	  -42.58 	 
0.175999999	  0.343 	  -44.33 	 
0.178199999	  0.340 	  -46.33 	 
0.180399999	  0.337 	  -48.46 	 
0.182599999	  0.334 	  -50.83 	 
0.184799999	  0.332 	  -53.24 	 
0.186999999	  0.328 	  -55.78 	 
0.189199999	  0.324 	  -58.34 	 
0.191399999	  0.321 	  -61.03 	 
0.193599999	  0.318 	  -63.55 	 
0.195799999	  0.314 	  -66.26 	 
0.197999999	  0.311 	  -68.74 	 
0.200199999	  0.307 	  -71.21 	 
0.202399999	  0.304 	  -73.54 	 
0.204599999	  0.301 	  -75.79 	 
0.206799999	  0.299 	  -77.82 	 
0.208999999	  0.296 	  -79.68 	 
0.211199999	  0.294 	  -81.35 	 
0.213399999	  0.292 	  -82.64 	 
0.215599999	  0.290 	  -83.79 	 
0.217799999	  0.289 	  -84.56 	 
0.219999999	  0.288 	  -85.15 	 
0.222199999	  0.287 	  -85.39 	 
0.224399999	  0.287 	  -85.40 	 
0.226599999	  0.287 	  -85.06 	 
0.228799999	  0.287 	  -84.55 	 
0.230999999	  0.288 	  -83.71 	 
0.233199999	  0.289 	  -82.54 	 
0.235399999	  0.290 	  -81.12 	 
0.237599999	  0.291 	  -79.53 	 
0.239799999	  0.293 	  -77.66 	 
0.241999999	  0.294 	  -75.68 	 
0.244199999	  0.297 	  -73.44 	 
0.246399999	  0.299 	  -71.08 	 
0.248599999	  0.302 	  -68.54 	 
0.250799999	  0.304 	  -66.03 	 
0.252999999	  0.308 	  -63.29 	 
0.255199999	  0.311 	  -60.65 	 
0.257399999	  0.314 	  -58.02 	 
0.259599999	  0.318 	  -55.39 	 
0.261799999	  0.322 	  -52.91 	 
0.263999999	  0.325 	  -50.52 	 
0.266199999	  0.328 	  -48.18 	 
0.268399999	  0.332 	  -46.12 	 
0.270599999	  0.335 	  -44.22 	 
0.272799999	  0.338 	  -42.48 	 
0.274999999	  0.342 	  -41.05 	 
0.277199998	  0.344 	  -39.84 	 
0.279399998	  0.345 	  -38.91 	 
0.281599998	  0.347 	  -38.23 	 
0.283799998	  0.348 	  -37.86 	 
0.285999998	  0.349 	  -37.71 	 
0.288199998	  0.349 	  -37.88 	 
0.290399998	  0.350 	  -38.34 	 
0.292599998	  0.349 	  -39.00 	 
0.294799998	  0.347 	  -40.05 	 
0.296999998	  0.346 	  -41.35 	 
0.299199998	  0.344 	  -42.89 	 
0.301399998	  0.342 	  -44.67 	 
0.303599998	  0.340 	  -46.63 	 
0.305799998	  0.337 	  -48.85 	 
0.307999998	  0.334 	  -51.12 	 
0.310199998	  0.331 	  -53.66 	 
0.312399998	  0.327 	  -56.13 	 
0.314599998	  0.324 	  -58.83 	 
0.316799998	  0.321 	  -61.43 	 
0.318999998	  0.317 	  -64.11 	 
0.321199998	  0.313 	  -66.65 	 
0.323399998	  0.310 	  -69.24 	 
0.325599998	  0.307 	  -71.68 	 
0.327799998	  0.304 	  -74.04 	 
0.329999998	  0.300 	  -76.25 	 
0.332199998	  0.298 	  -78.19 	 
0.334399998	  0.295 	  -80.02 	 
0.336599998	  0.293 	  -81.51 	 
0.338799998	  0.292 	  -82.86 	 
0.340999998	  0.291 	  -83.80 	 
0.343199998	  0.289 	  -84.64 	 
0.345399998	  0.288 	  -85.11 	 
0.347599998	  0.287 	  -85.35 	 
0.349799998	  0.287 	  -85.32 	 
0.351999998	  0.287 	  -85.02 	 
0.354199998	  0.287 	  -84.47 	 
0.356399998	  0.287 	  -83.68 	 
0.358599998	  0.288 	  -82.60 	 
0.360799998	  0.290 	  -81.12 	 
0.362999998	  0.291 	  -79.54 	 
0.365199998	  0.293 	  -77.55 	 
0.367399998	  0.295 	  -75.40 	 
0.369599998	  0.297 	  -73.08 	 
0.371799998	  0.299 	  -70.62 	 
0.373999998	  0.303 	  -68.05 	 
0.376199998	  0.305 	  -65.43 	 
0.378399998	  0.308 	  -62.82 	 
0.380599998	  0.312 	  -60.10 	 
0.382799998	  0.315 	  -57.56 	 
0.384999998	  0.318 	  -54.95 	 
0.387199998	  0.322 	  -52.45 	 
0.389399998	  0.326 	  -50.12 	 
0.391599998	  0.329 	  -47.82 	 
0.393799998	  0.333 	  -45.75 	 
0.395999998	  0.336 	  -43.91 	 
0.398199998	  0.338 	  -42.24 	 
0.400399998	  0.342 	  -40.80 	 
0.402599998	  0.343 	  -39.71 	 
0.404799998	  0.346 	  -38.73 	 
0.406999998	  0.347 	  -38.16 	 
0.409199998	  0.348 	  -37.80 	 
0.411399998	  0.349 	  -37.77 	 
0.413599998	  0.350 	  -37.96 	 
0.415799998	  0.349 	  -38.47 	 
0.417999998	  0.349 	  -39.22 	 
0.420199998	  0.347 	  -40.26 	 
0.422399998	  0.346 	  -41.63 	 
0.424599998	  0.344 	  -43.21 	 
0.426799998	  0.342 	  -45.05 	 
0.428999998	  0.340 	  -47.09 	 
0.431199998	  0.336 	  -49.31 	 
0.433399998	  0.334 	  -51.59 	 
0.435599998	  0.330 	  -54.12 	 
0.437799998	  0.327 	  -56.63 	 
0.439999998	  0.323 	  -59.29 	 
0.442199998	  0.320 	  -61.92 	 
0.444399998	  0.316 	  -64.59 	 
0.446599998	  0.313 	  -67.13 	 
0.448799998	  0.309 	  -69.66 	 
0.450999998	  0.305 	  -72.09 	 
0.453199998	  0.303 	  -74.37 	 
0.455399998	  0.300 	  -76.58 	 
0.457599998	  0.298 	  -78.53 	 
0.459799998	  0.295 	  -80.28 	 
0.461999997	  0.293 	  -81.77 	 
0.464199997	  0.291 	  -83.07 	 
0.466399997	  0.290 	  -83.99 	 
0.468599997	  0.288 	  -84.76 	 
0.470799997	  0.287 	  -85.19 	 
0.472999997	  0.287 	  -85.32 	 
0.475199997	  0.287 	  -85.22 	 
0.477399997	  0.287 	  -84.86 	 
0.479599997	  0.287 	  -84.22 	 
0.481799997	  0.288 	  -83.33 	 
0.483999997	  0.289 	  -82.10 	 
0.486199997	  0.290 	  -80.65 	 
0.488399997	  0.292 	  -78.94 	 
0.490599997	  0.293 	  -77.05 	 
0.492799997	  0.295 	  -74.85 	 
0.494999997	  0.297 	  -72.62 	 
0.497199997	  0.299 	  -70.13 	 
0.499399997	  0.302 	  -67.63 	 
0.501599997	  0.305 	  -65.02 	 
0.503799997	  0.308 	  -62.37 	 
0.505999997	  0.312 	  -59.69 	 
0.508199997	  0.316 	  -57.03 	 
0.510399997	  0.319 	  -54.53 	 
0.512599997	  0.322 	  -51.96 	 
0.514799997	  0.326 	  -49.67 	 
0.516999997	  0.329 	  -47.46 	 
0.519199997	  0.333 	  -45.42 	 
0.521399997	  0.336 	  -43.58 	 
0.523599997	  0.339 	  -42.02 	 
0.525799997	  0.342 	  -40.59 	 
0.527999997	  0.344 	  -39.44 	 
0.530199997	  0.346 	  -38.65 	 
0.532399997	  0.348 	  -38.06 	 
0.534599997	  0.348 	  -37.77 	 
0.536799997	  0.350 	  -37.77 	 
0.538999997	  0.349 	  -38.04 	 
0.541199997	  0.349 	  -38.55 	 
0.543399997	  0.348 	  -39.42 	 
0.545599997	  0.347 	  -40.48 	 
0.547799997	  0.345 	  -41.84 	 
0.549999997	  0.344 	  -43.49 	 
0.552199997	  0.341 	  -45.29 	 
0.554399997	  0.339 	  -47.43 	 
0.556599997	  0.336 	  -49.65 	 
0.558799997	  0.333 	  -52.08 	 
0.560999997	  0.329 	  -54.52 	 
0.563199997	  0.327 	  -57.19 	 
0.565399997	  0.323 	  -59.71 	 
0.567599997	  0.320 	  -62.40 	 
0.569799997	  0.315 	  -64.99 	 
0.571999997	  0.312 	  -67.56 	 
0.574199997	  0.308 	  -70.07 	 
0.576399997	  0.306 	  -72.53 	 
0.578599997	  0.302 	  -74.84 	 
0.580799997	  0.300 	  -76.93 	 
0.582999997	  0.297 	  -78.91 	 
0.585199997	  0.295 	  -80.57 	 
0.587399997	  0.293 	  -82.08 	 
0.589599997	  0.291 	  -83.25 	 
0.591799997	  0.290 	  -84.19 	 
0.593999997	  0.288 	  -84.82 	 
0.596199997	  0.288 	  -85.24 	 
0.598399997	  0.287 	  -85.35 	 
0.600599997	  0.286 	  -85.21 	 
0.602799997	  0.287 	  -84.82 	 
0.604999997	  0.287 	  -84.16 	 
0.607199997	  0.287 	  -83.21 	 
0.609399997	  0.289 	  -81.97 	 
0.611599997	  0.290 	  -80.49 	 
0.613799997	  0.292 	  -78.72 	 
0.615999997	  0.294 	  -76.78 	 
0.618199997	  0.295 	  -74.63 	 
0.620399997	  0.297 	  -72.26 	 
0.622599997	  0.300 	  -69.75 	 
0.624799997	  0.303 	  -67.10 	 
0.626999997	  0.307 	  -64.46 	 
0.629199997	  0.309 	  -61.78 	 
0.631399997	  0.312 	  -59.15 	 
0.633599997	  0.316 	  -56.55 	 
0.635799997	  0.319 	  -53.99 	 
0.637999997	  0.323 	  -51.60 	 
0.640199997	  0.327 	  -49.18 	 
0.642399997	  0.330 	  -47.05 	 
0.644599997	  0.334 	  -45.02 	 
0.646799996	  0.337 	  -43.21 	 
0.648999996	  0.339 	  -41.68 	 
0.651199996	  0.342 	  -40.36 	 
0.653399996	  0.344 	  -39.28 	 
0.655599996	  0.347 	  -38.48 	 
0.657799996	  0.348 	  -38.00 	 
0.659999996	  0.349 	  -37.68 	 
0.662199996	  0.349 	  -37.77 	 
0.664399996	  0.349 	  -38.07 	 
0.666599996	  0.349 	  -38.65 	 
0.668799996	  0.348 	  -39.56 	 
0.670999996	  0.347 	  -40.69 	 
0.673199996	  0.345 	  -42.13 	 
0.675399996	  0.344 	  -43.81 	 
0.677599996	  0.340 	  -45.68 	 
0.679799996	  0.339 	  -47.79 	 
0.681999996	  0.336 	  -50.07 	 
0.684199996	  0.332 	  -52.51 	 
0.686399996	  0.329 	  -54.97 	 
0.688599996	  0.326 	  -57.61 	 
0.690799996	  0.322 	  -60.21 	 
0.692999996	  0.318 	  -62.86 	 
0.695199996	  0.315 	  -65.51 	 
0.697399996	  0.311 	  -68.10 	 
0.699599996	  0.308 	  -70.58 	 
0.701799996	  0.305 	  -73.01 	 
0.703999996	  0.302 	  -75.25 	 
0.706199996	  0.299 	  -77.32 	 
0.708399996	  0.297 	  -79.21 	 
0.710599996	  0.294 	  -80.80 	 
0.712799996	  0.292 	  -82.24 	 
0.714999996	  0.291 	  -83.37 	 
0.717199996	  0.289 	  -84.26 	 
0.719399996	  0.288 	  -84.87 	 
0.721599996	  0.287 	  -85.29 	 
0.723799996	  0.287 	  -85.37 	 
0.725999996	  0.287 	  -85.23 	 
0.728199996	  0.287 	  -84.85 	 
0.730399996	  0.287 	  -84.15 	 
0.732599996	  0.288 	  -83.15 	 
0.734799996	  0.289 	  -81.85 	 
0.736999996	  0.291 	  -80.32 	 
0.739199996	  0.292 	  -78.44 	 
0.741399996	  0.294 	  -76.42 	 
0.743599996	  0.296 	  -74.12 	 
0.745799996	  0.298 	  -71.70 	 
0.747999996	  0.301 	  -69.20 	 
0.750199996	  0.304 	  -66.56 	 
0.752399996	  0.307 	  -63.96 	 
0.754599996	  0.309 	  -61.30 	 
0.756799996	  0.313 	  -58.68 	 
0.758999996	  0.317 	  -56.05 	 
0.761199996	  0.320 	  -53.56 	 
0.763399996	  0.324 	  -51.16 	 
0.765599996	  0.327 	  -48.79 	 
0.767799996	  0.331 	  -46.63 	 
0.769999996	  0.334 	  -44.72 	 
0.772199996	  0.337 	  -42.89 	 
0.774399996	  0.340 	  -41.41 	 
0.776599996	  0.343 	  -40.13 	 
0.778799996	  0.345 	  -39.12 	 
0.780999996	  0.347 	  -38.36 	 
0.783199996	  0.348 	  -37.92 	 
0.785399996	  0.349 	  -37.73 	 
0.787599996	  0.349 	  -37.77 	 
0.789799996	  0.349 	  -38.21 	 
0.791999996	  0.349 	  -38.76 	 
0.794199996	  0.348 	  -39.70 	 
0.796399996	  0.347 	  -40.95 	 
0.798599996	  0.345 	  -42.42 	 
0.800799996	  0.343 	  -44.24 	 
0.802999996	  0.340 	  -46.10 	 
0.805199996	  0.338 	  -48.27 	 
0.807399996	  0.335 	  -50.49 	 
0.809599996	  0.332 	  -53.02 	 
0.811799996	  0.328 	  -55.43 	 
0.813999996	  0.325 	  -58.13 	 
0.816199996	  0.321 	  -60.71 	 
0.818399996	  0.318 	  -63.41 	 
0.820599996	  0.315 	  -65.98 	 
0.822799996	  0.311 	  -68.58 	 
0.824999996	  0.308 	  -70.95 	 
0.827199996	  0.304 	  -73.29 	 
0.829399996	  0.301 	  -75.51 	 
0.831599995	  0.298 	  -77.52 	 
0.833799995	  0.296 	  -79.44 	 
0.835999995	  0.294 	  -81.09 	 
0.838199995	  0.292 	  -82.50 	 
0.840399995	  0.290 	  -83.66 	 
0.842599995	  0.288 	  -84.56 	 
0.844799995	  0.288 	  -85.11 	 
0.846999995	  0.287 	  -85.43 	 
0.849199995	  0.287 	  -85.40 	 
0.851399995	  0.287 	  -85.13 	 
0.853599995	  0.286 	  -84.58 	 
0.855799995	  0.288 	  -83.77 	 
0.857999995	  0.288 	  -82.68 	 
0.860199995	  0.289 	  -81.34 	 
0.862399995	  0.291 	  -79.73 	 
0.864599995	  0.292 	  -77.93 	 
0.866799995	  0.294 	  -75.83 	 
0.868999995	  0.296 	  -73.67 	 
0.871199995	  0.299 	  -71.20 	 
0.873399995	  0.301 	  -68.80 	 
0.875599995	  0.304 	  -66.16 	 
0.877799995	  0.307 	  -63.58 	 
0.879999995	  0.310 	  -60.88 	 
0.882199995	  0.314 	  -58.20 	 
0.884399995	  0.317 	  -55.61 	 
0.886599995	  0.321 	  -53.07 	 
0.888799995	  0.324 	  -50.72 	 
0.890999995	  0.328 	  -48.42 	 
0.893199995	  0.331 	  -46.32 	 
0.895399995	  0.334 	  -44.41 	 
0.897599995	  0.338 	  -42.68 	 
0.899799995	  0.340 	  -41.17 	 
0.901999995	  0.343 	  -39.97 	 
0.904199995	  0.345 	  -39.00 	 
0.906399995	  0.347 	  -38.28 	 
0.908599995	  0.348 	  -37.92 	 
0.910799995	  0.349 	  -37.73 	 
0.912999995	  0.349 	  -37.87 	 
0.915199995	  0.349 	  -38.30 	 
0.917399995	  0.348 	  -39.00 	 
0.919599995	  0.347 	  -39.93 	 
0.921799995	  0.346 	  -41.24 	 
0.923999995	  0.344 	  -42.76 	 
0.926199995	  0.342 	  -44.55 	 
0.928399995	  0.340 	  -46.51 	 
0.930599995	  0.337 	  -48.70 	 
0.932799995	  0.334 	  -50.98 	 
0.934999995	  0.331 	  -53.46 	 
0.937199995	  0.327 	  -55.99 	 
0.939399995	  0.324 	  -58.56 	 
0.941599995	  0.320 	  -61.24 	 
0.943799995	  0.317 	  -63.87 	 
0.945999995	  0.314 	  -66.49 	 
0.948199995	  0.310 	  -69.02 	 
0.950399995	  0.307 	  -71.48 	 
0.952599995	  0.303 	  -73.81 	 
0.954799995	  0.300 	  -76.01 	 
0.956999995	  0.298 	  -78.01 	 
0.959199995	  0.295 	  -79.75 	 
0.961399995	  0.293 	  -81.41 	 
0.963599995	  0.292 	  -82.65 	 
0.965799995	  0.290 	  -83.73 	 
0.967999995	  0.288 	  -84.50 	 
0.970199995	  0.288 	  -85.04 	 
0.972399995	  0.287 	  -85.30 	 
0.974599995	  0.287 	  -85.32 	 
0.976799995	  0.287 	  -85.09 	 
0.978999995	  0.288 	  -84.55 	 
0.981199995	  0.287 	  -83.78 	 
0.983399995	  0.288 	  -82.63 	 
0.985599995	  0.289 	  -81.29 	 
0.987799995	  0.291 	  -79.58 	 
0.989999995	  0.292 	  -77.74 	 
0.992199995	  0.294 	  -75.53 	 
0.994399995	  0.297 	  -73.30 	 
0.996599995	  0.299 	  -70.81 	 
0.998799995	  0.301 	  -68.27 	 
1.000999995	  0.304 	  -65.68 	 
1.003199995	  0.307 	  -62.99 	 
1.005399995	  0.311 	  -60.39 	 
1.007599995	  0.314 	  -57.76 	 
1.009799995	  0.318 	  -55.16 	 
1.011999995	  0.322 	  -52.66 	 
1.014199995	  0.325 	  -50.27 	 
1.016399994	  0.329 	  -47.99 	 
1.018599994	  0.332 	  -45.94 	 
1.020799994	  0.335 	  -44.06 	 
1.022999994	  0.338 	  -42.39 	 
1.025199994	  0.341 	  -40.96 	 
1.027399994	  0.343 	  -39.77 	 
1.029599994	  0.345 	  -38.83 	 
1.031799994	  0.347 	  -38.20 	 
1.033999994	  0.348 	  -37.85 	 
1.036199994	  0.349 	  -37.73 	 
1.038399994	  0.349 	  -37.95 	 
1.040599994	  0.349 	  -38.43 	 
1.042799994	  0.349 	  -39.14 	 
1.044999994	  0.347 	  -40.18 	 
1.047199994	  0.346 	  -41.45 	 
1.049399994	  0.343 	  -43.09 	 
1.051599994	  0.342 	  -44.78 	 
1.053799994	  0.339 	  -46.91 	 
1.055999994	  0.336 	  -49.03 	 
1.058199994	  0.334 	  -51.44 	 
1.060399994	  0.330 	  -53.88 	 
1.062599994	  0.327 	  -56.53 	 
1.064799994	  0.323 	  -59.01 	 
1.066999994	  0.320 	  -61.72 	 
1.069199994	  0.316 	  -64.35 	 
1.071399994	  0.312 	  -66.94 	 
1.073599994	  0.309 	  -69.44 	 
1.075799994	  0.306 	  -71.83 	 
1.077999994	  0.304 	  -74.13 	 
1.080199994	  0.300 	  -76.33 	 
1.082399994	  0.297 	  -78.32 	 
1.084599994	  0.295 	  -80.13 	 
1.086799994	  0.292 	  -81.68 	 
1.088999994	  0.291 	  -83.02 	 
1.091199994	  0.289 	  -84.02 	 
1.093399994	  0.288 	  -84.78 	 
1.095599994	  0.288 	  -85.26 	 
1.097799994	  0.286 	  -85.39 	 
1.099999994	  0.286 	  -85.30 	 
1.102199994	  0.287 	  -84.97 	 
1.104399994	  0.287 	  -84.36 	 
1.106599994	  0.288 	  -83.48 	 
1.108799994	  0.288 	  -82.38 	 
1.110999994	  0.289 	  -80.97 	 
1.113199994	  0.291 	  -79.26 	 
1.115399994	  0.293 	  -77.38 	 
1.117599994	  0.294 	  -75.16 	 
1.119799994	  0.297 	  -72.91 	 
1.121999994	  0.300 	  -70.40 	 
1.124199994	  0.302 	  -67.86 	 
1.126399994	  0.305 	  -65.21 	 
1.128599994	  0.308 	  -62.54 	 
1.130799994	  0.311 	  -59.90 	 
1.132999994	  0.315 	  -57.30 	 
1.135199994	  0.318 	  -54.72 	 
1.137399994	  0.321 	  -52.26 	 
1.139599994	  0.325 	  -49.84 	 
1.141799994	  0.329 	  -47.67 	 
1.143999994	  0.332 	  -45.60 	 
1.146199994	  0.336 	  -43.71 	 
1.148399994	  0.338 	  -42.13 	 
1.150599994	  0.341 	  -40.68 	 
1.152799994	  0.344 	  -39.57 	 
1.154999994	  0.345 	  -38.69 	 
1.157199994	  0.347 	  -38.12 	 
1.159399994	  0.348 	  -37.78 	 
1.161599994	  0.349 	  -37.79 	 
1.163799994	  0.349 	  -38.01 	 
1.165999994	  0.349 	  -38.48 	 
1.168199994	  0.348 	  -39.34 	 
1.170399994	  0.347 	  -40.36 	 
1.172599994	  0.345 	  -41.75 	 
1.174799994	  0.344 	  -43.35 	 
1.176999994	  0.341 	  -45.24 	 
1.179199994	  0.339 	  -47.28 	 
1.181399994	  0.336 	  -49.55 	 
1.183599994	  0.333 	  -51.88 	 
1.185799994	  0.330 	  -54.34 	 
1.187999994	  0.326 	  -56.95 	 
1.190199994	  0.323 	  -59.52 	 
1.192399994	  0.319 	  -62.20 	 
1.194599994	  0.316 	  -64.83 	 
1.196799994	  0.312 	  -67.42 	 
1.198999994	  0.308 	  -69.99 	 
1.201199993	  0.306 	  -72.43 	 
1.203399993	  0.303 	  -74.70 	 
1.205599993	  0.300 	  -76.74 	 
1.207799993	  0.296 	  -78.75 	 
1.209999993	  0.295 	  -80.35 	 
1.212199993	  0.293 	  -81.93 	 
1.214399993	  0.291 	  -83.11 	 
1.216599993	  0.289 	  -84.12 	 
1.218799993	  0.288 	  -84.80 	 
1.220999993	  0.287 	  -85.33 	 
1.223199993	  0.286 	  -85.50 	 
1.225399993	  0.287 	  -85.39 	 
1.227599993	  0.286 	  -85.05 	 
1.229799993	  0.287 	  -84.34 	 
1.231999993	  0.288 	  -83.37 	 
1.234199993	  0.288 	  -82.04 	 
1.236399993	  0.290 	  -80.57 	 
1.238599993	  0.292 	  -78.73 	 
1.240799993	  0.294 	  -76.86 	 
1.242999993	  0.295 	  -74.65 	 
1.245199993	  0.298 	  -72.40 	 
1.247399993	  0.299 	  -69.98 	 
1.249599993	  0.303 	  -67.42 	 
1.251799993	  0.305 	  -64.82 	 
1.253999993	  0.309 	  -62.12 	 
1.256199993	  0.312 	  -59.51 	 
1.258399993	  0.315 	  -56.79 	 
1.260599993	  0.319 	  -54.29 	 
1.262799993	  0.323 	  -51.80 	 
1.264999993	  0.326 	  -49.43 	 
1.267199993	  0.329 	  -47.30 	 
1.269399993	  0.333 	  -45.24 	 
1.271599993	  0.336 	  -43.40 	 
1.273799993	  0.339 	  -41.84 	 
1.275999993	  0.342 	  -40.49 	 
1.278199993	  0.345 	  -39.35 	 
1.280399993	  0.345 	  -38.58 	 
1.282599993	  0.347 	  -38.03 	 
1.284799993	  0.349 	  -37.77 	 
1.286999993	  0.349 	  -37.82 	 
1.289199993	  0.349 	  -38.07 	 
1.291399993	  0.349 	  -38.58 	 
1.293599993	  0.347 	  -39.49 	 
1.295799993	  0.347 	  -40.58 	 
1.297999993	  0.345 	  -42.01 	 
1.300199993	  0.343 	  -43.71 	 
1.302399993	  0.341 	  -45.61 	 
1.304599993	  0.338 	  -47.68 	 
1.306799993	  0.335 	  -49.89 	 
1.308999993	  0.332 	  -52.32 	 
1.311199993	  0.329 	  -54.75 	 
1.313399993	  0.325 	  -57.41 	 
1.315599993	  0.322 	  -60.00 	 
1.317799993	  0.318 	  -62.66 	 
1.319999993	  0.314 	  -65.32 	 
1.322199993	  0.312 	  -67.91 	 
1.324399993	  0.308 	  -70.41 	 
1.326599993	  0.305 	  -72.81 	 
1.328799993	  0.301 	  -75.09 	 
1.330999993	  0.299 	  -77.10 	 
1.333199993	  0.297 	  -79.05 	 
1.335399993	  0.294 	  -80.65 	 
1.337599993	  0.293 	  -82.11 	 
1.339799993	  0.290 	  -83.33 	 
1.341999993	  0.289 	  -84.31 	 
1.344199993	  0.288 	  -84.98 	 
1.346399993	  0.287 	  -85.39 	 
1.348599993	  0.287 	  -85.57 	 
1.350799993	  0.286 	  -85.33 	 
1.352999993	  0.287 	  -84.95 	 
1.355199993	  0.287 	  -84.17 	 
1.357399993	  0.287 	  -83.18 	 
1.359599993	  0.289 	  -81.83 	 
1.361799993	  0.290 	  -80.30 	 
1.363999993	  0.291 	  -78.43 	 
1.366199993	  0.293 	  -76.47 	 
1.368399993	  0.296 	  -74.24 	 
1.370599993	  0.298 	  -71.90 	 
1.372799993	  0.300 	  -69.43 	 
1.374999993	  0.303 	  -66.89 	 
1.377199993	  0.306 	  -64.24 	 
1.379399993	  0.309 	  -61.59 	 
1.381599993	  0.313 	  -58.97 	 
1.383799993	  0.316 	  -56.30 	 
1.385999992	  0.320 	  -53.77 	 
1.388199992	  0.323 	  -51.37 	 
1.390399992	  0.327 	  -48.94 	 
1.392599992	  0.330 	  -46.86 	 
1.394799992	  0.334 	  -44.83 	 
1.396999992	  0.337 	  -43.05 	 
1.399199992	  0.339 	  -41.58 	 
1.401399992	  0.342 	  -40.24 	 
1.403599992	  0.344 	  -39.15 	 
1.405799992	  0.346 	  -38.38 	 
1.407999992	  0.348 	  -37.95 	 
1.410199992	  0.349 	  -37.66 	 
1.412399992	  0.349 	  -37.77 	 
1.414599992	  0.349 	  -38.10 	 
1.416799992	  0.348 	  -38.69 	 
1.418999992	  0.348 	  -39.63 	 
1.421199992	  0.347 	  -40.82 	 
1.423399992	  0.344 	  -42.22 	 
1.425599992	  0.343 	  -43.97 	 
1.427799992	  0.340 	  -45.87 	 
1.429999992	  0.338 	  -48.03 	 
1.432199992	  0.335 	  -50.27 	 
1.434399992	  0.331 	  -52.76 	 
1.436599992	  0.328 	  -55.27 	 
1.438799992	  0.325 	  -57.90 	 
1.440999992	  0.321 	  -60.47 	 
1.443199992	  0.318 	  -63.15 	 
1.445399992	  0.314 	  -65.71 	 
1.447599992	  0.311 	  -68.36 	 
1.449799992	  0.308 	  -70.75 	 
1.451999992	  0.304 	  -73.22 	 
1.454199992	  0.302 	  -75.35 	 
1.456399992	  0.299 	  -77.44 	 
1.458599992	  0.296 	  -79.26 	 
1.460799992	  0.294 	  -80.96 	 
1.462999992	  0.291 	  -82.32 	 
1.465199992	  0.290 	  -83.49 	 
1.467399992	  0.289 	  -84.43 	 
1.469599992	  0.287 	  -85.04 	 
1.471799992	  0.287 	  -85.48 	 
1.473999992	  0.287 	  -85.50 	 
1.476199992	  0.287 	  -85.33 	 
1.478399992	  0.286 	  -84.78 	 
1.480599992	  0.288 	  -84.07 	 
1.482799992	  0.288 	  -82.92 	 
1.484999992	  0.288 	  -81.62 	 
1.487199992	  0.291 	  -79.96 	 
1.489399992	  0.292 	  -78.14 	 
1.491599992	  0.294 	  -76.09 	 
1.493799992	  0.296 	  -73.90 	 
1.495999992	  0.298 	  -71.50 	 
1.498199992	  0.301 	  -69.00 	 
1.500399992	  0.304 	  -66.42 	 
1.502599992	  0.307 	  -63.74 	 
1.504799992	  0.309 	  -61.13 	 
1.506999992	  0.313 	  -58.48 	 
1.509199992	  0.317 	  -55.82 	 
1.511399992	  0.319 	  -53.34 	 
1.513599992	  0.324 	  -50.87 	 
1.515799992	  0.327 	  -48.64 	 
1.517999992	  0.331 	  -46.45 	 
1.520199992	  0.334 	  -44.50 	 
1.522399992	  0.337 	  -42.79 	 
1.524599992	  0.340 	  -41.29 	 
1.526799992	  0.342 	  -40.04 	 
1.528999992	  0.345 	  -39.02 	 
1.531199992	  0.347 	  -38.28 	 
1.533399992	  0.348 	  -37.84 	 
1.535599992	  0.349 	  -37.71 	 
1.537799992	  0.349 	  -37.80 	 
1.539999992	  0.348 	  -38.21 	 
1.542199992	  0.348 	  -38.86 	 
1.544399992	  0.347 	  -39.83 	 
1.546599992	  0.346 	  -41.05 	 
1.548799992	  0.344 	  -42.59 	 
1.550999992	  0.342 	  -44.28 	 
1.553199992	  0.339 	  -46.33 	 
1.555399992	  0.337 	  -48.40 	 
1.557599992	  0.335 	  -50.74 	 
1.559799992	  0.331 	  -53.15 	 
1.561999992	  0.328 	  -55.73 	 
1.564199992	  0.324 	  -58.30 	 
1.566399992	  0.320 	  -61.03 	 
1.568599992	  0.317 	  -63.61 	 
1.570799991	  0.314 	  -66.29 	 
1.572999991	  0.311 	  -68.77 	 
1.575199991	  0.307 	  -71.30 	 
1.577399991	  0.304 	  -73.55 	 
1.579599991	  0.300 	  -75.82 	 
1.581799991	  0.298 	  -77.81 	 
1.583999991	  0.295 	  -79.67 	 
1.586199991	  0.294 	  -81.22 	 
1.588399991	  0.291 	  -82.61 	 
1.590599991	  0.290 	  -83.69 	 
1.592799991	  0.288 	  -84.57 	 
1.594999991	  0.287 	  -85.15 	 
1.597199991	  0.287 	  -85.43 	 
1.599399991	  0.286 	  -85.48 	 
1.601599991	  0.287 	  -85.21 	 
1.603799991	  0.287 	  -84.73 	 
1.605999991	  0.287 	  -83.93 	 
1.608199991	  0.288 	  -82.87 	 
1.610399991	  0.289 	  -81.44 	 
1.612599991	  0.291 	  -79.85 	 
1.614799991	  0.292 	  -77.90 	 
1.616999991	  0.294 	  -75.78 	 
1.619199991	  0.296 	  -73.50 	 
1.621399991	  0.298 	  -71.04 	 
1.623599991	  0.301 	  -68.53 	 
1.625799991	  0.304 	  -65.88 	 
1.627999991	  0.307 	  -63.34 	 
1.630199991	  0.311 	  -60.62 	 
1.632399991	  0.313 	  -58.00 	 
1.634599991	  0.317 	  -55.43 	 
1.636799991	  0.321 	  -52.88 	 
1.638999991	  0.323 	  -50.53 	 
1.641199991	  0.328 	  -48.27 	 
1.643399991	  0.331 	  -46.12 	 
1.645599991	  0.335 	  -44.26 	 
1.647799991	  0.338 	  -42.54 	 
1.649999991	  0.340 	  -41.03 	 
1.652199991	  0.343 	  -39.87 	 
1.654399991	  0.345 	  -38.91 	 
1.656599991	  0.347 	  -38.25 	 
1.658799991	  0.347 	  -37.90 	 
1.660999991	  0.349 	  -37.77 	 
1.663199991	  0.349 	  -37.90 	 
1.665399991	  0.349 	  -38.36 	 
1.667599991	  0.348 	  -39.07 	 
1.669799991	  0.347 	  -40.04 	 
1.671999991	  0.346 	  -41.36 	 
1.674199991	  0.344 	  -42.84 	 
1.676399991	  0.341 	  -44.70 	 
1.678599991	  0.339 	  -46.67 	 
1.680799991	  0.336 	  -48.91 	 
1.682999991	  0.334 	  -51.14 	 
1.685199991	  0.330 	  -53.67 	 
1.687399991	  0.327 	  -56.18 	 
1.689599991	  0.324 	  -58.81 	 
1.691799991	  0.320 	  -61.46 	 
1.693999991	  0.316 	  -64.16 	 
1.696199991	  0.313 	  -66.68 	 
1.698399991	  0.309 	  -69.28 	 
1.700599991	  0.306 	  -71.67 	 
1.702799991	  0.303 	  -74.02 	 
1.704999991	  0.300 	  -76.11 	 
1.707199991	  0.298 	  -78.16 	 
1.709399991	  0.295 	  -79.91 	 
1.711599991	  0.293 	  -81.55 	 
1.713799991	  0.291 	  -82.90 	 
1.715999991	  0.289 	  -83.98 	 
1.718199991	  0.288 	  -84.83 	 
1.720399991	  0.287 	  -85.30 	 
1.722599991	  0.286 	  -85.49 	 
1.724799991	  0.286 	  -85.38 	 
1.726999991	  0.286 	  -85.06 	 
1.729199991	  0.287 	  -84.41 	 
1.731399991	  0.287 	  -83.55 	 
1.733599991	  0.288 	  -82.33 	 
1.735799991	  0.289 	  -80.89 	 
1.737999991	  0.291 	  -79.20 	 
1.740199991	  0.292 	  -77.35 	 
1.742399991	  0.294 	  -75.24 	 
1.744599991	  0.296 	  -73.08 	 
1.746799991	  0.299 	  -70.66 	 
1.748999991	  0.302 	  -68.15 	 
1.751199991	  0.305 	  -65.54 	 
1.753399990	  0.308 	  -62.83 	 
1.755599990	  0.311 	  -60.23 	 
1.757799990	  0.315 	  -57.52 	 
1.759999990	  0.318 	  -55.00 	 
1.762199990	  0.322 	  -52.48 	 
1.764399990	  0.325 	  -50.07 	 
1.766599990	  0.328 	  -47.85 	 
1.768799990	  0.331 	  -45.75 	 
1.770999990	  0.336 	  -43.88 	 
1.773199990	  0.338 	  -42.24 	 
1.775399990	  0.341 	  -40.87 	 
1.777599990	  0.343 	  -39.64 	 
1.779799990	  0.345 	  -38.78 	 
1.781999990	  0.347 	  -38.14 	 
1.784199990	  0.348 	  -37.79 	 
1.786399990	  0.349 	  -37.79 	 
1.788599990	  0.349 	  -37.95 	 
1.790799990	  0.349 	  -38.43 	 
1.792999990	  0.347 	  -39.24 	 
1.795199990	  0.347 	  -40.30 	 
1.797399990	  0.345 	  -41.57 	 
1.799599990	  0.343 	  -43.18 	 
1.801799990	  0.342 	  -44.96 	 
1.803999990	  0.338 	  -47.11 	 
1.806199990	  0.336 	  -49.27 	 
1.808399990	  0.333 	  -51.69 	 
1.810599990	  0.329 	  -54.09 	 
1.812799990	  0.326 	  -56.73 	 
1.814999990	  0.323 	  -59.31 	 
1.817199990	  0.320 	  -61.95 	 
1.819399990	  0.315 	  -64.62 	 
1.821599990	  0.312 	  -67.21 	 
1.823799990	  0.309 	  -69.68 	 
1.825999990	  0.305 	  -72.13 	 
1.828199990	  0.303 	  -74.33 	 
1.830399990	  0.300 	  -76.50 	 
1.832599990	  0.297 	  -78.49 	 
1.834799990	  0.295 	  -80.31 	 
1.836999990	  0.292 	  -81.80 	 
1.839199990	  0.291 	  -83.09 	 
1.841399990	  0.289 	  -84.12 	 
1.843599990	  0.288 	  -84.82 	 
1.845799990	  0.287 	  -85.29 	 
1.847999990	  0.287 	  -85.39 	 
1.850199990	  0.286 	  -85.28 	 
1.852399990	  0.286 	  -84.90 	 
1.854599990	  0.287 	  -84.28 	 
1.856799990	  0.288 	  -83.28 	 
1.858999990	  0.289 	  -82.09 	 
1.861199990	  0.290 	  -80.58 	 
1.863399990	  0.290 	  -78.90 	 
1.865599990	  0.292 	  -76.95 	 
1.867799990	  0.295 	  -74.86 	 
1.869999990	  0.297 	  -72.54 	 
1.872199990	  0.299 	  -70.21 	 
1.874399990	  0.302 	  -67.62 	 
1.876599990	  0.305 	  -65.00 	 
1.878799990	  0.308 	  -62.39 	 
1.880999990	  0.312 	  -59.66 	 
1.883199990	  0.315 	  -57.05 	 
1.885399990	  0.319 	  -54.49 	 
1.887599990	  0.322 	  -51.97 	 
1.889799990	  0.326 	  -49.64 	 
1.891999990	  0.329 	  -47.43 	 
1.894199990	  0.332 	  -45.37 	 
1.896399990	  0.336 	  -43.55 	 
1.898599990	  0.339 	  -41.94 	 
1.900799990	  0.342 	  -40.55 	 
1.902999990	  0.343 	  -39.44 	 
1.905199990	  0.346 	  -38.60 	 
1.907399990	  0.347 	  -38.02 	 
1.909599990	  0.348 	  -37.73 	 
1.911799990	  0.349 	  -37.75 	 
1.913999990	  0.349 	  -37.96 	 
1.916199990	  0.349 	  -38.51 	 
1.918399990	  0.348 	  -39.36 	 
1.920599990	  0.346 	  -40.47 	 
1.922799990	  0.345 	  -41.85 	 
1.924999990	  0.343 	  -43.45 	 
1.927199990	  0.341 	  -45.35 	 
1.929399990	  0.338 	  -47.33 	 
1.931599990	  0.335 	  -49.67 	 
1.933799990	  0.332 	  -51.96 	 
1.935999990	  0.329 	  -54.59 	 
1.938199989	  0.325 	  -57.10 	 
1.940399989	  0.322 	  -59.75 	 
1.942599989	  0.318 	  -62.36 	 
1.944799989	  0.315 	  -65.01 	 
1.946999989	  0.312 	  -67.64 	 
1.949199989	  0.308 	  -70.13 	 
1.951399989	  0.305 	  -72.60 	 
1.953599989	  0.302 	  -74.85 	 
1.955799989	  0.299 	  -76.96 	 
1.957999989	  0.296 	  -78.86 	 
1.960199989	  0.294 	  -80.58 	 
1.962399989	  0.292 	  -81.95 	 
1.964599989	  0.291 	  -83.19 	 
1.966799989	  0.289 	  -84.16 	 
1.968999989	  0.288 	  -84.84 	 
1.971199989	  0.287 	  -85.32 	 
1.973399989	  0.286 	  -85.41 	 
1.975599989	  0.287 	  -85.33 	 
1.977799989	  0.287 	  -84.95 	 
1.979999989	  0.286 	  -84.31 	 
1.982199989	  0.288 	  -83.24 	 
1.984399989	  0.289 	  -81.96 	 
1.986599989	  0.290 	  -80.39 	 
1.988799989	  0.291 	  -78.61 	 
1.990999989	  0.293 	  -76.57 	 
1.993199989	  0.295 	  -74.43 	 
1.995399989	  0.298 	  -72.05 	 
1.997599989	  0.300 	  -69.66 	 
1.999799989	  0.303 	  -67.10 	 
2.001999989	  0.305 	  -64.50 	 
2.004199989	  0.309 	  -61.85 	 
2.006399989	  0.312 	  -59.19 	 
2.008599989	  0.316 	  -56.55 	 
2.010799989	  0.319 	  -53.99 	 
2.012999989	  0.323 	  -51.52 	 
2.015199989	  0.326 	  -49.24 	 
2.017399989	  0.330 	  -47.03 	 
2.019599989	  0.333 	  -45.05 	 
2.021799989	  0.336 	  -43.24 	 
2.023999989	  0.339 	  -41.62 	 
2.026199989	  0.342 	  -40.35 	 
2.028399989	  0.344 	  -39.25 	 
2.030599989	  0.346 	  -38.48 	 
2.032799989	  0.347 	  -37.94 	 
2.034999989	  0.349 	  -37.75 	 
2.037199989	  0.349 	  -37.78 	 
2.039399989	  0.348 	  -38.06 	 
2.041599989	  0.348 	  -38.66 	 
2.043799989	  0.348 	  -39.50 	 
2.045999989	  0.347 	  -40.73 	 
2.048199989	  0.344 	  -42.11 	 
2.050399989	  0.343 	  -43.85 	 
2.052599989	  0.340 	  -45.73 	 
2.054799989	  0.338 	  -47.83 	 
2.056999989	  0.335 	  -50.09 	 
2.059199989	  0.331 	  -52.48 	 
2.061399989	  0.328 	  -55.04 	 
2.063599989	  0.325 	  -57.64 	 
2.065799989	  0.321 	  -60.30 	 
2.067999989	  0.318 	  -62.91 	 
2.070199989	  0.315 	  -65.57 	 
2.072399989	  0.310 	  -68.14 	 
2.074599989	  0.307 	  -70.64 	 
2.076799989	  0.304 	  -73.05 	 
2.078999989	  0.301 	  -75.24 	 
2.081199989	  0.299 	  -77.31 	 
2.083399989	  0.296 	  -79.15 	 
2.085599989	  0.294 	  -80.85 	 
2.087799989	  0.292 	  -82.22 	 
2.089999989	  0.290 	  -83.43 	 
2.092199989	  0.288 	  -84.36 	 
2.094399989	  0.287 	  -85.04 	 
2.096599989	  0.286 	  -85.41 	 
2.098799989	  0.287 	  -85.52 	 
2.100999989	  0.286 	  -85.33 	 
2.103199989	  0.286 	  -84.90 	 
2.105399989	  0.287 	  -84.25 	 
2.107599989	  0.287 	  -83.12 	 
2.109799989	  0.288 	  -81.86 	 
2.111999989	  0.290 	  -80.22 	 
2.114199989	  0.291 	  -78.42 	 
2.116399989	  0.293 	  -76.29 	 
2.118599989	  0.295 	  -74.11 	 
2.120799989	  0.298 	  -71.66 	 
2.122999988	  0.300 	  -69.22 	 
2.125199988	  0.303 	  -66.66 	 
2.127399988	  0.306 	  -64.02 	 
2.129599988	  0.309 	  -61.42 	 
2.131799988	  0.313 	  -58.75 	 
2.133999988	  0.316 	  -56.17 	 
2.136199988	  0.320 	  -53.57 	 
2.138399988	  0.323 	  -51.14 	 
2.140599988	  0.327 	  -48.84 	 
2.142799988	  0.330 	  -46.67 	 
2.144999988	  0.333 	  -44.72 	 
2.147199988	  0.337 	  -43.01 	 
2.149399988	  0.339 	  -41.41 	 
2.151599988	  0.342 	  -40.17 	 
2.153799988	  0.344 	  -39.17 	 
2.155999988	  0.346 	  -38.36 	 
2.158199988	  0.347 	  -37.92 	 
2.160399988	  0.348 	  -37.77 	 
2.162599988	  0.348 	  -37.83 	 
2.164799988	  0.349 	  -38.17 	 
2.166999988	  0.348 	  -38.80 	 
2.169199988	  0.347 	  -39.72 	 
2.171399988	  0.345 	  -40.95 	 
2.173599988	  0.344 	  -42.47 	 
2.175799988	  0.342 	  -44.14 	 
2.177999988	  0.340 	  -46.12 	 
2.180199988	  0.337 	  -48.22 	 
2.182399988	  0.335 	  -50.57 	 
2.184599988	  0.331 	  -52.94 	 
2.186799988	  0.328 	  -55.52 	 
2.188999988	  0.325 	  -58.06 	 
2.191199988	  0.321 	  -60.78 	 
2.193399988	  0.317 	  -63.37 	 
2.195599988	  0.314 	  -66.00 	 
2.197799988	  0.310 	  -68.64 	 
2.199999988	  0.307 	  -71.11 	 
2.202199988	  0.303 	  -73.49 	 
2.204399988	  0.301 	  -75.71 	 
2.206599988	  0.298 	  -77.81 	 
2.208799988	  0.296 	  -79.55 	 
2.210999988	  0.293 	  -81.22 	 
2.213199988	  0.292 	  -82.50 	 
2.215399988	  0.289 	  -83.65 	 
2.217599988	  0.289 	  -84.51 	 
2.219799988	  0.287 	  -85.09 	 
2.221999988	  0.287 	  -85.37 	 
2.224199988	  0.286 	  -85.41 	 
2.226399988	  0.286 	  -85.18 	 
2.228599988	  0.287 	  -84.68 	 
2.230799988	  0.287 	  -83.92 	 
2.232999988	  0.288 	  -82.86 	 
2.235199988	  0.288 	  -81.54 	 
2.237399988	  0.290 	  -79.96 	 
2.239599988	  0.291 	  -78.12 	 
2.241799988	  0.293 	  -76.06 	 
2.243999988	  0.295 	  -73.77 	 
2.246199988	  0.298 	  -71.40 	 
2.248399988	  0.301 	  -68.76 	 
2.250599988	  0.303 	  -66.22 	 
