0.000000000	  0.041 	  -66.92 	 
0.002200000	  0.043 	  -64.28 	 
0.004400000	  0.046 	  -61.64 	 
0.006600000	  0.049 	  -58.99 	 
0.008800000	  0.054 	  -56.35 	 
0.011000000	  0.056 	  -53.80 	 
0.013200000	  0.060 	  -51.33 	 
0.015400000	  0.063 	  -49.00 	 
0.017600000	  0.066 	  -46.80 	 
0.019800000	  0.069 	  -44.86 	 
0.022000000	  0.072 	  -43.07 	 
0.024200000	  0.075 	  -41.53 	 
0.026400000	  0.078 	  -40.22 	 
0.028600000	  0.080 	  -39.18 	 
0.030800000	  0.082 	  -38.40 	 
0.033000000	  0.083 	  -37.94 	 
0.035200000	  0.084 	  -37.73 	 
0.037400000	  0.083 	  -37.81 	 
0.039600000	  0.084 	  -38.15 	 
0.041800000	  0.084 	  -38.74 	 
0.044000000	  0.083 	  -39.67 	 
0.046200000	  0.082 	  -40.87 	 
0.048400000	  0.081 	  -42.33 	 
0.050600000	  0.080 	  -44.02 	 
0.052800000	  0.078 	  -45.94 	 
0.055000000	  0.075 	  -48.07 	 
0.057200000	  0.072 	  -50.36 	 
0.059400000	  0.070 	  -52.80 	 
0.061600000	  0.066 	  -55.30 	 
0.063800000	  0.064 	  -57.93 	 
0.066000000	  0.060 	  -60.55 	 
0.068200000	  0.056 	  -63.18 	 
0.070400000	  0.054 	  -65.77 	 
0.072600000	  0.050 	  -68.34 	 
0.074800000	  0.047 	  -70.82 	 
0.077000000	  0.044 	  -73.20 	 
0.079200000	  0.041 	  -75.42 	 
0.081400000	  0.039 	  -77.46 	 
0.083600000	  0.037 	  -79.33 	 
0.085800000	  0.034 	  -80.98 	 
0.088000000	  0.032 	  -82.38 	 
0.090200000	  0.031 	  -83.51 	 
0.092399999	  0.028 	  -84.43 	 
0.094599999	  0.029 	  -85.02 	 
0.096799999	  0.027 	  -85.36 	 
0.098999999	  0.027 	  -85.47 	 
0.101199999	  0.027 	  -85.25 	 
0.103399999	  0.027 	  -84.79 	 
0.105599999	  0.027 	  -84.05 	 
0.107799999	  0.028 	  -83.01 	 
0.109999999	  0.029 	  -81.60 	 
0.112199999	  0.030 	  -80.04 	 
0.114399999	  0.031 	  -78.17 	 
0.116599999	  0.034 	  -76.14 	 
0.118799999	  0.035 	  -73.91 	 
0.120999999	  0.037 	  -71.50 	 
0.123199999	  0.039 	  -69.02 	 
0.125399999	  0.042 	  -66.43 	 
0.127599999	  0.044 	  -63.80 	 
0.129799999	  0.047 	  -61.13 	 
0.131999999	  0.051 	  -58.51 	 
0.134199999	  0.053 	  -55.87 	 
0.136399999	  0.057 	  -53.33 	 
0.138599999	  0.061 	  -50.91 	 
0.140799999	  0.064 	  -48.61 	 
0.142999999	  0.067 	  -46.46 	 
0.145199999	  0.070 	  -44.50 	 
0.147399999	  0.073 	  -42.81 	 
0.149599999	  0.076 	  -41.25 	 
0.151799999	  0.078 	  -40.01 	 
0.153999999	  0.081 	  -38.99 	 
0.156199999	  0.082 	  -38.30 	 
0.158399999	  0.083 	  -37.89 	 
0.160599999	  0.083 	  -37.75 	 
0.162799999	  0.084 	  -37.86 	 
0.164999999	  0.085 	  -38.21 	 
0.167199999	  0.084 	  -38.91 	 
0.169399999	  0.084 	  -39.83 	 
0.171599999	  0.082 	  -41.08 	 
0.173799999	  0.081 	  -42.58 	 
0.175999999	  0.079 	  -44.34 	 
0.178199999	  0.076 	  -46.34 	 
0.180399999	  0.074 	  -48.49 	 
0.182599999	  0.072 	  -50.79 	 
0.184799999	  0.069 	  -53.22 	 
0.186999999	  0.066 	  -55.79 	 
0.189199999	  0.063 	  -58.33 	 
0.191399999	  0.060 	  -61.02 	 
0.193599999	  0.056 	  -63.68 	 
0.195799999	  0.053 	  -66.29 	 
0.197999999	  0.050 	  -68.82 	 
0.200199999	  0.046 	  -71.30 	 
0.202399999	  0.043 	  -73.60 	 
0.204599999	  0.041 	  -75.81 	 
0.206799999	  0.038 	  -77.84 	 
0.208999999	  0.036 	  -79.62 	 
0.211199999	  0.033 	  -81.25 	 
0.213399999	  0.033 	  -82.63 	 
0.215599999	  0.030 	  -83.75 	 
0.217799999	  0.029 	  -84.66 	 
0.219999999	  0.028 	  -85.19 	 
0.222199999	  0.028 	  -85.46 	 
0.224399999	  0.027 	  -85.45 	 
0.226599999	  0.027 	  -85.22 	 
0.228799999	  0.027 	  -84.65 	 
0.230999999	  0.027 	  -83.86 	 
0.233199999	  0.028 	  -82.76 	 
0.235399999	  0.029 	  -81.36 	 
0.237599999	  0.030 	  -79.73 	 
0.239799999	  0.032 	  -77.85 	 
0.241999999	  0.034 	  -75.74 	 
0.244199999	  0.036 	  -73.45 	 
0.246399999	  0.037 	  -71.06 	 
0.248599999	  0.039 	  -68.53 	 
0.250799999	  0.042 	  -65.95 	 
0.252999999	  0.045 	  -63.32 	 
0.255199999	  0.048 	  -60.66 	 
0.257399999	  0.051 	  -57.98 	 
0.259599999	  0.054 	  -55.45 	 
0.261799999	  0.058 	  -52.87 	 
0.263999999	  0.061 	  -50.47 	 
0.266199999	  0.064 	  -48.20 	 
0.268399999	  0.067 	  -46.06 	 
0.270599999	  0.070 	  -44.17 	 
0.272799999	  0.074 	  -42.50 	 
0.274999999	  0.076 	  -41.05 	 
0.277199998	  0.079 	  -39.79 	 
0.279399998	  0.080 	  -38.89 	 
0.281599998	  0.083 	  -38.21 	 
0.283799998	  0.083 	  -37.83 	 
0.285999998	  0.084 	  -37.73 	 
0.288199998	  0.084 	  -37.88 	 
0.290399998	  0.084 	  -38.32 	 
0.292599998	  0.084 	  -39.04 	 
0.294799998	  0.083 	  -40.08 	 
0.296999998	  0.082 	  -41.34 	 
0.299199998	  0.080 	  -42.93 	 
0.301399998	  0.079 	  -44.69 	 
0.303599998	  0.077 	  -46.68 	 
0.305799998	  0.074 	  -48.89 	 
0.307999998	  0.072 	  -51.25 	 
0.310199998	  0.068 	  -53.69 	 
0.312399998	  0.065 	  -56.29 	 
0.314599998	  0.062 	  -58.85 	 
0.316799998	  0.059 	  -61.44 	 
0.318999998	  0.056 	  -64.17 	 
0.321199998	  0.053 	  -66.74 	 
0.323399998	  0.049 	  -69.31 	 
0.325599998	  0.046 	  -71.76 	 
0.327799998	  0.043 	  -74.07 	 
0.329999998	  0.041 	  -76.22 	 
0.332199998	  0.038 	  -78.23 	 
0.334399998	  0.035 	  -79.99 	 
0.336599998	  0.034 	  -81.53 	 
0.338799998	  0.031 	  -82.87 	 
0.340999998	  0.030 	  -83.95 	 
0.343199998	  0.029 	  -84.71 	 
0.345399998	  0.028 	  -85.24 	 
0.347599998	  0.027 	  -85.50 	 
0.349799998	  0.027 	  -85.41 	 
0.351999998	  0.027 	  -85.13 	 
0.354199998	  0.027 	  -84.56 	 
0.356399998	  0.028 	  -83.67 	 
0.358599998	  0.028 	  -82.56 	 
0.360799998	  0.029 	  -81.10 	 
0.362999998	  0.030 	  -79.41 	 
0.365199998	  0.032 	  -77.50 	 
0.367399998	  0.034 	  -75.40 	 
0.369599998	  0.035 	  -73.08 	 
0.371799998	  0.037 	  -70.67 	 
0.373999998	  0.040 	  -68.12 	 
0.376199998	  0.042 	  -65.50 	 
0.378399998	  0.045 	  -62.87 	 
0.380599998	  0.048 	  -60.18 	 
0.382799998	  0.052 	  -57.54 	 
0.384999998	  0.054 	  -54.96 	 
0.387199998	  0.058 	  -52.45 	 
0.389399998	  0.061 	  -50.03 	 
0.391599998	  0.065 	  -47.81 	 
0.393799998	  0.068 	  -45.75 	 
0.395999998	  0.071 	  -43.86 	 
0.398199998	  0.074 	  -42.22 	 
0.400399998	  0.076 	  -40.79 	 
0.402599998	  0.079 	  -39.65 	 
0.404799998	  0.081 	  -38.71 	 
0.406999998	  0.082 	  -38.16 	 
0.409199998	  0.084 	  -37.77 	 
0.411399998	  0.084 	  -37.75 	 
0.413599998	  0.084 	  -37.95 	 
0.415799998	  0.084 	  -38.41 	 
0.417999998	  0.083 	  -39.21 	 
0.420199998	  0.083 	  -40.29 	 
0.422399998	  0.081 	  -41.62 	 
0.424599998	  0.080 	  -43.20 	 
0.426799998	  0.077 	  -45.05 	 
0.428999998	  0.076 	  -47.06 	 
0.431199998	  0.074 	  -49.30 	 
0.433399998	  0.071 	  -51.67 	 
0.435599998	  0.068 	  -54.14 	 
0.437799998	  0.065 	  -56.74 	 
0.439999998	  0.061 	  -59.38 	 
0.442199998	  0.059 	  -61.94 	 
0.444399998	  0.055 	  -64.58 	 
0.446599998	  0.051 	  -67.22 	 
0.448799998	  0.048 	  -69.70 	 
0.450999998	  0.045 	  -72.17 	 
0.453199998	  0.042 	  -74.45 	 
0.455399998	  0.039 	  -76.59 	 
0.457599998	  0.037 	  -78.55 	 
0.459799998	  0.035 	  -80.31 	 
0.461999997	  0.033 	  -81.81 	 
0.464199997	  0.031 	  -83.10 	 
0.466399997	  0.029 	  -84.15 	 
0.468599997	  0.029 	  -84.82 	 
0.470799997	  0.028 	  -85.32 	 
0.472999997	  0.027 	  -85.51 	 
0.475199997	  0.027 	  -85.41 	 
0.477399997	  0.027 	  -85.09 	 
0.479599997	  0.028 	  -84.47 	 
0.481799997	  0.027 	  -83.51 	 
0.483999997	  0.029 	  -82.30 	 
0.486199997	  0.029 	  -80.84 	 
0.488399997	  0.030 	  -79.07 	 
0.490599997	  0.032 	  -77.12 	 
0.492799997	  0.033 	  -74.96 	 
0.494999997	  0.036 	  -72.64 	 
0.497199997	  0.037 	  -70.16 	 
0.499399997	  0.040 	  -67.66 	 
0.501599997	  0.043 	  -65.01 	 
0.503799997	  0.046 	  -62.39 	 
0.505999997	  0.049 	  -59.69 	 
0.508199997	  0.052 	  -56.98 	 
0.510399997	  0.056 	  -54.45 	 
0.512599997	  0.058 	  -51.95 	 
0.514799997	  0.062 	  -49.60 	 
0.516999997	  0.066 	  -47.40 	 
0.519199997	  0.069 	  -45.35 	 
0.521399997	  0.072 	  -43.51 	 
0.523599997	  0.075 	  -41.87 	 
0.525799997	  0.077 	  -40.53 	 
0.527999997	  0.079 	  -39.40 	 
0.530199997	  0.081 	  -38.57 	 
0.532399997	  0.083 	  -38.00 	 
0.534599997	  0.084 	  -37.74 	 
0.536799997	  0.083 	  -37.73 	 
0.538999997	  0.084 	  -38.01 	 
0.541199997	  0.084 	  -38.51 	 
0.543399997	  0.083 	  -39.35 	 
0.545599997	  0.082 	  -40.47 	 
0.547799997	  0.081 	  -41.82 	 
0.549999997	  0.080 	  -43.49 	 
0.552199997	  0.078 	  -45.36 	 
0.554399997	  0.076 	  -47.47 	 
0.556599997	  0.073 	  -49.71 	 
0.558799997	  0.071 	  -52.13 	 
0.560999997	  0.067 	  -54.60 	 
0.563199997	  0.064 	  -57.16 	 
0.565399997	  0.061 	  -59.82 	 
0.567599997	  0.057 	  -62.44 	 
0.569799997	  0.054 	  -65.08 	 
0.571999997	  0.051 	  -67.69 	 
0.574199997	  0.048 	  -70.22 	 
0.576399997	  0.045 	  -72.58 	 
0.578599997	  0.041 	  -74.90 	 
0.580799997	  0.039 	  -76.95 	 
0.582999997	  0.037 	  -78.85 	 
0.585199997	  0.035 	  -80.58 	 
0.587399997	  0.033 	  -82.03 	 
0.589599997	  0.031 	  -83.27 	 
0.591799997	  0.029 	  -84.24 	 
0.593999997	  0.029 	  -84.95 	 
0.596199997	  0.028 	  -85.35 	 
0.598399997	  0.027 	  -85.53 	 
0.600599997	  0.027 	  -85.38 	 
0.602799997	  0.027 	  -84.97 	 
0.604999997	  0.027 	  -84.31 	 
0.607199997	  0.028 	  -83.29 	 
0.609399997	  0.029 	  -82.05 	 
0.611599997	  0.029 	  -80.53 	 
0.613799997	  0.031 	  -78.77 	 
0.615999997	  0.032 	  -76.73 	 
0.618199997	  0.034 	  -74.59 	 
0.620399997	  0.036 	  -72.17 	 
0.622599997	  0.039 	  -69.72 	 
0.624799997	  0.041 	  -67.16 	 
0.626999997	  0.043 	  -64.55 	 
0.629199997	  0.047 	  -61.89 	 
0.631399997	  0.050 	  -59.25 	 
0.633599997	  0.053 	  -56.60 	 
0.635799997	  0.056 	  -54.01 	 
0.637999997	  0.059 	  -51.58 	 
0.640199997	  0.063 	  -49.18 	 
0.642399997	  0.066 	  -47.02 	 
0.644599997	  0.069 	  -45.02 	 
0.646799996	  0.073 	  -43.22 	 
0.648999996	  0.075 	  -41.60 	 
0.651199996	  0.078 	  -40.31 	 
0.653399996	  0.080 	  -39.24 	 
0.655599996	  0.081 	  -38.44 	 
0.657799996	  0.083 	  -37.97 	 
0.659999996	  0.083 	  -37.74 	 
0.662199996	  0.084 	  -37.78 	 
0.664399996	  0.084 	  -38.09 	 
0.666599996	  0.084 	  -38.66 	 
0.668799996	  0.083 	  -39.52 	 
0.670999996	  0.082 	  -40.72 	 
0.673199996	  0.081 	  -42.14 	 
0.675399996	  0.079 	  -43.82 	 
0.677599996	  0.078 	  -45.76 	 
0.679799996	  0.075 	  -47.87 	 
0.681999996	  0.073 	  -50.13 	 
0.684199996	  0.070 	  -52.54 	 
0.686399996	  0.067 	  -55.09 	 
0.688599996	  0.063 	  -57.60 	 
0.690799996	  0.060 	  -60.29 	 
0.692999996	  0.057 	  -62.93 	 
0.695199996	  0.054 	  -65.57 	 
0.697399996	  0.050 	  -68.15 	 
0.699599996	  0.047 	  -70.62 	 
0.701799996	  0.044 	  -73.03 	 
0.703999996	  0.041 	  -75.30 	 
0.706199996	  0.038 	  -77.35 	 
0.708399996	  0.037 	  -79.18 	 
0.710599996	  0.034 	  -80.88 	 
0.712799996	  0.032 	  -82.28 	 
0.714999996	  0.031 	  -83.45 	 
0.717199996	  0.029 	  -84.41 	 
0.719399996	  0.028 	  -85.04 	 
0.721599996	  0.027 	  -85.41 	 
0.723799996	  0.027 	  -85.48 	 
0.725999996	  0.027 	  -85.33 	 
0.728199996	  0.027 	  -84.83 	 
0.730399996	  0.027 	  -84.10 	 
0.732599996	  0.028 	  -83.07 	 
0.734799996	  0.029 	  -81.75 	 
0.736999996	  0.030 	  -80.20 	 
0.739199996	  0.031 	  -78.38 	 
0.741399996	  0.032 	  -76.35 	 
0.743599996	  0.035 	  -74.13 	 
0.745799996	  0.037 	  -71.76 	 
0.747999996	  0.039 	  -69.24 	 
0.750199996	  0.041 	  -66.66 	 
0.752399996	  0.045 	  -64.03 	 
0.754599996	  0.047 	  -61.36 	 
0.756799996	  0.050 	  -58.72 	 
0.758999996	  0.053 	  -56.09 	 
0.761199996	  0.057 	  -53.53 	 
0.763399996	  0.060 	  -51.07 	 
0.765599996	  0.063 	  -48.79 	 
0.767799996	  0.066 	  -46.59 	 
0.769999996	  0.069 	  -44.67 	 
0.772199996	  0.073 	  -42.92 	 
0.774399996	  0.075 	  -41.41 	 
0.776599996	  0.078 	  -40.09 	 
0.778799996	  0.080 	  -39.12 	 
0.780999996	  0.081 	  -38.33 	 
0.783199996	  0.083 	  -37.87 	 
0.785399996	  0.083 	  -37.73 	 
0.787599996	  0.084 	  -37.81 	 
0.789799996	  0.084 	  -38.19 	 
0.791999996	  0.084 	  -38.81 	 
0.794199996	  0.083 	  -39.76 	 
0.796399996	  0.082 	  -40.97 	 
0.798599996	  0.080 	  -42.47 	 
0.800799996	  0.079 	  -44.18 	 
0.802999996	  0.077 	  -46.11 	 
0.805199996	  0.075 	  -48.27 	 
0.807399996	  0.073 	  -50.54 	 
0.809599996	  0.069 	  -52.99 	 
0.811799996	  0.066 	  -55.54 	 
0.813999996	  0.063 	  -58.14 	 
0.816199996	  0.060 	  -60.72 	 
0.818399996	  0.057 	  -63.40 	 
0.820599996	  0.053 	  -66.02 	 
0.822799996	  0.050 	  -68.59 	 
0.824999996	  0.046 	  -71.08 	 
0.827199996	  0.044 	  -73.38 	 
0.829399996	  0.040 	  -75.64 	 
0.831599995	  0.038 	  -77.67 	 
0.833799995	  0.036 	  -79.50 	 
0.835999995	  0.034 	  -81.08 	 
0.838199995	  0.031 	  -82.50 	 
0.840399995	  0.030 	  -83.62 	 
0.842599995	  0.029 	  -84.49 	 
0.844799995	  0.028 	  -85.08 	 
0.846999995	  0.027 	  -85.39 	 
0.849199995	  0.027 	  -85.41 	 
0.851399995	  0.026 	  -85.22 	 
0.853599995	  0.027 	  -84.75 	 
0.855799995	  0.027 	  -83.95 	 
0.857999995	  0.028 	  -82.90 	 
0.860199995	  0.029 	  -81.51 	 
0.862399995	  0.030 	  -79.89 	 
0.864599995	  0.031 	  -78.01 	 
0.866799995	  0.034 	  -75.90 	 
0.868999995	  0.034 	  -73.66 	 
0.871199995	  0.037 	  -71.29 	 
0.873399995	  0.039 	  -68.80 	 
0.875599995	  0.042 	  -66.17 	 
0.877799995	  0.045 	  -63.56 	 
0.879999995	  0.047 	  -60.88 	 
0.882199995	  0.051 	  -58.23 	 
0.884399995	  0.054 	  -55.65 	 
0.886599995	  0.057 	  -53.09 	 
0.888799995	  0.060 	  -50.66 	 
0.890999995	  0.064 	  -48.39 	 
0.893199995	  0.066 	  -46.28 	 
0.895399995	  0.070 	  -44.32 	 
0.897599995	  0.073 	  -42.65 	 
0.899799995	  0.075 	  -41.16 	 
0.901999995	  0.078 	  -39.92 	 
0.904199995	  0.079 	  -38.95 	 
0.906399995	  0.082 	  -38.29 	 
0.908599995	  0.083 	  -37.83 	 
0.910799995	  0.083 	  -37.73 	 
0.912999995	  0.084 	  -37.86 	 
0.915199995	  0.084 	  -38.25 	 
0.917399995	  0.083 	  -38.98 	 
0.919599995	  0.083 	  -39.95 	 
0.921799995	  0.082 	  -41.21 	 
0.923999995	  0.080 	  -42.75 	 
0.926199995	  0.079 	  -44.55 	 
0.928399995	  0.076 	  -46.47 	 
0.930599995	  0.075 	  -48.68 	 
0.932799995	  0.071 	  -50.98 	 
0.934999995	  0.069 	  -53.44 	 
0.937199995	  0.065 	  -56.02 	 
0.939399995	  0.062 	  -58.62 	 
0.941599995	  0.059 	  -61.24 	 
0.943799995	  0.056 	  -63.88 	 
0.945999995	  0.053 	  -66.50 	 
0.948199995	  0.050 	  -69.03 	 
0.950399995	  0.046 	  -71.51 	 
0.952599995	  0.043 	  -73.82 	 
0.954799995	  0.041 	  -75.99 	 
0.956999995	  0.037 	  -78.09 	 
0.959199995	  0.035 	  -79.84 	 
0.961399995	  0.033 	  -81.40 	 
0.963599995	  0.032 	  -82.78 	 
0.965799995	  0.030 	  -83.86 	 
0.967999995	  0.029 	  -84.63 	 
0.970199995	  0.028 	  -85.19 	 
0.972399995	  0.028 	  -85.45 	 
0.974599995	  0.026 	  -85.44 	 
0.976799995	  0.026 	  -85.20 	 
0.978999995	  0.027 	  -84.65 	 
0.981199995	  0.027 	  -83.80 	 
0.983399995	  0.028 	  -82.66 	 
0.985599995	  0.029 	  -81.28 	 
0.987799995	  0.029 	  -79.56 	 
0.989999995	  0.031 	  -77.69 	 
0.992199995	  0.033 	  -75.56 	 
0.994399995	  0.035 	  -73.31 	 
0.996599995	  0.038 	  -70.89 	 
0.998799995	  0.039 	  -68.36 	 
1.000999995	  0.042 	  -65.73 	 
1.003199995	  0.045 	  -63.10 	 
1.005399995	  0.048 	  -60.43 	 
1.007599995	  0.051 	  -57.73 	 
1.009799995	  0.054 	  -55.15 	 
1.011999995	  0.058 	  -52.62 	 
1.014199995	  0.062 	  -50.24 	 
1.016399994	  0.064 	  -48.00 	 
1.018599994	  0.068 	  -45.92 	 
1.020799994	  0.071 	  -43.99 	 
1.022999994	  0.073 	  -42.29 	 
1.025199994	  0.076 	  -40.89 	 
1.027399994	  0.079 	  -39.65 	 
1.029599994	  0.080 	  -38.76 	 
1.031799994	  0.082 	  -38.11 	 
1.033999994	  0.083 	  -37.78 	 
1.036199994	  0.083 	  -37.72 	 
1.038399994	  0.084 	  -37.91 	 
1.040599994	  0.084 	  -38.34 	 
1.042799994	  0.084 	  -39.08 	 
1.044999994	  0.082 	  -40.14 	 
1.047199994	  0.082 	  -41.42 	 
1.049399994	  0.080 	  -43.02 	 
1.051599994	  0.078 	  -44.85 	 
1.053799994	  0.076 	  -46.88 	 
1.055999994	  0.073 	  -49.06 	 
1.058199994	  0.071 	  -51.45 	 
1.060399994	  0.068 	  -53.88 	 
1.062599994	  0.065 	  -56.46 	 
1.064799994	  0.062 	  -59.11 	 
1.066999994	  0.059 	  -61.69 	 
1.069199994	  0.055 	  -64.35 	 
1.071399994	  0.052 	  -66.94 	 
1.073599994	  0.048 	  -69.52 	 
1.075799994	  0.046 	  -71.95 	 
1.077999994	  0.042 	  -74.28 	 
1.080199994	  0.040 	  -76.41 	 
1.082399994	  0.037 	  -78.36 	 
1.084599994	  0.035 	  -80.14 	 
1.086799994	  0.033 	  -81.64 	 
1.088999994	  0.032 	  -82.97 	 
1.091199994	  0.030 	  -84.02 	 
1.093399994	  0.028 	  -84.81 	 
1.095599994	  0.028 	  -85.33 	 
1.097799994	  0.027 	  -85.54 	 
1.099999994	  0.027 	  -85.46 	 
1.102199994	  0.027 	  -85.09 	 
1.104399994	  0.027 	  -84.53 	 
1.106599994	  0.027 	  -83.57 	 
1.108799994	  0.028 	  -82.40 	 
1.110999994	  0.029 	  -80.98 	 
1.113199994	  0.030 	  -79.25 	 
1.115399994	  0.032 	  -77.28 	 
1.117599994	  0.034 	  -75.18 	 
1.119799994	  0.035 	  -72.86 	 
1.121999994	  0.038 	  -70.38 	 
1.124199994	  0.040 	  -67.85 	 
1.126399994	  0.043 	  -65.23 	 
1.128599994	  0.046 	  -62.62 	 
1.130799994	  0.049 	  -59.97 	 
1.132999994	  0.052 	  -57.31 	 
1.135199994	  0.055 	  -54.69 	 
1.137399994	  0.057 	  -52.23 	 
1.139599994	  0.061 	  -49.80 	 
1.141799994	  0.065 	  -47.61 	 
1.143999994	  0.068 	  -45.55 	 
1.146199994	  0.071 	  -43.66 	 
1.148399994	  0.074 	  -42.03 	 
1.150599994	  0.077 	  -40.65 	 
1.152799994	  0.079 	  -39.51 	 
1.154999994	  0.081 	  -38.60 	 
1.157199994	  0.082 	  -38.06 	 
1.159399994	  0.083 	  -37.75 	 
1.161599994	  0.084 	  -37.73 	 
1.163799994	  0.084 	  -37.97 	 
1.165999994	  0.084 	  -38.49 	 
1.168199994	  0.083 	  -39.26 	 
1.170399994	  0.082 	  -40.39 	 
1.172599994	  0.081 	  -41.75 	 
1.174799994	  0.079 	  -43.34 	 
1.176999994	  0.077 	  -45.21 	 
1.179199994	  0.076 	  -47.26 	 
1.181399994	  0.073 	  -49.49 	 
1.183599994	  0.070 	  -51.91 	 
1.185799994	  0.068 	  -54.40 	 
1.187999994	  0.065 	  -56.94 	 
1.190199994	  0.061 	  -59.60 	 
1.192399994	  0.058 	  -62.22 	 
1.194599994	  0.055 	  -64.81 	 
1.196799994	  0.051 	  -67.46 	 
1.198999994	  0.048 	  -69.95 	 
1.201199993	  0.045 	  -72.37 	 
1.203399993	  0.042 	  -74.68 	 
1.205599993	  0.039 	  -76.79 	 
1.207799993	  0.037 	  -78.72 	 
1.209999993	  0.035 	  -80.42 	 
1.212199993	  0.032 	  -81.94 	 
1.214399993	  0.031 	  -83.18 	 
1.216599993	  0.030 	  -84.17 	 
1.218799993	  0.028 	  -84.87 	 
1.220999993	  0.028 	  -85.32 	 
1.223199993	  0.027 	  -85.46 	 
1.225399993	  0.027 	  -85.36 	 
1.227599993	  0.027 	  -84.95 	 
1.229799993	  0.027 	  -84.34 	 
1.231999993	  0.027 	  -83.38 	 
1.234199993	  0.029 	  -82.14 	 
1.236399993	  0.029 	  -80.68 	 
1.238599993	  0.030 	  -78.93 	 
1.240799993	  0.032 	  -76.94 	 
1.242999993	  0.034 	  -74.78 	 
1.245199993	  0.036 	  -72.44 	 
1.247399993	  0.038 	  -69.89 	 
1.249599993	  0.040 	  -67.41 	 
1.251799993	  0.043 	  -64.79 	 
1.253999993	  0.046 	  -62.14 	 
1.256199993	  0.049 	  -59.49 	 
1.258399993	  0.052 	  -56.85 	 
1.260599993	  0.055 	  -54.24 	 
1.262799993	  0.059 	  -51.76 	 
1.264999993	  0.062 	  -49.43 	 
1.267199993	  0.065 	  -47.17 	 
1.269399993	  0.069 	  -45.19 	 
1.271599993	  0.071 	  -43.38 	 
1.273799993	  0.075 	  -41.77 	 
1.275999993	  0.077 	  -40.46 	 
1.278199993	  0.079 	  -39.35 	 
1.280399993	  0.081 	  -38.51 	 
1.282599993	  0.082 	  -37.99 	 
1.284799993	  0.083 	  -37.75 	 
1.286999993	  0.084 	  -37.75 	 
1.289199993	  0.084 	  -38.04 	 
1.291399993	  0.084 	  -38.58 	 
1.293599993	  0.083 	  -39.44 	 
1.295799993	  0.082 	  -40.62 	 
1.297999993	  0.081 	  -42.04 	 
1.300199993	  0.080 	  -43.69 	 
1.302399993	  0.077 	  -45.58 	 
1.304599993	  0.075 	  -47.68 	 
1.306799993	  0.073 	  -49.89 	 
1.308999993	  0.070 	  -52.32 	 
1.311199993	  0.067 	  -54.82 	 
1.313399993	  0.064 	  -57.40 	 
1.315599993	  0.061 	  -60.01 	 
1.317799993	  0.057 	  -62.72 	 
1.319999993	  0.054 	  -65.34 	 
1.322199993	  0.050 	  -67.90 	 
1.324399993	  0.047 	  -70.40 	 
1.326599993	  0.044 	  -72.75 	 
1.328799993	  0.041 	  -75.05 	 
1.330999993	  0.039 	  -77.13 	 
1.333199993	  0.036 	  -79.02 	 
1.335399993	  0.034 	  -80.66 	 
1.337599993	  0.032 	  -82.14 	 
1.339799993	  0.030 	  -83.31 	 
1.341999993	  0.029 	  -84.25 	 
1.344199993	  0.027 	  -84.95 	 
1.346399993	  0.028 	  -85.30 	 
1.348599993	  0.027 	  -85.44 	 
1.350799993	  0.027 	  -85.32 	 
1.352999993	  0.027 	  -84.91 	 
1.355199993	  0.027 	  -84.23 	 
1.357399993	  0.028 	  -83.24 	 
1.359599993	  0.029 	  -81.92 	 
1.361799993	  0.029 	  -80.33 	 
1.363999993	  0.031 	  -78.53 	 
1.366199993	  0.033 	  -76.47 	 
1.368399993	  0.034 	  -74.29 	 
1.370599993	  0.036 	  -71.94 	 
1.372799993	  0.039 	  -69.50 	 
1.374999993	  0.041 	  -66.91 	 
1.377199993	  0.043 	  -64.29 	 
1.379399993	  0.047 	  -61.59 	 
1.381599993	  0.049 	  -58.92 	 
1.383799993	  0.053 	  -56.33 	 
1.385999992	  0.056 	  -53.75 	 
1.388199992	  0.060 	  -51.31 	 
1.390399992	  0.063 	  -49.00 	 
1.392599992	  0.066 	  -46.83 	 
1.394799992	  0.070 	  -44.85 	 
1.396999992	  0.072 	  -43.07 	 
1.399199992	  0.075 	  -41.51 	 
1.401399992	  0.077 	  -40.22 	 
1.403599992	  0.079 	  -39.19 	 
1.405799992	  0.081 	  -38.38 	 
1.407999992	  0.083 	  -37.92 	 
1.410199992	  0.083 	  -37.73 	 
1.412399992	  0.083 	  -37.81 	 
1.414599992	  0.084 	  -38.13 	 
1.416799992	  0.084 	  -38.76 	 
1.418999992	  0.083 	  -39.65 	 
1.421199992	  0.082 	  -40.85 	 
1.423399992	  0.081 	  -42.33 	 
1.425599992	  0.079 	  -44.02 	 
1.427799992	  0.077 	  -45.94 	 
1.429999992	  0.075 	  -48.09 	 
1.432199992	  0.072 	  -50.37 	 
1.434399992	  0.070 	  -52.77 	 
1.436599992	  0.066 	  -55.34 	 
1.438799992	  0.063 	  -57.89 	 
1.440999992	  0.060 	  -60.51 	 
1.443199992	  0.057 	  -63.17 	 
1.445399992	  0.053 	  -65.79 	 
1.447599992	  0.050 	  -68.36 	 
1.449799992	  0.047 	  -70.86 	 
1.451999992	  0.044 	  -73.23 	 
1.454199992	  0.040 	  -75.41 	 
1.456399992	  0.038 	  -77.53 	 
1.458599992	  0.036 	  -79.38 	 
1.460799992	  0.034 	  -81.01 	 
1.462999992	  0.032 	  -82.41 	 
1.465199992	  0.030 	  -83.59 	 
1.467399992	  0.029 	  -84.44 	 
1.469599992	  0.029 	  -85.08 	 
1.471799992	  0.027 	  -85.45 	 
1.473999992	  0.027 	  -85.46 	 
1.476199992	  0.027 	  -85.29 	 
1.478399992	  0.028 	  -84.80 	 
1.480599992	  0.027 	  -84.06 	 
1.482799992	  0.028 	  -83.02 	 
1.484999992	  0.029 	  -81.67 	 
1.487199992	  0.030 	  -80.04 	 
1.489399992	  0.031 	  -78.24 	 
1.491599992	  0.033 	  -76.17 	 
1.493799992	  0.034 	  -73.93 	 
1.495999992	  0.037 	  -71.54 	 
1.498199992	  0.038 	  -69.03 	 
1.500399992	  0.041 	  -66.43 	 
1.502599992	  0.044 	  -63.82 	 
1.504799992	  0.047 	  -61.15 	 
1.506999992	  0.050 	  -58.46 	 
1.509199992	  0.053 	  -55.88 	 
1.511399992	  0.056 	  -53.34 	 
1.513599992	  0.060 	  -50.90 	 
1.515799992	  0.063 	  -48.63 	 
1.517999992	  0.066 	  -46.49 	 
1.520199992	  0.069 	  -44.51 	 
1.522399992	  0.073 	  -42.76 	 
1.524599992	  0.075 	  -41.30 	 
1.526799992	  0.078 	  -39.98 	 
1.528999992	  0.080 	  -39.02 	 
1.531199992	  0.081 	  -38.32 	 
1.533399992	  0.083 	  -37.86 	 
1.535599992	  0.083 	  -37.74 	 
1.537799992	  0.084 	  -37.85 	 
1.539999992	  0.083 	  -38.22 	 
1.542199992	  0.084 	  -38.87 	 
1.544399992	  0.083 	  -39.85 	 
1.546599992	  0.082 	  -41.05 	 
1.548799992	  0.080 	  -42.61 	 
1.550999992	  0.078 	  -44.34 	 
1.553199992	  0.077 	  -46.31 	 
1.555399992	  0.074 	  -48.51 	 
1.557599992	  0.072 	  -50.79 	 
1.559799992	  0.069 	  -53.24 	 
1.561999992	  0.065 	  -55.79 	 
1.564199992	  0.062 	  -58.41 	 
1.566399992	  0.059 	  -60.96 	 
1.568599992	  0.056 	  -63.64 	 
1.570799991	  0.052 	  -66.23 	 
1.572999991	  0.049 	  -68.82 	 
1.575199991	  0.046 	  -71.31 	 
1.577399991	  0.043 	  -73.68 	 
1.579599991	  0.040 	  -75.85 	 
1.581799991	  0.038 	  -77.87 	 
1.583999991	  0.036 	  -79.74 	 
1.586199991	  0.034 	  -81.29 	 
1.588399991	  0.031 	  -82.70 	 
1.590599991	  0.030 	  -83.73 	 
1.592799991	  0.028 	  -84.61 	 
1.594999991	  0.028 	  -85.17 	 
1.597199991	  0.027 	  -85.50 	 
1.599399991	  0.026 	  -85.47 	 
1.601599991	  0.027 	  -85.22 	 
1.603799991	  0.026 	  -84.73 	 
1.605999991	  0.027 	  -83.88 	 
1.608199991	  0.028 	  -82.78 	 
1.610399991	  0.029 	  -81.40 	 
1.612599991	  0.029 	  -79.72 	 
1.614799991	  0.031 	  -77.85 	 
1.616999991	  0.033 	  -75.77 	 
1.619199991	  0.035 	  -73.51 	 
1.621399991	  0.037 	  -71.08 	 
1.623599991	  0.039 	  -68.59 	 
1.625799991	  0.042 	  -65.93 	 
1.627999991	  0.045 	  -63.32 	 
1.630199991	  0.047 	  -60.63 	 
1.632399991	  0.051 	  -58.02 	 
1.634599991	  0.055 	  -55.41 	 
1.636799991	  0.057 	  -52.88 	 
1.638999991	  0.061 	  -50.46 	 
1.641199991	  0.064 	  -48.20 	 
1.643399991	  0.067 	  -46.11 	 
1.645599991	  0.071 	  -44.15 	 
1.647799991	  0.073 	  -42.49 	 
1.649999991	  0.076 	  -41.02 	 
1.652199991	  0.078 	  -39.84 	 
1.654399991	  0.080 	  -38.80 	 
1.656599991	  0.082 	  -38.21 	 
1.658799991	  0.083 	  -37.81 	 
1.660999991	  0.084 	  -37.70 	 
1.663199991	  0.084 	  -37.89 	 
1.665399991	  0.084 	  -38.28 	 
1.667599991	  0.083 	  -39.03 	 
1.669799991	  0.082 	  -40.07 	 
1.671999991	  0.082 	  -41.34 	 
1.674199991	  0.080 	  -42.90 	 
1.676399991	  0.078 	  -44.72 	 
1.678599991	  0.077 	  -46.68 	 
1.680799991	  0.073 	  -48.91 	 
1.682999991	  0.071 	  -51.29 	 
1.685199991	  0.068 	  -53.70 	 
1.687399991	  0.065 	  -56.24 	 
1.689599991	  0.061 	  -58.85 	 
1.691799991	  0.059 	  -61.50 	 
1.693999991	  0.055 	  -64.15 	 
1.696199991	  0.052 	  -66.75 	 
1.698399991	  0.048 	  -69.27 	 
1.700599991	  0.046 	  -71.74 	 
1.702799991	  0.043 	  -74.06 	 
1.704999991	  0.040 	  -76.17 	 
1.707199991	  0.037 	  -78.23 	 
1.709399991	  0.035 	  -80.01 	 
1.711599991	  0.033 	  -81.57 	 
1.713799991	  0.031 	  -82.85 	 
1.715999991	  0.030 	  -83.94 	 
1.718199991	  0.029 	  -84.69 	 
1.720399991	  0.028 	  -85.25 	 
1.722599991	  0.027 	  -85.48 	 
1.724799991	  0.026 	  -85.44 	 
1.726999991	  0.027 	  -85.12 	 
1.729199991	  0.027 	  -84.56 	 
1.731399991	  0.028 	  -83.69 	 
1.733599991	  0.028 	  -82.54 	 
1.735799991	  0.029 	  -81.12 	 
1.737999991	  0.031 	  -79.41 	 
1.740199991	  0.031 	  -77.50 	 
1.742399991	  0.034 	  -75.38 	 
1.744599991	  0.035 	  -73.07 	 
1.746799991	  0.037 	  -70.62 	 
1.748999991	  0.040 	  -68.13 	 
1.751199991	  0.042 	  -65.50 	 
1.753399990	  0.045 	  -62.80 	 
1.755599990	  0.048 	  -60.18 	 
1.757799990	  0.051 	  -57.53 	 
1.759999990	  0.055 	  -54.94 	 
1.762199990	  0.058 	  -52.42 	 
1.764399990	  0.061 	  -50.02 	 
1.766599990	  0.065 	  -47.76 	 
1.768799990	  0.068 	  -45.71 	 
1.770999990	  0.071 	  -43.83 	 
1.773199990	  0.074 	  -42.16 	 
1.775399990	  0.077 	  -40.79 	 
1.777599990	  0.078 	  -39.62 	 
1.779799990	  0.080 	  -38.71 	 
1.781999990	  0.082 	  -38.09 	 
1.784199990	  0.083 	  -37.77 	 
1.786399990	  0.084 	  -37.69 	 
1.788599990	  0.084 	  -37.93 	 
1.790799990	  0.084 	  -38.38 	 
1.792999990	  0.083 	  -39.17 	 
1.795199990	  0.082 	  -40.25 	 
1.797399990	  0.082 	  -41.59 	 
1.799599990	  0.079 	  -43.19 	 
1.801799990	  0.078 	  -45.02 	 
1.803999990	  0.076 	  -47.08 	 
1.806199990	  0.074 	  -49.23 	 
1.808399990	  0.070 	  -51.63 	 
1.810599990	  0.068 	  -54.11 	 
1.812799990	  0.065 	  -56.68 	 
1.814999990	  0.061 	  -59.33 	 
1.817199990	  0.058 	  -61.96 	 
1.819399990	  0.054 	  -64.61 	 
1.821599990	  0.051 	  -67.19 	 
1.823799990	  0.048 	  -69.74 	 
1.825999990	  0.045 	  -72.10 	 
1.828199990	  0.042 	  -74.44 	 
1.830399990	  0.039 	  -76.56 	 
1.832599990	  0.037 	  -78.53 	 
1.834799990	  0.035 	  -80.32 	 
1.836999990	  0.032 	  -81.82 	 
1.839199990	  0.031 	  -83.12 	 
1.841399990	  0.029 	  -84.10 	 
1.843599990	  0.028 	  -84.86 	 
1.845799990	  0.027 	  -85.28 	 
1.847999990	  0.027 	  -85.51 	 
1.850199990	  0.027 	  -85.39 	 
1.852399990	  0.027 	  -85.02 	 
1.854599990	  0.027 	  -84.43 	 
1.856799990	  0.027 	  -83.51 	 
1.858999990	  0.029 	  -82.27 	 
1.861199990	  0.029 	  -80.79 	 
1.863399990	  0.030 	  -79.08 	 
1.865599990	  0.032 	  -77.08 	 
1.867799990	  0.033 	  -74.96 	 
1.869999990	  0.036 	  -72.61 	 
1.872199990	  0.037 	  -70.16 	 
1.874399990	  0.040 	  -67.59 	 
1.876599990	  0.043 	  -64.99 	 
1.878799990	  0.046 	  -62.33 	 
1.880999990	  0.048 	  -59.66 	 
1.883199990	  0.051 	  -57.05 	 
1.885399990	  0.055 	  -54.40 	 
1.887599990	  0.059 	  -51.97 	 
1.889799990	  0.062 	  -49.60 	 
1.891999990	  0.065 	  -47.40 	 
1.894199990	  0.068 	  -45.35 	 
1.896399990	  0.072 	  -43.53 	 
1.898599990	  0.075 	  -41.89 	 
1.900799990	  0.077 	  -40.51 	 
1.902999990	  0.079 	  -39.44 	 
1.905199990	  0.081 	  -38.53 	 
1.907399990	  0.082 	  -38.00 	 
1.909599990	  0.083 	  -37.74 	 
1.911799990	  0.083 	  -37.76 	 
1.913999990	  0.083 	  -38.00 	 
1.916199990	  0.084 	  -38.56 	 
1.918399990	  0.083 	  -39.36 	 
1.920599990	  0.082 	  -40.44 	 
1.922799990	  0.082 	  -41.87 	 
1.924999990	  0.080 	  -43.47 	 
1.927199990	  0.078 	  -45.38 	 
1.929399990	  0.076 	  -47.45 	 
1.931599990	  0.073 	  -49.71 	 
1.933799990	  0.070 	  -52.10 	 
1.935999990	  0.067 	  -54.62 	 
1.938199989	  0.064 	  -57.19 	 
1.940399989	  0.061 	  -59.78 	 
1.942599989	  0.057 	  -62.45 	 
1.944799989	  0.054 	  -65.06 	 
1.946999989	  0.051 	  -67.67 	 
1.949199989	  0.048 	  -70.20 	 
1.951399989	  0.044 	  -72.61 	 
1.953599989	  0.042 	  -74.85 	 
1.955799989	  0.039 	  -77.01 	 
1.957999989	  0.038 	  -78.87 	 
1.960199989	  0.035 	  -80.55 	 
1.962399989	  0.032 	  -82.07 	 
1.964599989	  0.030 	  -83.27 	 
1.966799989	  0.030 	  -84.24 	 
1.968999989	  0.028 	  -84.94 	 
1.971199989	  0.027 	  -85.37 	 
1.973399989	  0.027 	  -85.48 	 
1.975599989	  0.027 	  -85.35 	 
1.977799989	  0.027 	  -84.96 	 
1.979999989	  0.027 	  -84.29 	 
1.982199989	  0.028 	  -83.33 	 
1.984399989	  0.027 	  -82.03 	 
1.986599989	  0.029 	  -80.50 	 
1.988799989	  0.031 	  -78.73 	 
1.990999989	  0.032 	  -76.75 	 
1.993199989	  0.033 	  -74.53 	 
1.995399989	  0.036 	  -72.23 	 
1.997599989	  0.038 	  -69.72 	 
1.999799989	  0.041 	  -67.15 	 
2.001999989	  0.043 	  -64.55 	 
2.004199989	  0.046 	  -61.88 	 
2.006399989	  0.050 	  -59.20 	 
2.008599989	  0.052 	  -56.60 	 
2.010799989	  0.056 	  -54.04 	 
2.012999989	  0.059 	  -51.55 	 
2.015199989	  0.062 	  -49.25 	 
2.017399989	  0.065 	  -47.05 	 
2.019599989	  0.069 	  -45.06 	 
2.021799989	  0.072 	  -43.26 	 
2.023999989	  0.075 	  -41.67 	 
2.026199989	  0.077 	  -40.33 	 
2.028399989	  0.079 	  -39.29 	 
2.030599989	  0.081 	  -38.51 	 
2.032799989	  0.082 	  -37.98 	 
2.034999989	  0.083 	  -37.80 	 
2.037199989	  0.083 	  -37.81 	 
2.039399989	  0.083 	  -38.12 	 
2.041599989	  0.083 	  -38.69 	 
2.043799989	  0.083 	  -39.59 	 
2.045999989	  0.082 	  -40.73 	 
2.048199989	  0.080 	  -42.19 	 
2.050399989	  0.079 	  -43.86 	 
2.052599989	  0.077 	  -45.75 	 
2.054799989	  0.074 	  -47.90 	 
2.056999989	  0.072 	  -50.17 	 
2.059199989	  0.070 	  -52.57 	 
2.061399989	  0.066 	  -55.08 	 
2.063599989	  0.063 	  -57.70 	 
2.065799989	  0.061 	  -60.26 	 
2.067999989	  0.056 	  -62.94 	 
2.070199989	  0.054 	  -65.54 	 
2.072399989	  0.050 	  -68.10 	 
2.074599989	  0.047 	  -70.66 	 
2.076799989	  0.044 	  -73.01 	 
2.078999989	  0.040 	  -75.27 	 
2.081199989	  0.039 	  -77.33 	 
2.083399989	  0.036 	  -79.25 	 
2.085599989	  0.034 	  -80.86 	 
2.087799989	  0.032 	  -82.30 	 
2.089999989	  0.031 	  -83.47 	 
2.092199989	  0.029 	  -84.39 	 
2.094399989	  0.028 	  -85.06 	 
2.096599989	  0.027 	  -85.44 	 
2.098799989	  0.027 	  -85.48 	 
2.100999989	  0.026 	  -85.32 	 
2.103199989	  0.027 	  -84.91 	 
2.105399989	  0.027 	  -84.12 	 
2.107599989	  0.027 	  -83.12 	 
2.109799989	  0.028 	  -81.75 	 
2.111999989	  0.029 	  -80.20 	 
2.114199989	  0.031 	  -78.40 	 
2.116399989	  0.033 	  -76.36 	 
2.118599989	  0.034 	  -74.14 	 
2.120799989	  0.036 	  -71.76 	 
2.122999988	  0.038 	  -69.28 	 
2.125199988	  0.041 	  -66.65 	 
2.127399988	  0.044 	  -64.07 	 
2.129599988	  0.047 	  -61.39 	 
2.131799988	  0.050 	  -58.73 	 
2.133999988	  0.053 	  -56.14 	 
2.136199988	  0.056 	  -53.57 	 
2.138399988	  0.060 	  -51.09 	 
2.140599988	  0.062 	  -48.79 	 
2.142799988	  0.066 	  -46.66 	 
2.144999988	  0.069 	  -44.65 	 
2.147199988	  0.072 	  -42.94 	 
2.149399988	  0.075 	  -41.41 	 
2.151599988	  0.077 	  -40.12 	 
2.153799988	  0.079 	  -39.10 	 
2.155999988	  0.081 	  -38.38 	 
2.158199988	  0.082 	  -37.90 	 
2.160399988	  0.084 	  -37.70 	 
2.162599988	  0.083 	  -37.84 	 
2.164799988	  0.084 	  -38.16 	 
2.166999988	  0.083 	  -38.82 	 
2.169199988	  0.083 	  -39.74 	 
2.171399988	  0.082 	  -40.96 	 
2.173599988	  0.080 	  -42.46 	 
2.175799988	  0.078 	  -44.19 	 
2.177999988	  0.077 	  -46.14 	 
2.180199988	  0.075 	  -48.25 	 
2.182399988	  0.072 	  -50.60 	 
2.184599988	  0.069 	  -52.98 	 
2.186799988	  0.065 	  -55.53 	 
2.188999988	  0.063 	  -58.13 	 
2.191199988	  0.060 	  -60.80 	 
2.193399988	  0.056 	  -63.40 	 
2.195599988	  0.053 	  -66.04 	 
2.197799988	  0.049 	  -68.57 	 
2.199999988	  0.047 	  -71.06 	 
2.202199988	  0.043 	  -73.45 	 
2.204399988	  0.041 	  -75.60 	 
2.206599988	  0.038 	  -77.67 	 
2.208799988	  0.035 	  -79.52 	 
2.210999988	  0.034 	  -81.15 	 
2.213199988	  0.031 	  -82.53 	 
2.215399988	  0.030 	  -83.68 	 
2.217599988	  0.029 	  -84.51 	 
2.219799988	  0.028 	  -85.10 	 
2.221999988	  0.027 	  -85.44 	 
2.224199988	  0.026 	  -85.44 	 
2.226399988	  0.026 	  -85.24 	 
2.228599988	  0.027 	  -84.76 	 
2.230799988	  0.027 	  -83.99 	 
2.232999988	  0.028 	  -82.89 	 
2.235199988	  0.029 	  -81.55 	 
2.237399988	  0.029 	  -79.89 	 
2.239599988	  0.031 	  -78.02 	 
2.241799988	  0.033 	  -75.98 	 
2.243999988	  0.034 	  -73.67 	 
2.246199988	  0.037 	  -71.28 	 
2.248399988	  0.038 	  -68.79 	 
2.250599988	  0.042 	  -66.21 	 
