0.000000000	 -0.250 	  -69.71 	 
0.002200000	 -0.245 	  -65.73 	 
0.004400000	 -0.239 	  -61.62 	 
0.006600000	 -0.232 	  -57.73 	 
0.008800000	 -0.225 	  -53.81 	 
0.011000000	 -0.219 	  -50.20 	 
0.013200000	 -0.212 	  -46.88 	 
0.015400000	 -0.205 	  -43.95 	 
0.017600000	 -0.199 	  -41.55 	 
0.019800000	 -0.194 	  -39.65 	 
0.022000000	 -0.190 	  -38.45 	 
0.024200000	 -0.187 	  -37.79 	 
0.026400000	 -0.186 	  -37.83 	 
0.028600000	 -0.186 	  -38.39 	 
0.030800000	 -0.187 	  -39.68 	 
0.033000000	 -0.188 	  -41.42 	 
0.035200000	 -0.191 	  -43.90 	 
0.037400000	 -0.196 	  -46.84 	 
0.039600000	 -0.200 	  -50.27 	 
0.041800000	 -0.206 	  -53.97 	 
0.044000000	 -0.212 	  -57.84 	 
0.046200000	 -0.219 	  -61.84 	 
0.048400000	 -0.226 	  -65.81 	 
0.050600000	 -0.232 	  -69.63 	 
0.052800000	 -0.239 	  -73.21 	 
0.055000000	 -0.245 	  -76.51 	 
0.057200000	 -0.250 	  -79.36 	 
0.059400000	 -0.255 	  -81.71 	 
0.061600000	 -0.259 	  -83.55 	 
0.063800000	 -0.261 	  -84.73 	 
0.066000000	 -0.264 	  -85.40 	 
0.068200000	 -0.264 	  -85.41 	 
0.070400000	 -0.265 	  -84.83 	 
0.072600000	 -0.264 	  -83.61 	 
0.074800000	 -0.263 	  -81.84 	 
0.077000000	 -0.260 	  -79.34 	 
0.079200000	 -0.257 	  -76.37 	 
0.081400000	 -0.254 	  -72.90 	 
0.083600000	 -0.249 	  -69.15 	 
0.085800000	 -0.244 	  -65.25 	 
0.088000000	 -0.238 	  -61.21 	 
0.090200000	 -0.232 	  -57.27 	 
0.092399999	 -0.224 	  -53.33 	 
0.094599999	 -0.218 	  -49.76 	 
0.096799999	 -0.210 	  -46.48 	 
0.098999999	 -0.205 	  -43.63 	 
0.101199999	 -0.198 	  -41.28 	 
0.103399999	 -0.194 	  -39.50 	 
0.105599999	 -0.190 	  -38.32 	 
0.107799999	 -0.187 	  -37.75 	 
0.109999999	 -0.186 	  -37.86 	 
0.112199999	 -0.186 	  -38.52 	 
0.114399999	 -0.186 	  -39.79 	 
0.116599999	 -0.189 	  -41.69 	 
0.118799999	 -0.192 	  -44.32 	 
0.120999999	 -0.196 	  -47.28 	 
0.123199999	 -0.201 	  -50.68 	 
0.125399999	 -0.207 	  -54.43 	 
0.127599999	 -0.212 	  -58.33 	 
0.129799999	 -0.219 	  -62.32 	 
0.131999999	 -0.226 	  -66.26 	 
0.134199999	 -0.233 	  -70.17 	 
0.136399999	 -0.239 	  -73.62 	 
0.138599999	 -0.246 	  -76.83 	 
0.140799999	 -0.252 	  -79.66 	 
0.142999999	 -0.256 	  -81.99 	 
0.145199999	 -0.259 	  -83.73 	 
0.147399999	 -0.262 	  -84.94 	 
0.149599999	 -0.264 	  -85.40 	 
0.151799999	 -0.265 	  -85.35 	 
0.153999999	 -0.265 	  -84.73 	 
0.156199999	 -0.264 	  -83.46 	 
0.158399999	 -0.263 	  -81.59 	 
0.160599999	 -0.259 	  -78.99 	 
0.162799999	 -0.257 	  -75.92 	 
0.164999999	 -0.253 	  -72.48 	 
0.167199999	 -0.248 	  -68.78 	 
0.169399999	 -0.243 	  -64.79 	 
0.171599999	 -0.237 	  -60.74 	 
0.173799999	 -0.231 	  -56.82 	 
0.175999999	 -0.223 	  -52.92 	 
0.178199999	 -0.217 	  -49.33 	 
0.180399999	 -0.210 	  -46.12 	 
0.182599999	 -0.204 	  -43.31 	 
0.184799999	 -0.198 	  -41.01 	 
0.186999999	 -0.193 	  -39.39 	 
0.189199999	 -0.190 	  -38.23 	 
0.191399999	 -0.187 	  -37.73 	 
0.193599999	 -0.186 	  -37.97 	 
0.195799999	 -0.186 	  -38.65 	 
0.197999999	 -0.187 	  -39.98 	 
0.200199999	 -0.189 	  -42.02 	 
0.202399999	 -0.192 	  -44.57 	 
0.204599999	 -0.196 	  -47.68 	 
0.206799999	 -0.202 	  -51.18 	 
0.208999999	 -0.207 	  -54.88 	 
0.211199999	 -0.213 	  -58.81 	 
0.213399999	 -0.221 	  -62.90 	 
0.215599999	 -0.227 	  -66.80 	 
0.217799999	 -0.233 	  -70.53 	 
0.219999999	 -0.240 	  -74.08 	 
0.222199999	 -0.246 	  -77.23 	 
0.224399999	 -0.251 	  -79.94 	 
0.226599999	 -0.256 	  -82.27 	 
0.228799999	 -0.260 	  -83.92 	 
0.230999999	 -0.262 	  -84.97 	 
0.233199999	 -0.264 	  -85.49 	 
0.235399999	 -0.265 	  -85.35 	 
0.237599999	 -0.264 	  -84.63 	 
0.239799999	 -0.264 	  -83.27 	 
0.241999999	 -0.262 	  -81.30 	 
0.244199999	 -0.260 	  -78.77 	 
0.246399999	 -0.256 	  -75.57 	 
0.248599999	 -0.252 	  -72.06 	 
0.250799999	 -0.248 	  -68.24 	 
0.252999999	 -0.242 	  -64.34 	 
0.255199999	 -0.236 	  -60.23 	 
0.257399999	 -0.230 	  -56.26 	 
0.259599999	 -0.224 	  -52.52 	 
0.261799999	 -0.216 	  -48.94 	 
0.263999999	 -0.209 	  -45.73 	 
0.266199999	 -0.202 	  -43.05 	 
0.268399999	 -0.197 	  -40.80 	 
0.270599999	 -0.193 	  -39.18 	 
0.272799999	 -0.189 	  -38.15 	 
0.274999999	 -0.186 	  -37.77 	 
0.277199998	 -0.185 	  -37.99 	 
0.279399998	 -0.186 	  -38.77 	 
0.281599998	 -0.187 	  -40.25 	 
0.283799998	 -0.189 	  -42.25 	 
0.285999998	 -0.193 	  -44.97 	 
0.288199998	 -0.196 	  -48.07 	 
0.290399998	 -0.201 	  -51.69 	 
0.292599998	 -0.207 	  -55.36 	 
0.294799998	 -0.214 	  -59.30 	 
0.296999998	 -0.221 	  -63.28 	 
0.299199998	 -0.228 	  -67.29 	 
0.301399998	 -0.234 	  -70.99 	 
0.303599998	 -0.242 	  -74.44 	 
0.305799998	 -0.247 	  -77.63 	 
0.307999998	 -0.253 	  -80.27 	 
0.310199998	 -0.256 	  -82.46 	 
0.312399998	 -0.260 	  -84.11 	 
0.314599998	 -0.263 	  -85.11 	 
0.316799998	 -0.264 	  -85.50 	 
0.318999998	 -0.265 	  -85.27 	 
0.321199998	 -0.265 	  -84.51 	 
0.323399998	 -0.264 	  -83.05 	 
0.325599998	 -0.263 	  -81.01 	 
0.327799998	 -0.259 	  -78.37 	 
0.329999998	 -0.256 	  -75.28 	 
0.332199998	 -0.252 	  -71.62 	 
0.334399998	 -0.247 	  -67.82 	 
0.336599998	 -0.242 	  -63.81 	 
0.338799998	 -0.236 	  -59.77 	 
0.340999998	 -0.229 	  -55.82 	 
0.343199998	 -0.222 	  -51.99 	 
0.345399998	 -0.215 	  -48.53 	 
0.347599998	 -0.209 	  -45.36 	 
0.349799998	 -0.203 	  -42.73 	 
0.351999998	 -0.196 	  -40.58 	 
0.354199998	 -0.193 	  -39.00 	 
0.356399998	 -0.189 	  -38.06 	 
0.358599998	 -0.187 	  -37.74 	 
0.360799998	 -0.185 	  -38.05 	 
0.362999998	 -0.186 	  -38.91 	 
0.365199998	 -0.187 	  -40.42 	 
0.367399998	 -0.189 	  -42.58 	 
0.369599998	 -0.193 	  -45.28 	 
0.371799998	 -0.197 	  -48.49 	 
0.373999998	 -0.202 	  -52.04 	 
0.376199998	 -0.209 	  -55.86 	 
0.378399998	 -0.215 	  -59.81 	 
0.380599998	 -0.222 	  -63.78 	 
0.382799998	 -0.229 	  -67.65 	 
0.384999998	 -0.236 	  -71.43 	 
0.387199998	 -0.242 	  -74.83 	 
0.389399998	 -0.248 	  -77.96 	 
0.391599998	 -0.253 	  -80.58 	 
0.393799998	 -0.258 	  -82.70 	 
0.395999998	 -0.260 	  -84.25 	 
0.398199998	 -0.263 	  -85.17 	 
0.400399998	 -0.265 	  -85.51 	 
0.402599998	 -0.265 	  -85.22 	 
0.404799998	 -0.265 	  -84.38 	 
0.406999998	 -0.264 	  -82.86 	 
0.409199998	 -0.261 	  -80.66 	 
0.411399998	 -0.259 	  -77.96 	 
0.413599998	 -0.256 	  -74.81 	 
0.415799998	 -0.252 	  -71.20 	 
0.417999998	 -0.246 	  -67.34 	 
0.420199998	 -0.242 	  -63.32 	 
0.422399998	 -0.235 	  -59.28 	 
0.424599998	 -0.229 	  -55.36 	 
0.426799998	 -0.222 	  -51.58 	 
0.428999998	 -0.214 	  -48.11 	 
0.431199998	 -0.208 	  -45.04 	 
0.433399998	 -0.202 	  -42.44 	 
0.435599998	 -0.196 	  -40.31 	 
0.437799998	 -0.192 	  -38.87 	 
0.439999998	 -0.188 	  -37.97 	 
0.442199998	 -0.187 	  -37.68 	 
0.444399998	 -0.186 	  -38.10 	 
0.446599998	 -0.186 	  -39.01 	 
0.448799998	 -0.188 	  -40.69 	 
0.450999998	 -0.190 	  -42.83 	 
0.453199998	 -0.194 	  -45.69 	 
0.455399998	 -0.198 	  -48.97 	 
0.457599998	 -0.203 	  -52.44 	 
0.459799998	 -0.210 	  -56.28 	 
0.461999997	 -0.216 	  -60.25 	 
0.464199997	 -0.223 	  -64.30 	 
0.466399997	 -0.230 	  -68.11 	 
0.468599997	 -0.236 	  -71.81 	 
0.470799997	 -0.243 	  -75.26 	 
0.472999997	 -0.249 	  -78.33 	 
0.475199997	 -0.253 	  -80.85 	 
0.477399997	 -0.257 	  -82.88 	 
0.479599997	 -0.261 	  -84.39 	 
0.481799997	 -0.264 	  -85.24 	 
0.483999997	 -0.264 	  -85.46 	 
0.486199997	 -0.265 	  -85.13 	 
0.488399997	 -0.265 	  -84.20 	 
0.490599997	 -0.264 	  -82.59 	 
0.492799997	 -0.262 	  -80.41 	 
0.494999997	 -0.259 	  -77.69 	 
0.497199997	 -0.255 	  -74.30 	 
0.499399997	 -0.251 	  -70.71 	 
0.501599997	 -0.246 	  -66.79 	 
0.503799997	 -0.240 	  -62.84 	 
0.505999997	 -0.234 	  -58.76 	 
0.508199997	 -0.228 	  -54.82 	 
0.510399997	 -0.221 	  -51.12 	 
0.512599997	 -0.214 	  -47.73 	 
0.514799997	 -0.207 	  -44.70 	 
0.516999997	 -0.201 	  -42.12 	 
0.519199997	 -0.196 	  -40.09 	 
0.521399997	 -0.191 	  -38.69 	 
0.523599997	 -0.188 	  -37.85 	 
0.525799997	 -0.186 	  -37.70 	 
0.527999997	 -0.186 	  -38.18 	 
0.530199997	 -0.186 	  -39.14 	 
0.532399997	 -0.188 	  -40.94 	 
0.534599997	 -0.190 	  -43.10 	 
0.536799997	 -0.193 	  -45.99 	 
0.538999997	 -0.199 	  -49.28 	 
0.541199997	 -0.203 	  -52.98 	 
0.543399997	 -0.210 	  -56.75 	 
0.545599997	 -0.217 	  -60.73 	 
0.547799997	 -0.224 	  -64.66 	 
0.549999997	 -0.231 	  -68.59 	 
0.552199997	 -0.238 	  -72.33 	 
0.554399997	 -0.243 	  -75.63 	 
0.556599997	 -0.249 	  -78.60 	 
0.558799997	 -0.254 	  -81.13 	 
0.560999997	 -0.258 	  -83.09 	 
0.563199997	 -0.261 	  -84.47 	 
0.565399997	 -0.262 	  -85.30 	 
0.567599997	 -0.264 	  -85.45 	 
0.569799997	 -0.265 	  -85.04 	 
0.571999997	 -0.265 	  -84.05 	 
0.574199997	 -0.263 	  -82.39 	 
0.576399997	 -0.261 	  -80.09 	 
0.578599997	 -0.258 	  -77.20 	 
0.580799997	 -0.255 	  -73.90 	 
0.582999997	 -0.250 	  -70.23 	 
0.585199997	 -0.245 	  -66.35 	 
0.587399997	 -0.240 	  -62.29 	 
0.589599997	 -0.234 	  -58.26 	 
0.591799997	 -0.227 	  -54.44 	 
0.593999997	 -0.220 	  -50.67 	 
0.596199997	 -0.212 	  -47.29 	 
0.598399997	 -0.206 	  -44.36 	 
0.600599997	 -0.201 	  -41.87 	 
0.602799997	 -0.195 	  -39.87 	 
0.604999997	 -0.191 	  -38.53 	 
0.607199997	 -0.188 	  -37.81 	 
0.609399997	 -0.185 	  -37.77 	 
0.611599997	 -0.186 	  -38.23 	 
0.613799997	 -0.186 	  -39.35 	 
0.615999997	 -0.188 	  -41.16 	 
0.618199997	 -0.191 	  -43.44 	 
0.620399997	 -0.194 	  -46.36 	 
0.622599997	 -0.198 	  -49.68 	 
0.624799997	 -0.205 	  -53.40 	 
0.626999997	 -0.211 	  -57.19 	 
0.629199997	 -0.218 	  -61.23 	 
0.631399997	 -0.224 	  -65.23 	 
0.633599997	 -0.231 	  -69.04 	 
0.635799997	 -0.238 	  -72.70 	 
0.637999997	 -0.244 	  -76.01 	 
0.640199997	 -0.250 	  -78.95 	 
0.642399997	 -0.254 	  -81.38 	 
0.644599997	 -0.259 	  -83.31 	 
0.646799996	 -0.261 	  -84.61 	 
0.648999996	 -0.264 	  -85.35 	 
0.651199996	 -0.265 	  -85.46 	 
0.653399996	 -0.265 	  -84.96 	 
0.655599996	 -0.264 	  -83.85 	 
0.657799996	 -0.263 	  -82.10 	 
0.659999996	 -0.261 	  -79.76 	 
0.662199996	 -0.258 	  -76.82 	 
0.664399996	 -0.254 	  -73.49 	 
0.666599996	 -0.250 	  -69.73 	 
0.668799996	 -0.245 	  -65.86 	 
0.670999996	 -0.239 	  -61.85 	 
0.673199996	 -0.233 	  -57.83 	 
0.675399996	 -0.225 	  -53.90 	 
0.677599996	 -0.219 	  -50.26 	 
0.679799996	 -0.212 	  -46.95 	 
0.681999996	 -0.206 	  -43.97 	 
0.684199996	 -0.199 	  -41.58 	 
0.686399996	 -0.194 	  -39.68 	 
0.688599996	 -0.190 	  -38.41 	 
0.690799996	 -0.187 	  -37.80 	 
0.692999996	 -0.186 	  -37.75 	 
0.695199996	 -0.186 	  -38.30 	 
0.697399996	 -0.186 	  -39.51 	 
0.699599996	 -0.188 	  -41.36 	 
0.701799996	 -0.191 	  -43.77 	 
0.703999996	 -0.195 	  -46.76 	 
0.706199996	 -0.200 	  -50.15 	 
0.708399996	 -0.205 	  -53.81 	 
0.710599996	 -0.212 	  -57.75 	 
0.712799996	 -0.219 	  -61.74 	 
0.714999996	 -0.225 	  -65.65 	 
0.717199996	 -0.232 	  -69.49 	 
0.719399996	 -0.239 	  -73.14 	 
0.721599996	 -0.245 	  -76.38 	 
0.723799996	 -0.251 	  -79.26 	 
0.725999996	 -0.255 	  -81.64 	 
0.728199996	 -0.259 	  -83.51 	 
0.730399996	 -0.262 	  -84.74 	 
0.732599996	 -0.264 	  -85.41 	 
0.734799996	 -0.265 	  -85.41 	 
0.736999996	 -0.265 	  -84.85 	 
0.739199996	 -0.264 	  -83.71 	 
0.741399996	 -0.263 	  -81.82 	 
0.743599996	 -0.261 	  -79.43 	 
0.745799996	 -0.257 	  -76.45 	 
0.747999996	 -0.254 	  -73.05 	 
0.750199996	 -0.249 	  -69.31 	 
0.752399996	 -0.244 	  -65.38 	 
0.754599996	 -0.238 	  -61.36 	 
0.756799996	 -0.232 	  -57.34 	 
0.758999996	 -0.225 	  -53.44 	 
0.761199996	 -0.217 	  -49.83 	 
0.763399996	 -0.211 	  -46.56 	 
0.765599996	 -0.205 	  -43.69 	 
0.767799996	 -0.199 	  -41.31 	 
0.769999996	 -0.194 	  -39.52 	 
0.772199996	 -0.190 	  -38.34 	 
0.774399996	 -0.188 	  -37.73 	 
0.776599996	 -0.186 	  -37.82 	 
0.778799996	 -0.186 	  -38.46 	 
0.780999996	 -0.186 	  -39.69 	 
0.783199996	 -0.188 	  -41.59 	 
0.785399996	 -0.191 	  -44.11 	 
0.787599996	 -0.196 	  -47.18 	 
0.789799996	 -0.201 	  -50.57 	 
0.791999996	 -0.207 	  -54.33 	 
0.794199996	 -0.213 	  -58.20 	 
0.796399996	 -0.219 	  -62.18 	 
0.798599996	 -0.226 	  -66.17 	 
0.800799996	 -0.233 	  -69.94 	 
0.802999996	 -0.239 	  -73.51 	 
0.805199996	 -0.246 	  -76.78 	 
0.807399996	 -0.251 	  -79.59 	 
0.809599996	 -0.256 	  -81.88 	 
0.811799996	 -0.260 	  -83.70 	 
0.813999996	 -0.263 	  -84.86 	 
0.816199996	 -0.264 	  -85.43 	 
0.818399996	 -0.265 	  -85.38 	 
0.820599996	 -0.264 	  -84.74 	 
0.822799996	 -0.264 	  -83.51 	 
0.824999996	 -0.263 	  -81.60 	 
0.827199996	 -0.260 	  -79.10 	 
0.829399996	 -0.257 	  -76.05 	 
0.831599995	 -0.254 	  -72.62 	 
0.833799995	 -0.249 	  -68.82 	 
0.835999995	 -0.244 	  -64.85 	 
0.838199995	 -0.237 	  -60.86 	 
0.840399995	 -0.231 	  -56.89 	 
0.842599995	 -0.224 	  -52.99 	 
0.844799995	 -0.217 	  -49.39 	 
0.846999995	 -0.210 	  -46.19 	 
0.849199995	 -0.204 	  -43.34 	 
0.851399995	 -0.199 	  -41.08 	 
0.853599995	 -0.194 	  -39.33 	 
0.855799995	 -0.189 	  -38.18 	 
0.857999995	 -0.187 	  -37.71 	 
0.860199995	 -0.185 	  -37.88 	 
0.862399995	 -0.185 	  -38.53 	 
0.864599995	 -0.187 	  -39.91 	 
0.866799995	 -0.188 	  -41.89 	 
0.868999995	 -0.192 	  -44.46 	 
0.871199995	 -0.196 	  -47.52 	 
0.873399995	 -0.201 	  -51.03 	 
0.875599995	 -0.206 	  -54.78 	 
0.877799995	 -0.213 	  -58.72 	 
0.879999995	 -0.220 	  -62.67 	 
0.882199995	 -0.227 	  -66.66 	 
0.884399995	 -0.234 	  -70.45 	 
0.886599995	 -0.241 	  -73.95 	 
0.888799995	 -0.247 	  -77.11 	 
0.890999995	 -0.252 	  -79.91 	 
0.893199995	 -0.256 	  -82.26 	 
0.895399995	 -0.259 	  -83.88 	 
0.897599995	 -0.262 	  -84.99 	 
0.899799995	 -0.264 	  -85.48 	 
0.901999995	 -0.265 	  -85.35 	 
0.904199995	 -0.265 	  -84.63 	 
0.906399995	 -0.264 	  -83.30 	 
0.908599995	 -0.262 	  -81.29 	 
0.910799995	 -0.260 	  -78.77 	 
0.912999995	 -0.257 	  -75.68 	 
0.915199995	 -0.253 	  -72.17 	 
0.917399995	 -0.248 	  -68.37 	 
0.919599995	 -0.242 	  -64.46 	 
0.921799995	 -0.236 	  -60.34 	 
0.923999995	 -0.230 	  -56.40 	 
0.926199995	 -0.223 	  -52.54 	 
0.928399995	 -0.217 	  -49.05 	 
0.930599995	 -0.210 	  -45.84 	 
0.932799995	 -0.203 	  -43.05 	 
0.934999995	 -0.198 	  -40.82 	 
0.937199995	 -0.192 	  -39.13 	 
0.939399995	 -0.189 	  -38.13 	 
0.941599995	 -0.187 	  -37.68 	 
0.943799995	 -0.186 	  -37.88 	 
0.945999995	 -0.186 	  -38.67 	 
0.948199995	 -0.187 	  -40.16 	 
0.950399995	 -0.190 	  -42.26 	 
0.952599995	 -0.192 	  -44.74 	 
0.954799995	 -0.196 	  -47.94 	 
0.956999995	 -0.201 	  -51.44 	 
0.959199995	 -0.208 	  -55.27 	 
0.961399995	 -0.214 	  -59.08 	 
0.963599995	 -0.221 	  -63.17 	 
0.965799995	 -0.228 	  -67.10 	 
0.967999995	 -0.235 	  -70.86 	 
0.970199995	 -0.241 	  -74.39 	 
0.972399995	 -0.247 	  -77.52 	 
0.974599995	 -0.252 	  -80.24 	 
0.976799995	 -0.257 	  -82.41 	 
0.978999995	 -0.260 	  -84.12 	 
0.981199995	 -0.263 	  -85.05 	 
0.983399995	 -0.265 	  -85.51 	 
0.985599995	 -0.265 	  -85.28 	 
0.987799995	 -0.265 	  -84.54 	 
0.989999995	 -0.264 	  -83.14 	 
0.992199995	 -0.262 	  -81.11 	 
0.994399995	 -0.259 	  -78.51 	 
0.996599995	 -0.256 	  -75.20 	 
0.998799995	 -0.252 	  -71.72 	 
1.000999995	 -0.248 	  -67.82 	 
1.003199995	 -0.243 	  -63.91 	 
1.005399995	 -0.236 	  -59.83 	 
1.007599995	 -0.229 	  -55.87 	 
1.009799995	 -0.223 	  -52.14 	 
1.011999995	 -0.216 	  -48.60 	 
1.014199995	 -0.209 	  -45.42 	 
1.016399994	 -0.202 	  -42.74 	 
1.018599994	 -0.197 	  -40.60 	 
1.020799994	 -0.192 	  -38.93 	 
1.022999994	 -0.188 	  -38.04 	 
1.025199994	 -0.186 	  -37.65 	 
1.027399994	 -0.185 	  -37.94 	 
1.029599994	 -0.186 	  -38.83 	 
1.031799994	 -0.188 	  -40.36 	 
1.033999994	 -0.189 	  -42.49 	 
1.036199994	 -0.192 	  -45.20 	 
1.038399994	 -0.197 	  -48.34 	 
1.040599994	 -0.203 	  -51.86 	 
1.042799994	 -0.209 	  -55.74 	 
1.044999994	 -0.215 	  -59.64 	 
1.047199994	 -0.222 	  -63.65 	 
1.049399994	 -0.229 	  -67.58 	 
1.051599994	 -0.235 	  -71.32 	 
1.053799994	 -0.242 	  -74.77 	 
1.055999994	 -0.248 	  -77.87 	 
1.058199994	 -0.253 	  -80.53 	 
1.060399994	 -0.258 	  -82.62 	 
1.062599994	 -0.260 	  -84.22 	 
1.064799994	 -0.263 	  -85.17 	 
1.066999994	 -0.265 	  -85.52 	 
1.069199994	 -0.265 	  -85.26 	 
1.071399994	 -0.265 	  -84.39 	 
1.073599994	 -0.264 	  -82.89 	 
1.075799994	 -0.262 	  -80.77 	 
1.077999994	 -0.259 	  -78.18 	 
1.080199994	 -0.256 	  -74.83 	 
1.082399994	 -0.252 	  -71.26 	 
1.084599994	 -0.246 	  -67.38 	 
1.086799994	 -0.241 	  -63.47 	 
1.088999994	 -0.235 	  -59.35 	 
1.091199994	 -0.229 	  -55.43 	 
1.093399994	 -0.222 	  -51.67 	 
1.095599994	 -0.215 	  -48.18 	 
1.097799994	 -0.208 	  -45.12 	 
1.099999994	 -0.202 	  -42.44 	 
1.102199994	 -0.197 	  -40.37 	 
1.104399994	 -0.192 	  -38.86 	 
1.106599994	 -0.188 	  -37.95 	 
1.108799994	 -0.187 	  -37.69 	 
1.110999994	 -0.186 	  -38.08 	 
1.113199994	 -0.186 	  -39.00 	 
1.115399994	 -0.187 	  -40.51 	 
1.117599994	 -0.190 	  -42.75 	 
1.119799994	 -0.194 	  -45.53 	 
1.121999994	 -0.198 	  -48.77 	 
1.124199994	 -0.203 	  -52.34 	 
1.126399994	 -0.209 	  -56.18 	 
1.128599994	 -0.216 	  -60.16 	 
1.130799994	 -0.223 	  -64.15 	 
1.132999994	 -0.230 	  -67.98 	 
1.135199994	 -0.236 	  -71.73 	 
1.137399994	 -0.243 	  -75.18 	 
1.139599994	 -0.249 	  -78.18 	 
1.141799994	 -0.253 	  -80.77 	 
1.143999994	 -0.257 	  -82.85 	 
1.146199994	 -0.261 	  -84.34 	 
1.148399994	 -0.263 	  -85.22 	 
1.150599994	 -0.264 	  -85.48 	 
1.152799994	 -0.265 	  -85.13 	 
1.154999994	 -0.265 	  -84.21 	 
1.157199994	 -0.263 	  -82.65 	 
1.159399994	 -0.262 	  -80.44 	 
1.161599994	 -0.260 	  -77.69 	 
1.163799994	 -0.255 	  -74.47 	 
1.165999994	 -0.251 	  -70.82 	 
1.168199994	 -0.246 	  -66.88 	 
1.170399994	 -0.241 	  -62.92 	 
1.172599994	 -0.234 	  -58.94 	 
1.174799994	 -0.228 	  -54.96 	 
1.176999994	 -0.221 	  -51.21 	 
1.179199994	 -0.214 	  -47.83 	 
1.181399994	 -0.207 	  -44.75 	 
1.183599994	 -0.202 	  -42.21 	 
1.185799994	 -0.196 	  -40.20 	 
1.187999994	 -0.191 	  -38.71 	 
1.190199994	 -0.188 	  -37.95 	 
1.192399994	 -0.187 	  -37.72 	 
1.194599994	 -0.186 	  -38.16 	 
1.196799994	 -0.186 	  -39.14 	 
1.198999994	 -0.188 	  -40.79 	 
1.201199993	 -0.190 	  -43.11 	 
1.203399993	 -0.194 	  -45.94 	 
1.205599993	 -0.199 	  -49.18 	 
1.207799993	 -0.204 	  -52.80 	 
1.209999993	 -0.211 	  -56.68 	 
1.212199993	 -0.217 	  -60.64 	 
1.214399993	 -0.224 	  -64.59 	 
1.216599993	 -0.231 	  -68.49 	 
1.218799993	 -0.237 	  -72.13 	 
1.220999993	 -0.244 	  -75.52 	 
1.223199993	 -0.249 	  -78.53 	 
1.225399993	 -0.255 	  -81.07 	 
1.227599993	 -0.258 	  -83.02 	 
1.229799993	 -0.261 	  -84.50 	 
1.231999993	 -0.264 	  -85.27 	 
1.234199993	 -0.265 	  -85.49 	 
1.236399993	 -0.265 	  -85.06 	 
1.238599993	 -0.265 	  -84.06 	 
1.240799993	 -0.264 	  -82.41 	 
1.242999993	 -0.261 	  -80.13 	 
1.245199993	 -0.258 	  -77.33 	 
1.247399993	 -0.256 	  -74.01 	 
1.249599993	 -0.251 	  -70.43 	 
1.251799993	 -0.245 	  -66.45 	 
1.253999993	 -0.240 	  -62.38 	 
1.256199993	 -0.234 	  -58.44 	 
1.258399993	 -0.227 	  -54.54 	 
1.260599993	 -0.220 	  -50.81 	 
1.262799993	 -0.213 	  -47.41 	 
1.264999993	 -0.206 	  -44.42 	 
1.267199993	 -0.200 	  -41.92 	 
1.269399993	 -0.195 	  -39.98 	 
1.271599993	 -0.191 	  -38.54 	 
1.273799993	 -0.188 	  -37.87 	 
1.275999993	 -0.186 	  -37.75 	 
1.278199993	 -0.186 	  -38.24 	 
1.280399993	 -0.186 	  -39.37 	 
1.282599993	 -0.188 	  -41.12 	 
1.284799993	 -0.191 	  -43.36 	 
1.286999993	 -0.194 	  -46.24 	 
1.289199993	 -0.199 	  -49.65 	 
1.291399993	 -0.205 	  -53.25 	 
1.293599993	 -0.211 	  -57.14 	 
1.295799993	 -0.218 	  -61.10 	 
1.297999993	 -0.224 	  -65.12 	 
1.300199993	 -0.231 	  -68.93 	 
1.302399993	 -0.238 	  -72.59 	 
1.304599993	 -0.244 	  -75.93 	 
1.306799993	 -0.251 	  -78.82 	 
1.308999993	 -0.255 	  -81.36 	 
1.311199993	 -0.258 	  -83.25 	 
1.313399993	 -0.262 	  -84.62 	 
1.315599993	 -0.264 	  -85.33 	 
1.317799993	 -0.265 	  -85.47 	 
1.319999993	 -0.265 	  -84.98 	 
1.322199993	 -0.265 	  -83.93 	 
1.324399993	 -0.263 	  -82.18 	 
1.326599993	 -0.261 	  -79.82 	 
1.328799993	 -0.258 	  -76.94 	 
1.330999993	 -0.255 	  -73.62 	 
1.333199993	 -0.251 	  -69.85 	 
1.335399993	 -0.245 	  -65.95 	 
1.337599993	 -0.239 	  -61.94 	 
1.339799993	 -0.233 	  -57.91 	 
1.341999993	 -0.226 	  -54.04 	 
1.344199993	 -0.219 	  -50.33 	 
1.346399993	 -0.212 	  -47.01 	 
1.348599993	 -0.206 	  -44.13 	 
1.350799993	 -0.199 	  -41.65 	 
1.352999993	 -0.195 	  -39.76 	 
1.355199993	 -0.191 	  -38.46 	 
1.357399993	 -0.188 	  -37.81 	 
1.359599993	 -0.186 	  -37.71 	 
1.361799993	 -0.186 	  -38.32 	 
1.363999993	 -0.186 	  -39.44 	 
1.366199993	 -0.188 	  -41.28 	 
1.368399993	 -0.191 	  -43.70 	 
1.370599993	 -0.195 	  -46.66 	 
1.372799993	 -0.200 	  -50.06 	 
1.374999993	 -0.205 	  -53.70 	 
1.377199993	 -0.211 	  -57.64 	 
1.379399993	 -0.218 	  -61.47 	 
1.381599993	 -0.225 	  -65.58 	 
1.383799993	 -0.232 	  -69.39 	 
1.385999992	 -0.239 	  -73.04 	 
1.388199992	 -0.245 	  -76.27 	 
1.390399992	 -0.250 	  -79.21 	 
1.392599992	 -0.256 	  -81.58 	 
1.394799992	 -0.259 	  -83.44 	 
1.396999992	 -0.262 	  -84.76 	 
1.399199992	 -0.264 	  -85.37 	 
1.401399992	 -0.265 	  -85.43 	 
1.403599992	 -0.265 	  -84.84 	 
1.405799992	 -0.265 	  -83.71 	 
1.407999992	 -0.263 	  -81.95 	 
1.410199992	 -0.261 	  -79.53 	 
1.412399992	 -0.258 	  -76.65 	 
1.414599992	 -0.254 	  -73.14 	 
1.416799992	 -0.250 	  -69.46 	 
1.418999992	 -0.245 	  -65.46 	 
1.421199992	 -0.239 	  -61.50 	 
1.423399992	 -0.231 	  -57.43 	 
1.425599992	 -0.226 	  -53.55 	 
1.427799992	 -0.219 	  -49.97 	 
1.429999992	 -0.212 	  -46.66 	 
1.432199992	 -0.205 	  -43.77 	 
1.434399992	 -0.199 	  -41.37 	 
1.436599992	 -0.194 	  -39.57 	 
1.438799992	 -0.191 	  -38.32 	 
1.440999992	 -0.188 	  -37.74 	 
1.443199992	 -0.186 	  -37.80 	 
1.445399992	 -0.185 	  -38.45 	 
1.447599992	 -0.187 	  -39.71 	 
1.449799992	 -0.189 	  -41.55 	 
1.451999992	 -0.192 	  -44.08 	 
1.454199992	 -0.196 	  -46.99 	 
1.456399992	 -0.201 	  -50.50 	 
1.458599992	 -0.206 	  -54.21 	 
1.460799992	 -0.213 	  -58.10 	 
1.462999992	 -0.219 	  -62.05 	 
1.465199992	 -0.226 	  -66.04 	 
1.467399992	 -0.233 	  -69.81 	 
1.469599992	 -0.239 	  -73.51 	 
1.471799992	 -0.246 	  -76.71 	 
1.473999992	 -0.251 	  -79.52 	 
1.476199992	 -0.256 	  -81.86 	 
1.478399992	 -0.259 	  -83.62 	 
1.480599992	 -0.263 	  -84.90 	 
1.482799992	 -0.264 	  -85.45 	 
1.484999992	 -0.265 	  -85.39 	 
1.487199992	 -0.266 	  -84.80 	 
1.489399992	 -0.264 	  -83.59 	 
1.491599992	 -0.262 	  -81.69 	 
1.493799992	 -0.261 	  -79.21 	 
1.495999992	 -0.258 	  -76.23 	 
1.498199992	 -0.254 	  -72.70 	 
1.500399992	 -0.249 	  -69.00 	 
1.502599992	 -0.244 	  -65.01 	 
1.504799992	 -0.238 	  -61.04 	 
1.506999992	 -0.231 	  -56.98 	 
1.509199992	 -0.224 	  -53.20 	 
1.511399992	 -0.217 	  -49.54 	 
1.513599992	 -0.211 	  -46.28 	 
1.515799992	 -0.205 	  -43.49 	 
1.517999992	 -0.199 	  -41.11 	 
1.520199992	 -0.194 	  -39.41 	 
1.522399992	 -0.190 	  -38.28 	 
1.524599992	 -0.187 	  -37.78 	 
1.526799992	 -0.186 	  -37.86 	 
1.528999992	 -0.186 	  -38.60 	 
1.531199992	 -0.187 	  -39.85 	 
1.533399992	 -0.189 	  -41.92 	 
1.535599992	 -0.192 	  -44.39 	 
1.537799992	 -0.196 	  -47.43 	 
1.539999992	 -0.201 	  -50.93 	 
1.542199992	 -0.207 	  -54.67 	 
1.544399992	 -0.213 	  -58.68 	 
1.546599992	 -0.220 	  -62.54 	 
1.548799992	 -0.227 	  -66.57 	 
1.550999992	 -0.233 	  -70.34 	 
1.553199992	 -0.240 	  -73.84 	 
1.555399992	 -0.246 	  -77.10 	 
1.557599992	 -0.252 	  -79.84 	 
1.559799992	 -0.256 	  -82.12 	 
1.561999992	 -0.260 	  -83.85 	 
1.564199992	 -0.263 	  -85.02 	 
1.566399992	 -0.264 	  -85.47 	 
1.568599992	 -0.265 	  -85.40 	 
1.570799991	 -0.265 	  -84.72 	 
1.572999991	 -0.264 	  -83.38 	 
1.575199991	 -0.263 	  -81.42 	 
1.577399991	 -0.261 	  -78.86 	 
1.579599991	 -0.257 	  -75.79 	 
1.581799991	 -0.254 	  -72.34 	 
1.583999991	 -0.249 	  -68.56 	 
1.586199991	 -0.243 	  -64.49 	 
1.588399991	 -0.237 	  -60.51 	 
1.590599991	 -0.231 	  -56.56 	 
1.592799991	 -0.224 	  -52.69 	 
1.594999991	 -0.218 	  -49.13 	 
1.597199991	 -0.210 	  -45.96 	 
1.599399991	 -0.204 	  -43.15 	 
1.601599991	 -0.198 	  -40.91 	 
1.603799991	 -0.193 	  -39.25 	 
1.605999991	 -0.189 	  -38.17 	 
1.608199991	 -0.188 	  -37.76 	 
1.610399991	 -0.186 	  -37.91 	 
1.612599991	 -0.186 	  -38.71 	 
1.614799991	 -0.187 	  -40.05 	 
1.616999991	 -0.189 	  -42.13 	 
1.619199991	 -0.193 	  -44.83 	 
1.621399991	 -0.196 	  -47.87 	 
1.623599991	 -0.201 	  -51.36 	 
1.625799991	 -0.207 	  -55.13 	 
1.627999991	 -0.214 	  -59.06 	 
1.630199991	 -0.222 	  -63.06 	 
1.632399991	 -0.228 	  -67.03 	 
1.634599991	 -0.235 	  -70.79 	 
1.636799991	 -0.241 	  -74.30 	 
1.638999991	 -0.248 	  -77.39 	 
1.641199991	 -0.252 	  -80.17 	 
1.643399991	 -0.257 	  -82.33 	 
1.645599991	 -0.260 	  -84.01 	 
1.647799991	 -0.264 	  -85.11 	 
1.649999991	 -0.264 	  -85.50 	 
1.652199991	 -0.266 	  -85.31 	 
1.654399991	 -0.265 	  -84.56 	 
1.656599991	 -0.264 	  -83.19 	 
1.658799991	 -0.262 	  -81.13 	 
1.660999991	 -0.260 	  -78.58 	 
1.663199991	 -0.256 	  -75.37 	 
1.665399991	 -0.252 	  -71.81 	 
1.667599991	 -0.248 	  -68.05 	 
1.669799991	 -0.243 	  -64.08 	 
1.671999991	 -0.236 	  -59.97 	 
1.674199991	 -0.230 	  -56.03 	 
1.676399991	 -0.223 	  -52.26 	 
1.678599991	 -0.216 	  -48.69 	 
1.680799991	 -0.209 	  -45.55 	 
1.682999991	 -0.203 	  -42.87 	 
1.685199991	 -0.198 	  -40.68 	 
1.687399991	 -0.193 	  -39.08 	 
1.689599991	 -0.189 	  -38.05 	 
1.691799991	 -0.187 	  -37.71 	 
1.693999991	 -0.186 	  -38.00 	 
1.696199991	 -0.186 	  -38.79 	 
1.698399991	 -0.188 	  -40.27 	 
1.700599991	 -0.190 	  -42.44 	 
1.702799991	 -0.193 	  -45.10 	 
1.704999991	 -0.198 	  -48.27 	 
1.707199991	 -0.202 	  -51.81 	 
1.709399991	 -0.208 	  -55.63 	 
1.711599991	 -0.215 	  -59.51 	 
1.713799991	 -0.222 	  -63.49 	 
1.715999991	 -0.229 	  -67.49 	 
1.718199991	 -0.236 	  -71.18 	 
1.720399991	 -0.242 	  -74.71 	 
1.722599991	 -0.248 	  -77.77 	 
1.724799991	 -0.253 	  -80.43 	 
1.726999991	 -0.257 	  -82.63 	 
1.729199991	 -0.261 	  -84.16 	 
1.731399991	 -0.263 	  -85.14 	 
1.733599991	 -0.265 	  -85.50 	 
1.735799991	 -0.265 	  -85.28 	 
1.737999991	 -0.265 	  -84.43 	 
1.740199991	 -0.264 	  -82.94 	 
1.742399991	 -0.262 	  -80.83 	 
1.744599991	 -0.260 	  -78.18 	 
1.746799991	 -0.256 	  -75.00 	 
1.748999991	 -0.252 	  -71.44 	 
1.751199991	 -0.247 	  -67.55 	 
1.753399990	 -0.242 	  -63.51 	 
1.755599990	 -0.236 	  -59.55 	 
1.757799990	 -0.229 	  -55.58 	 
1.759999990	 -0.222 	  -51.82 	 
1.762199990	 -0.215 	  -48.28 	 
1.764399990	 -0.209 	  -45.22 	 
1.766599990	 -0.203 	  -42.57 	 
1.768799990	 -0.197 	  -40.43 	 
1.770999990	 -0.192 	  -38.91 	 
1.773199990	 -0.189 	  -37.95 	 
1.775399990	 -0.187 	  -37.73 	 
1.777599990	 -0.186 	  -38.05 	 
1.779799990	 -0.186 	  -38.93 	 
1.781999990	 -0.187 	  -40.49 	 
1.784199990	 -0.190 	  -42.75 	 
1.786399990	 -0.193 	  -45.47 	 
1.788599990	 -0.198 	  -48.78 	 
1.790799990	 -0.203 	  -52.21 	 
1.792999990	 -0.209 	  -56.08 	 
1.795199990	 -0.216 	  -59.99 	 
1.797399990	 -0.223 	  -64.09 	 
1.799599990	 -0.229 	  -67.92 	 
1.801799990	 -0.237 	  -71.62 	 
1.803999990	 -0.243 	  -75.06 	 
1.806199990	 -0.249 	  -78.13 	 
1.808399990	 -0.254 	  -80.73 	 
1.810599990	 -0.258 	  -82.82 	 
1.812799990	 -0.262 	  -84.27 	 
1.814999990	 -0.263 	  -85.24 	 
1.817199990	 -0.264 	  -85.46 	 
1.819399990	 -0.266 	  -85.19 	 
1.821599990	 -0.265 	  -84.28 	 
1.823799990	 -0.264 	  -82.74 	 
1.825999990	 -0.262 	  -80.56 	 
1.828199990	 -0.259 	  -77.85 	 
1.830399990	 -0.256 	  -74.59 	 
1.832599990	 -0.252 	  -70.90 	 
1.834799990	 -0.247 	  -67.04 	 
1.836999990	 -0.241 	  -63.07 	 
1.839199990	 -0.235 	  -59.06 	 
1.841399990	 -0.228 	  -55.07 	 
1.843599990	 -0.222 	  -51.36 	 
1.845799990	 -0.215 	  -47.92 	 
1.847999990	 -0.208 	  -44.87 	 
1.850199990	 -0.201 	  -42.24 	 
1.852399990	 -0.196 	  -40.24 	 
1.854599990	 -0.192 	  -38.78 	 
1.856799990	 -0.189 	  -37.88 	 
1.858999990	 -0.186 	  -37.77 	 
1.861199990	 -0.185 	  -38.12 	 
1.863399990	 -0.186 	  -39.09 	 
1.865599990	 -0.188 	  -40.79 	 
1.867799990	 -0.190 	  -43.12 	 
1.869999990	 -0.194 	  -45.81 	 
1.872199990	 -0.198 	  -49.08 	 
1.874399990	 -0.204 	  -52.72 	 
1.876599990	 -0.210 	  -56.50 	 
1.878799990	 -0.217 	  -60.48 	 
1.880999990	 -0.224 	  -64.50 	 
1.883199990	 -0.231 	  -68.47 	 
1.885399990	 -0.237 	  -72.03 	 
1.887599990	 -0.243 	  -75.45 	 
1.889799990	 -0.249 	  -78.44 	 
1.891999990	 -0.255 	  -81.01 	 
1.894199990	 -0.258 	  -83.09 	 
1.896399990	 -0.261 	  -84.44 	 
1.898599990	 -0.264 	  -85.26 	 
1.900799990	 -0.265 	  -85.51 	 
1.902999990	 -0.265 	  -85.16 	 
1.905199990	 -0.265 	  -84.14 	 
1.907399990	 -0.264 	  -82.49 	 
1.909599990	 -0.262 	  -80.22 	 
1.911799990	 -0.259 	  -77.48 	 
1.913999990	 -0.256 	  -74.18 	 
1.916199990	 -0.251 	  -70.42 	 
1.918399990	 -0.246 	  -66.61 	 
1.920599990	 -0.240 	  -62.60 	 
1.922799990	 -0.234 	  -58.60 	 
1.924999990	 -0.227 	  -54.62 	 
1.927199990	 -0.221 	  -50.96 	 
1.929399990	 -0.213 	  -47.54 	 
1.931599990	 -0.207 	  -44.51 	 
1.933799990	 -0.201 	  -42.02 	 
1.935999990	 -0.196 	  -40.02 	 
1.938199989	 -0.191 	  -38.60 	 
1.940399989	 -0.188 	  -37.86 	 
1.942599989	 -0.186 	  -37.73 	 
1.944799989	 -0.186 	  -38.18 	 
1.946999989	 -0.186 	  -39.36 	 
1.949199989	 -0.189 	  -41.08 	 
1.951399989	 -0.191 	  -43.31 	 
1.953599989	 -0.194 	  -46.20 	 
1.955799989	 -0.200 	  -49.52 	 
1.957999989	 -0.204 	  -53.14 	 
1.960199989	 -0.210 	  -57.03 	 
1.962399989	 -0.217 	  -60.96 	 
1.964599989	 -0.225 	  -64.99 	 
1.966799989	 -0.231 	  -68.84 	 
1.968999989	 -0.238 	  -72.48 	 
1.971199989	 -0.244 	  -75.86 	 
1.973399989	 -0.250 	  -78.79 	 
1.975599989	 -0.255 	  -81.24 	 
1.977799989	 -0.259 	  -83.20 	 
1.979999989	 -0.262 	  -84.57 	 
1.982199989	 -0.264 	  -85.35 	 
1.984399989	 -0.265 	  -85.45 	 
1.986599989	 -0.266 	  -85.02 	 
1.988799989	 -0.265 	  -83.95 	 
1.990999989	 -0.263 	  -82.26 	 
1.993199989	 -0.261 	  -80.00 	 
1.995399989	 -0.259 	  -77.02 	 
1.997599989	 -0.255 	  -73.64 	 
1.999799989	 -0.251 	  -69.99 	 
2.001999989	 -0.245 	  -66.12 	 
2.004199989	 -0.239 	  -62.03 	 
2.006399989	 -0.233 	  -58.08 	 
2.008599989	 -0.227 	  -54.16 	 
2.010799989	 -0.219 	  -50.46 	 
2.012999989	 -0.212 	  -47.10 	 
2.015199989	 -0.207 	  -44.18 	 
2.017399989	 -0.200 	  -41.67 	 
2.019599989	 -0.195 	  -39.78 	 
2.021799989	 -0.191 	  -38.47 	 
2.023999989	 -0.188 	  -37.77 	 
2.026199989	 -0.186 	  -37.76 	 
2.028399989	 -0.186 	  -38.32 	 
2.030599989	 -0.186 	  -39.39 	 
2.032799989	 -0.188 	  -41.20 	 
2.034999989	 -0.192 	  -43.65 	 
2.037199989	 -0.195 	  -46.53 	 
2.039399989	 -0.201 	  -49.88 	 
2.041599989	 -0.206 	  -53.65 	 
2.043799989	 -0.212 	  -57.48 	 
2.045999989	 -0.218 	  -61.48 	 
2.048199989	 -0.226 	  -65.43 	 
2.050399989	 -0.232 	  -69.26 	 
2.052599989	 -0.239 	  -72.89 	 
2.054799989	 -0.245 	  -76.22 	 
2.056999989	 -0.250 	  -79.06 	 
2.059199989	 -0.255 	  -81.58 	 
2.061399989	 -0.259 	  -83.40 	 
2.063599989	 -0.262 	  -84.68 	 
2.065799989	 -0.264 	  -85.37 	 
2.067999989	 -0.265 	  -85.42 	 
2.070199989	 -0.265 	  -84.93 	 
2.072399989	 -0.265 	  -83.76 	 
2.074599989	 -0.264 	  -81.99 	 
2.076799989	 -0.261 	  -79.56 	 
2.078999989	 -0.258 	  -76.66 	 
2.081199989	 -0.254 	  -73.29 	 
2.083399989	 -0.249 	  -69.55 	 
2.085599989	 -0.245 	  -65.60 	 
2.087799989	 -0.239 	  -61.59 	 
2.089999989	 -0.233 	  -57.57 	 
2.092199989	 -0.225 	  -53.67 	 
2.094399989	 -0.219 	  -50.05 	 
2.096599989	 -0.212 	  -46.71 	 
2.098799989	 -0.205 	  -43.84 	 
2.100999989	 -0.199 	  -41.39 	 
2.103199989	 -0.195 	  -39.62 	 
2.105399989	 -0.191 	  -38.34 	 
2.107599989	 -0.188 	  -37.75 	 
2.109799989	 -0.187 	  -37.82 	 
2.111999989	 -0.186 	  -38.35 	 
2.114199989	 -0.187 	  -39.66 	 
2.116399989	 -0.189 	  -41.41 	 
2.118599989	 -0.192 	  -43.97 	 
2.120799989	 -0.195 	  -46.95 	 
2.122999988	 -0.200 	  -50.33 	 
2.125199988	 -0.207 	  -54.14 	 
2.127399988	 -0.213 	  -57.98 	 
2.129599988	 -0.220 	  -61.96 	 
2.131799988	 -0.226 	  -65.84 	 
2.133999988	 -0.233 	  -69.74 	 
2.136199988	 -0.240 	  -73.28 	 
2.138399988	 -0.246 	  -76.60 	 
2.140599988	 -0.251 	  -79.42 	 
2.142799988	 -0.256 	  -81.77 	 
2.144999988	 -0.259 	  -83.59 	 
2.147199988	 -0.263 	  -84.80 	 
2.149399988	 -0.264 	  -85.38 	 
2.151599988	 -0.265 	  -85.36 	 
2.153799988	 -0.266 	  -84.80 	 
2.155999988	 -0.265 	  -83.55 	 
2.158199988	 -0.263 	  -81.76 	 
2.160399988	 -0.261 	  -79.18 	 
2.162599988	 -0.257 	  -76.20 	 
2.164799988	 -0.254 	  -72.79 	 
2.166999988	 -0.250 	  -69.13 	 
2.169199988	 -0.244 	  -65.14 	 
2.171399988	 -0.239 	  -61.05 	 
2.173599988	 -0.232 	  -57.07 	 
2.175799988	 -0.225 	  -53.22 	 
2.177999988	 -0.218 	  -49.63 	 
2.180199988	 -0.211 	  -46.36 	 
2.182399988	 -0.205 	  -43.57 	 
2.184599988	 -0.199 	  -41.19 	 
2.186799988	 -0.194 	  -39.47 	 
2.188999988	 -0.190 	  -38.25 	 
2.191199988	 -0.187 	  -37.75 	 
2.193399988	 -0.186 	  -37.86 	 
2.195599988	 -0.186 	  -38.48 	 
2.197799988	 -0.187 	  -39.87 	 
2.199999988	 -0.189 	  -41.74 	 
2.202199988	 -0.192 	  -44.28 	 
2.204399988	 -0.197 	  -47.39 	 
2.206599988	 -0.201 	  -50.83 	 
2.208799988	 -0.207 	  -54.55 	 
2.210999988	 -0.214 	  -58.37 	 
2.213199988	 -0.220 	  -62.48 	 
2.215399988	 -0.227 	  -66.42 	 
2.217599988	 -0.234 	  -70.18 	 
2.219799988	 -0.240 	  -73.73 	 
2.221999988	 -0.246 	  -76.96 	 
2.224199988	 -0.252 	  -79.70 	 
2.226399988	 -0.256 	  -82.06 	 
2.228599988	 -0.260 	  -83.73 	 
2.230799988	 -0.263 	  -84.91 	 
2.232999988	 -0.264 	  -85.43 	 
2.235199988	 -0.265 	  -85.32 	 
2.237399988	 -0.265 	  -84.69 	 
2.239599988	 -0.264 	  -83.39 	 
2.241799988	 -0.263 	  -81.47 	 
2.243999988	 -0.261 	  -78.91 	 
2.246199988	 -0.257 	  -75.89 	 
2.248399988	 -0.254 	  -72.42 	 
2.250599988	 -0.249 	  -68.58 	 
