0.000000000	  0.360 	  -69.43 	 
0.002200000	  0.363 	  -65.56 	 
0.004400000	  0.365 	  -61.53 	 
0.006600000	  0.368 	  -57.49 	 
0.008800000	  0.370 	  -53.68 	 
0.011000000	  0.373 	  -50.06 	 
0.013200000	  0.376 	  -46.79 	 
0.015400000	  0.378 	  -43.86 	 
0.017600000	  0.381 	  -41.41 	 
0.019800000	  0.383 	  -39.59 	 
0.022000000	  0.384 	  -38.38 	 
0.024200000	  0.385 	  -37.75 	 
0.026400000	  0.385 	  -37.79 	 
0.028600000	  0.386 	  -38.38 	 
0.030800000	  0.386 	  -39.63 	 
0.033000000	  0.384 	  -41.51 	 
0.035200000	  0.382 	  -43.95 	 
0.037400000	  0.381 	  -46.93 	 
0.039600000	  0.379 	  -50.31 	 
0.041800000	  0.376 	  -54.03 	 
0.044000000	  0.374 	  -57.92 	 
0.046200000	  0.370 	  -61.88 	 
0.048400000	  0.368 	  -65.85 	 
0.050600000	  0.364 	  -69.66 	 
0.052800000	  0.361 	  -73.25 	 
0.055000000	  0.359 	  -76.54 	 
0.057200000	  0.356 	  -79.39 	 
0.059400000	  0.355 	  -81.73 	 
0.061600000	  0.353 	  -83.59 	 
0.063800000	  0.352 	  -84.84 	 
0.066000000	  0.351 	  -85.46 	 
0.068200000	  0.351 	  -85.41 	 
0.070400000	  0.351 	  -84.76 	 
0.072600000	  0.352 	  -83.50 	 
0.074800000	  0.353 	  -81.59 	 
0.077000000	  0.354 	  -79.08 	 
0.079200000	  0.355 	  -76.08 	 
0.081400000	  0.358 	  -72.70 	 
0.083600000	  0.359 	  -68.96 	 
0.085800000	  0.363 	  -65.04 	 
0.088000000	  0.365 	  -61.10 	 
0.090200000	  0.368 	  -57.08 	 
0.092399999	  0.371 	  -53.26 	 
0.094599999	  0.374 	  -49.63 	 
0.096799999	  0.377 	  -46.40 	 
0.098999999	  0.379 	  -43.56 	 
0.101199999	  0.381 	  -41.24 	 
0.103399999	  0.383 	  -39.46 	 
0.105599999	  0.385 	  -38.25 	 
0.107799999	  0.385 	  -37.73 	 
0.109999999	  0.385 	  -37.82 	 
0.112199999	  0.386 	  -38.54 	 
0.114399999	  0.385 	  -39.86 	 
0.116599999	  0.384 	  -41.82 	 
0.118799999	  0.382 	  -44.32 	 
0.120999999	  0.381 	  -47.35 	 
0.123199999	  0.378 	  -50.77 	 
0.125399999	  0.376 	  -54.48 	 
0.127599999	  0.373 	  -58.41 	 
0.129799999	  0.369 	  -62.38 	 
0.131999999	  0.367 	  -66.30 	 
0.134199999	  0.364 	  -70.16 	 
0.136399999	  0.361 	  -73.72 	 
0.138599999	  0.359 	  -76.89 	 
0.140799999	  0.357 	  -79.73 	 
0.142999999	  0.354 	  -82.03 	 
0.145199999	  0.353 	  -83.76 	 
0.147399999	  0.352 	  -84.95 	 
0.149599999	  0.351 	  -85.43 	 
0.151799999	  0.351 	  -85.32 	 
0.153999999	  0.351 	  -84.65 	 
0.156199999	  0.352 	  -83.29 	 
0.158399999	  0.353 	  -81.31 	 
0.160599999	  0.353 	  -78.76 	 
0.162799999	  0.356 	  -75.73 	 
0.164999999	  0.358 	  -72.30 	 
0.167199999	  0.360 	  -68.54 	 
0.169399999	  0.363 	  -64.57 	 
0.171599999	  0.365 	  -60.55 	 
0.173799999	  0.369 	  -56.61 	 
0.175999999	  0.371 	  -52.80 	 
0.178199999	  0.374 	  -49.23 	 
0.180399999	  0.377 	  -46.02 	 
0.182599999	  0.379 	  -43.23 	 
0.184799999	  0.382 	  -41.00 	 
0.186999999	  0.383 	  -39.28 	 
0.189199999	  0.384 	  -38.18 	 
0.191399999	  0.385 	  -37.73 	 
0.193599999	  0.386 	  -37.91 	 
0.195799999	  0.386 	  -38.69 	 
0.197999999	  0.385 	  -40.05 	 
0.200199999	  0.383 	  -42.11 	 
0.202399999	  0.382 	  -44.67 	 
0.204599999	  0.381 	  -47.74 	 
0.206799999	  0.378 	  -51.21 	 
0.208999999	  0.376 	  -54.98 	 
0.211199999	  0.372 	  -58.84 	 
0.213399999	  0.369 	  -62.81 	 
0.215599999	  0.366 	  -66.79 	 
0.217799999	  0.364 	  -70.58 	 
0.219999999	  0.360 	  -74.13 	 
0.222199999	  0.359 	  -77.33 	 
0.224399999	  0.356 	  -80.04 	 
0.226599999	  0.354 	  -82.27 	 
0.228799999	  0.353 	  -83.94 	 
0.230999999	  0.352 	  -85.00 	 
0.233199999	  0.351 	  -85.48 	 
0.235399999	  0.351 	  -85.32 	 
0.237599999	  0.351 	  -84.54 	 
0.239799999	  0.352 	  -83.13 	 
0.241999999	  0.353 	  -81.08 	 
0.244199999	  0.354 	  -78.43 	 
0.246399999	  0.356 	  -75.29 	 
0.248599999	  0.358 	  -71.80 	 
0.250799999	  0.360 	  -68.03 	 
0.252999999	  0.363 	  -64.09 	 
0.255199999	  0.366 	  -60.12 	 
0.257399999	  0.369 	  -56.19 	 
0.259599999	  0.372 	  -52.37 	 
0.261799999	  0.375 	  -48.83 	 
0.263999999	  0.377 	  -45.61 	 
0.266199999	  0.379 	  -42.94 	 
0.268399999	  0.382 	  -40.76 	 
0.270599999	  0.384 	  -39.08 	 
0.272799999	  0.384 	  -38.08 	 
0.274999999	  0.385 	  -37.68 	 
0.277199998	  0.385 	  -37.92 	 
0.279399998	  0.386 	  -38.76 	 
0.281599998	  0.384 	  -40.24 	 
0.283799998	  0.383 	  -42.33 	 
0.285999998	  0.382 	  -45.00 	 
0.288199998	  0.379 	  -48.19 	 
0.290399998	  0.377 	  -51.67 	 
0.292599998	  0.375 	  -55.46 	 
0.294799998	  0.372 	  -59.38 	 
0.296999998	  0.370 	  -63.34 	 
0.299199998	  0.366 	  -67.24 	 
0.301399998	  0.363 	  -71.03 	 
0.303599998	  0.361 	  -74.53 	 
0.305799998	  0.358 	  -77.65 	 
0.307999998	  0.355 	  -80.38 	 
0.310199998	  0.354 	  -82.54 	 
0.312399998	  0.352 	  -84.13 	 
0.314599998	  0.351 	  -85.14 	 
0.316799998	  0.351 	  -85.50 	 
0.318999998	  0.351 	  -85.22 	 
0.321199998	  0.351 	  -84.41 	 
0.323399998	  0.352 	  -82.93 	 
0.325599998	  0.353 	  -80.79 	 
0.327799998	  0.354 	  -78.10 	 
0.329999998	  0.355 	  -74.96 	 
0.332199998	  0.358 	  -71.38 	 
0.334399998	  0.361 	  -67.57 	 
0.336599998	  0.364 	  -63.61 	 
0.338799998	  0.366 	  -59.59 	 
0.340999998	  0.369 	  -55.65 	 
0.343199998	  0.372 	  -51.91 	 
0.345399998	  0.375 	  -48.44 	 
0.347599998	  0.377 	  -45.35 	 
0.349799998	  0.379 	  -42.69 	 
0.351999998	  0.382 	  -40.55 	 
0.354199998	  0.383 	  -38.95 	 
0.356399998	  0.384 	  -38.06 	 
0.358599998	  0.385 	  -37.69 	 
0.360799998	  0.386 	  -38.00 	 
0.362999998	  0.385 	  -38.86 	 
0.365199998	  0.385 	  -40.46 	 
0.367399998	  0.383 	  -42.64 	 
0.369599998	  0.382 	  -45.37 	 
0.371799998	  0.380 	  -48.57 	 
0.373999998	  0.377 	  -52.12 	 
0.376199998	  0.374 	  -55.99 	 
0.378399998	  0.372 	  -59.88 	 
0.380599998	  0.369 	  -63.89 	 
0.382799998	  0.366 	  -67.76 	 
0.384999998	  0.362 	  -71.47 	 
0.387199998	  0.359 	  -74.94 	 
0.389399998	  0.358 	  -78.03 	 
0.391599998	  0.355 	  -80.66 	 
0.393799998	  0.354 	  -82.76 	 
0.395999998	  0.353 	  -84.32 	 
0.398199998	  0.352 	  -85.19 	 
0.400399998	  0.351 	  -85.50 	 
0.402599998	  0.350 	  -85.18 	 
0.404799998	  0.351 	  -84.25 	 
0.406999998	  0.352 	  -82.72 	 
0.409199998	  0.353 	  -80.48 	 
0.411399998	  0.355 	  -77.76 	 
0.413599998	  0.356 	  -74.49 	 
0.415799998	  0.359 	  -70.95 	 
0.417999998	  0.361 	  -67.09 	 
0.420199998	  0.364 	  -63.17 	 
0.422399998	  0.367 	  -59.14 	 
0.424599998	  0.369 	  -55.17 	 
0.426799998	  0.372 	  -51.49 	 
0.428999998	  0.375 	  -48.07 	 
0.431199998	  0.377 	  -44.97 	 
0.433399998	  0.380 	  -42.34 	 
0.435599998	  0.382 	  -40.36 	 
0.437799998	  0.384 	  -38.87 	 
0.439999998	  0.384 	  -37.99 	 
0.442199998	  0.386 	  -37.75 	 
0.444399998	  0.386 	  -38.10 	 
0.446599998	  0.385 	  -39.06 	 
0.448799998	  0.384 	  -40.73 	 
0.450999998	  0.383 	  -42.97 	 
0.453199998	  0.382 	  -45.74 	 
0.455399998	  0.380 	  -49.01 	 
0.457599998	  0.377 	  -52.54 	 
0.459799998	  0.374 	  -56.40 	 
0.461999997	  0.371 	  -60.39 	 
0.464199997	  0.368 	  -64.28 	 
0.466399997	  0.365 	  -68.19 	 
0.468599997	  0.362 	  -71.91 	 
0.470799997	  0.359 	  -75.33 	 
0.472999997	  0.357 	  -78.37 	 
0.475199997	  0.355 	  -80.98 	 
0.477399997	  0.354 	  -82.96 	 
0.479599997	  0.352 	  -84.47 	 
0.481799997	  0.352 	  -85.27 	 
0.483999997	  0.351 	  -85.51 	 
0.486199997	  0.351 	  -85.11 	 
0.488399997	  0.352 	  -84.13 	 
0.490599997	  0.352 	  -82.46 	 
0.492799997	  0.353 	  -80.19 	 
0.494999997	  0.355 	  -77.39 	 
0.497199997	  0.356 	  -74.10 	 
0.499399997	  0.359 	  -70.49 	 
0.501599997	  0.361 	  -66.64 	 
0.503799997	  0.364 	  -62.67 	 
0.505999997	  0.367 	  -58.65 	 
0.508199997	  0.369 	  -54.79 	 
0.510399997	  0.373 	  -51.08 	 
0.512599997	  0.375 	  -47.64 	 
0.514799997	  0.377 	  -44.61 	 
0.516999997	  0.380 	  -42.07 	 
0.519199997	  0.382 	  -40.05 	 
0.521399997	  0.383 	  -38.68 	 
0.523599997	  0.385 	  -37.93 	 
0.525799997	  0.385 	  -37.73 	 
0.527999997	  0.385 	  -38.19 	 
0.530199997	  0.385 	  -39.25 	 
0.532399997	  0.384 	  -40.95 	 
0.534599997	  0.383 	  -43.27 	 
0.536799997	  0.381 	  -46.09 	 
0.538999997	  0.378 	  -49.44 	 
0.541199997	  0.377 	  -53.06 	 
0.543399997	  0.374 	  -56.91 	 
0.545599997	  0.371 	  -60.81 	 
0.547799997	  0.368 	  -64.81 	 
0.549999997	  0.365 	  -68.64 	 
0.552199997	  0.362 	  -72.35 	 
0.554399997	  0.360 	  -75.68 	 
0.556599997	  0.357 	  -78.68 	 
0.558799997	  0.355 	  -81.18 	 
0.560999997	  0.353 	  -83.18 	 
0.563199997	  0.352 	  -84.58 	 
0.565399997	  0.352 	  -85.33 	 
0.567599997	  0.351 	  -85.50 	 
0.569799997	  0.351 	  -85.00 	 
0.571999997	  0.351 	  -83.88 	 
0.574199997	  0.353 	  -82.20 	 
0.576399997	  0.354 	  -79.89 	 
0.578599997	  0.355 	  -76.98 	 
0.580799997	  0.357 	  -73.68 	 
0.582999997	  0.359 	  -70.00 	 
0.585199997	  0.361 	  -66.09 	 
0.587399997	  0.364 	  -62.20 	 
0.589599997	  0.367 	  -58.15 	 
0.591799997	  0.370 	  -54.24 	 
0.593999997	  0.373 	  -50.59 	 
0.596199997	  0.376 	  -47.25 	 
0.598399997	  0.378 	  -44.30 	 
0.600599997	  0.380 	  -41.81 	 
0.602799997	  0.382 	  -39.87 	 
0.604999997	  0.384 	  -38.54 	 
0.607199997	  0.385 	  -37.86 	 
0.609399997	  0.385 	  -37.75 	 
0.611599997	  0.386 	  -38.26 	 
0.613799997	  0.385 	  -39.39 	 
0.615999997	  0.384 	  -41.28 	 
0.618199997	  0.383 	  -43.56 	 
0.620399997	  0.380 	  -46.46 	 
0.622599997	  0.379 	  -49.77 	 
0.624799997	  0.376 	  -53.44 	 
0.626999997	  0.374 	  -57.36 	 
0.629199997	  0.370 	  -61.32 	 
0.631399997	  0.367 	  -65.27 	 
0.633599997	  0.364 	  -69.13 	 
0.635799997	  0.362 	  -72.77 	 
0.637999997	  0.359 	  -76.03 	 
0.640199997	  0.357 	  -78.99 	 
0.642399997	  0.355 	  -81.43 	 
0.644599997	  0.353 	  -83.34 	 
0.646799996	  0.352 	  -84.69 	 
0.648999996	  0.351 	  -85.39 	 
0.651199996	  0.351 	  -85.41 	 
0.653399996	  0.351 	  -84.85 	 
0.655599996	  0.351 	  -83.74 	 
0.657799996	  0.352 	  -81.90 	 
0.659999996	  0.354 	  -79.52 	 
0.662199996	  0.355 	  -76.58 	 
0.664399996	  0.357 	  -73.17 	 
0.666599996	  0.359 	  -69.54 	 
0.668799996	  0.362 	  -65.67 	 
0.670999996	  0.365 	  -61.68 	 
0.673199996	  0.367 	  -57.66 	 
0.675399996	  0.371 	  -53.88 	 
0.677599996	  0.374 	  -50.17 	 
0.679799996	  0.375 	  -46.89 	 
0.681999996	  0.379 	  -43.95 	 
0.684199996	  0.381 	  -41.51 	 
0.686399996	  0.383 	  -39.67 	 
0.688599996	  0.384 	  -38.47 	 
0.690799996	  0.385 	  -37.81 	 
0.692999996	  0.385 	  -37.77 	 
0.695199996	  0.385 	  -38.34 	 
0.697399996	  0.385 	  -39.57 	 
0.699599996	  0.384 	  -41.47 	 
0.701799996	  0.383 	  -43.94 	 
0.703999996	  0.381 	  -46.87 	 
0.706199996	  0.379 	  -50.24 	 
0.708399996	  0.376 	  -53.95 	 
0.710599996	  0.373 	  -57.80 	 
0.712799996	  0.370 	  -61.73 	 
0.714999996	  0.367 	  -65.71 	 
0.717199996	  0.365 	  -69.52 	 
0.719399996	  0.361 	  -73.18 	 
0.721599996	  0.359 	  -76.47 	 
0.723799996	  0.356 	  -79.34 	 
0.725999996	  0.354 	  -81.71 	 
0.728199996	  0.353 	  -83.58 	 
0.730399996	  0.352 	  -84.80 	 
0.732599996	  0.352 	  -85.40 	 
0.734799996	  0.351 	  -85.44 	 
0.736999996	  0.351 	  -84.81 	 
0.739199996	  0.352 	  -83.57 	 
0.741399996	  0.352 	  -81.71 	 
0.743599996	  0.353 	  -79.23 	 
0.745799996	  0.355 	  -76.20 	 
0.747999996	  0.357 	  -72.83 	 
0.750199996	  0.359 	  -69.08 	 
0.752399996	  0.363 	  -65.19 	 
0.754599996	  0.365 	  -61.22 	 
0.756799996	  0.368 	  -57.19 	 
0.758999996	  0.371 	  -53.39 	 
0.761199996	  0.373 	  -49.78 	 
0.763399996	  0.376 	  -46.54 	 
0.765599996	  0.378 	  -43.64 	 
0.767799996	  0.381 	  -41.32 	 
0.769999996	  0.382 	  -39.48 	 
0.772199996	  0.384 	  -38.32 	 
0.774399996	  0.385 	  -37.79 	 
0.776599996	  0.386 	  -37.90 	 
0.778799996	  0.386 	  -38.51 	 
0.780999996	  0.385 	  -39.85 	 
0.783199996	  0.384 	  -41.77 	 
0.785399996	  0.382 	  -44.24 	 
0.787599996	  0.380 	  -47.32 	 
0.789799996	  0.379 	  -50.72 	 
0.791999996	  0.376 	  -54.41 	 
0.794199996	  0.373 	  -58.31 	 
0.796399996	  0.370 	  -62.27 	 
0.798599996	  0.367 	  -66.22 	 
0.800799996	  0.364 	  -70.05 	 
0.802999996	  0.360 	  -73.65 	 
0.805199996	  0.359 	  -76.84 	 
0.807399996	  0.356 	  -79.70 	 
0.809599996	  0.354 	  -81.99 	 
0.811799996	  0.353 	  -83.75 	 
0.813999996	  0.352 	  -84.93 	 
0.816199996	  0.351 	  -85.49 	 
0.818399996	  0.351 	  -85.41 	 
0.820599996	  0.351 	  -84.76 	 
0.822799996	  0.352 	  -83.43 	 
0.824999996	  0.353 	  -81.45 	 
0.827199996	  0.354 	  -78.90 	 
0.829399996	  0.355 	  -75.84 	 
0.831599995	  0.357 	  -72.40 	 
0.833799995	  0.360 	  -68.67 	 
0.835999995	  0.363 	  -64.72 	 
0.838199995	  0.365 	  -60.71 	 
0.840399995	  0.368 	  -56.74 	 
0.842599995	  0.371 	  -52.94 	 
0.844799995	  0.374 	  -49.40 	 
0.846999995	  0.376 	  -46.18 	 
0.849199995	  0.379 	  -43.37 	 
0.851399995	  0.381 	  -41.02 	 
0.853599995	  0.383 	  -39.33 	 
0.855799995	  0.384 	  -38.23 	 
0.857999995	  0.385 	  -37.72 	 
0.860199995	  0.385 	  -37.88 	 
0.862399995	  0.386 	  -38.60 	 
0.864599995	  0.385 	  -40.03 	 
0.866799995	  0.383 	  -42.05 	 
0.868999995	  0.382 	  -44.63 	 
0.871199995	  0.381 	  -47.70 	 
0.873399995	  0.378 	  -51.14 	 
0.875599995	  0.375 	  -54.90 	 
0.877799995	  0.373 	  -58.77 	 
0.879999995	  0.369 	  -62.78 	 
0.882199995	  0.366 	  -66.73 	 
0.884399995	  0.364 	  -70.50 	 
0.886599995	  0.360 	  -74.06 	 
0.888799995	  0.358 	  -77.25 	 
0.890999995	  0.355 	  -79.98 	 
0.893199995	  0.354 	  -82.24 	 
0.895399995	  0.353 	  -83.95 	 
0.897599995	  0.352 	  -85.03 	 
0.899799995	  0.350 	  -85.51 	 
0.901999995	  0.351 	  -85.35 	 
0.904199995	  0.351 	  -84.56 	 
0.906399995	  0.352 	  -83.16 	 
0.908599995	  0.352 	  -81.15 	 
0.910799995	  0.354 	  -78.49 	 
0.912999995	  0.355 	  -75.49 	 
0.915199995	  0.358 	  -72.02 	 
0.917399995	  0.360 	  -68.15 	 
0.919599995	  0.363 	  -64.29 	 
0.921799995	  0.366 	  -60.23 	 
0.923999995	  0.369 	  -56.27 	 
0.926199995	  0.371 	  -52.45 	 
0.928399995	  0.374 	  -48.88 	 
0.930599995	  0.376 	  -45.79 	 
0.932799995	  0.379 	  -43.00 	 
0.934999995	  0.381 	  -40.79 	 
0.937199995	  0.383 	  -39.11 	 
0.939399995	  0.384 	  -38.13 	 
0.941599995	  0.386 	  -37.75 	 
0.943799995	  0.385 	  -37.95 	 
0.945999995	  0.385 	  -38.75 	 
0.948199995	  0.384 	  -40.20 	 
0.950399995	  0.384 	  -42.31 	 
0.952599995	  0.382 	  -44.96 	 
0.954799995	  0.380 	  -48.07 	 
0.956999995	  0.377 	  -51.53 	 
0.959199995	  0.375 	  -55.32 	 
0.961399995	  0.373 	  -59.24 	 
0.963599995	  0.369 	  -63.24 	 
0.965799995	  0.366 	  -67.14 	 
0.967999995	  0.362 	  -70.96 	 
0.970199995	  0.360 	  -74.46 	 
0.972399995	  0.358 	  -77.59 	 
0.974599995	  0.356 	  -80.29 	 
0.976799995	  0.354 	  -82.42 	 
0.978999995	  0.352 	  -84.08 	 
0.981199995	  0.351 	  -85.11 	 
0.983399995	  0.351 	  -85.52 	 
0.985599995	  0.352 	  -85.29 	 
0.987799995	  0.351 	  -84.48 	 
0.989999995	  0.352 	  -82.99 	 
0.992199995	  0.352 	  -80.85 	 
0.994399995	  0.353 	  -78.19 	 
0.996599995	  0.356 	  -74.99 	 
0.998799995	  0.358 	  -71.49 	 
1.000999995	  0.360 	  -67.72 	 
1.003199995	  0.363 	  -63.77 	 
1.005399995	  0.366 	  -59.76 	 
1.007599995	  0.369 	  -55.86 	 
1.009799995	  0.372 	  -52.05 	 
1.011999995	  0.374 	  -48.50 	 
1.014199995	  0.377 	  -45.37 	 
1.016399994	  0.379 	  -42.70 	 
1.018599994	  0.381 	  -40.51 	 
1.020799994	  0.383 	  -38.98 	 
1.022999994	  0.384 	  -38.00 	 
1.025199994	  0.386 	  -37.70 	 
1.027399994	  0.386 	  -38.01 	 
1.029599994	  0.385 	  -38.87 	 
1.031799994	  0.385 	  -40.36 	 
1.033999994	  0.383 	  -42.53 	 
1.036199994	  0.382 	  -45.25 	 
1.038399994	  0.380 	  -48.48 	 
1.040599994	  0.377 	  -52.01 	 
1.042799994	  0.375 	  -55.81 	 
1.044999994	  0.372 	  -59.71 	 
1.047199994	  0.369 	  -63.72 	 
1.049399994	  0.365 	  -67.63 	 
1.051599994	  0.363 	  -71.37 	 
1.053799994	  0.360 	  -74.87 	 
1.055999994	  0.357 	  -77.98 	 
1.058199994	  0.355 	  -80.56 	 
1.060399994	  0.354 	  -82.70 	 
1.062599994	  0.353 	  -84.21 	 
1.064799994	  0.352 	  -85.15 	 
1.066999994	  0.351 	  -85.50 	 
1.069199994	  0.351 	  -85.22 	 
1.071399994	  0.352 	  -84.32 	 
1.073599994	  0.352 	  -82.77 	 
1.075799994	  0.353 	  -80.59 	 
1.077999994	  0.354 	  -77.79 	 
1.080199994	  0.356 	  -74.58 	 
1.082399994	  0.358 	  -71.01 	 
1.084599994	  0.361 	  -67.18 	 
1.086799994	  0.364 	  -63.28 	 
1.088999994	  0.366 	  -59.29 	 
1.091199994	  0.370 	  -55.37 	 
1.093399994	  0.372 	  -51.60 	 
1.095599994	  0.375 	  -48.11 	 
1.097799994	  0.378 	  -45.00 	 
1.099999994	  0.380 	  -42.37 	 
1.102199994	  0.382 	  -40.29 	 
1.104399994	  0.383 	  -38.81 	 
1.106599994	  0.384 	  -37.99 	 
1.108799994	  0.385 	  -37.75 	 
1.110999994	  0.386 	  -38.08 	 
1.113199994	  0.386 	  -39.09 	 
1.115399994	  0.385 	  -40.68 	 
1.117599994	  0.383 	  -42.86 	 
1.119799994	  0.381 	  -45.63 	 
1.121999994	  0.379 	  -48.85 	 
1.124199994	  0.377 	  -52.41 	 
1.126399994	  0.375 	  -56.28 	 
1.128599994	  0.372 	  -60.24 	 
1.130799994	  0.368 	  -64.19 	 
1.132999994	  0.365 	  -68.10 	 
1.135199994	  0.363 	  -71.81 	 
1.137399994	  0.360 	  -75.20 	 
1.139599994	  0.357 	  -78.25 	 
1.141799994	  0.356 	  -80.81 	 
1.143999994	  0.353 	  -82.89 	 
1.146199994	  0.352 	  -84.39 	 
1.148399994	  0.351 	  -85.28 	 
1.150599994	  0.351 	  -85.47 	 
1.152799994	  0.351 	  -85.08 	 
1.154999994	  0.351 	  -84.14 	 
1.157199994	  0.351 	  -82.48 	 
1.159399994	  0.353 	  -80.25 	 
1.161599994	  0.354 	  -77.46 	 
1.163799994	  0.357 	  -74.16 	 
1.165999994	  0.359 	  -70.54 	 
1.168199994	  0.361 	  -66.74 	 
1.170399994	  0.364 	  -62.78 	 
1.172599994	  0.367 	  -58.79 	 
1.174799994	  0.369 	  -54.91 	 
1.176999994	  0.373 	  -51.12 	 
1.179199994	  0.375 	  -47.74 	 
1.181399994	  0.378 	  -44.67 	 
1.183599994	  0.380 	  -42.05 	 
1.185799994	  0.382 	  -40.10 	 
1.187999994	  0.383 	  -38.77 	 
1.190199994	  0.385 	  -37.92 	 
1.192399994	  0.385 	  -37.72 	 
1.194599994	  0.386 	  -38.14 	 
1.196799994	  0.384 	  -39.11 	 
1.198999994	  0.385 	  -40.85 	 
1.201199993	  0.382 	  -43.18 	 
1.203399993	  0.381 	  -46.04 	 
1.205599993	  0.379 	  -49.32 	 
1.207799993	  0.377 	  -52.92 	 
1.209999993	  0.374 	  -56.75 	 
1.212199993	  0.371 	  -60.69 	 
1.214399993	  0.367 	  -64.62 	 
1.216599993	  0.365 	  -68.52 	 
1.218799993	  0.362 	  -72.24 	 
1.220999993	  0.360 	  -75.64 	 
1.223199993	  0.356 	  -78.61 	 
1.225399993	  0.355 	  -81.11 	 
1.227599993	  0.353 	  -83.12 	 
1.229799993	  0.353 	  -84.51 	 
1.231999993	  0.351 	  -85.30 	 
1.234199993	  0.351 	  -85.46 	 
1.236399993	  0.351 	  -85.04 	 
1.238599993	  0.352 	  -83.97 	 
1.240799993	  0.352 	  -82.28 	 
1.242999993	  0.353 	  -79.98 	 
1.245199993	  0.355 	  -77.09 	 
1.247399993	  0.357 	  -73.82 	 
1.249599993	  0.359 	  -70.13 	 
1.251799993	  0.362 	  -66.28 	 
1.253999993	  0.364 	  -62.31 	 
1.256199993	  0.367 	  -58.31 	 
1.258399993	  0.370 	  -54.38 	 
1.260599993	  0.373 	  -50.69 	 
1.262799993	  0.375 	  -47.35 	 
1.264999993	  0.378 	  -44.38 	 
1.267199993	  0.380 	  -41.91 	 
1.269399993	  0.382 	  -39.89 	 
1.271599993	  0.384 	  -38.55 	 
1.273799993	  0.384 	  -37.84 	 
1.275999993	  0.385 	  -37.75 	 
1.278199993	  0.386 	  -38.27 	 
1.280399993	  0.385 	  -39.39 	 
1.282599993	  0.384 	  -41.15 	 
1.284799993	  0.383 	  -43.52 	 
1.286999993	  0.381 	  -46.45 	 
1.289199993	  0.379 	  -49.71 	 
1.291399993	  0.376 	  -53.35 	 
1.293599993	  0.374 	  -57.24 	 
1.295799993	  0.370 	  -61.21 	 
1.297999993	  0.367 	  -65.16 	 
1.300199993	  0.364 	  -68.97 	 
1.302399993	  0.362 	  -72.63 	 
1.304599993	  0.359 	  -75.94 	 
1.306799993	  0.357 	  -78.97 	 
1.308999993	  0.354 	  -81.49 	 
1.311199993	  0.353 	  -83.43 	 
1.313399993	  0.352 	  -84.73 	 
1.315599993	  0.351 	  -85.40 	 
1.317799993	  0.351 	  -85.42 	 
1.319999993	  0.351 	  -84.91 	 
1.322199993	  0.351 	  -83.78 	 
1.324399993	  0.352 	  -81.98 	 
1.326599993	  0.353 	  -79.65 	 
1.328799993	  0.354 	  -76.75 	 
1.330999993	  0.357 	  -73.36 	 
1.333199993	  0.360 	  -69.66 	 
1.335399993	  0.361 	  -65.78 	 
1.337599993	  0.364 	  -61.74 	 
1.339799993	  0.367 	  -57.76 	 
1.341999993	  0.370 	  -53.95 	 
1.344199993	  0.372 	  -50.33 	 
1.346399993	  0.375 	  -47.02 	 
1.348599993	  0.377 	  -44.06 	 
1.350799993	  0.380 	  -41.62 	 
1.352999993	  0.382 	  -39.69 	 
1.355199993	  0.384 	  -38.49 	 
1.357399993	  0.385 	  -37.77 	 
1.359599993	  0.385 	  -37.79 	 
1.361799993	  0.385 	  -38.33 	 
1.363999993	  0.385 	  -39.54 	 
1.366199993	  0.384 	  -41.41 	 
1.368399993	  0.382 	  -43.88 	 
1.370599993	  0.381 	  -46.82 	 
1.372799993	  0.379 	  -50.16 	 
1.374999993	  0.376 	  -53.85 	 
1.377199993	  0.373 	  -57.69 	 
1.379399993	  0.370 	  -61.66 	 
1.381599993	  0.367 	  -65.65 	 
1.383799993	  0.364 	  -69.43 	 
1.385999992	  0.361 	  -73.05 	 
1.388199992	  0.359 	  -76.36 	 
1.390399992	  0.356 	  -79.24 	 
1.392599992	  0.354 	  -81.67 	 
1.394799992	  0.353 	  -83.54 	 
1.396999992	  0.352 	  -84.78 	 
1.399199992	  0.351 	  -85.42 	 
1.401399992	  0.351 	  -85.44 	 
1.403599992	  0.350 	  -84.84 	 
1.405799992	  0.351 	  -83.59 	 
1.407999992	  0.352 	  -81.75 	 
1.410199992	  0.353 	  -79.28 	 
1.412399992	  0.355 	  -76.31 	 
1.414599992	  0.357 	  -72.93 	 
1.416799992	  0.359 	  -69.21 	 
1.418999992	  0.362 	  -65.32 	 
1.421199992	  0.365 	  -61.30 	 
1.423399992	  0.368 	  -57.30 	 
1.425599992	  0.371 	  -53.43 	 
1.427799992	  0.373 	  -49.89 	 
1.429999992	  0.376 	  -46.58 	 
1.432199992	  0.378 	  -43.70 	 
1.434399992	  0.381 	  -41.35 	 
1.436599992	  0.382 	  -39.52 	 
1.438799992	  0.384 	  -38.30 	 
1.440999992	  0.385 	  -37.74 	 
1.443199992	  0.385 	  -37.77 	 
1.445399992	  0.385 	  -38.45 	 
1.447599992	  0.385 	  -39.76 	 
1.449799992	  0.383 	  -41.69 	 
1.451999992	  0.382 	  -44.16 	 
1.454199992	  0.381 	  -47.16 	 
1.456399992	  0.379 	  -50.51 	 
1.458599992	  0.376 	  -54.23 	 
1.460799992	  0.372 	  -58.15 	 
1.462999992	  0.370 	  -62.15 	 
1.465199992	  0.366 	  -66.12 	 
1.467399992	  0.363 	  -69.94 	 
1.469599992	  0.361 	  -73.47 	 
1.471799992	  0.359 	  -76.74 	 
1.473999992	  0.356 	  -79.55 	 
1.476199992	  0.354 	  -81.88 	 
1.478399992	  0.353 	  -83.65 	 
1.480599992	  0.353 	  -84.85 	 
1.482799992	  0.352 	  -85.42 	 
1.484999992	  0.351 	  -85.33 	 
1.487199992	  0.351 	  -84.71 	 
1.489399992	  0.352 	  -83.37 	 
1.491599992	  0.353 	  -81.42 	 
1.493799992	  0.353 	  -78.93 	 
1.495999992	  0.356 	  -75.90 	 
1.498199992	  0.358 	  -72.55 	 
1.500399992	  0.360 	  -68.76 	 
1.502599992	  0.362 	  -64.80 	 
1.504799992	  0.365 	  -60.81 	 
1.506999992	  0.368 	  -56.88 	 
1.509199992	  0.371 	  -52.99 	 
1.511399992	  0.374 	  -49.41 	 
1.513599992	  0.377 	  -46.15 	 
1.515799992	  0.379 	  -43.38 	 
1.517999992	  0.381 	  -41.09 	 
1.520199992	  0.383 	  -39.36 	 
1.522399992	  0.384 	  -38.23 	 
1.524599992	  0.385 	  -37.68 	 
1.526799992	  0.385 	  -37.90 	 
1.528999992	  0.385 	  -38.60 	 
1.531199992	  0.385 	  -39.97 	 
1.533399992	  0.384 	  -41.97 	 
1.535599992	  0.382 	  -44.51 	 
1.537799992	  0.380 	  -47.55 	 
1.539999992	  0.377 	  -50.98 	 
1.542199992	  0.375 	  -54.73 	 
1.544399992	  0.373 	  -58.65 	 
1.546599992	  0.370 	  -62.68 	 
1.548799992	  0.366 	  -66.64 	 
1.550999992	  0.363 	  -70.43 	 
1.553199992	  0.360 	  -73.97 	 
1.555399992	  0.358 	  -77.17 	 
1.557599992	  0.356 	  -79.90 	 
1.559799992	  0.354 	  -82.16 	 
1.561999992	  0.352 	  -83.88 	 
1.564199992	  0.352 	  -85.00 	 
1.566399992	  0.351 	  -85.52 	 
1.568599992	  0.350 	  -85.36 	 
1.570799991	  0.351 	  -84.60 	 
1.572999991	  0.352 	  -83.22 	 
1.575199991	  0.352 	  -81.24 	 
1.577399991	  0.354 	  -78.63 	 
1.579599991	  0.356 	  -75.55 	 
1.581799991	  0.358 	  -72.03 	 
1.583999991	  0.361 	  -68.25 	 
1.586199991	  0.363 	  -64.37 	 
1.588399991	  0.365 	  -60.34 	 
1.590599991	  0.367 	  -56.36 	 
1.592799991	  0.371 	  -52.57 	 
1.594999991	  0.374 	  -49.09 	 
1.597199991	  0.377 	  -45.88 	 
1.599399991	  0.379 	  -43.15 	 
1.601599991	  0.381 	  -40.83 	 
1.603799991	  0.383 	  -39.17 	 
1.605999991	  0.384 	  -38.14 	 
1.608199991	  0.386 	  -37.70 	 
1.610399991	  0.386 	  -37.89 	 
1.612599991	  0.385 	  -38.71 	 
1.614799991	  0.384 	  -40.22 	 
1.616999991	  0.383 	  -42.26 	 
1.619199991	  0.382 	  -44.91 	 
1.621399991	  0.380 	  -47.96 	 
1.623599991	  0.378 	  -51.43 	 
1.625799991	  0.375 	  -55.21 	 
1.627999991	  0.372 	  -59.13 	 
1.630199991	  0.369 	  -63.12 	 
1.632399991	  0.366 	  -67.05 	 
1.634599991	  0.363 	  -70.89 	 
1.636799991	  0.360 	  -74.35 	 
1.638999991	  0.357 	  -77.54 	 
1.641199991	  0.355 	  -80.23 	 
1.643399991	  0.353 	  -82.40 	 
1.645599991	  0.353 	  -84.05 	 
1.647799991	  0.351 	  -85.16 	 
1.649999991	  0.351 	  -85.52 	 
1.652199991	  0.351 	  -85.31 	 
1.654399991	  0.351 	  -84.49 	 
1.656599991	  0.352 	  -83.00 	 
1.658799991	  0.352 	  -80.92 	 
1.660999991	  0.354 	  -78.31 	 
1.663199991	  0.356 	  -75.17 	 
1.665399991	  0.358 	  -71.62 	 
1.667599991	  0.360 	  -67.82 	 
1.669799991	  0.363 	  -63.88 	 
1.671999991	  0.366 	  -59.86 	 
1.674199991	  0.368 	  -55.96 	 
1.676399991	  0.371 	  -52.10 	 
1.678599991	  0.374 	  -48.61 	 
1.680799991	  0.377 	  -45.46 	 
1.682999991	  0.379 	  -42.80 	 
1.685199991	  0.381 	  -40.63 	 
1.687399991	  0.383 	  -39.04 	 
1.689599991	  0.385 	  -38.03 	 
1.691799991	  0.385 	  -37.70 	 
1.693999991	  0.385 	  -37.99 	 
1.696199991	  0.384 	  -38.84 	 
1.698399991	  0.384 	  -40.38 	 
1.700599991	  0.383 	  -42.53 	 
1.702799991	  0.382 	  -45.21 	 
1.704999991	  0.380 	  -48.33 	 
1.707199991	  0.377 	  -51.91 	 
1.709399991	  0.374 	  -55.68 	 
1.711599991	  0.372 	  -59.60 	 
1.713799991	  0.369 	  -63.59 	 
1.715999991	  0.366 	  -67.47 	 
1.718199991	  0.363 	  -71.23 	 
1.720399991	  0.360 	  -74.72 	 
1.722599991	  0.357 	  -77.85 	 
1.724799991	  0.355 	  -80.49 	 
1.726999991	  0.353 	  -82.65 	 
1.729199991	  0.353 	  -84.21 	 
1.731399991	  0.351 	  -85.18 	 
1.733599991	  0.351 	  -85.52 	 
1.735799991	  0.350 	  -85.24 	 
1.737999991	  0.351 	  -84.34 	 
1.740199991	  0.352 	  -82.79 	 
1.742399991	  0.353 	  -80.66 	 
1.744599991	  0.354 	  -77.91 	 
1.746799991	  0.356 	  -74.72 	 
1.748999991	  0.357 	  -71.18 	 
1.751199991	  0.360 	  -67.36 	 
1.753399990	  0.364 	  -63.39 	 
1.755599990	  0.366 	  -59.38 	 
1.757799990	  0.369 	  -55.41 	 
1.759999990	  0.372 	  -51.70 	 
1.762199990	  0.375 	  -48.27 	 
1.764399990	  0.377 	  -45.11 	 
1.766599990	  0.380 	  -42.53 	 
1.768799990	  0.381 	  -40.38 	 
1.770999990	  0.383 	  -38.87 	 
1.773199990	  0.384 	  -38.01 	 
1.775399990	  0.385 	  -37.70 	 
1.777599990	  0.385 	  -38.06 	 
1.779799990	  0.385 	  -39.01 	 
1.781999990	  0.384 	  -40.68 	 
1.784199990	  0.383 	  -42.82 	 
1.786399990	  0.381 	  -45.63 	 
1.788599990	  0.379 	  -48.79 	 
1.790799990	  0.377 	  -52.36 	 
1.792999990	  0.375 	  -56.18 	 
1.795199990	  0.372 	  -60.15 	 
1.797399990	  0.368 	  -64.09 	 
1.799599990	  0.366 	  -67.99 	 
1.801799990	  0.362 	  -71.71 	 
1.803999990	  0.359 	  -75.15 	 
1.806199990	  0.357 	  -78.25 	 
1.808399990	  0.355 	  -80.85 	 
1.810599990	  0.353 	  -82.88 	 
1.812799990	  0.352 	  -84.38 	 
1.814999990	  0.351 	  -85.29 	 
1.817199990	  0.351 	  -85.48 	 
1.819399990	  0.351 	  -85.14 	 
1.821599990	  0.352 	  -84.19 	 
1.823799990	  0.352 	  -82.56 	 
1.825999990	  0.353 	  -80.37 	 
1.828199990	  0.354 	  -77.57 	 
1.830399990	  0.355 	  -74.28 	 
1.832599990	  0.359 	  -70.69 	 
1.834799990	  0.361 	  -66.86 	 
1.836999990	  0.364 	  -62.84 	 
1.839199990	  0.367 	  -58.93 	 
1.841399990	  0.369 	  -54.95 	 
1.843599990	  0.371 	  -51.25 	 
1.845799990	  0.375 	  -47.83 	 
1.847999990	  0.377 	  -44.82 	 
1.850199990	  0.379 	  -42.23 	 
1.852399990	  0.382 	  -40.20 	 
1.854599990	  0.383 	  -38.78 	 
1.856799990	  0.384 	  -37.91 	 
1.858999990	  0.385 	  -37.73 	 
1.861199990	  0.385 	  -38.10 	 
1.863399990	  0.385 	  -39.16 	 
1.865599990	  0.384 	  -40.86 	 
1.867799990	  0.382 	  -43.18 	 
1.869999990	  0.381 	  -45.96 	 
1.872199990	  0.379 	  -49.22 	 
1.874399990	  0.377 	  -52.88 	 
1.876599990	  0.374 	  -56.62 	 
1.878799990	  0.371 	  -60.61 	 
1.880999990	  0.367 	  -64.59 	 
1.883199990	  0.365 	  -68.45 	 
1.885399990	  0.361 	  -72.16 	 
1.887599990	  0.359 	  -75.58 	 
1.889799990	  0.357 	  -78.56 	 
1.891999990	  0.355 	  -81.09 	 
1.894199990	  0.353 	  -83.11 	 
1.896399990	  0.352 	  -84.51 	 
1.898599990	  0.351 	  -85.34 	 
1.900799990	  0.351 	  -85.52 	 
1.902999990	  0.351 	  -85.08 	 
1.905199990	  0.352 	  -84.02 	 
1.907399990	  0.352 	  -82.35 	 
1.909599990	  0.353 	  -80.05 	 
1.911799990	  0.354 	  -77.21 	 
1.913999990	  0.357 	  -73.91 	 
1.916199990	  0.359 	  -70.24 	 
1.918399990	  0.361 	  -66.42 	 
1.920599990	  0.364 	  -62.46 	 
1.922799990	  0.366 	  -58.46 	 
1.924999990	  0.370 	  -54.53 	 
1.927199990	  0.373 	  -50.87 	 
1.929399990	  0.375 	  -47.43 	 
1.931599990	  0.378 	  -44.48 	 
1.933799990	  0.380 	  -42.01 	 
1.935999990	  0.382 	  -40.01 	 
1.938199989	  0.383 	  -38.64 	 
1.940399989	  0.385 	  -37.88 	 
1.942599989	  0.385 	  -37.77 	 
1.944799989	  0.385 	  -38.25 	 
1.946999989	  0.384 	  -39.35 	 
1.949199989	  0.384 	  -41.08 	 
1.951399989	  0.383 	  -43.47 	 
1.953599989	  0.380 	  -46.35 	 
1.955799989	  0.379 	  -49.67 	 
1.957999989	  0.376 	  -53.29 	 
1.960199989	  0.373 	  -57.16 	 
1.962399989	  0.370 	  -61.11 	 
1.964599989	  0.368 	  -64.97 	 
1.966799989	  0.365 	  -68.93 	 
1.968999989	  0.361 	  -72.55 	 
1.971199989	  0.359 	  -75.94 	 
1.973399989	  0.356 	  -78.92 	 
1.975599989	  0.355 	  -81.38 	 
1.977799989	  0.353 	  -83.28 	 
1.979999989	  0.352 	  -84.65 	 
1.982199989	  0.351 	  -85.36 	 
1.984399989	  0.351 	  -85.46 	 
1.986599989	  0.351 	  -84.99 	 
1.988799989	  0.352 	  -83.88 	 
1.990999989	  0.352 	  -82.12 	 
1.993199989	  0.353 	  -79.74 	 
1.995399989	  0.355 	  -76.81 	 
1.997599989	  0.357 	  -73.44 	 
1.999799989	  0.359 	  -69.80 	 
2.001999989	  0.362 	  -65.91 	 
2.004199989	  0.365 	  -61.93 	 
2.006399989	  0.367 	  -57.98 	 
2.008599989	  0.370 	  -54.11 	 
2.010799989	  0.373 	  -50.45 	 
2.012999989	  0.376 	  -47.07 	 
2.015199989	  0.378 	  -44.17 	 
2.017399989	  0.381 	  -41.69 	 
2.019599989	  0.382 	  -39.78 	 
2.021799989	  0.384 	  -38.52 	 
2.023999989	  0.386 	  -37.82 	 
2.026199989	  0.385 	  -37.82 	 
2.028399989	  0.385 	  -38.32 	 
2.030599989	  0.385 	  -39.50 	 
2.032799989	  0.383 	  -41.31 	 
2.034999989	  0.383 	  -43.72 	 
2.037199989	  0.381 	  -46.67 	 
2.039399989	  0.379 	  -50.04 	 
2.041599989	  0.376 	  -53.72 	 
2.043799989	  0.373 	  -57.60 	 
2.045999989	  0.370 	  -61.63 	 
2.048199989	  0.367 	  -65.56 	 
2.050399989	  0.364 	  -69.38 	 
2.052599989	  0.361 	  -72.97 	 
2.054799989	  0.358 	  -76.30 	 
2.056999989	  0.356 	  -79.14 	 
2.059199989	  0.354 	  -81.58 	 
2.061399989	  0.353 	  -83.44 	 
2.063599989	  0.352 	  -84.73 	 
2.065799989	  0.352 	  -85.41 	 
2.067999989	  0.350 	  -85.47 	 
2.070199989	  0.351 	  -84.85 	 
2.072399989	  0.351 	  -83.66 	 
2.074599989	  0.352 	  -81.82 	 
2.076799989	  0.353 	  -79.34 	 
2.078999989	  0.355 	  -76.39 	 
2.081199989	  0.357 	  -72.99 	 
2.083399989	  0.359 	  -69.28 	 
2.085599989	  0.362 	  -65.41 	 
2.087799989	  0.364 	  -61.45 	 
2.089999989	  0.368 	  -57.45 	 
2.092199989	  0.370 	  -53.55 	 
2.094399989	  0.373 	  -49.96 	 
2.096599989	  0.376 	  -46.62 	 
2.098799989	  0.378 	  -43.84 	 
2.100999989	  0.381 	  -41.39 	 
2.103199989	  0.383 	  -39.56 	 
2.105399989	  0.383 	  -38.36 	 
2.107599989	  0.385 	  -37.77 	 
2.109799989	  0.386 	  -37.79 	 
2.111999989	  0.386 	  -38.41 	 
2.114199989	  0.384 	  -39.76 	 
2.116399989	  0.383 	  -41.61 	 
2.118599989	  0.382 	  -44.13 	 
2.120799989	  0.380 	  -47.09 	 
2.122999988	  0.378 	  -50.46 	 
2.125199988	  0.376 	  -54.15 	 
2.127399988	  0.373 	  -58.05 	 
2.129599988	  0.370 	  -62.01 	 
2.131799988	  0.367 	  -65.95 	 
2.133999988	  0.364 	  -69.82 	 
2.136199988	  0.361 	  -73.36 	 
2.138399988	  0.359 	  -76.64 	 
2.140599988	  0.356 	  -79.48 	 
2.142799988	  0.354 	  -81.82 	 
2.144999988	  0.353 	  -83.61 	 
2.147199988	  0.352 	  -84.84 	 
2.149399988	  0.351 	  -85.39 	 
2.151599988	  0.351 	  -85.33 	 
2.153799988	  0.351 	  -84.70 	 
2.155999988	  0.352 	  -83.40 	 
2.158199988	  0.352 	  -81.53 	 
2.160399988	  0.354 	  -79.04 	 
2.162599988	  0.355 	  -76.02 	 
2.164799988	  0.357 	  -72.54 	 
2.166999988	  0.360 	  -68.80 	 
2.169199988	  0.362 	  -64.84 	 
2.171399988	  0.365 	  -60.84 	 
2.173599988	  0.368 	  -56.99 	 
2.175799988	  0.371 	  -53.13 	 
2.177999988	  0.374 	  -49.62 	 
2.180199988	  0.377 	  -46.30 	 
2.182399988	  0.379 	  -43.50 	 
2.184599988	  0.380 	  -41.10 	 
2.186799988	  0.383 	  -39.38 	 
2.188999988	  0.383 	  -38.20 	 
2.191199988	  0.384 	  -37.74 	 
2.193399988	  0.385 	  -37.87 	 
2.195599988	  0.384 	  -38.62 	 
2.197799988	  0.384 	  -39.94 	 
2.199999988	  0.383 	  -41.87 	 
2.202199988	  0.382 	  -44.39 	 
2.204399988	  0.381 	  -47.44 	 
2.206599988	  0.378 	  -50.90 	 
2.208799988	  0.376 	  -54.60 	 
2.210999988	  0.373 	  -58.52 	 
2.213199988	  0.370 	  -62.52 	 
2.215399988	  0.366 	  -66.46 	 
2.217599988	  0.364 	  -70.25 	 
2.219799988	  0.361 	  -73.84 	 
2.221999988	  0.357 	  -76.97 	 
2.224199988	  0.356 	  -79.78 	 
2.226399988	  0.354 	  -82.10 	 
2.228599988	  0.352 	  -83.84 	 
2.230799988	  0.352 	  -84.97 	 
2.232999988	  0.351 	  -85.44 	 
2.235199988	  0.351 	  -85.33 	 
2.237399988	  0.351 	  -84.62 	 
2.239599988	  0.352 	  -83.28 	 
2.241799988	  0.353 	  -81.31 	 
2.243999988	  0.353 	  -78.71 	 
2.246199988	  0.355 	  -75.69 	 
2.248399988	  0.357 	  -72.17 	 
2.250599988	  0.359 	  -68.36 	 
