0.000000000	 -0.564 	  -69.56 	 
0.002200000	 -0.561 	  -65.67 	 
0.004400000	 -0.557 	  -61.65 	 
0.006600000	 -0.553 	  -57.63 	 
0.008800000	 -0.548 	  -53.79 	 
0.011000000	 -0.544 	  -50.13 	 
0.013200000	 -0.541 	  -46.78 	 
0.015400000	 -0.536 	  -43.89 	 
0.017600000	 -0.533 	  -41.50 	 
0.019800000	 -0.529 	  -39.62 	 
0.022000000	 -0.527 	  -38.40 	 
0.024200000	 -0.526 	  -37.79 	 
0.026400000	 -0.525 	  -37.79 	 
0.028600000	 -0.525 	  -38.42 	 
0.030800000	 -0.526 	  -39.64 	 
0.033000000	 -0.527 	  -41.52 	 
0.035200000	 -0.528 	  -43.95 	 
0.037400000	 -0.530 	  -46.96 	 
0.039600000	 -0.534 	  -50.30 	 
0.041800000	 -0.537 	  -54.06 	 
0.044000000	 -0.542 	  -57.94 	 
0.046200000	 -0.546 	  -61.90 	 
0.048400000	 -0.550 	  -65.88 	 
0.050600000	 -0.555 	  -69.68 	 
0.052800000	 -0.560 	  -73.29 	 
0.055000000	 -0.563 	  -76.55 	 
0.057200000	 -0.566 	  -79.41 	 
0.059400000	 -0.568 	  -81.70 	 
0.061600000	 -0.571 	  -83.56 	 
0.063800000	 -0.573 	  -84.79 	 
0.066000000	 -0.573 	  -85.37 	 
0.068200000	 -0.573 	  -85.41 	 
0.070400000	 -0.575 	  -84.82 	 
0.072600000	 -0.573 	  -83.62 	 
0.074800000	 -0.573 	  -81.80 	 
0.077000000	 -0.571 	  -79.33 	 
0.079200000	 -0.570 	  -76.29 	 
0.081400000	 -0.567 	  -72.89 	 
0.083600000	 -0.564 	  -69.13 	 
0.085800000	 -0.561 	  -65.19 	 
0.088000000	 -0.556 	  -61.17 	 
0.090200000	 -0.553 	  -57.22 	 
0.092399999	 -0.549 	  -53.29 	 
0.094599999	 -0.545 	  -49.68 	 
0.096799999	 -0.540 	  -46.42 	 
0.098999999	 -0.536 	  -43.52 	 
0.101199999	 -0.532 	  -41.22 	 
0.103399999	 -0.529 	  -39.44 	 
0.105599999	 -0.527 	  -38.27 	 
0.107799999	 -0.525 	  -37.75 	 
0.109999999	 -0.525 	  -37.84 	 
0.112199999	 -0.524 	  -38.50 	 
0.114399999	 -0.526 	  -39.83 	 
0.116599999	 -0.527 	  -41.81 	 
0.118799999	 -0.529 	  -44.28 	 
0.120999999	 -0.531 	  -47.36 	 
0.123199999	 -0.535 	  -50.72 	 
0.125399999	 -0.538 	  -54.47 	 
0.127599999	 -0.542 	  -58.41 	 
0.129799999	 -0.547 	  -62.42 	 
0.131999999	 -0.551 	  -66.33 	 
0.134199999	 -0.555 	  -70.13 	 
0.136399999	 -0.560 	  -73.72 	 
0.138599999	 -0.563 	  -76.87 	 
0.140799999	 -0.566 	  -79.69 	 
0.142999999	 -0.569 	  -81.99 	 
0.145199999	 -0.571 	  -83.75 	 
0.147399999	 -0.573 	  -84.95 	 
0.149599999	 -0.573 	  -85.48 	 
0.151799999	 -0.575 	  -85.39 	 
0.153999999	 -0.574 	  -84.76 	 
0.156199999	 -0.574 	  -83.48 	 
0.158399999	 -0.572 	  -81.51 	 
0.160599999	 -0.572 	  -79.00 	 
0.162799999	 -0.569 	  -75.92 	 
0.164999999	 -0.567 	  -72.43 	 
0.167199999	 -0.564 	  -68.66 	 
0.169399999	 -0.560 	  -64.72 	 
0.171599999	 -0.556 	  -60.67 	 
0.173799999	 -0.552 	  -56.67 	 
0.175999999	 -0.548 	  -52.87 	 
0.178199999	 -0.543 	  -49.24 	 
0.180399999	 -0.539 	  -46.02 	 
0.182599999	 -0.535 	  -43.23 	 
0.184799999	 -0.531 	  -40.97 	 
0.186999999	 -0.529 	  -39.25 	 
0.189199999	 -0.527 	  -38.16 	 
0.191399999	 -0.525 	  -37.69 	 
0.193599999	 -0.525 	  -37.85 	 
0.195799999	 -0.525 	  -38.63 	 
0.197999999	 -0.526 	  -39.99 	 
0.200199999	 -0.527 	  -42.00 	 
0.202399999	 -0.529 	  -44.64 	 
0.204599999	 -0.531 	  -47.73 	 
0.206799999	 -0.535 	  -51.16 	 
0.208999999	 -0.539 	  -54.95 	 
0.211199999	 -0.542 	  -58.89 	 
0.213399999	 -0.546 	  -62.85 	 
0.215599999	 -0.552 	  -66.83 	 
0.217799999	 -0.555 	  -70.55 	 
0.219999999	 -0.559 	  -74.12 	 
0.222199999	 -0.564 	  -77.27 	 
0.224399999	 -0.566 	  -80.03 	 
0.226599999	 -0.570 	  -82.27 	 
0.228799999	 -0.572 	  -83.97 	 
0.230999999	 -0.573 	  -85.00 	 
0.233199999	 -0.574 	  -85.50 	 
0.235399999	 -0.574 	  -85.37 	 
0.237599999	 -0.574 	  -84.64 	 
0.239799999	 -0.573 	  -83.33 	 
0.241999999	 -0.572 	  -81.30 	 
0.244199999	 -0.572 	  -78.65 	 
0.246399999	 -0.568 	  -75.51 	 
0.248599999	 -0.567 	  -72.02 	 
0.250799999	 -0.563 	  -68.19 	 
0.252999999	 -0.560 	  -64.22 	 
0.255199999	 -0.555 	  -60.17 	 
0.257399999	 -0.552 	  -56.20 	 
0.259599999	 -0.547 	  -52.37 	 
0.261799999	 -0.544 	  -48.84 	 
0.263999999	 -0.539 	  -45.66 	 
0.266199999	 -0.535 	  -42.92 	 
0.268399999	 -0.531 	  -40.77 	 
0.270599999	 -0.529 	  -39.08 	 
0.272799999	 -0.527 	  -38.06 	 
0.274999999	 -0.526 	  -37.70 	 
0.277199998	 -0.524 	  -37.90 	 
0.279399998	 -0.524 	  -38.73 	 
0.281599998	 -0.526 	  -40.22 	 
0.283799998	 -0.528 	  -42.33 	 
0.285999998	 -0.529 	  -44.96 	 
0.288199998	 -0.532 	  -48.16 	 
0.290399998	 -0.535 	  -51.63 	 
0.292599998	 -0.540 	  -55.41 	 
0.294799998	 -0.544 	  -59.39 	 
0.296999998	 -0.548 	  -63.36 	 
0.299199998	 -0.552 	  -67.29 	 
0.301399998	 -0.556 	  -71.04 	 
0.303599998	 -0.560 	  -74.51 	 
0.305799998	 -0.565 	  -77.61 	 
0.307999998	 -0.567 	  -80.33 	 
0.310199998	 -0.570 	  -82.50 	 
0.312399998	 -0.572 	  -84.14 	 
0.314599998	 -0.573 	  -85.13 	 
0.316799998	 -0.574 	  -85.48 	 
0.318999998	 -0.573 	  -85.27 	 
0.321199998	 -0.573 	  -84.51 	 
0.323399998	 -0.573 	  -83.10 	 
0.325599998	 -0.573 	  -80.97 	 
0.327799998	 -0.571 	  -78.29 	 
0.329999998	 -0.569 	  -75.11 	 
0.332199998	 -0.567 	  -71.56 	 
0.334399998	 -0.563 	  -67.71 	 
0.336599998	 -0.559 	  -63.70 	 
0.338799998	 -0.555 	  -59.67 	 
0.340999998	 -0.551 	  -55.75 	 
0.343199998	 -0.547 	  -51.98 	 
0.345399998	 -0.543 	  -48.44 	 
0.347599998	 -0.539 	  -45.35 	 
0.349799998	 -0.535 	  -42.65 	 
0.351999998	 -0.531 	  -40.51 	 
0.354199998	 -0.529 	  -38.94 	 
0.356399998	 -0.526 	  -38.01 	 
0.358599998	 -0.525 	  -37.69 	 
0.360799998	 -0.525 	  -37.99 	 
0.362999998	 -0.524 	  -38.89 	 
0.365199998	 -0.526 	  -40.45 	 
0.367399998	 -0.528 	  -42.64 	 
0.369599998	 -0.530 	  -45.36 	 
0.371799998	 -0.533 	  -48.58 	 
0.373999998	 -0.536 	  -52.10 	 
0.376199998	 -0.539 	  -55.92 	 
0.378399998	 -0.544 	  -59.87 	 
0.380599998	 -0.549 	  -63.87 	 
0.382799998	 -0.553 	  -67.77 	 
0.384999998	 -0.557 	  -71.47 	 
0.387199998	 -0.561 	  -74.89 	 
0.389399998	 -0.564 	  -77.96 	 
0.391599998	 -0.567 	  -80.59 	 
0.393799998	 -0.570 	  -82.72 	 
0.395999998	 -0.572 	  -84.27 	 
0.398199998	 -0.573 	  -85.16 	 
0.400399998	 -0.573 	  -85.50 	 
0.402599998	 -0.575 	  -85.24 	 
0.404799998	 -0.573 	  -84.35 	 
0.406999998	 -0.574 	  -82.89 	 
0.409199998	 -0.573 	  -80.70 	 
0.411399998	 -0.570 	  -77.95 	 
0.413599998	 -0.568 	  -74.72 	 
0.415799998	 -0.565 	  -71.08 	 
0.417999998	 -0.562 	  -67.21 	 
0.420199998	 -0.559 	  -63.25 	 
0.422399998	 -0.555 	  -59.21 	 
0.424599998	 -0.551 	  -55.24 	 
0.426799998	 -0.546 	  -51.53 	 
0.428999998	 -0.541 	  -48.03 	 
0.431199998	 -0.539 	  -44.99 	 
0.433399998	 -0.534 	  -42.34 	 
0.435599998	 -0.530 	  -40.32 	 
0.437799998	 -0.528 	  -38.78 	 
0.439999998	 -0.526 	  -37.95 	 
0.442199998	 -0.526 	  -37.71 	 
0.444399998	 -0.525 	  -38.08 	 
0.446599998	 -0.525 	  -39.09 	 
0.448799998	 -0.526 	  -40.70 	 
0.450999998	 -0.528 	  -42.92 	 
0.453199998	 -0.530 	  -45.72 	 
0.455399998	 -0.533 	  -48.99 	 
0.457599998	 -0.536 	  -52.52 	 
0.459799998	 -0.541 	  -56.41 	 
0.461999997	 -0.544 	  -60.36 	 
0.464199997	 -0.549 	  -64.33 	 
0.466399997	 -0.553 	  -68.23 	 
0.468599997	 -0.557 	  -71.91 	 
0.470799997	 -0.561 	  -75.28 	 
0.472999997	 -0.565 	  -78.33 	 
0.475199997	 -0.567 	  -80.92 	 
0.477399997	 -0.570 	  -82.93 	 
0.479599997	 -0.572 	  -84.44 	 
0.481799997	 -0.573 	  -85.28 	 
0.483999997	 -0.574 	  -85.51 	 
0.486199997	 -0.574 	  -85.19 	 
0.488399997	 -0.574 	  -84.23 	 
0.490599997	 -0.573 	  -82.62 	 
0.492799997	 -0.572 	  -80.37 	 
0.494999997	 -0.570 	  -77.59 	 
0.497199997	 -0.568 	  -74.25 	 
0.499399997	 -0.565 	  -70.64 	 
0.501599997	 -0.562 	  -66.74 	 
0.503799997	 -0.558 	  -62.71 	 
0.505999997	 -0.555 	  -58.71 	 
0.508199997	 -0.550 	  -54.82 	 
0.510399997	 -0.546 	  -51.05 	 
0.512599997	 -0.542 	  -47.65 	 
0.514799997	 -0.538 	  -44.67 	 
0.516999997	 -0.534 	  -42.07 	 
0.519199997	 -0.530 	  -40.11 	 
0.521399997	 -0.527 	  -38.68 	 
0.523599997	 -0.526 	  -37.88 	 
0.525799997	 -0.526 	  -37.76 	 
0.527999997	 -0.525 	  -38.20 	 
0.530199997	 -0.524 	  -39.26 	 
0.532399997	 -0.526 	  -40.95 	 
0.534599997	 -0.529 	  -43.29 	 
0.536799997	 -0.531 	  -46.09 	 
0.538999997	 -0.533 	  -49.41 	 
0.541199997	 -0.536 	  -53.02 	 
0.543399997	 -0.541 	  -56.88 	 
0.545599997	 -0.545 	  -60.87 	 
0.547799997	 -0.549 	  -64.86 	 
0.549999997	 -0.554 	  -68.71 	 
0.552199997	 -0.557 	  -72.33 	 
0.554399997	 -0.562 	  -75.71 	 
0.556599997	 -0.565 	  -78.62 	 
0.558799997	 -0.568 	  -81.18 	 
0.560999997	 -0.570 	  -83.15 	 
0.563199997	 -0.572 	  -84.54 	 
0.565399997	 -0.574 	  -85.33 	 
0.567599997	 -0.574 	  -85.49 	 
0.569799997	 -0.574 	  -85.06 	 
0.571999997	 -0.574 	  -84.05 	 
0.574199997	 -0.573 	  -82.41 	 
0.576399997	 -0.572 	  -80.04 	 
0.578599997	 -0.570 	  -77.17 	 
0.580799997	 -0.567 	  -73.85 	 
0.582999997	 -0.565 	  -70.18 	 
0.585199997	 -0.561 	  -66.27 	 
0.587399997	 -0.558 	  -62.29 	 
0.589599997	 -0.553 	  -58.25 	 
0.591799997	 -0.550 	  -54.31 	 
0.593999997	 -0.545 	  -50.66 	 
0.596199997	 -0.541 	  -47.24 	 
0.598399997	 -0.537 	  -44.30 	 
0.600599997	 -0.534 	  -41.82 	 
0.602799997	 -0.530 	  -39.89 	 
0.604999997	 -0.528 	  -38.55 	 
0.607199997	 -0.526 	  -37.92 	 
0.609399997	 -0.525 	  -37.79 	 
0.611599997	 -0.525 	  -38.28 	 
0.613799997	 -0.526 	  -39.44 	 
0.615999997	 -0.526 	  -41.15 	 
0.618199997	 -0.528 	  -43.56 	 
0.620399997	 -0.531 	  -46.46 	 
0.622599997	 -0.534 	  -49.84 	 
0.624799997	 -0.537 	  -53.48 	 
0.626999997	 -0.541 	  -57.36 	 
0.629199997	 -0.546 	  -61.32 	 
0.631399997	 -0.550 	  -65.30 	 
0.633599997	 -0.554 	  -69.14 	 
0.635799997	 -0.558 	  -72.73 	 
0.637999997	 -0.562 	  -76.06 	 
0.640199997	 -0.566 	  -78.98 	 
0.642399997	 -0.568 	  -81.40 	 
0.644599997	 -0.571 	  -83.33 	 
0.646799996	 -0.572 	  -84.76 	 
0.648999996	 -0.574 	  -85.43 	 
0.651199996	 -0.574 	  -85.50 	 
0.653399996	 -0.575 	  -84.92 	 
0.655599996	 -0.573 	  -83.84 	 
0.657799996	 -0.574 	  -82.11 	 
0.659999996	 -0.572 	  -79.76 	 
0.662199996	 -0.570 	  -76.84 	 
0.664399996	 -0.567 	  -73.40 	 
0.666599996	 -0.565 	  -69.74 	 
0.668799996	 -0.561 	  -65.80 	 
0.670999996	 -0.557 	  -61.75 	 
0.673199996	 -0.553 	  -57.82 	 
0.675399996	 -0.550 	  -53.84 	 
0.677599996	 -0.545 	  -50.17 	 
0.679799996	 -0.541 	  -46.89 	 
0.681999996	 -0.536 	  -43.97 	 
0.684199996	 -0.532 	  -41.55 	 
0.686399996	 -0.530 	  -39.68 	 
0.688599996	 -0.528 	  -38.43 	 
0.690799996	 -0.526 	  -37.79 	 
0.692999996	 -0.525 	  -37.78 	 
0.695199996	 -0.525 	  -38.36 	 
0.697399996	 -0.526 	  -39.59 	 
0.699599996	 -0.527 	  -41.47 	 
0.701799996	 -0.529 	  -43.95 	 
0.703999996	 -0.531 	  -46.86 	 
0.706199996	 -0.534 	  -50.30 	 
0.708399996	 -0.537 	  -53.95 	 
0.710599996	 -0.542 	  -57.80 	 
0.712799996	 -0.546 	  -61.80 	 
0.714999996	 -0.550 	  -65.80 	 
0.717199996	 -0.555 	  -69.59 	 
0.719399996	 -0.559 	  -73.21 	 
0.721599996	 -0.563 	  -76.47 	 
0.723799996	 -0.565 	  -79.29 	 
0.725999996	 -0.569 	  -81.70 	 
0.728199996	 -0.571 	  -83.51 	 
0.730399996	 -0.572 	  -84.80 	 
0.732599996	 -0.573 	  -85.39 	 
0.734799996	 -0.574 	  -85.41 	 
0.736999996	 -0.574 	  -84.86 	 
0.739199996	 -0.573 	  -83.73 	 
0.741399996	 -0.573 	  -81.88 	 
0.743599996	 -0.571 	  -79.39 	 
0.745799996	 -0.569 	  -76.41 	 
0.747999996	 -0.567 	  -72.99 	 
0.750199996	 -0.564 	  -69.25 	 
0.752399996	 -0.561 	  -65.34 	 
0.754599996	 -0.557 	  -61.29 	 
0.756799996	 -0.553 	  -57.26 	 
0.758999996	 -0.548 	  -53.40 	 
0.761199996	 -0.544 	  -49.81 	 
0.763399996	 -0.540 	  -46.51 	 
0.765599996	 -0.536 	  -43.67 	 
0.767799996	 -0.532 	  -41.30 	 
0.769999996	 -0.530 	  -39.50 	 
0.772199996	 -0.527 	  -38.31 	 
0.774399996	 -0.526 	  -37.77 	 
0.776599996	 -0.525 	  -37.81 	 
0.778799996	 -0.524 	  -38.50 	 
0.780999996	 -0.526 	  -39.79 	 
0.783199996	 -0.527 	  -41.73 	 
0.785399996	 -0.529 	  -44.28 	 
0.787599996	 -0.531 	  -47.30 	 
0.789799996	 -0.535 	  -50.70 	 
0.791999996	 -0.538 	  -54.38 	 
0.794199996	 -0.543 	  -58.33 	 
0.796399996	 -0.546 	  -62.27 	 
0.798599996	 -0.551 	  -66.27 	 
0.800799996	 -0.555 	  -70.05 	 
0.802999996	 -0.559 	  -73.59 	 
0.805199996	 -0.563 	  -76.84 	 
0.807399996	 -0.567 	  -79.62 	 
0.809599996	 -0.569 	  -81.94 	 
0.811799996	 -0.572 	  -83.73 	 
0.813999996	 -0.573 	  -84.87 	 
0.816199996	 -0.574 	  -85.44 	 
0.818399996	 -0.574 	  -85.46 	 
0.820599996	 -0.574 	  -84.75 	 
0.822799996	 -0.574 	  -83.48 	 
0.824999996	 -0.572 	  -81.60 	 
0.827199996	 -0.572 	  -79.10 	 
0.829399996	 -0.569 	  -76.01 	 
0.831599995	 -0.567 	  -72.53 	 
0.833799995	 -0.563 	  -68.82 	 
0.835999995	 -0.561 	  -64.84 	 
0.838199995	 -0.557 	  -60.80 	 
0.840399995	 -0.552 	  -56.79 	 
0.842599995	 -0.548 	  -52.98 	 
0.844799995	 -0.544 	  -49.38 	 
0.846999995	 -0.540 	  -46.14 	 
0.849199995	 -0.536 	  -43.36 	 
0.851399995	 -0.532 	  -41.06 	 
0.853599995	 -0.529 	  -39.35 	 
0.855799995	 -0.528 	  -38.17 	 
0.857999995	 -0.526 	  -37.75 	 
0.860199995	 -0.525 	  -37.87 	 
0.862399995	 -0.525 	  -38.62 	 
0.864599995	 -0.526 	  -40.03 	 
0.866799995	 -0.527 	  -42.04 	 
0.868999995	 -0.530 	  -44.62 	 
0.871199995	 -0.532 	  -47.68 	 
0.873399995	 -0.535 	  -51.14 	 
0.875599995	 -0.539 	  -54.82 	 
0.877799995	 -0.543 	  -58.78 	 
0.879999995	 -0.547 	  -62.75 	 
0.882199995	 -0.551 	  -66.71 	 
0.884399995	 -0.556 	  -70.50 	 
0.886599995	 -0.560 	  -74.02 	 
0.888799995	 -0.563 	  -77.17 	 
0.890999995	 -0.567 	  -79.90 	 
0.893199995	 -0.570 	  -82.21 	 
0.895399995	 -0.571 	  -83.86 	 
0.897599995	 -0.573 	  -84.99 	 
0.899799995	 -0.574 	  -85.44 	 
0.901999995	 -0.574 	  -85.34 	 
0.904199995	 -0.574 	  -84.65 	 
0.906399995	 -0.573 	  -83.33 	 
0.908599995	 -0.572 	  -81.32 	 
0.910799995	 -0.571 	  -78.71 	 
0.912999995	 -0.569 	  -75.62 	 
0.915199995	 -0.567 	  -72.07 	 
0.917399995	 -0.563 	  -68.31 	 
0.919599995	 -0.560 	  -64.33 	 
0.921799995	 -0.556 	  -60.31 	 
0.923999995	 -0.552 	  -56.34 	 
0.926199995	 -0.547 	  -52.54 	 
0.928399995	 -0.544 	  -48.97 	 
0.930599995	 -0.539 	  -45.78 	 
0.932799995	 -0.536 	  -43.07 	 
0.934999995	 -0.532 	  -40.78 	 
0.937199995	 -0.529 	  -39.20 	 
0.939399995	 -0.527 	  -38.16 	 
0.941599995	 -0.525 	  -37.75 	 
0.943799995	 -0.525 	  -37.95 	 
0.945999995	 -0.525 	  -38.76 	 
0.948199995	 -0.526 	  -40.19 	 
0.950399995	 -0.527 	  -42.26 	 
0.952599995	 -0.529 	  -44.93 	 
0.954799995	 -0.532 	  -47.98 	 
0.956999995	 -0.536 	  -51.53 	 
0.959199995	 -0.539 	  -55.37 	 
0.961399995	 -0.543 	  -59.28 	 
0.963599995	 -0.548 	  -63.30 	 
0.965799995	 -0.552 	  -67.18 	 
0.967999995	 -0.556 	  -70.89 	 
0.970199995	 -0.560 	  -74.37 	 
0.972399995	 -0.564 	  -77.57 	 
0.974599995	 -0.567 	  -80.19 	 
0.976799995	 -0.570 	  -82.43 	 
0.978999995	 -0.572 	  -84.05 	 
0.981199995	 -0.573 	  -85.07 	 
0.983399995	 -0.575 	  -85.46 	 
0.985599995	 -0.574 	  -85.30 	 
0.987799995	 -0.575 	  -84.51 	 
0.989999995	 -0.573 	  -83.08 	 
0.992199995	 -0.573 	  -81.05 	 
0.994399995	 -0.570 	  -78.34 	 
0.996599995	 -0.569 	  -75.23 	 
0.998799995	 -0.566 	  -71.67 	 
1.000999995	 -0.563 	  -67.86 	 
1.003199995	 -0.559 	  -63.79 	 
1.005399995	 -0.555 	  -59.86 	 
1.007599995	 -0.552 	  -55.85 	 
1.009799995	 -0.547 	  -52.04 	 
1.011999995	 -0.543 	  -48.56 	 
1.014199995	 -0.539 	  -45.39 	 
1.016399994	 -0.535 	  -42.70 	 
1.018599994	 -0.532 	  -40.55 	 
1.020799994	 -0.528 	  -39.00 	 
1.022999994	 -0.526 	  -38.02 	 
1.025199994	 -0.525 	  -37.72 	 
1.027399994	 -0.525 	  -37.99 	 
1.029599994	 -0.526 	  -38.87 	 
1.031799994	 -0.526 	  -40.38 	 
1.033999994	 -0.528 	  -42.54 	 
1.036199994	 -0.530 	  -45.28 	 
1.038399994	 -0.533 	  -48.44 	 
1.040599994	 -0.536 	  -51.96 	 
1.042799994	 -0.539 	  -55.76 	 
1.044999994	 -0.544 	  -59.75 	 
1.047199994	 -0.548 	  -63.72 	 
1.049399994	 -0.552 	  -67.64 	 
1.051599994	 -0.557 	  -71.37 	 
1.053799994	 -0.561 	  -74.80 	 
1.055999994	 -0.565 	  -77.86 	 
1.058199994	 -0.567 	  -80.53 	 
1.060399994	 -0.570 	  -82.65 	 
1.062599994	 -0.572 	  -84.19 	 
1.064799994	 -0.574 	  -85.17 	 
1.066999994	 -0.574 	  -85.47 	 
1.069199994	 -0.574 	  -85.24 	 
1.071399994	 -0.574 	  -84.42 	 
1.073599994	 -0.573 	  -82.90 	 
1.075799994	 -0.572 	  -80.72 	 
1.077999994	 -0.571 	  -78.01 	 
1.080199994	 -0.569 	  -74.79 	 
1.082399994	 -0.566 	  -71.17 	 
1.084599994	 -0.563 	  -67.37 	 
1.086799994	 -0.560 	  -63.37 	 
1.088999994	 -0.555 	  -59.33 	 
1.091199994	 -0.551 	  -55.40 	 
1.093399994	 -0.547 	  -51.61 	 
1.095599994	 -0.542 	  -48.11 	 
1.097799994	 -0.538 	  -45.05 	 
1.099999994	 -0.534 	  -42.42 	 
1.102199994	 -0.531 	  -40.29 	 
1.104399994	 -0.529 	  -38.84 	 
1.106599994	 -0.526 	  -37.95 	 
1.108799994	 -0.526 	  -37.70 	 
1.110999994	 -0.525 	  -38.07 	 
1.113199994	 -0.525 	  -39.00 	 
1.115399994	 -0.525 	  -40.60 	 
1.117599994	 -0.527 	  -42.86 	 
1.119799994	 -0.530 	  -45.66 	 
1.121999994	 -0.532 	  -48.88 	 
1.124199994	 -0.536 	  -52.45 	 
1.126399994	 -0.541 	  -56.25 	 
1.128599994	 -0.544 	  -60.21 	 
1.130799994	 -0.548 	  -64.22 	 
1.132999994	 -0.553 	  -68.10 	 
1.135199994	 -0.558 	  -71.77 	 
1.137399994	 -0.561 	  -75.23 	 
1.139599994	 -0.565 	  -78.23 	 
1.141799994	 -0.568 	  -80.81 	 
1.143999994	 -0.571 	  -82.89 	 
1.146199994	 -0.572 	  -84.36 	 
1.148399994	 -0.573 	  -85.25 	 
1.150599994	 -0.575 	  -85.51 	 
1.152799994	 -0.575 	  -85.18 	 
1.154999994	 -0.573 	  -84.27 	 
1.157199994	 -0.574 	  -82.69 	 
1.159399994	 -0.572 	  -80.44 	 
1.161599994	 -0.570 	  -77.66 	 
1.163799994	 -0.569 	  -74.41 	 
1.165999994	 -0.565 	  -70.77 	 
1.168199994	 -0.563 	  -66.90 	 
1.170399994	 -0.558 	  -62.88 	 
1.172599994	 -0.555 	  -58.87 	 
1.174799994	 -0.550 	  -54.86 	 
1.176999994	 -0.546 	  -51.16 	 
1.179199994	 -0.543 	  -47.73 	 
1.181399994	 -0.538 	  -44.71 	 
1.183599994	 -0.534 	  -42.16 	 
1.185799994	 -0.531 	  -40.12 	 
1.187999994	 -0.528 	  -38.68 	 
1.190199994	 -0.526 	  -37.86 	 
1.192399994	 -0.525 	  -37.73 	 
1.194599994	 -0.524 	  -38.10 	 
1.196799994	 -0.525 	  -39.17 	 
1.198999994	 -0.527 	  -40.84 	 
1.201199993	 -0.529 	  -43.12 	 
1.203399993	 -0.530 	  -46.01 	 
1.205599993	 -0.534 	  -49.28 	 
1.207799993	 -0.537 	  -52.83 	 
1.209999993	 -0.541 	  -56.72 	 
1.212199993	 -0.545 	  -60.74 	 
1.214399993	 -0.550 	  -64.67 	 
1.216599993	 -0.554 	  -68.58 	 
1.218799993	 -0.558 	  -72.19 	 
1.220999993	 -0.562 	  -75.59 	 
1.223199993	 -0.565 	  -78.60 	 
1.225399993	 -0.568 	  -81.10 	 
1.227599993	 -0.570 	  -83.09 	 
1.229799993	 -0.573 	  -84.49 	 
1.231999993	 -0.574 	  -85.32 	 
1.234199993	 -0.575 	  -85.51 	 
1.236399993	 -0.574 	  -85.09 	 
1.238599993	 -0.573 	  -84.08 	 
1.240799993	 -0.574 	  -82.41 	 
1.242999993	 -0.572 	  -80.15 	 
1.245199993	 -0.571 	  -77.29 	 
1.247399993	 -0.568 	  -73.93 	 
1.249599993	 -0.565 	  -70.30 	 
1.251799993	 -0.562 	  -66.46 	 
1.253999993	 -0.558 	  -62.31 	 
1.256199993	 -0.554 	  -58.37 	 
1.258399993	 -0.550 	  -54.43 	 
1.260599993	 -0.546 	  -50.74 	 
1.262799993	 -0.541 	  -47.35 	 
1.264999993	 -0.538 	  -44.39 	 
1.267199993	 -0.533 	  -41.86 	 
1.269399993	 -0.530 	  -39.85 	 
1.271599993	 -0.528 	  -38.56 	 
1.273799993	 -0.526 	  -37.79 	 
1.275999993	 -0.525 	  -37.71 	 
1.278199993	 -0.525 	  -38.21 	 
1.280399993	 -0.525 	  -39.32 	 
1.282599993	 -0.527 	  -41.10 	 
1.284799993	 -0.528 	  -43.48 	 
1.286999993	 -0.531 	  -46.36 	 
1.289199993	 -0.533 	  -49.70 	 
1.291399993	 -0.537 	  -53.35 	 
1.293599993	 -0.541 	  -57.15 	 
1.295799993	 -0.546 	  -61.20 	 
1.297999993	 -0.550 	  -65.16 	 
1.300199993	 -0.554 	  -69.02 	 
1.302399993	 -0.559 	  -72.60 	 
1.304599993	 -0.562 	  -75.97 	 
1.306799993	 -0.565 	  -78.89 	 
1.308999993	 -0.569 	  -81.33 	 
1.311199993	 -0.571 	  -83.29 	 
1.313399993	 -0.573 	  -84.60 	 
1.315599993	 -0.574 	  -85.34 	 
1.317799993	 -0.575 	  -85.47 	 
1.319999993	 -0.575 	  -85.00 	 
1.322199993	 -0.574 	  -83.92 	 
1.324399993	 -0.573 	  -82.19 	 
1.326599993	 -0.571 	  -79.80 	 
1.328799993	 -0.570 	  -76.87 	 
1.330999993	 -0.568 	  -73.53 	 
1.333199993	 -0.565 	  -69.79 	 
1.335399993	 -0.561 	  -65.89 	 
1.337599993	 -0.558 	  -61.85 	 
1.339799993	 -0.554 	  -57.85 	 
1.341999993	 -0.549 	  -53.97 	 
1.344199993	 -0.546 	  -50.33 	 
1.346399993	 -0.541 	  -46.96 	 
1.348599993	 -0.537 	  -44.04 	 
1.350799993	 -0.533 	  -41.61 	 
1.352999993	 -0.530 	  -39.70 	 
1.355199993	 -0.528 	  -38.42 	 
1.357399993	 -0.526 	  -37.78 	 
1.359599993	 -0.525 	  -37.75 	 
1.361799993	 -0.525 	  -38.29 	 
1.363999993	 -0.526 	  -39.51 	 
1.366199993	 -0.527 	  -41.36 	 
1.368399993	 -0.529 	  -43.82 	 
1.370599993	 -0.531 	  -46.76 	 
1.372799993	 -0.535 	  -50.11 	 
1.374999993	 -0.537 	  -53.77 	 
1.377199993	 -0.542 	  -57.67 	 
1.379399993	 -0.546 	  -61.68 	 
1.381599993	 -0.551 	  -65.64 	 
1.383799993	 -0.554 	  -69.48 	 
1.385999992	 -0.558 	  -73.04 	 
1.388199992	 -0.562 	  -76.32 	 
1.390399992	 -0.566 	  -79.21 	 
1.392599992	 -0.569 	  -81.57 	 
1.394799992	 -0.571 	  -83.45 	 
1.396999992	 -0.573 	  -84.74 	 
1.399199992	 -0.573 	  -85.41 	 
1.401399992	 -0.575 	  -85.40 	 
1.403599992	 -0.574 	  -84.89 	 
1.405799992	 -0.574 	  -83.77 	 
1.407999992	 -0.573 	  -81.93 	 
1.410199992	 -0.572 	  -79.47 	 
1.412399992	 -0.570 	  -76.48 	 
1.414599992	 -0.567 	  -73.07 	 
1.416799992	 -0.565 	  -69.35 	 
1.418999992	 -0.561 	  -65.43 	 
1.421199992	 -0.558 	  -61.37 	 
1.423399992	 -0.553 	  -57.39 	 
1.425599992	 -0.549 	  -53.51 	 
1.427799992	 -0.545 	  -49.88 	 
1.429999992	 -0.540 	  -46.60 	 
1.432199992	 -0.536 	  -43.66 	 
1.434399992	 -0.533 	  -41.30 	 
1.436599992	 -0.530 	  -39.54 	 
1.438799992	 -0.527 	  -38.34 	 
1.440999992	 -0.526 	  -37.73 	 
1.443199992	 -0.525 	  -37.81 	 
1.445399992	 -0.525 	  -38.45 	 
1.447599992	 -0.526 	  -39.72 	 
1.449799992	 -0.527 	  -41.67 	 
1.451999992	 -0.529 	  -44.12 	 
1.454199992	 -0.531 	  -47.13 	 
1.456399992	 -0.534 	  -50.53 	 
1.458599992	 -0.538 	  -54.27 	 
1.460799992	 -0.542 	  -58.13 	 
1.462999992	 -0.546 	  -62.18 	 
1.465199992	 -0.551 	  -66.14 	 
1.467399992	 -0.555 	  -69.94 	 
1.469599992	 -0.560 	  -73.49 	 
1.471799992	 -0.563 	  -76.73 	 
1.473999992	 -0.567 	  -79.52 	 
1.476199992	 -0.569 	  -81.86 	 
1.478399992	 -0.572 	  -83.68 	 
1.480599992	 -0.574 	  -84.85 	 
1.482799992	 -0.574 	  -85.44 	 
1.484999992	 -0.574 	  -85.42 	 
1.487199992	 -0.575 	  -84.77 	 
1.489399992	 -0.574 	  -83.53 	 
1.491599992	 -0.573 	  -81.64 	 
1.493799992	 -0.572 	  -79.12 	 
1.495999992	 -0.570 	  -76.10 	 
1.498199992	 -0.567 	  -72.64 	 
1.500399992	 -0.564 	  -68.88 	 
1.502599992	 -0.560 	  -64.97 	 
1.504799992	 -0.557 	  -60.92 	 
1.506999992	 -0.553 	  -56.91 	 
1.509199992	 -0.548 	  -53.07 	 
1.511399992	 -0.544 	  -49.51 	 
1.513599992	 -0.540 	  -46.19 	 
1.515799992	 -0.536 	  -43.40 	 
1.517999992	 -0.532 	  -41.10 	 
1.520199992	 -0.529 	  -39.36 	 
1.522399992	 -0.527 	  -38.23 	 
1.524599992	 -0.526 	  -37.75 	 
1.526799992	 -0.524 	  -37.86 	 
1.528999992	 -0.525 	  -38.57 	 
1.531199992	 -0.526 	  -39.95 	 
1.533399992	 -0.528 	  -41.91 	 
1.535599992	 -0.529 	  -44.49 	 
1.537799992	 -0.533 	  -47.55 	 
1.539999992	 -0.535 	  -50.97 	 
1.542199992	 -0.539 	  -54.74 	 
1.544399992	 -0.543 	  -58.66 	 
1.546599992	 -0.547 	  -62.64 	 
1.548799992	 -0.551 	  -66.60 	 
1.550999992	 -0.556 	  -70.40 	 
1.553199992	 -0.559 	  -73.87 	 
1.555399992	 -0.563 	  -77.09 	 
1.557599992	 -0.567 	  -79.82 	 
1.559799992	 -0.570 	  -82.11 	 
1.561999992	 -0.572 	  -83.88 	 
1.564199992	 -0.573 	  -84.96 	 
1.566399992	 -0.573 	  -85.46 	 
1.568599992	 -0.575 	  -85.35 	 
1.570799991	 -0.575 	  -84.71 	 
1.572999991	 -0.574 	  -83.38 	 
1.575199991	 -0.572 	  -81.40 	 
1.577399991	 -0.571 	  -78.79 	 
1.579599991	 -0.568 	  -75.69 	 
1.581799991	 -0.567 	  -72.24 	 
1.583999991	 -0.564 	  -68.44 	 
1.586199991	 -0.560 	  -64.47 	 
1.588399991	 -0.556 	  -60.41 	 
1.590599991	 -0.553 	  -56.46 	 
1.592799991	 -0.548 	  -52.61 	 
1.594999991	 -0.544 	  -49.07 	 
1.597199991	 -0.540 	  -45.84 	 
1.599399991	 -0.535 	  -43.09 	 
1.601599991	 -0.533 	  -40.86 	 
1.603799991	 -0.528 	  -39.24 	 
1.605999991	 -0.528 	  -38.16 	 
1.608199991	 -0.526 	  -37.72 	 
1.610399991	 -0.526 	  -37.90 	 
1.612599991	 -0.525 	  -38.73 	 
1.614799991	 -0.526 	  -40.12 	 
1.616999991	 -0.527 	  -42.17 	 
1.619199991	 -0.530 	  -44.81 	 
1.621399991	 -0.532 	  -47.96 	 
1.623599991	 -0.535 	  -51.45 	 
1.625799991	 -0.539 	  -55.21 	 
1.627999991	 -0.544 	  -59.15 	 
1.630199991	 -0.548 	  -63.17 	 
1.632399991	 -0.552 	  -67.02 	 
1.634599991	 -0.556 	  -70.81 	 
1.636799991	 -0.561 	  -74.27 	 
1.638999991	 -0.564 	  -77.44 	 
1.641199991	 -0.567 	  -80.15 	 
1.643399991	 -0.570 	  -82.40 	 
1.645599991	 -0.572 	  -84.03 	 
1.647799991	 -0.573 	  -85.06 	 
1.649999991	 -0.575 	  -85.52 	 
1.652199991	 -0.574 	  -85.32 	 
1.654399991	 -0.574 	  -84.56 	 
1.656599991	 -0.574 	  -83.14 	 
1.658799991	 -0.573 	  -81.08 	 
1.660999991	 -0.572 	  -78.44 	 
1.663199991	 -0.569 	  -75.34 	 
1.665399991	 -0.567 	  -71.80 	 
1.667599991	 -0.563 	  -67.92 	 
1.669799991	 -0.560 	  -63.96 	 
1.671999991	 -0.555 	  -59.87 	 
1.674199991	 -0.552 	  -55.94 	 
1.676399991	 -0.548 	  -52.17 	 
1.678599991	 -0.543 	  -48.68 	 
1.680799991	 -0.538 	  -45.51 	 
1.682999991	 -0.534 	  -42.83 	 
1.685199991	 -0.531 	  -40.63 	 
1.687399991	 -0.529 	  -39.04 	 
1.689599991	 -0.527 	  -38.12 	 
1.691799991	 -0.526 	  -37.71 	 
1.693999991	 -0.526 	  -38.04 	 
1.696199991	 -0.525 	  -38.85 	 
1.698399991	 -0.526 	  -40.33 	 
1.700599991	 -0.528 	  -42.48 	 
1.702799991	 -0.529 	  -45.21 	 
1.704999991	 -0.532 	  -48.38 	 
1.707199991	 -0.536 	  -51.90 	 
1.709399991	 -0.540 	  -55.74 	 
1.711599991	 -0.544 	  -59.62 	 
1.713799991	 -0.548 	  -63.60 	 
1.715999991	 -0.552 	  -67.52 	 
1.718199991	 -0.557 	  -71.26 	 
1.720399991	 -0.562 	  -74.70 	 
1.722599991	 -0.565 	  -77.83 	 
1.724799991	 -0.567 	  -80.44 	 
1.726999991	 -0.570 	  -82.57 	 
1.729199991	 -0.573 	  -84.19 	 
1.731399991	 -0.573 	  -85.16 	 
1.733599991	 -0.574 	  -85.51 	 
1.735799991	 -0.575 	  -85.27 	 
1.737999991	 -0.574 	  -84.43 	 
1.740199991	 -0.574 	  -82.94 	 
1.742399991	 -0.572 	  -80.83 	 
1.744599991	 -0.571 	  -78.13 	 
1.746799991	 -0.568 	  -74.88 	 
1.748999991	 -0.566 	  -71.34 	 
1.751199991	 -0.562 	  -67.47 	 
1.753399990	 -0.559 	  -63.44 	 
1.755599990	 -0.556 	  -59.46 	 
1.757799990	 -0.551 	  -55.55 	 
1.759999990	 -0.547 	  -51.72 	 
1.762199990	 -0.542 	  -48.29 	 
1.764399990	 -0.539 	  -45.15 	 
1.766599990	 -0.534 	  -42.52 	 
1.768799990	 -0.531 	  -40.43 	 
1.770999990	 -0.529 	  -38.87 	 
1.773199990	 -0.527 	  -37.99 	 
1.775399990	 -0.526 	  -37.73 	 
1.777599990	 -0.525 	  -38.08 	 
1.779799990	 -0.525 	  -38.98 	 
1.781999990	 -0.526 	  -40.62 	 
1.784199990	 -0.528 	  -42.81 	 
1.786399990	 -0.530 	  -45.58 	 
1.788599990	 -0.533 	  -48.82 	 
1.790799990	 -0.536 	  -52.35 	 
1.792999990	 -0.541 	  -56.15 	 
1.795199990	 -0.545 	  -60.10 	 
1.797399990	 -0.549 	  -64.13 	 
1.799599990	 -0.553 	  -67.98 	 
1.801799990	 -0.557 	  -71.73 	 
1.803999990	 -0.561 	  -75.09 	 
1.806199990	 -0.565 	  -78.16 	 
1.808399990	 -0.568 	  -80.75 	 
1.810599990	 -0.570 	  -82.84 	 
1.812799990	 -0.572 	  -84.30 	 
1.814999990	 -0.574 	  -85.24 	 
1.817199990	 -0.574 	  -85.51 	 
1.819399990	 -0.575 	  -85.20 	 
1.821599990	 -0.574 	  -84.32 	 
1.823799990	 -0.573 	  -82.76 	 
1.825999990	 -0.573 	  -80.53 	 
1.828199990	 -0.570 	  -77.74 	 
1.830399990	 -0.568 	  -74.50 	 
1.832599990	 -0.566 	  -70.84 	 
1.834799990	 -0.563 	  -67.02 	 
1.836999990	 -0.559 	  -62.99 	 
1.839199990	 -0.554 	  -58.94 	 
1.841399990	 -0.550 	  -55.02 	 
1.843599990	 -0.546 	  -51.29 	 
1.845799990	 -0.542 	  -47.88 	 
1.847999990	 -0.538 	  -44.80 	 
1.850199990	 -0.534 	  -42.26 	 
1.852399990	 -0.531 	  -40.19 	 
1.854599990	 -0.528 	  -38.76 	 
1.856799990	 -0.527 	  -37.94 	 
1.858999990	 -0.526 	  -37.74 	 
1.861199990	 -0.526 	  -38.16 	 
1.863399990	 -0.526 	  -39.19 	 
1.865599990	 -0.527 	  -40.86 	 
1.867799990	 -0.528 	  -43.15 	 
1.869999990	 -0.531 	  -45.97 	 
1.872199990	 -0.534 	  -49.19 	 
1.874399990	 -0.537 	  -52.79 	 
1.876599990	 -0.541 	  -56.64 	 
1.878799990	 -0.545 	  -60.59 	 
1.880999990	 -0.550 	  -64.62 	 
1.883199990	 -0.554 	  -68.45 	 
1.885399990	 -0.558 	  -72.15 	 
1.887599990	 -0.562 	  -75.50 	 
1.889799990	 -0.565 	  -78.51 	 
1.891999990	 -0.568 	  -80.99 	 
1.894199990	 -0.571 	  -83.02 	 
1.896399990	 -0.572 	  -84.45 	 
1.898599990	 -0.574 	  -85.26 	 
1.900799990	 -0.575 	  -85.50 	 
1.902999990	 -0.574 	  -85.13 	 
1.905199990	 -0.575 	  -84.15 	 
1.907399990	 -0.574 	  -82.51 	 
1.909599990	 -0.572 	  -80.22 	 
1.911799990	 -0.570 	  -77.34 	 
1.913999990	 -0.568 	  -74.06 	 
1.916199990	 -0.565 	  -70.40 	 
1.918399990	 -0.562 	  -66.50 	 
1.920599990	 -0.558 	  -62.52 	 
1.922799990	 -0.555 	  -58.50 	 
1.924999990	 -0.550 	  -54.59 	 
1.927199990	 -0.546 	  -50.88 	 
1.929399990	 -0.541 	  -47.48 	 
1.931599990	 -0.538 	  -44.46 	 
1.933799990	 -0.534 	  -41.98 	 
1.935999990	 -0.531 	  -39.97 	 
1.938199989	 -0.528 	  -38.62 	 
1.940399989	 -0.527 	  -37.92 	 
1.942599989	 -0.525 	  -37.79 	 
1.944799989	 -0.525 	  -38.25 	 
1.946999989	 -0.525 	  -39.33 	 
1.949199989	 -0.527 	  -41.08 	 
1.951399989	 -0.528 	  -43.41 	 
1.953599989	 -0.531 	  -46.34 	 
1.955799989	 -0.534 	  -49.63 	 
1.957999989	 -0.538 	  -53.24 	 
1.960199989	 -0.541 	  -57.13 	 
1.962399989	 -0.546 	  -61.10 	 
1.964599989	 -0.550 	  -65.07 	 
1.966799989	 -0.554 	  -68.91 	 
1.968999989	 -0.558 	  -72.58 	 
1.971199989	 -0.562 	  -75.86 	 
1.973399989	 -0.566 	  -78.81 	 
1.975599989	 -0.568 	  -81.28 	 
1.977799989	 -0.571 	  -83.22 	 
1.979999989	 -0.573 	  -84.61 	 
1.982199989	 -0.573 	  -85.37 	 
1.984399989	 -0.575 	  -85.53 	 
1.986599989	 -0.575 	  -84.99 	 
1.988799989	 -0.574 	  -83.96 	 
1.990999989	 -0.573 	  -82.21 	 
1.993199989	 -0.572 	  -79.89 	 
1.995399989	 -0.570 	  -76.98 	 
1.997599989	 -0.568 	  -73.62 	 
1.999799989	 -0.565 	  -69.95 	 
2.001999989	 -0.561 	  -66.06 	 
2.004199989	 -0.557 	  -62.02 	 
2.006399989	 -0.554 	  -58.01 	 
2.008599989	 -0.550 	  -54.14 	 
2.010799989	 -0.545 	  -50.42 	 
2.012999989	 -0.541 	  -47.08 	 
2.015199989	 -0.537 	  -44.13 	 
2.017399989	 -0.534 	  -41.69 	 
2.019599989	 -0.531 	  -39.77 	 
2.021799989	 -0.528 	  -38.52 	 
2.023999989	 -0.526 	  -37.84 	 
2.026199989	 -0.525 	  -37.79 	 
2.028399989	 -0.525 	  -38.34 	 
2.030599989	 -0.526 	  -39.48 	 
2.032799989	 -0.526 	  -41.33 	 
2.034999989	 -0.529 	  -43.77 	 
2.037199989	 -0.531 	  -46.72 	 
2.039399989	 -0.535 	  -50.06 	 
2.041599989	 -0.538 	  -53.73 	 
2.043799989	 -0.542 	  -57.57 	 
2.045999989	 -0.546 	  -61.58 	 
2.048199989	 -0.550 	  -65.57 	 
2.050399989	 -0.554 	  -69.35 	 
2.052599989	 -0.559 	  -72.97 	 
2.054799989	 -0.562 	  -76.27 	 
2.056999989	 -0.566 	  -79.15 	 
2.059199989	 -0.569 	  -81.56 	 
2.061399989	 -0.571 	  -83.46 	 
2.063599989	 -0.573 	  -84.69 	 
2.065799989	 -0.573 	  -85.39 	 
2.067999989	 -0.575 	  -85.46 	 
2.070199989	 -0.575 	  -84.92 	 
2.072399989	 -0.574 	  -83.80 	 
2.074599989	 -0.573 	  -81.99 	 
2.076799989	 -0.572 	  -79.58 	 
2.078999989	 -0.570 	  -76.61 	 
2.081199989	 -0.567 	  -73.21 	 
2.083399989	 -0.565 	  -69.48 	 
2.085599989	 -0.561 	  -65.54 	 
2.087799989	 -0.557 	  -61.54 	 
2.089999989	 -0.554 	  -57.49 	 
2.092199989	 -0.549 	  -53.64 	 
2.094399989	 -0.545 	  -50.02 	 
2.096599989	 -0.540 	  -46.72 	 
2.098799989	 -0.536 	  -43.80 	 
2.100999989	 -0.533 	  -41.44 	 
2.103199989	 -0.530 	  -39.60 	 
2.105399989	 -0.528 	  -38.37 	 
2.107599989	 -0.526 	  -37.81 	 
2.109799989	 -0.525 	  -37.80 	 
2.111999989	 -0.525 	  -38.43 	 
2.114199989	 -0.526 	  -39.70 	 
2.116399989	 -0.527 	  -41.62 	 
2.118599989	 -0.530 	  -44.08 	 
2.120799989	 -0.532 	  -47.11 	 
2.122999988	 -0.534 	  -50.49 	 
2.125199988	 -0.539 	  -54.16 	 
2.127399988	 -0.542 	  -58.11 	 
2.129599988	 -0.547 	  -62.02 	 
2.131799988	 -0.551 	  -65.97 	 
2.133999988	 -0.555 	  -69.83 	 
2.136199988	 -0.559 	  -73.43 	 
2.138399988	 -0.563 	  -76.62 	 
2.140599988	 -0.567 	  -79.48 	 
2.142799988	 -0.570 	  -81.81 	 
2.144999988	 -0.571 	  -83.62 	 
2.147199988	 -0.574 	  -84.83 	 
2.149399988	 -0.574 	  -85.39 	 
2.151599988	 -0.575 	  -85.41 	 
2.153799988	 -0.575 	  -84.84 	 
2.155999988	 -0.575 	  -83.65 	 
2.158199988	 -0.573 	  -81.76 	 
2.160399988	 -0.571 	  -79.28 	 
2.162599988	 -0.569 	  -76.21 	 
2.164799988	 -0.567 	  -72.77 	 
2.166999988	 -0.565 	  -69.04 	 
2.169199988	 -0.561 	  -65.07 	 
2.171399988	 -0.557 	  -61.01 	 
2.173599988	 -0.553 	  -57.06 	 
2.175799988	 -0.549 	  -53.20 	 
2.177999988	 -0.545 	  -49.57 	 
2.180199988	 -0.540 	  -46.36 	 
2.182399988	 -0.536 	  -43.51 	 
2.184599988	 -0.533 	  -41.18 	 
2.186799988	 -0.529 	  -39.43 	 
2.188999988	 -0.528 	  -38.26 	 
2.191199988	 -0.526 	  -37.74 	 
2.193399988	 -0.525 	  -37.86 	 
2.195599988	 -0.525 	  -38.55 	 
2.197799988	 -0.526 	  -39.87 	 
2.199999988	 -0.528 	  -41.87 	 
2.202199988	 -0.530 	  -44.42 	 
2.204399988	 -0.531 	  -47.48 	 
2.206599988	 -0.535 	  -50.92 	 
2.208799988	 -0.539 	  -54.62 	 
2.210999988	 -0.542 	  -58.53 	 
2.213199988	 -0.547 	  -62.56 	 
2.215399988	 -0.551 	  -66.49 	 
2.217599988	 -0.556 	  -70.25 	 
2.219799988	 -0.559 	  -73.82 	 
2.221999988	 -0.563 	  -77.02 	 
2.224199988	 -0.567 	  -79.80 	 
2.226399988	 -0.570 	  -82.08 	 
2.228599988	 -0.572 	  -83.84 	 
2.230799988	 -0.573 	  -84.91 	 
2.232999988	 -0.574 	  -85.52 	 
2.235199988	 -0.575 	  -85.38 	 
2.237399988	 -0.575 	  -84.72 	 
2.239599988	 -0.574 	  -83.46 	 
2.241799988	 -0.572 	  -81.47 	 
2.243999988	 -0.572 	  -78.91 	 
2.246199988	 -0.569 	  -75.81 	 
2.248399988	 -0.567 	  -72.35 	 
2.250599988	 -0.564 	  -68.54 	 
