0.000000000	  0.125 	  -69.46 	 
0.002200000	  0.127 	  -65.61 	 
0.004400000	  0.128 	  -61.57 	 
0.006600000	  0.132 	  -57.61 	 
0.008800000	  0.135 	  -53.70 	 
0.011000000	  0.138 	  -50.07 	 
0.013200000	  0.140 	  -46.76 	 
0.015400000	  0.143 	  -43.87 	 
0.017600000	  0.146 	  -41.43 	 
0.019800000	  0.148 	  -39.60 	 
0.022000000	  0.150 	  -38.37 	 
0.024200000	  0.151 	  -37.73 	 
0.026400000	  0.151 	  -37.85 	 
0.028600000	  0.152 	  -38.44 	 
0.030800000	  0.151 	  -39.70 	 
0.033000000	  0.150 	  -41.60 	 
0.035200000	  0.149 	  -44.06 	 
0.037400000	  0.147 	  -47.09 	 
0.039600000	  0.145 	  -50.42 	 
0.041800000	  0.143 	  -54.07 	 
0.044000000	  0.140 	  -57.98 	 
0.046200000	  0.137 	  -61.99 	 
0.048400000	  0.134 	  -65.90 	 
0.050600000	  0.131 	  -69.76 	 
0.052800000	  0.128 	  -73.33 	 
0.055000000	  0.125 	  -76.60 	 
0.057200000	  0.122 	  -79.42 	 
0.059400000	  0.121 	  -81.79 	 
0.061600000	  0.119 	  -83.59 	 
0.063800000	  0.118 	  -84.79 	 
0.066000000	  0.117 	  -85.43 	 
0.068200000	  0.117 	  -85.40 	 
0.070400000	  0.117 	  -84.78 	 
0.072600000	  0.117 	  -83.55 	 
0.074800000	  0.118 	  -81.69 	 
0.077000000	  0.120 	  -79.18 	 
0.079200000	  0.120 	  -76.19 	 
0.081400000	  0.122 	  -72.83 	 
0.083600000	  0.124 	  -69.02 	 
0.085800000	  0.127 	  -65.10 	 
0.088000000	  0.129 	  -61.05 	 
0.090200000	  0.132 	  -57.08 	 
0.092399999	  0.135 	  -53.25 	 
0.094599999	  0.139 	  -49.67 	 
0.096799999	  0.141 	  -46.40 	 
0.098999999	  0.144 	  -43.56 	 
0.101199999	  0.146 	  -41.24 	 
0.103399999	  0.149 	  -39.41 	 
0.105599999	  0.150 	  -38.27 	 
0.107799999	  0.152 	  -37.73 	 
0.109999999	  0.152 	  -37.84 	 
0.112199999	  0.152 	  -38.52 	 
0.114399999	  0.151 	  -39.87 	 
0.116599999	  0.151 	  -41.88 	 
0.118799999	  0.148 	  -44.37 	 
0.120999999	  0.147 	  -47.36 	 
0.123199999	  0.145 	  -50.76 	 
0.125399999	  0.142 	  -54.55 	 
0.127599999	  0.140 	  -58.46 	 
0.129799999	  0.136 	  -62.42 	 
0.131999999	  0.133 	  -66.41 	 
0.134199999	  0.131 	  -70.23 	 
0.136399999	  0.128 	  -73.73 	 
0.138599999	  0.125 	  -76.97 	 
0.140799999	  0.122 	  -79.74 	 
0.142999999	  0.121 	  -81.98 	 
0.145199999	  0.119 	  -83.79 	 
0.147399999	  0.118 	  -84.97 	 
0.149599999	  0.117 	  -85.50 	 
0.151799999	  0.116 	  -85.33 	 
0.153999999	  0.117 	  -84.73 	 
0.156199999	  0.117 	  -83.38 	 
0.158399999	  0.118 	  -81.38 	 
0.160599999	  0.119 	  -78.86 	 
0.162799999	  0.121 	  -75.82 	 
0.164999999	  0.123 	  -72.34 	 
0.167199999	  0.125 	  -68.58 	 
0.169399999	  0.127 	  -64.64 	 
0.171599999	  0.130 	  -60.63 	 
0.173799999	  0.132 	  -56.64 	 
0.175999999	  0.136 	  -52.80 	 
0.178199999	  0.139 	  -49.23 	 
0.180399999	  0.141 	  -46.03 	 
0.182599999	  0.144 	  -43.23 	 
0.184799999	  0.147 	  -40.94 	 
0.186999999	  0.149 	  -39.25 	 
0.189199999	  0.151 	  -38.18 	 
0.191399999	  0.151 	  -37.69 	 
0.193599999	  0.151 	  -37.88 	 
0.195799999	  0.151 	  -38.63 	 
0.197999999	  0.151 	  -40.07 	 
0.200199999	  0.149 	  -42.09 	 
0.202399999	  0.149 	  -44.66 	 
0.204599999	  0.146 	  -47.81 	 
0.206799999	  0.144 	  -51.30 	 
0.208999999	  0.142 	  -55.04 	 
0.211199999	  0.139 	  -58.92 	 
0.213399999	  0.136 	  -62.95 	 
0.215599999	  0.132 	  -66.86 	 
0.217799999	  0.130 	  -70.62 	 
0.219999999	  0.128 	  -74.18 	 
0.222199999	  0.125 	  -77.33 	 
0.224399999	  0.122 	  -80.01 	 
0.226599999	  0.120 	  -82.28 	 
0.228799999	  0.119 	  -84.00 	 
0.230999999	  0.118 	  -85.02 	 
0.233199999	  0.117 	  -85.46 	 
0.235399999	  0.117 	  -85.35 	 
0.237599999	  0.117 	  -84.58 	 
0.239799999	  0.117 	  -83.18 	 
0.241999999	  0.118 	  -81.11 	 
0.244199999	  0.120 	  -78.53 	 
0.246399999	  0.120 	  -75.38 	 
0.248599999	  0.123 	  -71.89 	 
0.250799999	  0.125 	  -68.07 	 
0.252999999	  0.127 	  -64.18 	 
0.255199999	  0.130 	  -60.16 	 
0.257399999	  0.133 	  -56.18 	 
0.259599999	  0.135 	  -52.38 	 
0.261799999	  0.139 	  -48.82 	 
0.263999999	  0.142 	  -45.62 	 
0.266199999	  0.144 	  -42.94 	 
0.268399999	  0.147 	  -40.71 	 
0.270599999	  0.149 	  -39.09 	 
0.272799999	  0.150 	  -38.08 	 
0.274999999	  0.151 	  -37.69 	 
0.277199998	  0.151 	  -37.95 	 
0.279399998	  0.151 	  -38.80 	 
0.281599998	  0.151 	  -40.29 	 
0.283799998	  0.150 	  -42.37 	 
0.285999998	  0.149 	  -45.05 	 
0.288199998	  0.146 	  -48.22 	 
0.290399998	  0.144 	  -51.75 	 
0.292599998	  0.141 	  -55.51 	 
0.294799998	  0.138 	  -59.45 	 
0.296999998	  0.135 	  -63.43 	 
0.299199998	  0.133 	  -67.31 	 
0.301399998	  0.130 	  -71.07 	 
0.303599998	  0.127 	  -74.57 	 
0.305799998	  0.124 	  -77.69 	 
0.307999998	  0.122 	  -80.33 	 
0.310199998	  0.121 	  -82.52 	 
0.312399998	  0.119 	  -84.16 	 
0.314599998	  0.118 	  -85.12 	 
0.316799998	  0.116 	  -85.46 	 
0.318999998	  0.117 	  -85.29 	 
0.321199998	  0.117 	  -84.45 	 
0.323399998	  0.117 	  -82.92 	 
0.325599998	  0.118 	  -80.82 	 
0.327799998	  0.119 	  -78.18 	 
0.329999998	  0.120 	  -74.98 	 
0.332199998	  0.123 	  -71.41 	 
0.334399998	  0.125 	  -67.62 	 
0.336599998	  0.128 	  -63.68 	 
0.338799998	  0.131 	  -59.65 	 
0.340999998	  0.134 	  -55.72 	 
0.343199998	  0.137 	  -51.90 	 
0.345399998	  0.139 	  -48.42 	 
0.347599998	  0.142 	  -45.28 	 
0.349799998	  0.145 	  -42.63 	 
0.351999998	  0.148 	  -40.49 	 
0.354199998	  0.149 	  -38.95 	 
0.356399998	  0.150 	  -37.97 	 
0.358599998	  0.151 	  -37.68 	 
0.360799998	  0.152 	  -38.01 	 
0.362999998	  0.151 	  -38.95 	 
0.365199998	  0.150 	  -40.53 	 
0.367399998	  0.149 	  -42.70 	 
0.369599998	  0.148 	  -45.39 	 
0.371799998	  0.147 	  -48.64 	 
0.373999998	  0.144 	  -52.21 	 
0.376199998	  0.142 	  -55.96 	 
0.378399998	  0.139 	  -59.88 	 
0.380599998	  0.135 	  -63.94 	 
0.382799998	  0.133 	  -67.78 	 
0.384999998	  0.129 	  -71.51 	 
0.387199998	  0.127 	  -74.98 	 
0.389399998	  0.124 	  -78.03 	 
0.391599998	  0.122 	  -80.65 	 
0.393799998	  0.120 	  -82.76 	 
0.395999998	  0.119 	  -84.31 	 
0.398199998	  0.118 	  -85.17 	 
0.400399998	  0.117 	  -85.50 	 
0.402599998	  0.117 	  -85.16 	 
0.404799998	  0.117 	  -84.29 	 
0.406999998	  0.117 	  -82.71 	 
0.409199998	  0.119 	  -80.60 	 
0.411399998	  0.120 	  -77.79 	 
0.413599998	  0.122 	  -74.58 	 
0.415799998	  0.124 	  -70.95 	 
0.417999998	  0.126 	  -67.12 	 
0.420199998	  0.128 	  -63.19 	 
0.422399998	  0.131 	  -59.15 	 
0.424599998	  0.134 	  -55.21 	 
0.426799998	  0.136 	  -51.49 	 
0.428999998	  0.139 	  -48.02 	 
0.431199998	  0.142 	  -44.94 	 
0.433399998	  0.145 	  -42.34 	 
0.435599998	  0.147 	  -40.26 	 
0.437799998	  0.149 	  -38.78 	 
0.439999998	  0.150 	  -37.97 	 
0.442199998	  0.151 	  -37.73 	 
0.444399998	  0.152 	  -38.12 	 
0.446599998	  0.151 	  -39.09 	 
0.448799998	  0.150 	  -40.75 	 
0.450999998	  0.150 	  -42.96 	 
0.453199998	  0.148 	  -45.84 	 
0.455399998	  0.146 	  -49.02 	 
0.457599998	  0.143 	  -52.61 	 
0.459799998	  0.142 	  -56.46 	 
0.461999997	  0.138 	  -60.38 	 
0.464199997	  0.135 	  -64.35 	 
0.466399997	  0.132 	  -68.24 	 
0.468599997	  0.130 	  -72.00 	 
0.470799997	  0.126 	  -75.33 	 
0.472999997	  0.124 	  -78.38 	 
0.475199997	  0.121 	  -80.96 	 
0.477399997	  0.119 	  -82.95 	 
0.479599997	  0.118 	  -84.40 	 
0.481799997	  0.118 	  -85.24 	 
0.483999997	  0.117 	  -85.45 	 
0.486199997	  0.116 	  -85.06 	 
0.488399997	  0.117 	  -84.14 	 
0.490599997	  0.117 	  -82.52 	 
0.492799997	  0.118 	  -80.26 	 
0.494999997	  0.121 	  -77.40 	 
0.497199997	  0.122 	  -74.17 	 
0.499399997	  0.124 	  -70.53 	 
0.501599997	  0.125 	  -66.65 	 
0.503799997	  0.128 	  -62.64 	 
0.505999997	  0.131 	  -58.65 	 
0.508199997	  0.134 	  -54.76 	 
0.510399997	  0.137 	  -51.02 	 
0.512599997	  0.140 	  -47.66 	 
0.514799997	  0.143 	  -44.63 	 
0.516999997	  0.145 	  -42.08 	 
0.519199997	  0.148 	  -40.10 	 
0.521399997	  0.149 	  -38.66 	 
0.523599997	  0.151 	  -37.88 	 
0.525799997	  0.152 	  -37.75 	 
0.527999997	  0.151 	  -38.18 	 
0.530199997	  0.151 	  -39.24 	 
0.532399997	  0.151 	  -40.98 	 
0.534599997	  0.149 	  -43.28 	 
0.536799997	  0.148 	  -46.11 	 
0.538999997	  0.145 	  -49.41 	 
0.541199997	  0.144 	  -53.11 	 
0.543399997	  0.140 	  -56.89 	 
0.545599997	  0.137 	  -60.88 	 
0.547799997	  0.135 	  -64.87 	 
0.549999997	  0.132 	  -68.74 	 
0.552199997	  0.129 	  -72.37 	 
0.554399997	  0.126 	  -75.74 	 
0.556599997	  0.124 	  -78.73 	 
0.558799997	  0.121 	  -81.23 	 
0.560999997	  0.120 	  -83.20 	 
0.563199997	  0.118 	  -84.59 	 
0.565399997	  0.117 	  -85.35 	 
0.567599997	  0.117 	  -85.46 	 
0.569799997	  0.117 	  -85.01 	 
0.571999997	  0.117 	  -83.99 	 
0.574199997	  0.117 	  -82.27 	 
0.576399997	  0.119 	  -79.92 	 
0.578599997	  0.120 	  -77.16 	 
0.580799997	  0.121 	  -73.78 	 
0.582999997	  0.123 	  -70.07 	 
0.585199997	  0.127 	  -66.18 	 
0.587399997	  0.129 	  -62.18 	 
0.589599997	  0.132 	  -58.19 	 
0.591799997	  0.134 	  -54.32 	 
0.593999997	  0.138 	  -50.65 	 
0.596199997	  0.140 	  -47.27 	 
0.598399997	  0.143 	  -44.30 	 
0.600599997	  0.146 	  -41.82 	 
0.602799997	  0.148 	  -39.85 	 
0.604999997	  0.150 	  -38.52 	 
0.607199997	  0.151 	  -37.81 	 
0.609399997	  0.152 	  -37.75 	 
0.611599997	  0.152 	  -38.27 	 
0.613799997	  0.151 	  -39.49 	 
0.615999997	  0.150 	  -41.23 	 
0.618199997	  0.149 	  -43.62 	 
0.620399997	  0.147 	  -46.52 	 
0.622599997	  0.145 	  -49.87 	 
0.624799997	  0.143 	  -53.52 	 
0.626999997	  0.140 	  -57.37 	 
0.629199997	  0.137 	  -61.40 	 
0.631399997	  0.134 	  -65.37 	 
0.633599997	  0.132 	  -69.18 	 
0.635799997	  0.128 	  -72.81 	 
0.637999997	  0.125 	  -76.17 	 
0.640199997	  0.123 	  -79.06 	 
0.642399997	  0.121 	  -81.47 	 
0.644599997	  0.119 	  -83.44 	 
0.646799996	  0.118 	  -84.72 	 
0.648999996	  0.117 	  -85.40 	 
0.651199996	  0.116 	  -85.46 	 
0.653399996	  0.117 	  -85.01 	 
0.655599996	  0.117 	  -83.84 	 
0.657799996	  0.118 	  -82.04 	 
0.659999996	  0.119 	  -79.70 	 
0.662199996	  0.120 	  -76.69 	 
0.664399996	  0.122 	  -73.35 	 
0.666599996	  0.124 	  -69.58 	 
0.668799996	  0.126 	  -65.71 	 
0.670999996	  0.129 	  -61.74 	 
0.673199996	  0.131 	  -57.74 	 
0.675399996	  0.135 	  -53.83 	 
0.677599996	  0.137 	  -50.18 	 
0.679799996	  0.140 	  -46.89 	 
0.681999996	  0.143 	  -43.92 	 
0.684199996	  0.146 	  -41.51 	 
0.686399996	  0.148 	  -39.63 	 
0.688599996	  0.149 	  -38.37 	 
0.690799996	  0.151 	  -37.78 	 
0.692999996	  0.151 	  -37.82 	 
0.695199996	  0.152 	  -38.40 	 
0.697399996	  0.151 	  -39.64 	 
0.699599996	  0.150 	  -41.52 	 
0.701799996	  0.149 	  -43.89 	 
0.703999996	  0.147 	  -46.95 	 
0.706199996	  0.145 	  -50.27 	 
0.708399996	  0.143 	  -53.94 	 
0.710599996	  0.140 	  -57.88 	 
0.712799996	  0.137 	  -61.87 	 
0.714999996	  0.134 	  -65.76 	 
0.717199996	  0.131 	  -69.63 	 
0.719399996	  0.128 	  -73.24 	 
0.721599996	  0.125 	  -76.45 	 
0.723799996	  0.123 	  -79.36 	 
0.725999996	  0.120 	  -81.75 	 
0.728199996	  0.119 	  -83.57 	 
0.730399996	  0.118 	  -84.82 	 
0.732599996	  0.117 	  -85.44 	 
0.734799996	  0.116 	  -85.43 	 
0.736999996	  0.116 	  -84.78 	 
0.739199996	  0.117 	  -83.63 	 
0.741399996	  0.117 	  -81.71 	 
0.743599996	  0.119 	  -79.28 	 
0.745799996	  0.120 	  -76.32 	 
0.747999996	  0.122 	  -72.92 	 
0.750199996	  0.124 	  -69.16 	 
0.752399996	  0.127 	  -65.22 	 
0.754599996	  0.129 	  -61.16 	 
0.756799996	  0.132 	  -57.21 	 
0.758999996	  0.136 	  -53.35 	 
0.761199996	  0.138 	  -49.75 	 
0.763399996	  0.141 	  -46.49 	 
0.765599996	  0.144 	  -43.64 	 
0.767799996	  0.146 	  -41.28 	 
0.769999996	  0.148 	  -39.49 	 
0.772199996	  0.150 	  -38.30 	 
0.774399996	  0.151 	  -37.73 	 
0.776599996	  0.151 	  -37.79 	 
0.778799996	  0.151 	  -38.50 	 
0.780999996	  0.151 	  -39.83 	 
0.783199996	  0.149 	  -41.73 	 
0.785399996	  0.149 	  -44.24 	 
0.787599996	  0.147 	  -47.30 	 
0.789799996	  0.145 	  -50.70 	 
0.791999996	  0.142 	  -54.41 	 
0.794199996	  0.139 	  -58.35 	 
0.796399996	  0.137 	  -62.34 	 
0.798599996	  0.134 	  -66.24 	 
0.800799996	  0.130 	  -70.03 	 
0.802999996	  0.128 	  -73.63 	 
0.805199996	  0.125 	  -76.83 	 
0.807399996	  0.123 	  -79.62 	 
0.809599996	  0.121 	  -81.95 	 
0.811799996	  0.118 	  -83.74 	 
0.813999996	  0.117 	  -84.85 	 
0.816199996	  0.117 	  -85.47 	 
0.818399996	  0.116 	  -85.37 	 
0.820599996	  0.117 	  -84.63 	 
0.822799996	  0.117 	  -83.39 	 
0.824999996	  0.119 	  -81.47 	 
0.827199996	  0.119 	  -78.94 	 
0.829399996	  0.120 	  -75.88 	 
0.831599995	  0.122 	  -72.49 	 
0.833799995	  0.125 	  -68.68 	 
0.835999995	  0.127 	  -64.70 	 
0.838199995	  0.129 	  -60.67 	 
0.840399995	  0.132 	  -56.72 	 
0.842599995	  0.135 	  -52.88 	 
0.844799995	  0.138 	  -49.34 	 
0.846999995	  0.141 	  -46.12 	 
0.849199995	  0.144 	  -43.34 	 
0.851399995	  0.146 	  -41.05 	 
0.853599995	  0.149 	  -39.31 	 
0.855799995	  0.150 	  -38.19 	 
0.857999995	  0.151 	  -37.71 	 
0.860199995	  0.151 	  -37.86 	 
0.862399995	  0.152 	  -38.58 	 
0.864599995	  0.151 	  -40.05 	 
0.866799995	  0.150 	  -42.01 	 
0.868999995	  0.148 	  -44.62 	 
0.871199995	  0.146 	  -47.67 	 
0.873399995	  0.144 	  -51.20 	 
0.875599995	  0.142 	  -54.92 	 
0.877799995	  0.139 	  -58.79 	 
0.879999995	  0.136 	  -62.80 	 
0.882199995	  0.133 	  -66.70 	 
0.884399995	  0.129 	  -70.49 	 
0.886599995	  0.128 	  -74.02 	 
0.888799995	  0.124 	  -77.22 	 
0.890999995	  0.123 	  -79.93 	 
0.893199995	  0.120 	  -82.19 	 
0.895399995	  0.119 	  -83.93 	 
0.897599995	  0.117 	  -85.00 	 
0.899799995	  0.117 	  -85.50 	 
0.901999995	  0.116 	  -85.29 	 
0.904199995	  0.117 	  -84.58 	 
0.906399995	  0.117 	  -83.18 	 
0.908599995	  0.118 	  -81.18 	 
0.910799995	  0.120 	  -78.59 	 
0.912999995	  0.121 	  -75.49 	 
0.915199995	  0.123 	  -71.98 	 
0.917399995	  0.125 	  -68.24 	 
0.919599995	  0.127 	  -64.26 	 
0.921799995	  0.130 	  -60.22 	 
0.923999995	  0.132 	  -56.27 	 
0.926199995	  0.136 	  -52.44 	 
0.928399995	  0.139 	  -48.90 	 
0.930599995	  0.142 	  -45.77 	 
0.932799995	  0.145 	  -43.03 	 
0.934999995	  0.147 	  -40.81 	 
0.937199995	  0.149 	  -39.15 	 
0.939399995	  0.150 	  -38.16 	 
0.941599995	  0.151 	  -37.71 	 
0.943799995	  0.152 	  -37.95 	 
0.945999995	  0.151 	  -38.74 	 
0.948199995	  0.151 	  -40.18 	 
0.950399995	  0.149 	  -42.33 	 
0.952599995	  0.148 	  -44.96 	 
0.954799995	  0.146 	  -48.08 	 
0.956999995	  0.145 	  -51.58 	 
0.959199995	  0.141 	  -55.41 	 
0.961399995	  0.138 	  -59.29 	 
0.963599995	  0.136 	  -63.26 	 
0.965799995	  0.133 	  -67.22 	 
0.967999995	  0.130 	  -70.94 	 
0.970199995	  0.127 	  -74.42 	 
0.972399995	  0.124 	  -77.61 	 
0.974599995	  0.122 	  -80.28 	 
0.976799995	  0.120 	  -82.43 	 
0.978999995	  0.119 	  -84.12 	 
0.981199995	  0.118 	  -85.06 	 
0.983399995	  0.117 	  -85.46 	 
0.985599995	  0.116 	  -85.27 	 
0.987799995	  0.117 	  -84.45 	 
0.989999995	  0.117 	  -83.00 	 
0.992199995	  0.118 	  -80.90 	 
0.994399995	  0.120 	  -78.29 	 
0.996599995	  0.121 	  -75.08 	 
0.998799995	  0.123 	  -71.58 	 
1.000999995	  0.125 	  -67.72 	 
1.003199995	  0.128 	  -63.81 	 
1.005399995	  0.130 	  -59.76 	 
1.007599995	  0.133 	  -55.81 	 
1.009799995	  0.136 	  -52.03 	 
1.011999995	  0.139 	  -48.54 	 
1.014199995	  0.141 	  -45.37 	 
1.016399994	  0.145 	  -42.70 	 
1.018599994	  0.147 	  -40.56 	 
1.020799994	  0.149 	  -38.96 	 
1.022999994	  0.150 	  -38.01 	 
1.025199994	  0.151 	  -37.70 	 
1.027399994	  0.152 	  -37.99 	 
1.029599994	  0.151 	  -38.92 	 
1.031799994	  0.150 	  -40.42 	 
1.033999994	  0.149 	  -42.61 	 
1.036199994	  0.148 	  -45.31 	 
1.038399994	  0.146 	  -48.57 	 
1.040599994	  0.143 	  -52.01 	 
1.042799994	  0.142 	  -55.81 	 
1.044999994	  0.138 	  -59.79 	 
1.047199994	  0.135 	  -63.75 	 
1.049399994	  0.132 	  -67.63 	 
1.051599994	  0.130 	  -71.42 	 
1.053799994	  0.127 	  -74.85 	 
1.055999994	  0.124 	  -77.90 	 
1.058199994	  0.122 	  -80.56 	 
1.060399994	  0.120 	  -82.67 	 
1.062599994	  0.119 	  -84.23 	 
1.064799994	  0.117 	  -85.17 	 
1.066999994	  0.117 	  -85.50 	 
1.069199994	  0.117 	  -85.20 	 
1.071399994	  0.117 	  -84.30 	 
1.073599994	  0.117 	  -82.81 	 
1.075799994	  0.118 	  -80.59 	 
1.077999994	  0.120 	  -77.89 	 
1.080199994	  0.121 	  -74.61 	 
1.082399994	  0.123 	  -71.07 	 
1.084599994	  0.125 	  -67.31 	 
1.086799994	  0.128 	  -63.30 	 
1.088999994	  0.131 	  -59.27 	 
1.091199994	  0.134 	  -55.30 	 
1.093399994	  0.136 	  -51.58 	 
1.095599994	  0.140 	  -48.09 	 
1.097799994	  0.143 	  -45.02 	 
1.099999994	  0.145 	  -42.44 	 
1.102199994	  0.147 	  -40.34 	 
1.104399994	  0.150 	  -38.88 	 
1.106599994	  0.151 	  -37.99 	 
1.108799994	  0.151 	  -37.72 	 
1.110999994	  0.152 	  -38.09 	 
1.113199994	  0.151 	  -39.00 	 
1.115399994	  0.150 	  -40.67 	 
1.117599994	  0.149 	  -42.92 	 
1.119799994	  0.148 	  -45.66 	 
1.121999994	  0.146 	  -48.86 	 
1.124199994	  0.144 	  -52.51 	 
1.126399994	  0.141 	  -56.35 	 
1.128599994	  0.138 	  -60.23 	 
1.130799994	  0.135 	  -64.26 	 
1.132999994	  0.132 	  -68.13 	 
1.135199994	  0.129 	  -71.80 	 
1.137399994	  0.127 	  -75.24 	 
1.139599994	  0.124 	  -78.30 	 
1.141799994	  0.122 	  -80.83 	 
1.143999994	  0.120 	  -82.90 	 
1.146199994	  0.118 	  -84.41 	 
1.148399994	  0.117 	  -85.23 	 
1.150599994	  0.117 	  -85.48 	 
1.152799994	  0.116 	  -85.13 	 
1.154999994	  0.117 	  -84.17 	 
1.157199994	  0.117 	  -82.54 	 
1.159399994	  0.119 	  -80.26 	 
1.161599994	  0.120 	  -77.52 	 
1.163799994	  0.122 	  -74.25 	 
1.165999994	  0.123 	  -70.68 	 
1.168199994	  0.126 	  -66.76 	 
1.170399994	  0.129 	  -62.79 	 
1.172599994	  0.131 	  -58.79 	 
1.174799994	  0.134 	  -54.89 	 
1.176999994	  0.137 	  -51.18 	 
1.179199994	  0.140 	  -47.75 	 
1.181399994	  0.143 	  -44.69 	 
1.183599994	  0.145 	  -42.17 	 
1.185799994	  0.147 	  -40.14 	 
1.187999994	  0.150 	  -38.69 	 
1.190199994	  0.151 	  -37.89 	 
1.192399994	  0.151 	  -37.71 	 
1.194599994	  0.151 	  -38.12 	 
1.196799994	  0.151 	  -39.18 	 
1.198999994	  0.150 	  -40.94 	 
1.201199993	  0.149 	  -43.17 	 
1.203399993	  0.147 	  -46.03 	 
1.205599993	  0.146 	  -49.29 	 
1.207799993	  0.143 	  -52.96 	 
1.209999993	  0.140 	  -56.80 	 
1.212199993	  0.137 	  -60.74 	 
1.214399993	  0.134 	  -64.70 	 
1.216599993	  0.132 	  -68.60 	 
1.218799993	  0.129 	  -72.27 	 
1.220999993	  0.126 	  -75.62 	 
1.223199993	  0.124 	  -78.62 	 
1.225399993	  0.121 	  -81.11 	 
1.227599993	  0.120 	  -83.11 	 
1.229799993	  0.118 	  -84.56 	 
1.231999993	  0.117 	  -85.34 	 
1.234199993	  0.116 	  -85.46 	 
1.236399993	  0.117 	  -85.06 	 
1.238599993	  0.117 	  -84.01 	 
1.240799993	  0.117 	  -82.28 	 
1.242999993	  0.119 	  -80.00 	 
1.245199993	  0.120 	  -77.17 	 
1.247399993	  0.121 	  -73.82 	 
1.249599993	  0.124 	  -70.20 	 
1.251799993	  0.126 	  -66.29 	 
1.253999993	  0.128 	  -62.32 	 
1.256199993	  0.131 	  -58.33 	 
1.258399993	  0.134 	  -54.44 	 
1.260599993	  0.137 	  -50.69 	 
1.262799993	  0.140 	  -47.35 	 
1.264999993	  0.143 	  -44.33 	 
1.267199993	  0.146 	  -41.81 	 
1.269399993	  0.147 	  -39.87 	 
1.271599993	  0.150 	  -38.55 	 
1.273799993	  0.151 	  -37.82 	 
1.275999993	  0.152 	  -37.75 	 
1.278199993	  0.152 	  -38.28 	 
1.280399993	  0.151 	  -39.37 	 
1.282599993	  0.150 	  -41.16 	 
1.284799993	  0.149 	  -43.49 	 
1.286999993	  0.147 	  -46.45 	 
1.289199993	  0.145 	  -49.76 	 
1.291399993	  0.143 	  -53.40 	 
1.293599993	  0.140 	  -57.26 	 
1.295799993	  0.138 	  -61.24 	 
1.297999993	  0.134 	  -65.23 	 
1.300199993	  0.131 	  -69.02 	 
1.302399993	  0.129 	  -72.72 	 
1.304599993	  0.126 	  -76.01 	 
1.306799993	  0.123 	  -78.92 	 
1.308999993	  0.122 	  -81.45 	 
1.311199993	  0.120 	  -83.33 	 
1.313399993	  0.118 	  -84.67 	 
1.315599993	  0.117 	  -85.35 	 
1.317799993	  0.116 	  -85.47 	 
1.319999993	  0.117 	  -84.94 	 
1.322199993	  0.117 	  -83.87 	 
1.324399993	  0.117 	  -82.06 	 
1.326599993	  0.118 	  -79.67 	 
1.328799993	  0.120 	  -76.75 	 
1.330999993	  0.122 	  -73.47 	 
1.333199993	  0.125 	  -69.73 	 
1.335399993	  0.126 	  -65.86 	 
1.337599993	  0.129 	  -61.82 	 
1.339799993	  0.132 	  -57.80 	 
1.341999993	  0.134 	  -53.94 	 
1.344199993	  0.138 	  -50.30 	 
1.346399993	  0.140 	  -46.94 	 
1.348599993	  0.143 	  -44.04 	 
1.350799993	  0.145 	  -41.61 	 
1.352999993	  0.149 	  -39.69 	 
1.355199993	  0.150 	  -38.41 	 
1.357399993	  0.151 	  -37.79 	 
1.359599993	  0.151 	  -37.70 	 
1.361799993	  0.151 	  -38.31 	 
1.363999993	  0.150 	  -39.57 	 
1.366199993	  0.151 	  -41.38 	 
1.368399993	  0.148 	  -43.83 	 
1.370599993	  0.146 	  -46.76 	 
1.372799993	  0.145 	  -50.18 	 
1.374999993	  0.143 	  -53.87 	 
1.377199993	  0.140 	  -57.76 	 
1.379399993	  0.137 	  -61.67 	 
1.381599993	  0.134 	  -65.70 	 
1.383799993	  0.131 	  -69.52 	 
1.385999992	  0.128 	  -73.12 	 
1.388199992	  0.125 	  -76.38 	 
1.390399992	  0.123 	  -79.30 	 
1.392599992	  0.120 	  -81.64 	 
1.394799992	  0.119 	  -83.56 	 
1.396999992	  0.118 	  -84.80 	 
1.399199992	  0.117 	  -85.39 	 
1.401399992	  0.117 	  -85.44 	 
1.403599992	  0.117 	  -84.85 	 
1.405799992	  0.117 	  -83.63 	 
1.407999992	  0.118 	  -81.81 	 
1.410199992	  0.119 	  -79.43 	 
1.412399992	  0.120 	  -76.38 	 
1.414599992	  0.122 	  -72.97 	 
1.416799992	  0.124 	  -69.22 	 
1.418999992	  0.127 	  -65.35 	 
1.421199992	  0.129 	  -61.33 	 
1.423399992	  0.132 	  -57.34 	 
1.425599992	  0.135 	  -53.48 	 
1.427799992	  0.138 	  -49.83 	 
1.429999992	  0.140 	  -46.56 	 
1.432199992	  0.143 	  -43.69 	 
1.434399992	  0.146 	  -41.33 	 
1.436599992	  0.148 	  -39.55 	 
1.438799992	  0.150 	  -38.32 	 
1.440999992	  0.151 	  -37.72 	 
1.443199992	  0.151 	  -37.82 	 
1.445399992	  0.152 	  -38.49 	 
1.447599992	  0.151 	  -39.76 	 
1.449799992	  0.150 	  -41.66 	 
1.451999992	  0.148 	  -44.20 	 
1.454199992	  0.147 	  -47.17 	 
1.456399992	  0.145 	  -50.57 	 
1.458599992	  0.143 	  -54.28 	 
1.460799992	  0.139 	  -58.22 	 
1.462999992	  0.136 	  -62.19 	 
1.465199992	  0.133 	  -66.13 	 
1.467399992	  0.131 	  -69.99 	 
1.469599992	  0.128 	  -73.54 	 
1.471799992	  0.125 	  -76.74 	 
1.473999992	  0.123 	  -79.61 	 
1.476199992	  0.121 	  -81.92 	 
1.478399992	  0.119 	  -83.68 	 
1.480599992	  0.119 	  -84.87 	 
1.482799992	  0.117 	  -85.44 	 
1.484999992	  0.117 	  -85.36 	 
1.487199992	  0.117 	  -84.73 	 
1.489399992	  0.117 	  -83.48 	 
1.491599992	  0.118 	  -81.52 	 
1.493799992	  0.119 	  -79.00 	 
1.495999992	  0.120 	  -76.01 	 
1.498199992	  0.122 	  -72.57 	 
1.500399992	  0.125 	  -68.76 	 
1.502599992	  0.127 	  -64.87 	 
1.504799992	  0.130 	  -60.82 	 
1.506999992	  0.132 	  -56.86 	 
1.509199992	  0.135 	  -53.02 	 
1.511399992	  0.138 	  -49.45 	 
1.513599992	  0.141 	  -46.21 	 
1.515799992	  0.144 	  -43.40 	 
1.517999992	  0.146 	  -41.10 	 
1.520199992	  0.148 	  -39.31 	 
1.522399992	  0.150 	  -38.21 	 
1.524599992	  0.151 	  -37.72 	 
1.526799992	  0.152 	  -37.85 	 
1.528999992	  0.151 	  -38.58 	 
1.531199992	  0.151 	  -39.99 	 
1.533399992	  0.150 	  -41.96 	 
1.535599992	  0.149 	  -44.50 	 
1.537799992	  0.146 	  -47.59 	 
1.539999992	  0.144 	  -51.05 	 
1.542199992	  0.142 	  -54.79 	 
1.544399992	  0.139 	  -58.68 	 
1.546599992	  0.137 	  -62.68 	 
1.548799992	  0.133 	  -66.67 	 
1.550999992	  0.130 	  -70.40 	 
1.553199992	  0.127 	  -73.91 	 
1.555399992	  0.125 	  -77.14 	 
1.557599992	  0.122 	  -79.94 	 
1.559799992	  0.120 	  -82.10 	 
1.561999992	  0.118 	  -83.90 	 
1.564199992	  0.118 	  -84.98 	 
1.566399992	  0.117 	  -85.44 	 
1.568599992	  0.117 	  -85.31 	 
1.570799991	  0.117 	  -84.65 	 
1.572999991	  0.117 	  -83.26 	 
1.575199991	  0.118 	  -81.24 	 
1.577399991	  0.119 	  -78.70 	 
1.579599991	  0.121 	  -75.60 	 
1.581799991	  0.122 	  -72.11 	 
1.583999991	  0.125 	  -68.32 	 
1.586199991	  0.127 	  -64.34 	 
1.588399991	  0.130 	  -60.39 	 
1.590599991	  0.132 	  -56.41 	 
1.592799991	  0.135 	  -52.59 	 
1.594999991	  0.139 	  -49.05 	 
1.597199991	  0.141 	  -45.86 	 
1.599399991	  0.144 	  -43.06 	 
1.601599991	  0.146 	  -40.84 	 
1.603799991	  0.149 	  -39.17 	 
1.605999991	  0.150 	  -38.12 	 
1.608199991	  0.151 	  -37.70 	 
1.610399991	  0.152 	  -37.96 	 
1.612599991	  0.151 	  -38.75 	 
1.614799991	  0.151 	  -40.19 	 
1.616999991	  0.150 	  -42.28 	 
1.619199991	  0.148 	  -44.85 	 
1.621399991	  0.146 	  -48.05 	 
1.623599991	  0.144 	  -51.47 	 
1.625799991	  0.141 	  -55.22 	 
1.627999991	  0.139 	  -59.20 	 
1.630199991	  0.135 	  -63.21 	 
1.632399991	  0.133 	  -67.07 	 
1.634599991	  0.130 	  -70.82 	 
1.636799991	  0.127 	  -74.39 	 
1.638999991	  0.125 	  -77.48 	 
1.641199991	  0.122 	  -80.17 	 
1.643399991	  0.120 	  -82.43 	 
1.645599991	  0.119 	  -84.04 	 
1.647799991	  0.117 	  -85.05 	 
1.649999991	  0.117 	  -85.50 	 
1.652199991	  0.116 	  -85.27 	 
1.654399991	  0.117 	  -84.45 	 
1.656599991	  0.117 	  -83.05 	 
1.658799991	  0.118 	  -80.94 	 
1.660999991	  0.120 	  -78.32 	 
1.663199991	  0.121 	  -75.16 	 
1.665399991	  0.123 	  -71.69 	 
1.667599991	  0.125 	  -67.87 	 
1.669799991	  0.127 	  -63.91 	 
1.671999991	  0.130 	  -59.88 	 
1.674199991	  0.134 	  -55.87 	 
1.676399991	  0.136 	  -52.11 	 
1.678599991	  0.139 	  -48.58 	 
1.680799991	  0.142 	  -45.48 	 
1.682999991	  0.145 	  -42.79 	 
1.685199991	  0.147 	  -40.63 	 
1.687399991	  0.149 	  -39.05 	 
1.689599991	  0.150 	  -38.07 	 
1.691799991	  0.151 	  -37.70 	 
1.693999991	  0.152 	  -37.97 	 
1.696199991	  0.151 	  -38.85 	 
1.698399991	  0.151 	  -40.42 	 
1.700599991	  0.150 	  -42.54 	 
1.702799991	  0.147 	  -45.24 	 
1.704999991	  0.146 	  -48.41 	 
1.707199991	  0.144 	  -51.98 	 
1.709399991	  0.142 	  -55.74 	 
1.711599991	  0.138 	  -59.63 	 
1.713799991	  0.136 	  -63.62 	 
1.715999991	  0.132 	  -67.56 	 
1.718199991	  0.130 	  -71.25 	 
1.720399991	  0.127 	  -74.77 	 
1.722599991	  0.124 	  -77.83 	 
1.724799991	  0.122 	  -80.47 	 
1.726999991	  0.120 	  -82.64 	 
1.729199991	  0.119 	  -84.21 	 
1.731399991	  0.117 	  -85.13 	 
1.733599991	  0.117 	  -85.51 	 
1.735799991	  0.116 	  -85.22 	 
1.737999991	  0.117 	  -84.33 	 
1.740199991	  0.117 	  -82.81 	 
1.742399991	  0.118 	  -80.70 	 
1.744599991	  0.119 	  -77.98 	 
1.746799991	  0.121 	  -74.76 	 
1.748999991	  0.123 	  -71.21 	 
1.751199991	  0.125 	  -67.36 	 
1.753399990	  0.128 	  -63.41 	 
1.755599990	  0.131 	  -59.41 	 
1.757799990	  0.133 	  -55.43 	 
1.759999990	  0.136 	  -51.64 	 
1.762199990	  0.139 	  -48.19 	 
1.764399990	  0.142 	  -45.12 	 
1.766599990	  0.145 	  -42.48 	 
1.768799990	  0.147 	  -40.39 	 
1.770999990	  0.149 	  -38.85 	 
1.773199990	  0.150 	  -37.96 	 
1.775399990	  0.151 	  -37.71 	 
1.777599990	  0.151 	  -38.06 	 
1.779799990	  0.152 	  -39.03 	 
1.781999990	  0.150 	  -40.62 	 
1.784199990	  0.149 	  -42.85 	 
1.786399990	  0.148 	  -45.60 	 
1.788599990	  0.145 	  -48.88 	 
1.790799990	  0.144 	  -52.39 	 
1.792999990	  0.141 	  -56.20 	 
1.795199990	  0.138 	  -60.14 	 
1.797399990	  0.135 	  -64.16 	 
1.799599990	  0.132 	  -68.01 	 
1.801799990	  0.129 	  -71.72 	 
1.803999990	  0.126 	  -75.17 	 
1.806199990	  0.123 	  -78.18 	 
1.808399990	  0.121 	  -80.77 	 
1.810599990	  0.120 	  -82.85 	 
1.812799990	  0.118 	  -84.35 	 
1.814999990	  0.117 	  -85.20 	 
1.817199990	  0.117 	  -85.48 	 
1.819399990	  0.116 	  -85.13 	 
1.821599990	  0.116 	  -84.19 	 
1.823799990	  0.117 	  -82.62 	 
1.825999990	  0.117 	  -80.38 	 
1.828199990	  0.119 	  -77.59 	 
1.830399990	  0.121 	  -74.34 	 
1.832599990	  0.124 	  -70.72 	 
1.834799990	  0.125 	  -66.92 	 
1.836999990	  0.128 	  -62.95 	 
1.839199990	  0.131 	  -58.87 	 
1.841399990	  0.134 	  -54.95 	 
1.843599990	  0.137 	  -51.21 	 
1.845799990	  0.139 	  -47.78 	 
1.847999990	  0.142 	  -44.76 	 
1.850199990	  0.144 	  -42.19 	 
1.852399990	  0.148 	  -40.15 	 
1.854599990	  0.149 	  -38.76 	 
1.856799990	  0.150 	  -37.97 	 
1.858999990	  0.151 	  -37.76 	 
1.861199990	  0.151 	  -38.16 	 
1.863399990	  0.151 	  -39.17 	 
1.865599990	  0.150 	  -40.83 	 
1.867799990	  0.149 	  -43.19 	 
1.869999990	  0.148 	  -45.99 	 
1.872199990	  0.145 	  -49.23 	 
1.874399990	  0.143 	  -52.81 	 
1.876599990	  0.141 	  -56.74 	 
1.878799990	  0.137 	  -60.62 	 
1.880999990	  0.134 	  -64.58 	 
1.883199990	  0.131 	  -68.47 	 
1.885399990	  0.129 	  -72.13 	 
1.887599990	  0.126 	  -75.51 	 
1.889799990	  0.123 	  -78.55 	 
1.891999990	  0.121 	  -81.07 	 
1.894199990	  0.119 	  -83.04 	 
1.896399990	  0.118 	  -84.49 	 
1.898599990	  0.117 	  -85.26 	 
1.900799990	  0.116 	  -85.46 	 
1.902999990	  0.117 	  -85.02 	 
1.905199990	  0.117 	  -84.04 	 
1.907399990	  0.117 	  -82.38 	 
1.909599990	  0.118 	  -80.08 	 
1.911799990	  0.120 	  -77.21 	 
1.913999990	  0.121 	  -73.95 	 
1.916199990	  0.124 	  -70.31 	 
1.918399990	  0.125 	  -66.40 	 
1.920599990	  0.128 	  -62.40 	 
1.922799990	  0.131 	  -58.44 	 
1.924999990	  0.134 	  -54.51 	 
1.927199990	  0.137 	  -50.84 	 
1.929399990	  0.140 	  -47.43 	 
1.931599990	  0.142 	  -44.43 	 
1.933799990	  0.146 	  -41.89 	 
1.935999990	  0.148 	  -39.96 	 
1.938199989	  0.150 	  -38.56 	 
1.940399989	  0.151 	  -37.87 	 
1.942599989	  0.151 	  -37.76 	 
1.944799989	  0.151 	  -38.27 	 
1.946999989	  0.151 	  -39.37 	 
1.949199989	  0.150 	  -41.12 	 
1.951399989	  0.149 	  -43.41 	 
1.953599989	  0.148 	  -46.36 	 
1.955799989	  0.145 	  -49.65 	 
1.957999989	  0.143 	  -53.25 	 
1.960199989	  0.140 	  -57.18 	 
1.962399989	  0.137 	  -61.16 	 
1.964599989	  0.134 	  -65.10 	 
1.966799989	  0.131 	  -68.95 	 
1.968999989	  0.128 	  -72.61 	 
1.971199989	  0.125 	  -75.92 	 
1.973399989	  0.123 	  -78.83 	 
1.975599989	  0.121 	  -81.40 	 
1.977799989	  0.119 	  -83.26 	 
1.979999989	  0.118 	  -84.61 	 
1.982199989	  0.117 	  -85.37 	 
1.984399989	  0.116 	  -85.44 	 
1.986599989	  0.116 	  -84.95 	 
1.988799989	  0.117 	  -83.94 	 
1.990999989	  0.117 	  -82.19 	 
1.993199989	  0.119 	  -79.76 	 
1.995399989	  0.120 	  -76.84 	 
1.997599989	  0.122 	  -73.52 	 
1.999799989	  0.123 	  -69.88 	 
2.001999989	  0.126 	  -65.96 	 
2.004199989	  0.129 	  -61.97 	 
2.006399989	  0.131 	  -57.93 	 
2.008599989	  0.134 	  -54.09 	 
2.010799989	  0.137 	  -50.39 	 
2.012999989	  0.140 	  -47.05 	 
2.015199989	  0.143 	  -44.14 	 
2.017399989	  0.146 	  -41.66 	 
2.019599989	  0.147 	  -39.81 	 
2.021799989	  0.149 	  -38.50 	 
2.023999989	  0.151 	  -37.84 	 
2.026199989	  0.151 	  -37.82 	 
2.028399989	  0.152 	  -38.37 	 
2.030599989	  0.150 	  -39.52 	 
2.032799989	  0.150 	  -41.42 	 
2.034999989	  0.149 	  -43.80 	 
2.037199989	  0.147 	  -46.71 	 
2.039399989	  0.145 	  -50.06 	 
2.041599989	  0.142 	  -53.80 	 
2.043799989	  0.139 	  -57.65 	 
2.045999989	  0.137 	  -61.57 	 
2.048199989	  0.134 	  -65.59 	 
2.050399989	  0.131 	  -69.42 	 
2.052599989	  0.128 	  -72.99 	 
2.054799989	  0.125 	  -76.32 	 
2.056999989	  0.123 	  -79.21 	 
2.059199989	  0.121 	  -81.58 	 
2.061399989	  0.119 	  -83.46 	 
2.063599989	  0.117 	  -84.79 	 
2.065799989	  0.117 	  -85.44 	 
2.067999989	  0.116 	  -85.44 	 
2.070199989	  0.117 	  -84.90 	 
2.072399989	  0.117 	  -83.70 	 
2.074599989	  0.117 	  -81.86 	 
2.076799989	  0.119 	  -79.44 	 
2.078999989	  0.120 	  -76.51 	 
2.081199989	  0.121 	  -73.11 	 
2.083399989	  0.124 	  -69.41 	 
2.085599989	  0.127 	  -65.46 	 
2.087799989	  0.129 	  -61.50 	 
2.089999989	  0.132 	  -57.48 	 
2.092199989	  0.135 	  -53.61 	 
2.094399989	  0.138 	  -49.97 	 
2.096599989	  0.140 	  -46.66 	 
2.098799989	  0.143 	  -43.76 	 
2.100999989	  0.146 	  -41.38 	 
2.103199989	  0.148 	  -39.57 	 
2.105399989	  0.149 	  -38.33 	 
2.107599989	  0.151 	  -37.78 	 
2.109799989	  0.151 	  -37.85 	 
2.111999989	  0.151 	  -38.45 	 
2.114199989	  0.151 	  -39.74 	 
2.116399989	  0.150 	  -41.60 	 
2.118599989	  0.148 	  -44.07 	 
2.120799989	  0.147 	  -47.17 	 
2.122999988	  0.144 	  -50.53 	 
2.125199988	  0.142 	  -54.21 	 
2.127399988	  0.139 	  -58.16 	 
2.129599988	  0.136 	  -62.10 	 
2.131799988	  0.134 	  -66.03 	 
2.133999988	  0.130 	  -69.85 	 
2.136199988	  0.128 	  -73.44 	 
2.138399988	  0.125 	  -76.63 	 
2.140599988	  0.122 	  -79.50 	 
2.142799988	  0.120 	  -81.90 	 
2.144999988	  0.119 	  -83.66 	 
2.147199988	  0.118 	  -84.83 	 
2.149399988	  0.117 	  -85.43 	 
2.151599988	  0.117 	  -85.36 	 
2.153799988	  0.117 	  -84.76 	 
2.155999988	  0.117 	  -83.48 	 
2.158199988	  0.117 	  -81.62 	 
2.160399988	  0.119 	  -79.09 	 
2.162599988	  0.121 	  -76.07 	 
2.164799988	  0.122 	  -72.61 	 
2.166999988	  0.124 	  -68.96 	 
2.169199988	  0.127 	  -64.97 	 
2.171399988	  0.130 	  -60.98 	 
2.173599988	  0.132 	  -56.95 	 
2.175799988	  0.135 	  -53.15 	 
2.177999988	  0.138 	  -49.49 	 
2.180199988	  0.141 	  -46.26 	 
2.182399988	  0.144 	  -43.45 	 
2.184599988	  0.146 	  -41.13 	 
2.186799988	  0.148 	  -39.43 	 
2.188999988	  0.149 	  -38.28 	 
2.191199988	  0.151 	  -37.76 	 
2.193399988	  0.151 	  -37.87 	 
2.195599988	  0.152 	  -38.59 	 
2.197799988	  0.151 	  -39.92 	 
2.199999988	  0.150 	  -41.89 	 
2.202199988	  0.148 	  -44.50 	 
2.204399988	  0.146 	  -47.48 	 
2.206599988	  0.145 	  -50.92 	 
2.208799988	  0.141 	  -54.69 	 
2.210999988	  0.139 	  -58.63 	 
2.213199988	  0.136 	  -62.57 	 
2.215399988	  0.134 	  -66.56 	 
2.217599988	  0.131 	  -70.27 	 
2.219799988	  0.127 	  -73.81 	 
2.221999988	  0.125 	  -77.00 	 
2.224199988	  0.122 	  -79.80 	 
2.226399988	  0.120 	  -82.06 	 
2.228599988	  0.119 	  -83.81 	 
2.230799988	  0.118 	  -84.93 	 
2.232999988	  0.116 	  -85.44 	 
2.235199988	  0.116 	  -85.35 	 
2.237399988	  0.117 	  -84.61 	 
2.239599988	  0.117 	  -83.27 	 
2.241799988	  0.118 	  -81.29 	 
2.243999988	  0.120 	  -78.78 	 
2.246199988	  0.120 	  -75.72 	 
2.248399988	  0.122 	  -72.22 	 
2.250599988	  0.124 	  -68.42 	 
