0.000000000	 -0.633 	  -69.54 	 
0.002200000	 -0.627 	  -65.67 	 
0.004400000	 -0.621 	  -61.64 	 
0.006600000	 -0.614 	  -57.66 	 
0.008800000	 -0.605 	  -53.74 	 
0.011000000	 -0.597 	  -50.12 	 
0.013200000	 -0.589 	  -46.78 	 
0.015400000	 -0.582 	  -43.90 	 
0.017600000	 -0.575 	  -41.49 	 
0.019800000	 -0.569 	  -39.62 	 
0.022000000	 -0.565 	  -38.37 	 
0.024200000	 -0.563 	  -37.77 	 
0.026400000	 -0.561 	  -37.78 	 
0.028600000	 -0.562 	  -38.35 	 
0.030800000	 -0.563 	  -39.67 	 
0.033000000	 -0.566 	  -41.47 	 
0.035200000	 -0.570 	  -43.98 	 
0.037400000	 -0.575 	  -46.95 	 
0.039600000	 -0.581 	  -50.30 	 
0.041800000	 -0.588 	  -53.99 	 
0.044000000	 -0.596 	  -57.90 	 
0.046200000	 -0.604 	  -61.94 	 
0.048400000	 -0.611 	  -65.85 	 
0.050600000	 -0.619 	  -69.79 	 
0.052800000	 -0.626 	  -73.27 	 
0.055000000	 -0.633 	  -76.58 	 
0.057200000	 -0.638 	  -79.44 	 
0.059400000	 -0.643 	  -81.79 	 
0.061600000	 -0.646 	  -83.64 	 
0.063800000	 -0.648 	  -84.84 	 
0.066000000	 -0.651 	  -85.47 	 
0.068200000	 -0.652 	  -85.48 	 
0.070400000	 -0.651 	  -84.93 	 
0.072600000	 -0.650 	  -83.65 	 
0.074800000	 -0.649 	  -81.78 	 
0.077000000	 -0.646 	  -79.30 	 
0.079200000	 -0.642 	  -76.26 	 
0.081400000	 -0.638 	  -72.86 	 
0.083600000	 -0.632 	  -69.13 	 
0.085800000	 -0.626 	  -65.14 	 
0.088000000	 -0.620 	  -61.15 	 
0.090200000	 -0.612 	  -57.22 	 
0.092399999	 -0.604 	  -53.29 	 
0.094599999	 -0.597 	  -49.67 	 
0.096799999	 -0.588 	  -46.43 	 
0.098999999	 -0.581 	  -43.58 	 
0.101199999	 -0.575 	  -41.18 	 
0.103399999	 -0.569 	  -39.46 	 
0.105599999	 -0.565 	  -38.25 	 
0.107799999	 -0.562 	  -37.74 	 
0.109999999	 -0.561 	  -37.85 	 
0.112199999	 -0.562 	  -38.50 	 
0.114399999	 -0.564 	  -39.83 	 
0.116599999	 -0.566 	  -41.77 	 
0.118799999	 -0.571 	  -44.34 	 
0.120999999	 -0.575 	  -47.30 	 
0.123199999	 -0.582 	  -50.77 	 
0.125399999	 -0.589 	  -54.45 	 
0.127599999	 -0.596 	  -58.37 	 
0.129799999	 -0.605 	  -62.42 	 
0.131999999	 -0.612 	  -66.33 	 
0.134199999	 -0.620 	  -70.16 	 
0.136399999	 -0.627 	  -73.68 	 
0.138599999	 -0.633 	  -76.91 	 
0.140799999	 -0.639 	  -79.69 	 
0.142999999	 -0.643 	  -82.02 	 
0.145199999	 -0.647 	  -83.73 	 
0.147399999	 -0.649 	  -84.93 	 
0.149599999	 -0.651 	  -85.49 	 
0.151799999	 -0.651 	  -85.36 	 
0.153999999	 -0.652 	  -84.71 	 
0.156199999	 -0.650 	  -83.41 	 
0.158399999	 -0.649 	  -81.48 	 
0.160599999	 -0.645 	  -78.86 	 
0.162799999	 -0.642 	  -75.84 	 
0.164999999	 -0.637 	  -72.33 	 
0.167199999	 -0.631 	  -68.60 	 
0.169399999	 -0.625 	  -64.72 	 
0.171599999	 -0.619 	  -60.63 	 
0.173799999	 -0.612 	  -56.70 	 
0.175999999	 -0.603 	  -52.83 	 
0.178199999	 -0.595 	  -49.32 	 
0.180399999	 -0.587 	  -46.01 	 
0.182599999	 -0.581 	  -43.30 	 
0.184799999	 -0.574 	  -40.97 	 
0.186999999	 -0.568 	  -39.29 	 
0.189199999	 -0.564 	  -38.19 	 
0.191399999	 -0.562 	  -37.77 	 
0.193599999	 -0.562 	  -37.91 	 
0.195799999	 -0.562 	  -38.65 	 
0.197999999	 -0.565 	  -40.08 	 
0.200199999	 -0.567 	  -41.98 	 
0.202399999	 -0.572 	  -44.70 	 
0.204599999	 -0.576 	  -47.71 	 
0.206799999	 -0.583 	  -51.21 	 
0.208999999	 -0.590 	  -54.92 	 
0.211199999	 -0.597 	  -58.92 	 
0.213399999	 -0.606 	  -62.84 	 
0.215599999	 -0.613 	  -66.78 	 
0.217799999	 -0.621 	  -70.58 	 
0.219999999	 -0.628 	  -74.01 	 
0.222199999	 -0.634 	  -77.24 	 
0.224399999	 -0.639 	  -79.98 	 
0.226599999	 -0.644 	  -82.24 	 
0.228799999	 -0.647 	  -83.90 	 
0.230999999	 -0.650 	  -84.99 	 
0.233199999	 -0.651 	  -85.45 	 
0.235399999	 -0.652 	  -85.26 	 
0.237599999	 -0.651 	  -84.58 	 
0.239799999	 -0.650 	  -83.14 	 
0.241999999	 -0.648 	  -81.13 	 
0.244199999	 -0.645 	  -78.53 	 
0.246399999	 -0.641 	  -75.44 	 
0.248599999	 -0.637 	  -71.92 	 
0.250799999	 -0.631 	  -68.12 	 
0.252999999	 -0.625 	  -64.20 	 
0.255199999	 -0.618 	  -60.15 	 
0.257399999	 -0.610 	  -56.20 	 
0.259599999	 -0.602 	  -52.35 	 
0.261799999	 -0.594 	  -48.88 	 
0.263999999	 -0.587 	  -45.69 	 
0.266199999	 -0.580 	  -42.99 	 
0.268399999	 -0.573 	  -40.74 	 
0.270599999	 -0.569 	  -39.16 	 
0.272799999	 -0.565 	  -38.08 	 
0.274999999	 -0.562 	  -37.73 	 
0.277199998	 -0.562 	  -37.98 	 
0.279399998	 -0.563 	  -38.75 	 
0.281599998	 -0.565 	  -40.27 	 
0.283799998	 -0.567 	  -42.32 	 
0.285999998	 -0.572 	  -45.05 	 
0.288199998	 -0.578 	  -48.12 	 
0.290399998	 -0.584 	  -51.64 	 
0.292599998	 -0.591 	  -55.39 	 
0.294799998	 -0.599 	  -59.33 	 
0.296999998	 -0.607 	  -63.38 	 
0.299199998	 -0.614 	  -67.20 	 
0.301399998	 -0.621 	  -71.01 	 
0.303599998	 -0.628 	  -74.44 	 
0.305799998	 -0.635 	  -77.59 	 
0.307999998	 -0.640 	  -80.26 	 
0.310199998	 -0.644 	  -82.48 	 
0.312399998	 -0.647 	  -84.05 	 
0.314599998	 -0.650 	  -85.02 	 
0.316799998	 -0.651 	  -85.48 	 
0.318999998	 -0.652 	  -85.24 	 
0.321199998	 -0.652 	  -84.46 	 
0.323399998	 -0.650 	  -82.98 	 
0.325599998	 -0.648 	  -80.87 	 
0.327799998	 -0.645 	  -78.17 	 
0.329999998	 -0.642 	  -75.04 	 
0.332199998	 -0.636 	  -71.41 	 
0.334399998	 -0.630 	  -67.67 	 
0.336599998	 -0.624 	  -63.74 	 
0.338799998	 -0.616 	  -59.66 	 
0.340999998	 -0.609 	  -55.69 	 
0.343199998	 -0.602 	  -51.97 	 
0.345399998	 -0.593 	  -48.42 	 
0.347599998	 -0.586 	  -45.29 	 
0.349799998	 -0.579 	  -42.69 	 
0.351999998	 -0.572 	  -40.50 	 
0.354199998	 -0.567 	  -38.94 	 
0.356399998	 -0.564 	  -37.99 	 
0.358599998	 -0.562 	  -37.72 	 
0.360799998	 -0.561 	  -37.98 	 
0.362999998	 -0.563 	  -38.91 	 
0.365199998	 -0.565 	  -40.45 	 
0.367399998	 -0.569 	  -42.60 	 
0.369599998	 -0.573 	  -45.42 	 
0.371799998	 -0.578 	  -48.49 	 
0.373999998	 -0.586 	  -52.06 	 
0.376199998	 -0.592 	  -55.83 	 
0.378399998	 -0.599 	  -59.85 	 
0.380599998	 -0.607 	  -63.75 	 
0.382799998	 -0.615 	  -67.73 	 
0.384999998	 -0.622 	  -71.41 	 
0.387199998	 -0.629 	  -74.83 	 
0.389399998	 -0.636 	  -77.96 	 
0.391599998	 -0.640 	  -80.54 	 
0.393799998	 -0.645 	  -82.69 	 
0.395999998	 -0.647 	  -84.25 	 
0.398199998	 -0.650 	  -85.12 	 
0.400399998	 -0.651 	  -85.48 	 
0.402599998	 -0.651 	  -85.17 	 
0.404799998	 -0.651 	  -84.28 	 
0.406999998	 -0.649 	  -82.68 	 
0.409199998	 -0.647 	  -80.58 	 
0.411399998	 -0.644 	  -77.83 	 
0.413599998	 -0.640 	  -74.61 	 
0.415799998	 -0.635 	  -71.02 	 
0.417999998	 -0.630 	  -67.20 	 
0.420199998	 -0.623 	  -63.16 	 
0.422399998	 -0.616 	  -59.18 	 
0.424599998	 -0.608 	  -55.21 	 
0.426799998	 -0.600 	  -51.49 	 
0.428999998	 -0.592 	  -48.07 	 
0.431199998	 -0.585 	  -44.98 	 
0.433399998	 -0.577 	  -42.37 	 
0.435599998	 -0.572 	  -40.29 	 
0.437799998	 -0.567 	  -38.82 	 
0.439999998	 -0.563 	  -37.88 	 
0.442199998	 -0.562 	  -37.72 	 
0.444399998	 -0.561 	  -38.06 	 
0.446599998	 -0.563 	  -39.04 	 
0.448799998	 -0.565 	  -40.70 	 
0.450999998	 -0.569 	  -42.92 	 
0.453199998	 -0.573 	  -45.72 	 
0.455399998	 -0.578 	  -48.90 	 
0.457599998	 -0.586 	  -52.54 	 
0.459799998	 -0.593 	  -56.23 	 
0.461999997	 -0.600 	  -60.32 	 
0.464199997	 -0.609 	  -64.27 	 
0.466399997	 -0.616 	  -68.18 	 
0.468599997	 -0.624 	  -71.87 	 
0.470799997	 -0.630 	  -75.25 	 
0.472999997	 -0.636 	  -78.30 	 
0.475199997	 -0.641 	  -80.86 	 
0.477399997	 -0.645 	  -82.94 	 
0.479599997	 -0.648 	  -84.35 	 
0.481799997	 -0.650 	  -85.24 	 
0.483999997	 -0.651 	  -85.45 	 
0.486199997	 -0.652 	  -85.09 	 
0.488399997	 -0.651 	  -84.15 	 
0.490599997	 -0.649 	  -82.52 	 
0.492799997	 -0.647 	  -80.26 	 
0.494999997	 -0.644 	  -77.46 	 
0.497199997	 -0.640 	  -74.23 	 
0.499399997	 -0.635 	  -70.53 	 
0.501599997	 -0.629 	  -66.72 	 
0.503799997	 -0.623 	  -62.67 	 
0.505999997	 -0.615 	  -58.70 	 
0.508199997	 -0.608 	  -54.78 	 
0.510399997	 -0.599 	  -51.07 	 
0.512599997	 -0.592 	  -47.64 	 
0.514799997	 -0.585 	  -44.62 	 
0.516999997	 -0.577 	  -42.09 	 
0.519199997	 -0.571 	  -40.01 	 
0.521399997	 -0.567 	  -38.66 	 
0.523599997	 -0.564 	  -37.84 	 
0.525799997	 -0.562 	  -37.71 	 
0.527999997	 -0.562 	  -38.14 	 
0.530199997	 -0.562 	  -39.24 	 
0.532399997	 -0.565 	  -40.89 	 
0.534599997	 -0.570 	  -43.21 	 
0.536799997	 -0.574 	  -46.10 	 
0.538999997	 -0.580 	  -49.31 	 
0.541199997	 -0.586 	  -52.96 	 
0.543399997	 -0.594 	  -56.76 	 
0.545599997	 -0.601 	  -60.83 	 
0.547799997	 -0.609 	  -64.75 	 
0.549999997	 -0.617 	  -68.67 	 
0.552199997	 -0.624 	  -72.24 	 
0.554399997	 -0.630 	  -75.61 	 
0.556599997	 -0.637 	  -78.65 	 
0.558799997	 -0.642 	  -81.08 	 
0.560999997	 -0.646 	  -83.13 	 
0.563199997	 -0.649 	  -84.49 	 
0.565399997	 -0.650 	  -85.36 	 
0.567599997	 -0.651 	  -85.46 	 
0.569799997	 -0.652 	  -84.98 	 
0.571999997	 -0.651 	  -83.94 	 
0.574199997	 -0.649 	  -82.26 	 
0.576399997	 -0.647 	  -80.02 	 
0.578599997	 -0.644 	  -77.05 	 
0.580799997	 -0.639 	  -73.77 	 
0.582999997	 -0.634 	  -70.11 	 
0.585199997	 -0.628 	  -66.23 	 
0.587399997	 -0.622 	  -62.23 	 
0.589599997	 -0.614 	  -58.23 	 
0.591799997	 -0.606 	  -54.28 	 
0.593999997	 -0.598 	  -50.59 	 
0.596199997	 -0.590 	  -47.26 	 
0.598399997	 -0.583 	  -44.27 	 
0.600599997	 -0.576 	  -41.78 	 
0.602799997	 -0.571 	  -39.87 	 
0.604999997	 -0.565 	  -38.52 	 
0.607199997	 -0.563 	  -37.77 	 
0.609399997	 -0.561 	  -37.76 	 
0.611599997	 -0.562 	  -38.23 	 
0.613799997	 -0.563 	  -39.37 	 
0.615999997	 -0.566 	  -41.17 	 
0.618199997	 -0.570 	  -43.52 	 
0.620399997	 -0.574 	  -46.47 	 
0.622599997	 -0.581 	  -49.76 	 
0.624799997	 -0.587 	  -53.38 	 
0.626999997	 -0.595 	  -57.23 	 
0.629199997	 -0.603 	  -61.33 	 
0.631399997	 -0.610 	  -65.24 	 
0.633599997	 -0.618 	  -69.09 	 
0.635799997	 -0.625 	  -72.70 	 
0.637999997	 -0.632 	  -76.03 	 
0.640199997	 -0.638 	  -78.98 	 
0.642399997	 -0.643 	  -81.40 	 
0.644599997	 -0.646 	  -83.32 	 
0.646799996	 -0.649 	  -84.60 	 
0.648999996	 -0.651 	  -85.32 	 
0.651199996	 -0.652 	  -85.41 	 
0.653399996	 -0.652 	  -84.92 	 
0.655599996	 -0.650 	  -83.86 	 
0.657799996	 -0.649 	  -82.06 	 
0.659999996	 -0.646 	  -79.65 	 
0.662199996	 -0.643 	  -76.73 	 
0.664399996	 -0.639 	  -73.34 	 
0.666599996	 -0.634 	  -69.60 	 
0.668799996	 -0.628 	  -65.78 	 
0.670999996	 -0.621 	  -61.72 	 
0.673199996	 -0.614 	  -57.73 	 
0.675399996	 -0.605 	  -53.85 	 
0.677599996	 -0.598 	  -50.20 	 
0.679799996	 -0.590 	  -46.84 	 
0.681999996	 -0.582 	  -43.98 	 
0.684199996	 -0.575 	  -41.52 	 
0.686399996	 -0.570 	  -39.63 	 
0.688599996	 -0.565 	  -38.45 	 
0.690799996	 -0.563 	  -37.75 	 
0.692999996	 -0.562 	  -37.77 	 
0.695199996	 -0.562 	  -38.34 	 
0.697399996	 -0.563 	  -39.59 	 
0.699599996	 -0.566 	  -41.39 	 
0.701799996	 -0.571 	  -43.88 	 
0.703999996	 -0.576 	  -46.82 	 
0.706199996	 -0.581 	  -50.20 	 
0.708399996	 -0.588 	  -53.90 	 
0.710599996	 -0.595 	  -57.73 	 
0.712799996	 -0.604 	  -61.83 	 
0.714999996	 -0.612 	  -65.72 	 
0.717199996	 -0.619 	  -69.57 	 
0.719399996	 -0.626 	  -73.08 	 
0.721599996	 -0.632 	  -76.42 	 
0.723799996	 -0.638 	  -79.30 	 
0.725999996	 -0.642 	  -81.64 	 
0.728199996	 -0.646 	  -83.57 	 
0.730399996	 -0.649 	  -84.77 	 
0.732599996	 -0.651 	  -85.44 	 
0.734799996	 -0.652 	  -85.41 	 
0.736999996	 -0.651 	  -84.84 	 
0.739199996	 -0.650 	  -83.62 	 
0.741399996	 -0.649 	  -81.80 	 
0.743599996	 -0.646 	  -79.28 	 
0.745799996	 -0.642 	  -76.33 	 
0.747999996	 -0.639 	  -72.98 	 
0.750199996	 -0.633 	  -69.17 	 
0.752399996	 -0.626 	  -65.25 	 
0.754599996	 -0.620 	  -61.28 	 
0.756799996	 -0.612 	  -57.28 	 
0.758999996	 -0.605 	  -53.36 	 
0.761199996	 -0.596 	  -49.78 	 
0.763399996	 -0.589 	  -46.47 	 
0.765599996	 -0.582 	  -43.63 	 
0.767799996	 -0.574 	  -41.28 	 
0.769999996	 -0.570 	  -39.50 	 
0.772199996	 -0.565 	  -38.29 	 
0.774399996	 -0.563 	  -37.75 	 
0.776599996	 -0.562 	  -37.82 	 
0.778799996	 -0.562 	  -38.41 	 
0.780999996	 -0.564 	  -39.79 	 
0.783199996	 -0.567 	  -41.67 	 
0.785399996	 -0.571 	  -44.20 	 
0.787599996	 -0.577 	  -47.26 	 
0.789799996	 -0.582 	  -50.63 	 
0.791999996	 -0.589 	  -54.29 	 
0.794199996	 -0.597 	  -58.25 	 
0.796399996	 -0.604 	  -62.32 	 
0.798599996	 -0.612 	  -66.14 	 
0.800799996	 -0.620 	  -70.00 	 
0.802999996	 -0.627 	  -73.54 	 
0.805199996	 -0.634 	  -76.78 	 
0.807399996	 -0.639 	  -79.61 	 
0.809599996	 -0.644 	  -81.90 	 
0.811799996	 -0.647 	  -83.68 	 
0.813999996	 -0.649 	  -84.87 	 
0.816199996	 -0.651 	  -85.47 	 
0.818399996	 -0.651 	  -85.37 	 
0.820599996	 -0.652 	  -84.69 	 
0.822799996	 -0.651 	  -83.40 	 
0.824999996	 -0.649 	  -81.50 	 
0.827199996	 -0.647 	  -78.97 	 
0.829399996	 -0.642 	  -75.94 	 
0.831599995	 -0.637 	  -72.42 	 
0.833799995	 -0.632 	  -68.73 	 
0.835999995	 -0.626 	  -64.86 	 
0.838199995	 -0.619 	  -60.72 	 
0.840399995	 -0.612 	  -56.81 	 
0.842599995	 -0.604 	  -52.94 	 
0.844799995	 -0.596 	  -49.39 	 
0.846999995	 -0.588 	  -46.12 	 
0.849199995	 -0.581 	  -43.36 	 
0.851399995	 -0.574 	  -41.02 	 
0.853599995	 -0.570 	  -39.33 	 
0.855799995	 -0.565 	  -38.22 	 
0.857999995	 -0.563 	  -37.70 	 
0.860199995	 -0.561 	  -37.87 	 
0.862399995	 -0.562 	  -38.58 	 
0.864599995	 -0.564 	  -40.01 	 
0.866799995	 -0.567 	  -41.94 	 
0.868999995	 -0.572 	  -44.60 	 
0.871199995	 -0.577 	  -47.61 	 
0.873399995	 -0.583 	  -51.06 	 
0.875599995	 -0.591 	  -54.81 	 
0.877799995	 -0.597 	  -58.70 	 
0.879999995	 -0.607 	  -62.73 	 
0.882199995	 -0.613 	  -66.63 	 
0.884399995	 -0.621 	  -70.45 	 
0.886599995	 -0.628 	  -73.93 	 
0.888799995	 -0.634 	  -77.15 	 
0.890999995	 -0.640 	  -79.91 	 
0.893199995	 -0.644 	  -82.15 	 
0.895399995	 -0.647 	  -83.85 	 
0.897599995	 -0.650 	  -84.93 	 
0.899799995	 -0.652 	  -85.46 	 
0.901999995	 -0.652 	  -85.32 	 
0.904199995	 -0.652 	  -84.56 	 
0.906399995	 -0.650 	  -83.18 	 
0.908599995	 -0.647 	  -81.21 	 
0.910799995	 -0.646 	  -78.64 	 
0.912999995	 -0.642 	  -75.53 	 
0.915199995	 -0.637 	  -71.98 	 
0.917399995	 -0.631 	  -68.23 	 
0.919599995	 -0.626 	  -64.32 	 
0.921799995	 -0.619 	  -60.29 	 
0.923999995	 -0.611 	  -56.29 	 
0.926199995	 -0.602 	  -52.45 	 
0.928399995	 -0.595 	  -49.01 	 
0.930599995	 -0.587 	  -45.77 	 
0.932799995	 -0.581 	  -43.01 	 
0.934999995	 -0.574 	  -40.80 	 
0.937199995	 -0.569 	  -39.15 	 
0.939399995	 -0.564 	  -38.10 	 
0.941599995	 -0.562 	  -37.73 	 
0.943799995	 -0.561 	  -37.92 	 
0.945999995	 -0.562 	  -38.71 	 
0.948199995	 -0.565 	  -40.24 	 
0.950399995	 -0.568 	  -42.24 	 
0.952599995	 -0.572 	  -44.96 	 
0.954799995	 -0.578 	  -48.03 	 
0.956999995	 -0.584 	  -51.50 	 
0.959199995	 -0.591 	  -55.24 	 
0.961399995	 -0.599 	  -59.22 	 
0.963599995	 -0.607 	  -63.30 	 
0.965799995	 -0.614 	  -67.10 	 
0.967999995	 -0.622 	  -70.92 	 
0.970199995	 -0.628 	  -74.36 	 
0.972399995	 -0.635 	  -77.53 	 
0.974599995	 -0.640 	  -80.21 	 
0.976799995	 -0.644 	  -82.38 	 
0.978999995	 -0.647 	  -84.02 	 
0.981199995	 -0.650 	  -85.04 	 
0.983399995	 -0.651 	  -85.47 	 
0.985599995	 -0.652 	  -85.23 	 
0.987799995	 -0.651 	  -84.49 	 
0.989999995	 -0.650 	  -83.07 	 
0.992199995	 -0.647 	  -80.94 	 
0.994399995	 -0.645 	  -78.30 	 
0.996599995	 -0.642 	  -75.12 	 
0.998799995	 -0.636 	  -71.58 	 
1.000999995	 -0.631 	  -67.79 	 
1.003199995	 -0.625 	  -63.81 	 
1.005399995	 -0.618 	  -59.80 	 
1.007599995	 -0.610 	  -55.89 	 
1.009799995	 -0.602 	  -52.08 	 
1.011999995	 -0.595 	  -48.60 	 
1.014199995	 -0.586 	  -45.44 	 
1.016399994	 -0.579 	  -42.80 	 
1.018599994	 -0.573 	  -40.55 	 
1.020799994	 -0.568 	  -39.04 	 
1.022999994	 -0.564 	  -38.05 	 
1.025199994	 -0.562 	  -37.75 	 
1.027399994	 -0.562 	  -38.05 	 
1.029599994	 -0.563 	  -38.91 	 
1.031799994	 -0.565 	  -40.46 	 
1.033999994	 -0.568 	  -42.57 	 
1.036199994	 -0.573 	  -45.33 	 
1.038399994	 -0.578 	  -48.41 	 
1.040599994	 -0.584 	  -51.97 	 
1.042799994	 -0.592 	  -55.74 	 
1.044999994	 -0.600 	  -59.74 	 
1.047199994	 -0.608 	  -63.78 	 
1.049399994	 -0.615 	  -67.60 	 
1.051599994	 -0.623 	  -71.31 	 
1.053799994	 -0.629 	  -74.77 	 
1.055999994	 -0.636 	  -77.90 	 
1.058199994	 -0.641 	  -80.47 	 
1.060399994	 -0.645 	  -82.63 	 
1.062599994	 -0.647 	  -84.16 	 
1.064799994	 -0.650 	  -85.13 	 
1.066999994	 -0.651 	  -85.50 	 
1.069199994	 -0.652 	  -85.20 	 
1.071399994	 -0.652 	  -84.31 	 
1.073599994	 -0.650 	  -82.77 	 
1.075799994	 -0.647 	  -80.67 	 
1.077999994	 -0.645 	  -77.90 	 
1.080199994	 -0.641 	  -74.75 	 
1.082399994	 -0.635 	  -71.10 	 
1.084599994	 -0.630 	  -67.36 	 
1.086799994	 -0.623 	  -63.34 	 
1.088999994	 -0.617 	  -59.35 	 
1.091199994	 -0.609 	  -55.38 	 
1.093399994	 -0.601 	  -51.64 	 
1.095599994	 -0.593 	  -48.22 	 
1.097799994	 -0.586 	  -45.04 	 
1.099999994	 -0.578 	  -42.49 	 
1.102199994	 -0.572 	  -40.37 	 
1.104399994	 -0.567 	  -38.89 	 
1.106599994	 -0.565 	  -37.97 	 
1.108799994	 -0.562 	  -37.77 	 
1.110999994	 -0.562 	  -38.08 	 
1.113199994	 -0.564 	  -39.06 	 
1.115399994	 -0.566 	  -40.69 	 
1.117599994	 -0.569 	  -42.82 	 
1.119799994	 -0.573 	  -45.67 	 
1.121999994	 -0.579 	  -48.84 	 
1.124199994	 -0.586 	  -52.41 	 
1.126399994	 -0.593 	  -56.21 	 
1.128599994	 -0.600 	  -60.24 	 
1.130799994	 -0.608 	  -64.17 	 
1.132999994	 -0.617 	  -68.04 	 
1.135199994	 -0.623 	  -71.76 	 
1.137399994	 -0.630 	  -75.13 	 
1.139599994	 -0.636 	  -78.23 	 
1.141799994	 -0.641 	  -80.79 	 
1.143999994	 -0.645 	  -82.84 	 
1.146199994	 -0.649 	  -84.33 	 
1.148399994	 -0.651 	  -85.24 	 
1.150599994	 -0.652 	  -85.43 	 
1.152799994	 -0.653 	  -85.04 	 
1.154999994	 -0.651 	  -84.17 	 
1.157199994	 -0.650 	  -82.53 	 
1.159399994	 -0.648 	  -80.36 	 
1.161599994	 -0.644 	  -77.56 	 
1.163799994	 -0.640 	  -74.31 	 
1.165999994	 -0.635 	  -70.63 	 
1.168199994	 -0.629 	  -66.83 	 
1.170399994	 -0.623 	  -62.84 	 
1.172599994	 -0.615 	  -58.81 	 
1.174799994	 -0.608 	  -54.88 	 
1.176999994	 -0.600 	  -51.12 	 
1.179199994	 -0.593 	  -47.76 	 
1.181399994	 -0.585 	  -44.72 	 
1.183599994	 -0.577 	  -42.15 	 
1.185799994	 -0.572 	  -40.09 	 
1.187999994	 -0.567 	  -38.72 	 
1.190199994	 -0.564 	  -37.86 	 
1.192399994	 -0.562 	  -37.71 	 
1.194599994	 -0.562 	  -38.13 	 
1.196799994	 -0.563 	  -39.15 	 
1.198999994	 -0.566 	  -40.86 	 
1.201199993	 -0.570 	  -43.14 	 
1.203399993	 -0.574 	  -46.00 	 
1.205599993	 -0.580 	  -49.21 	 
1.207799993	 -0.587 	  -52.85 	 
1.209999993	 -0.594 	  -56.66 	 
1.212199993	 -0.601 	  -60.67 	 
1.214399993	 -0.609 	  -64.62 	 
1.216599993	 -0.617 	  -68.48 	 
1.218799993	 -0.625 	  -72.19 	 
1.220999993	 -0.631 	  -75.57 	 
1.223199993	 -0.637 	  -78.55 	 
1.225399993	 -0.642 	  -81.04 	 
1.227599993	 -0.646 	  -83.10 	 
1.229799993	 -0.648 	  -84.45 	 
1.231999993	 -0.651 	  -85.24 	 
1.234199993	 -0.652 	  -85.41 	 
1.236399993	 -0.652 	  -85.01 	 
1.238599993	 -0.652 	  -84.01 	 
1.240799993	 -0.650 	  -82.37 	 
1.242999993	 -0.647 	  -80.07 	 
1.245199993	 -0.644 	  -77.15 	 
1.247399993	 -0.641 	  -73.91 	 
1.249599993	 -0.635 	  -70.22 	 
1.251799993	 -0.629 	  -66.33 	 
1.253999993	 -0.622 	  -62.34 	 
1.256199993	 -0.615 	  -58.33 	 
1.258399993	 -0.606 	  -54.41 	 
1.260599993	 -0.599 	  -50.74 	 
1.262799993	 -0.591 	  -47.35 	 
1.264999993	 -0.583 	  -44.35 	 
1.267199993	 -0.577 	  -41.89 	 
1.269399993	 -0.571 	  -39.91 	 
1.271599993	 -0.566 	  -38.56 	 
1.273799993	 -0.564 	  -37.81 	 
1.275999993	 -0.562 	  -37.75 	 
1.278199993	 -0.561 	  -38.21 	 
1.280399993	 -0.563 	  -39.36 	 
1.282599993	 -0.566 	  -41.08 	 
1.284799993	 -0.570 	  -43.45 	 
1.286999993	 -0.575 	  -46.42 	 
1.289199993	 -0.581 	  -49.64 	 
1.291399993	 -0.587 	  -53.26 	 
1.293599993	 -0.594 	  -57.14 	 
1.295799993	 -0.603 	  -61.21 	 
1.297999993	 -0.610 	  -65.09 	 
1.300199993	 -0.618 	  -68.98 	 
1.302399993	 -0.625 	  -72.64 	 
1.304599993	 -0.632 	  -75.95 	 
1.306799993	 -0.638 	  -78.93 	 
1.308999993	 -0.642 	  -81.34 	 
1.311199993	 -0.646 	  -83.29 	 
1.313399993	 -0.649 	  -84.63 	 
1.315599993	 -0.651 	  -85.33 	 
1.317799993	 -0.651 	  -85.41 	 
1.319999993	 -0.652 	  -84.94 	 
1.322199993	 -0.651 	  -83.89 	 
1.324399993	 -0.649 	  -82.13 	 
1.326599993	 -0.647 	  -79.80 	 
1.328799993	 -0.644 	  -76.84 	 
1.330999993	 -0.639 	  -73.47 	 
1.333199993	 -0.634 	  -69.78 	 
1.335399993	 -0.629 	  -65.91 	 
1.337599993	 -0.621 	  -61.84 	 
1.339799993	 -0.614 	  -57.89 	 
1.341999993	 -0.606 	  -53.95 	 
1.344199993	 -0.598 	  -50.31 	 
1.346399993	 -0.590 	  -47.00 	 
1.348599993	 -0.583 	  -44.04 	 
1.350799993	 -0.576 	  -41.61 	 
1.352999993	 -0.570 	  -39.71 	 
1.355199993	 -0.566 	  -38.47 	 
1.357399993	 -0.563 	  -37.73 	 
1.359599993	 -0.561 	  -37.79 	 
1.361799993	 -0.562 	  -38.32 	 
1.363999993	 -0.564 	  -39.53 	 
1.366199993	 -0.567 	  -41.37 	 
1.368399993	 -0.571 	  -43.80 	 
1.370599993	 -0.576 	  -46.75 	 
1.372799993	 -0.582 	  -50.08 	 
1.374999993	 -0.588 	  -53.77 	 
1.377199993	 -0.595 	  -57.60 	 
1.379399993	 -0.603 	  -61.66 	 
1.381599993	 -0.612 	  -65.60 	 
1.383799993	 -0.619 	  -69.47 	 
1.385999992	 -0.626 	  -73.10 	 
1.388199992	 -0.632 	  -76.36 	 
1.390399992	 -0.638 	  -79.23 	 
1.392599992	 -0.642 	  -81.62 	 
1.394799992	 -0.647 	  -83.53 	 
1.396999992	 -0.650 	  -84.73 	 
1.399199992	 -0.651 	  -85.39 	 
1.401399992	 -0.652 	  -85.42 	 
1.403599992	 -0.652 	  -84.89 	 
1.405799992	 -0.651 	  -83.72 	 
1.407999992	 -0.649 	  -81.87 	 
1.410199992	 -0.646 	  -79.41 	 
1.412399992	 -0.643 	  -76.45 	 
1.414599992	 -0.639 	  -73.08 	 
1.416799992	 -0.633 	  -69.22 	 
1.418999992	 -0.628 	  -65.48 	 
1.421199992	 -0.621 	  -61.35 	 
1.423399992	 -0.612 	  -57.41 	 
1.425599992	 -0.605 	  -53.50 	 
1.427799992	 -0.597 	  -49.92 	 
1.429999992	 -0.589 	  -46.59 	 
1.432199992	 -0.582 	  -43.69 	 
1.434399992	 -0.575 	  -41.38 	 
1.436599992	 -0.570 	  -39.49 	 
1.438799992	 -0.566 	  -38.34 	 
1.440999992	 -0.563 	  -37.75 	 
1.443199992	 -0.561 	  -37.81 	 
1.445399992	 -0.563 	  -38.43 	 
1.447599992	 -0.565 	  -39.76 	 
1.449799992	 -0.567 	  -41.61 	 
1.451999992	 -0.571 	  -44.13 	 
1.454199992	 -0.576 	  -47.18 	 
1.456399992	 -0.582 	  -50.48 	 
1.458599992	 -0.589 	  -54.25 	 
1.460799992	 -0.597 	  -58.11 	 
1.462999992	 -0.605 	  -62.15 	 
1.465199992	 -0.613 	  -66.07 	 
1.467399992	 -0.620 	  -69.92 	 
1.469599992	 -0.627 	  -73.46 	 
1.471799992	 -0.633 	  -76.69 	 
1.473999992	 -0.639 	  -79.52 	 
1.476199992	 -0.643 	  -81.81 	 
1.478399992	 -0.647 	  -83.63 	 
1.480599992	 -0.649 	  -84.81 	 
1.482799992	 -0.651 	  -85.44 	 
1.484999992	 -0.652 	  -85.37 	 
1.487199992	 -0.652 	  -84.72 	 
1.489399992	 -0.651 	  -83.44 	 
1.491599992	 -0.649 	  -81.53 	 
1.493799992	 -0.646 	  -79.08 	 
1.495999992	 -0.642 	  -75.98 	 
1.498199992	 -0.639 	  -72.51 	 
1.500399992	 -0.632 	  -68.85 	 
1.502599992	 -0.626 	  -64.96 	 
1.504799992	 -0.620 	  -60.87 	 
1.506999992	 -0.612 	  -56.92 	 
1.509199992	 -0.603 	  -53.02 	 
1.511399992	 -0.597 	  -49.48 	 
1.513599992	 -0.589 	  -46.23 	 
1.515799992	 -0.581 	  -43.40 	 
1.517999992	 -0.574 	  -41.11 	 
1.520199992	 -0.570 	  -39.37 	 
1.522399992	 -0.566 	  -38.23 	 
1.524599992	 -0.563 	  -37.72 	 
1.526799992	 -0.562 	  -37.90 	 
1.528999992	 -0.562 	  -38.54 	 
1.531199992	 -0.565 	  -39.96 	 
1.533399992	 -0.568 	  -41.92 	 
1.535599992	 -0.572 	  -44.47 	 
1.537799992	 -0.577 	  -47.54 	 
1.539999992	 -0.583 	  -50.94 	 
1.542199992	 -0.590 	  -54.67 	 
1.544399992	 -0.597 	  -58.58 	 
1.546599992	 -0.605 	  -62.60 	 
1.548799992	 -0.613 	  -66.54 	 
1.550999992	 -0.621 	  -70.30 	 
1.553199992	 -0.628 	  -73.87 	 
1.555399992	 -0.634 	  -77.02 	 
1.557599992	 -0.639 	  -79.78 	 
1.559799992	 -0.645 	  -82.06 	 
1.561999992	 -0.647 	  -83.76 	 
1.564199992	 -0.651 	  -84.86 	 
1.566399992	 -0.652 	  -85.46 	 
1.568599992	 -0.652 	  -85.28 	 
1.570799991	 -0.651 	  -84.60 	 
1.572999991	 -0.650 	  -83.24 	 
1.575199991	 -0.649 	  -81.26 	 
1.577399991	 -0.646 	  -78.67 	 
1.579599991	 -0.642 	  -75.63 	 
1.581799991	 -0.638 	  -72.10 	 
1.583999991	 -0.632 	  -68.36 	 
1.586199991	 -0.626 	  -64.43 	 
1.588399991	 -0.619 	  -60.39 	 
1.590599991	 -0.611 	  -56.42 	 
1.592799991	 -0.604 	  -52.63 	 
1.594999991	 -0.595 	  -49.06 	 
1.597199991	 -0.587 	  -45.80 	 
1.599399991	 -0.581 	  -43.16 	 
1.601599991	 -0.573 	  -40.84 	 
1.603799991	 -0.569 	  -39.21 	 
1.605999991	 -0.566 	  -38.16 	 
1.608199991	 -0.563 	  -37.75 	 
1.610399991	 -0.562 	  -37.92 	 
1.612599991	 -0.563 	  -38.69 	 
1.614799991	 -0.565 	  -40.17 	 
1.616999991	 -0.568 	  -42.15 	 
1.619199991	 -0.572 	  -44.85 	 
1.621399991	 -0.578 	  -47.92 	 
1.623599991	 -0.584 	  -51.35 	 
1.625799991	 -0.591 	  -55.19 	 
1.627999991	 -0.599 	  -59.07 	 
1.630199991	 -0.606 	  -63.08 	 
1.632399991	 -0.614 	  -66.98 	 
1.634599991	 -0.621 	  -70.78 	 
1.636799991	 -0.629 	  -74.24 	 
1.638999991	 -0.634 	  -77.39 	 
1.641199991	 -0.640 	  -80.09 	 
1.643399991	 -0.645 	  -82.28 	 
1.645599991	 -0.648 	  -83.99 	 
1.647799991	 -0.650 	  -84.97 	 
1.649999991	 -0.652 	  -85.43 	 
1.652199991	 -0.652 	  -85.23 	 
1.654399991	 -0.652 	  -84.52 	 
1.656599991	 -0.651 	  -83.05 	 
1.658799991	 -0.648 	  -81.02 	 
1.660999991	 -0.645 	  -78.37 	 
1.663199991	 -0.642 	  -75.19 	 
1.665399991	 -0.637 	  -71.71 	 
1.667599991	 -0.631 	  -67.88 	 
1.669799991	 -0.625 	  -63.90 	 
1.671999991	 -0.618 	  -59.90 	 
1.674199991	 -0.610 	  -55.97 	 
1.676399991	 -0.602 	  -52.12 	 
1.678599991	 -0.594 	  -48.66 	 
1.680799991	 -0.587 	  -45.50 	 
1.682999991	 -0.580 	  -42.80 	 
1.685199991	 -0.573 	  -40.62 	 
1.687399991	 -0.568 	  -39.06 	 
1.689599991	 -0.565 	  -38.05 	 
1.691799991	 -0.563 	  -37.70 	 
1.693999991	 -0.562 	  -38.01 	 
1.696199991	 -0.562 	  -38.80 	 
1.698399991	 -0.565 	  -40.38 	 
1.700599991	 -0.568 	  -42.46 	 
1.702799991	 -0.573 	  -45.20 	 
1.704999991	 -0.578 	  -48.31 	 
1.707199991	 -0.585 	  -51.84 	 
1.709399991	 -0.592 	  -55.60 	 
1.711599991	 -0.600 	  -59.55 	 
1.713799991	 -0.608 	  -63.58 	 
1.715999991	 -0.615 	  -67.40 	 
1.718199991	 -0.623 	  -71.24 	 
1.720399991	 -0.630 	  -74.66 	 
1.722599991	 -0.636 	  -77.78 	 
1.724799991	 -0.641 	  -80.43 	 
1.726999991	 -0.645 	  -82.58 	 
1.729199991	 -0.648 	  -84.14 	 
1.731399991	 -0.650 	  -85.07 	 
1.733599991	 -0.651 	  -85.50 	 
1.735799991	 -0.652 	  -85.15 	 
1.737999991	 -0.651 	  -84.36 	 
1.740199991	 -0.650 	  -82.84 	 
1.742399991	 -0.648 	  -80.70 	 
1.744599991	 -0.645 	  -78.04 	 
1.746799991	 -0.641 	  -74.82 	 
1.748999991	 -0.636 	  -71.23 	 
1.751199991	 -0.630 	  -67.46 	 
1.753399990	 -0.624 	  -63.48 	 
1.755599990	 -0.617 	  -59.38 	 
1.757799990	 -0.609 	  -55.48 	 
1.759999990	 -0.601 	  -51.71 	 
1.762199990	 -0.593 	  -48.27 	 
1.764399990	 -0.586 	  -45.13 	 
1.766599990	 -0.579 	  -42.55 	 
1.768799990	 -0.572 	  -40.38 	 
1.770999990	 -0.568 	  -38.89 	 
1.773199990	 -0.564 	  -37.98 	 
1.775399990	 -0.563 	  -37.69 	 
1.777599990	 -0.562 	  -38.06 	 
1.779799990	 -0.562 	  -38.97 	 
1.781999990	 -0.566 	  -40.59 	 
1.784199990	 -0.569 	  -42.75 	 
1.786399990	 -0.573 	  -45.59 	 
1.788599990	 -0.579 	  -48.71 	 
1.790799990	 -0.586 	  -52.28 	 
1.792999990	 -0.593 	  -56.11 	 
1.795199990	 -0.600 	  -60.08 	 
1.797399990	 -0.609 	  -64.02 	 
1.799599990	 -0.617 	  -67.94 	 
1.801799990	 -0.623 	  -71.67 	 
1.803999990	 -0.630 	  -75.04 	 
1.806199990	 -0.637 	  -78.17 	 
1.808399990	 -0.642 	  -80.67 	 
1.810599990	 -0.646 	  -82.80 	 
1.812799990	 -0.649 	  -84.29 	 
1.814999990	 -0.651 	  -85.15 	 
1.817199990	 -0.652 	  -85.44 	 
1.819399990	 -0.652 	  -85.12 	 
1.821599990	 -0.651 	  -84.21 	 
1.823799990	 -0.650 	  -82.60 	 
1.825999990	 -0.648 	  -80.42 	 
1.828199990	 -0.645 	  -77.64 	 
1.830399990	 -0.640 	  -74.41 	 
1.832599990	 -0.636 	  -70.74 	 
1.834799990	 -0.630 	  -66.96 	 
1.836999990	 -0.623 	  -62.97 	 
1.839199990	 -0.615 	  -58.96 	 
1.841399990	 -0.609 	  -55.02 	 
1.843599990	 -0.601 	  -51.25 	 
1.845799990	 -0.593 	  -47.89 	 
1.847999990	 -0.585 	  -44.80 	 
1.850199990	 -0.578 	  -42.24 	 
1.852399990	 -0.572 	  -40.19 	 
1.854599990	 -0.567 	  -38.73 	 
1.856799990	 -0.563 	  -37.88 	 
1.858999990	 -0.562 	  -37.73 	 
1.861199990	 -0.563 	  -38.13 	 
1.863399990	 -0.563 	  -39.13 	 
1.865599990	 -0.566 	  -40.86 	 
1.867799990	 -0.570 	  -43.06 	 
1.869999990	 -0.574 	  -45.92 	 
1.872199990	 -0.581 	  -49.16 	 
1.874399990	 -0.587 	  -52.72 	 
1.876599990	 -0.594 	  -56.54 	 
1.878799990	 -0.602 	  -60.54 	 
1.880999990	 -0.609 	  -64.57 	 
1.883199990	 -0.617 	  -68.36 	 
1.885399990	 -0.625 	  -72.16 	 
1.887599990	 -0.631 	  -75.44 	 
1.889799990	 -0.637 	  -78.47 	 
1.891999990	 -0.642 	  -80.99 	 
1.894199990	 -0.646 	  -83.00 	 
1.896399990	 -0.649 	  -84.41 	 
1.898599990	 -0.651 	  -85.26 	 
1.900799990	 -0.652 	  -85.43 	 
1.902999990	 -0.652 	  -85.04 	 
1.905199990	 -0.651 	  -84.08 	 
1.907399990	 -0.650 	  -82.41 	 
1.909599990	 -0.648 	  -80.11 	 
1.911799990	 -0.644 	  -77.30 	 
1.913999990	 -0.640 	  -74.01 	 
1.916199990	 -0.636 	  -70.25 	 
1.918399990	 -0.629 	  -66.54 	 
1.920599990	 -0.623 	  -62.44 	 
1.922799990	 -0.616 	  -58.47 	 
1.924999990	 -0.607 	  -54.57 	 
1.927199990	 -0.599 	  -50.88 	 
1.929399990	 -0.591 	  -47.45 	 
1.931599990	 -0.584 	  -44.45 	 
1.933799990	 -0.577 	  -41.98 	 
1.935999990	 -0.571 	  -39.91 	 
1.938199989	 -0.567 	  -38.63 	 
1.940399989	 -0.564 	  -37.83 	 
1.942599989	 -0.562 	  -37.75 	 
1.944799989	 -0.562 	  -38.25 	 
1.946999989	 -0.563 	  -39.30 	 
1.949199989	 -0.566 	  -41.05 	 
1.951399989	 -0.570 	  -43.40 	 
1.953599989	 -0.575 	  -46.33 	 
1.955799989	 -0.581 	  -49.50 	 
1.957999989	 -0.588 	  -53.19 	 
1.960199989	 -0.595 	  -57.03 	 
1.962399989	 -0.602 	  -61.06 	 
1.964599989	 -0.611 	  -64.97 	 
1.966799989	 -0.619 	  -68.85 	 
1.968999989	 -0.625 	  -72.51 	 
1.971199989	 -0.632 	  -75.86 	 
1.973399989	 -0.637 	  -78.80 	 
1.975599989	 -0.643 	  -81.22 	 
1.977799989	 -0.646 	  -83.21 	 
1.979999989	 -0.649 	  -84.54 	 
1.982199989	 -0.652 	  -85.29 	 
1.984399989	 -0.652 	  -85.48 	 
1.986599989	 -0.652 	  -84.98 	 
1.988799989	 -0.652 	  -83.86 	 
1.990999989	 -0.649 	  -82.12 	 
1.993199989	 -0.647 	  -79.82 	 
1.995399989	 -0.644 	  -76.86 	 
1.997599989	 -0.640 	  -73.54 	 
1.999799989	 -0.634 	  -69.79 	 
2.001999989	 -0.628 	  -66.06 	 
2.004199989	 -0.622 	  -61.97 	 
2.006399989	 -0.615 	  -58.00 	 
2.008599989	 -0.607 	  -54.04 	 
2.010799989	 -0.598 	  -50.41 	 
2.012999989	 -0.591 	  -47.06 	 
2.015199989	 -0.584 	  -44.02 	 
2.017399989	 -0.577 	  -41.69 	 
2.019599989	 -0.571 	  -39.72 	 
2.021799989	 -0.566 	  -38.48 	 
2.023999989	 -0.564 	  -37.75 	 
2.026199989	 -0.562 	  -37.77 	 
2.028399989	 -0.562 	  -38.29 	 
2.030599989	 -0.564 	  -39.46 	 
2.032799989	 -0.567 	  -41.30 	 
2.034999989	 -0.570 	  -43.64 	 
2.037199989	 -0.576 	  -46.67 	 
2.039399989	 -0.581 	  -49.92 	 
2.041599989	 -0.588 	  -53.64 	 
2.043799989	 -0.596 	  -57.52 	 
2.045999989	 -0.604 	  -61.56 	 
2.048199989	 -0.612 	  -65.44 	 
2.050399989	 -0.620 	  -69.33 	 
2.052599989	 -0.626 	  -72.96 	 
2.054799989	 -0.632 	  -76.18 	 
2.056999989	 -0.639 	  -79.12 	 
2.059199989	 -0.643 	  -81.51 	 
2.061399989	 -0.646 	  -83.43 	 
2.063599989	 -0.650 	  -84.69 	 
2.065799989	 -0.651 	  -85.37 	 
2.067999989	 -0.652 	  -85.39 	 
2.070199989	 -0.653 	  -84.85 	 
2.072399989	 -0.652 	  -83.76 	 
2.074599989	 -0.650 	  -81.88 	 
2.076799989	 -0.647 	  -79.45 	 
2.078999989	 -0.644 	  -76.52 	 
2.081199989	 -0.639 	  -73.14 	 
2.083399989	 -0.634 	  -69.41 	 
2.085599989	 -0.628 	  -65.53 	 
2.087799989	 -0.621 	  -61.48 	 
2.089999989	 -0.614 	  -57.48 	 
2.092199989	 -0.606 	  -53.64 	 
2.094399989	 -0.598 	  -49.94 	 
2.096599989	 -0.590 	  -46.67 	 
2.098799989	 -0.583 	  -43.80 	 
2.100999989	 -0.576 	  -41.41 	 
2.103199989	 -0.570 	  -39.54 	 
2.105399989	 -0.567 	  -38.37 	 
2.107599989	 -0.563 	  -37.71 	 
2.109799989	 -0.562 	  -37.79 	 
2.111999989	 -0.562 	  -38.38 	 
2.114199989	 -0.564 	  -39.63 	 
2.116399989	 -0.567 	  -41.53 	 
2.118599989	 -0.571 	  -44.03 	 
2.120799989	 -0.576 	  -47.02 	 
2.122999988	 -0.583 	  -50.32 	 
2.125199988	 -0.590 	  -54.14 	 
2.127399988	 -0.596 	  -58.00 	 
2.129599988	 -0.605 	  -62.01 	 
2.131799988	 -0.613 	  -65.95 	 
2.133999988	 -0.620 	  -69.77 	 
2.136199988	 -0.627 	  -73.36 	 
2.138399988	 -0.634 	  -76.63 	 
2.140599988	 -0.639 	  -79.48 	 
2.142799988	 -0.644 	  -81.76 	 
2.144999988	 -0.647 	  -83.66 	 
2.147199988	 -0.650 	  -84.84 	 
2.149399988	 -0.652 	  -85.44 	 
2.151599988	 -0.652 	  -85.43 	 
2.153799988	 -0.652 	  -84.80 	 
2.155999988	 -0.651 	  -83.55 	 
2.158199988	 -0.649 	  -81.69 	 
2.160399988	 -0.646 	  -79.17 	 
2.162599988	 -0.643 	  -76.10 	 
2.164799988	 -0.639 	  -72.70 	 
2.166999988	 -0.633 	  -68.94 	 
2.169199988	 -0.627 	  -65.03 	 
2.171399988	 -0.620 	  -61.00 	 
2.173599988	 -0.613 	  -57.02 	 
2.175799988	 -0.605 	  -53.16 	 
2.177999988	 -0.597 	  -49.56 	 
2.180199988	 -0.588 	  -46.29 	 
2.182399988	 -0.581 	  -43.43 	 
2.184599988	 -0.575 	  -41.17 	 
2.186799988	 -0.570 	  -39.35 	 
2.188999988	 -0.565 	  -38.21 	 
2.191199988	 -0.563 	  -37.68 	 
2.193399988	 -0.562 	  -37.81 	 
2.195599988	 -0.562 	  -38.45 	 
2.197799988	 -0.565 	  -39.85 	 
2.199999988	 -0.567 	  -41.78 	 
2.202199988	 -0.571 	  -44.37 	 
2.204399988	 -0.577 	  -47.45 	 
2.206599988	 -0.583 	  -50.81 	 
2.208799988	 -0.590 	  -54.57 	 
2.210999988	 -0.598 	  -58.50 	 
2.213199988	 -0.605 	  -62.48 	 
2.215399988	 -0.613 	  -66.39 	 
2.217599988	 -0.621 	  -70.27 	 
2.219799988	 -0.628 	  -73.81 	 
2.221999988	 -0.634 	  -76.96 	 
2.224199988	 -0.640 	  -79.84 	 
2.226399988	 -0.645 	  -82.06 	 
2.228599988	 -0.647 	  -83.82 	 
2.230799988	 -0.650 	  -84.93 	 
2.232999988	 -0.653 	  -85.49 	 
2.235199988	 -0.652 	  -85.33 	 
2.237399988	 -0.652 	  -84.72 	 
2.239599988	 -0.651 	  -83.39 	 
2.241799988	 -0.649 	  -81.36 	 
2.243999988	 -0.646 	  -78.86 	 
2.246199988	 -0.642 	  -75.79 	 
2.248399988	 -0.639 	  -72.29 	 
2.250599988	 -0.632 	  -68.49 	 
