0.000000000	  0.293 	  -69.39 	 
0.002200000	  0.298 	  -65.52 	 
0.004400000	  0.302 	  -61.40 	 
0.006600000	  0.307 	  -57.43 	 
0.008800000	  0.311 	  -53.55 	 
0.011000000	  0.317 	  -49.93 	 
0.013200000	  0.323 	  -46.66 	 
0.015400000	  0.327 	  -43.80 	 
0.017600000	  0.330 	  -41.36 	 
0.019800000	  0.335 	  -39.61 	 
0.022000000	  0.337 	  -38.33 	 
0.024200000	  0.339 	  -37.74 	 
0.026400000	  0.340 	  -37.82 	 
0.028600000	  0.340 	  -38.41 	 
0.030800000	  0.339 	  -39.70 	 
0.033000000	  0.337 	  -41.56 	 
0.035200000	  0.334 	  -44.06 	 
0.037400000	  0.331 	  -47.01 	 
0.039600000	  0.326 	  -50.44 	 
0.041800000	  0.322 	  -54.14 	 
0.044000000	  0.317 	  -58.01 	 
0.046200000	  0.312 	  -62.05 	 
0.048400000	  0.307 	  -66.00 	 
0.050600000	  0.302 	  -69.71 	 
0.052800000	  0.298 	  -73.32 	 
0.055000000	  0.292 	  -76.55 	 
0.057200000	  0.289 	  -79.39 	 
0.059400000	  0.286 	  -81.76 	 
0.061600000	  0.283 	  -83.54 	 
0.063800000	  0.281 	  -84.77 	 
0.066000000	  0.280 	  -85.32 	 
0.068200000	  0.280 	  -85.26 	 
0.070400000	  0.279 	  -84.65 	 
0.072600000	  0.280 	  -83.42 	 
0.074800000	  0.282 	  -81.61 	 
0.077000000	  0.284 	  -79.06 	 
0.079200000	  0.286 	  -76.12 	 
0.081400000	  0.290 	  -72.60 	 
0.083600000	  0.294 	  -68.88 	 
0.085800000	  0.298 	  -64.95 	 
0.088000000	  0.303 	  -60.90 	 
0.090200000	  0.307 	  -56.94 	 
0.092399999	  0.312 	  -53.08 	 
0.094599999	  0.318 	  -49.57 	 
0.096799999	  0.323 	  -46.27 	 
0.098999999	  0.328 	  -43.47 	 
0.101199999	  0.331 	  -41.12 	 
0.103399999	  0.335 	  -39.41 	 
0.105599999	  0.337 	  -38.25 	 
0.107799999	  0.339 	  -37.74 	 
0.109999999	  0.339 	  -37.79 	 
0.112199999	  0.340 	  -38.51 	 
0.114399999	  0.338 	  -39.91 	 
0.116599999	  0.337 	  -41.77 	 
0.118799999	  0.334 	  -44.38 	 
0.120999999	  0.330 	  -47.33 	 
0.123199999	  0.326 	  -50.85 	 
0.125399999	  0.321 	  -54.55 	 
0.127599999	  0.316 	  -58.50 	 
0.129799999	  0.312 	  -62.45 	 
0.131999999	  0.307 	  -66.40 	 
0.134199999	  0.301 	  -70.27 	 
0.136399999	  0.297 	  -73.73 	 
0.138599999	  0.292 	  -77.01 	 
0.140799999	  0.288 	  -79.73 	 
0.142999999	  0.286 	  -82.08 	 
0.145199999	  0.283 	  -83.73 	 
0.147399999	  0.281 	  -84.91 	 
0.149599999	  0.280 	  -85.37 	 
0.151799999	  0.280 	  -85.25 	 
0.153999999	  0.280 	  -84.65 	 
0.156199999	  0.281 	  -83.23 	 
0.158399999	  0.282 	  -81.38 	 
0.160599999	  0.284 	  -78.71 	 
0.162799999	  0.287 	  -75.63 	 
0.164999999	  0.290 	  -72.08 	 
0.167199999	  0.294 	  -68.38 	 
0.169399999	  0.299 	  -64.39 	 
0.171599999	  0.303 	  -60.41 	 
0.173799999	  0.308 	  -56.51 	 
0.175999999	  0.313 	  -52.64 	 
0.178199999	  0.318 	  -49.17 	 
0.180399999	  0.323 	  -45.93 	 
0.182599999	  0.328 	  -43.17 	 
0.184799999	  0.332 	  -40.91 	 
0.186999999	  0.335 	  -39.24 	 
0.189199999	  0.338 	  -38.15 	 
0.191399999	  0.339 	  -37.75 	 
0.193599999	  0.340 	  -37.92 	 
0.195799999	  0.339 	  -38.64 	 
0.197999999	  0.338 	  -40.08 	 
0.200199999	  0.336 	  -42.09 	 
0.202399999	  0.333 	  -44.73 	 
0.204599999	  0.329 	  -47.74 	 
0.206799999	  0.325 	  -51.32 	 
0.208999999	  0.321 	  -55.03 	 
0.211199999	  0.315 	  -58.99 	 
0.213399999	  0.311 	  -62.94 	 
0.215599999	  0.306 	  -66.87 	 
0.217799999	  0.300 	  -70.67 	 
0.219999999	  0.296 	  -74.18 	 
0.222199999	  0.291 	  -77.41 	 
0.224399999	  0.288 	  -80.06 	 
0.226599999	  0.285 	  -82.35 	 
0.228799999	  0.282 	  -83.92 	 
0.230999999	  0.280 	  -85.00 	 
0.233199999	  0.280 	  -85.39 	 
0.235399999	  0.280 	  -85.16 	 
0.237599999	  0.280 	  -84.41 	 
0.239799999	  0.281 	  -83.00 	 
0.241999999	  0.283 	  -81.03 	 
0.244199999	  0.285 	  -78.37 	 
0.246399999	  0.287 	  -75.33 	 
0.248599999	  0.291 	  -71.78 	 
0.250799999	  0.294 	  -67.92 	 
0.252999999	  0.299 	  -64.00 	 
0.255199999	  0.303 	  -59.92 	 
0.257399999	  0.309 	  -56.00 	 
0.259599999	  0.314 	  -52.24 	 
0.261799999	  0.318 	  -48.73 	 
0.263999999	  0.325 	  -45.56 	 
0.266199999	  0.328 	  -42.90 	 
0.268399999	  0.332 	  -40.64 	 
0.270599999	  0.336 	  -39.08 	 
0.272799999	  0.338 	  -38.09 	 
0.274999999	  0.339 	  -37.70 	 
0.277199998	  0.340 	  -37.95 	 
0.279399998	  0.340 	  -38.80 	 
0.281599998	  0.338 	  -40.27 	 
0.283799998	  0.336 	  -42.39 	 
0.285999998	  0.333 	  -45.07 	 
0.288199998	  0.329 	  -48.23 	 
0.290399998	  0.325 	  -51.73 	 
0.292599998	  0.320 	  -55.58 	 
0.294799998	  0.315 	  -59.55 	 
0.296999998	  0.310 	  -63.48 	 
0.299199998	  0.305 	  -67.45 	 
0.301399998	  0.300 	  -71.08 	 
0.303599998	  0.295 	  -74.59 	 
0.305799998	  0.291 	  -77.68 	 
0.307999998	  0.287 	  -80.35 	 
0.310199998	  0.285 	  -82.53 	 
0.312399998	  0.282 	  -84.14 	 
0.314599998	  0.280 	  -85.18 	 
0.316799998	  0.280 	  -85.46 	 
0.318999998	  0.280 	  -85.25 	 
0.321199998	  0.280 	  -84.32 	 
0.323399998	  0.281 	  -82.80 	 
0.325599998	  0.283 	  -80.61 	 
0.327799998	  0.285 	  -77.92 	 
0.329999998	  0.287 	  -74.74 	 
0.332199998	  0.291 	  -71.22 	 
0.334399998	  0.295 	  -67.43 	 
0.336599998	  0.299 	  -63.52 	 
0.338799998	  0.304 	  -59.53 	 
0.340999998	  0.309 	  -55.59 	 
0.343199998	  0.314 	  -51.81 	 
0.345399998	  0.320 	  -48.34 	 
0.347599998	  0.325 	  -45.25 	 
0.349799998	  0.328 	  -42.58 	 
0.351999998	  0.333 	  -40.41 	 
0.354199998	  0.336 	  -38.91 	 
0.356399998	  0.339 	  -37.95 	 
0.358599998	  0.339 	  -37.72 	 
0.360799998	  0.340 	  -38.03 	 
0.362999998	  0.339 	  -38.94 	 
0.365199998	  0.338 	  -40.55 	 
0.367399998	  0.336 	  -42.72 	 
0.369599998	  0.332 	  -45.44 	 
0.371799998	  0.328 	  -48.65 	 
0.373999998	  0.324 	  -52.26 	 
0.376199998	  0.320 	  -56.03 	 
0.378399998	  0.314 	  -60.04 	 
0.380599998	  0.309 	  -63.93 	 
0.382799998	  0.304 	  -67.77 	 
0.384999998	  0.299 	  -71.52 	 
0.387199998	  0.295 	  -74.99 	 
0.389399998	  0.291 	  -78.12 	 
0.391599998	  0.287 	  -80.69 	 
0.393799998	  0.284 	  -82.87 	 
0.395999998	  0.282 	  -84.27 	 
0.398199998	  0.280 	  -85.19 	 
0.400399998	  0.280 	  -85.43 	 
0.402599998	  0.280 	  -85.13 	 
0.404799998	  0.280 	  -84.27 	 
0.406999998	  0.281 	  -82.67 	 
0.409199998	  0.283 	  -80.50 	 
0.411399998	  0.285 	  -77.65 	 
0.413599998	  0.288 	  -74.43 	 
0.415799998	  0.291 	  -70.73 	 
0.417999998	  0.296 	  -66.95 	 
0.420199998	  0.299 	  -62.97 	 
0.422399998	  0.304 	  -59.02 	 
0.424599998	  0.310 	  -55.14 	 
0.426799998	  0.315 	  -51.38 	 
0.428999998	  0.320 	  -47.94 	 
0.431199998	  0.325 	  -44.86 	 
0.433399998	  0.329 	  -42.28 	 
0.435599998	  0.334 	  -40.19 	 
0.437799998	  0.336 	  -38.77 	 
0.439999998	  0.338 	  -37.92 	 
0.442199998	  0.340 	  -37.73 	 
0.444399998	  0.340 	  -38.10 	 
0.446599998	  0.339 	  -39.11 	 
0.448799998	  0.338 	  -40.73 	 
0.450999998	  0.335 	  -42.93 	 
0.453199998	  0.332 	  -45.82 	 
0.455399998	  0.328 	  -48.97 	 
0.457599998	  0.323 	  -52.68 	 
0.459799998	  0.318 	  -56.44 	 
0.461999997	  0.314 	  -60.43 	 
0.464199997	  0.308 	  -64.43 	 
0.466399997	  0.303 	  -68.35 	 
0.468599997	  0.299 	  -72.02 	 
0.470799997	  0.294 	  -75.43 	 
0.472999997	  0.290 	  -78.51 	 
0.475199997	  0.287 	  -80.96 	 
0.477399997	  0.284 	  -83.03 	 
0.479599997	  0.282 	  -84.45 	 
0.481799997	  0.280 	  -85.29 	 
0.483999997	  0.280 	  -85.47 	 
0.486199997	  0.280 	  -85.10 	 
0.488399997	  0.280 	  -84.12 	 
0.490599997	  0.281 	  -82.45 	 
0.492799997	  0.283 	  -80.26 	 
0.494999997	  0.285 	  -77.36 	 
0.497199997	  0.288 	  -74.12 	 
0.499399997	  0.292 	  -70.41 	 
0.501599997	  0.296 	  -66.52 	 
0.503799997	  0.300 	  -62.52 	 
0.505999997	  0.305 	  -58.51 	 
0.508199997	  0.310 	  -54.63 	 
0.510399997	  0.316 	  -50.90 	 
0.512599997	  0.320 	  -47.53 	 
0.514799997	  0.326 	  -44.54 	 
0.516999997	  0.330 	  -41.98 	 
0.519199997	  0.334 	  -40.01 	 
0.521399997	  0.337 	  -38.65 	 
0.523599997	  0.339 	  -37.81 	 
0.525799997	  0.339 	  -37.73 	 
0.527999997	  0.340 	  -38.16 	 
0.530199997	  0.339 	  -39.23 	 
0.532399997	  0.337 	  -41.04 	 
0.534599997	  0.335 	  -43.25 	 
0.536799997	  0.331 	  -46.17 	 
0.538999997	  0.328 	  -49.41 	 
0.541199997	  0.323 	  -53.09 	 
0.543399997	  0.319 	  -56.97 	 
0.545599997	  0.313 	  -60.97 	 
0.547799997	  0.307 	  -64.99 	 
0.549999997	  0.302 	  -68.78 	 
0.552199997	  0.298 	  -72.47 	 
0.554399997	  0.294 	  -75.76 	 
0.556599997	  0.290 	  -78.76 	 
0.558799997	  0.286 	  -81.29 	 
0.560999997	  0.284 	  -83.26 	 
0.563199997	  0.281 	  -84.64 	 
0.565399997	  0.280 	  -85.40 	 
0.567599997	  0.280 	  -85.47 	 
0.569799997	  0.279 	  -84.97 	 
0.571999997	  0.280 	  -83.90 	 
0.574199997	  0.281 	  -82.16 	 
0.576399997	  0.283 	  -79.82 	 
0.578599997	  0.285 	  -77.03 	 
0.580799997	  0.289 	  -73.70 	 
0.582999997	  0.292 	  -70.01 	 
0.585199997	  0.297 	  -66.11 	 
0.587399997	  0.301 	  -62.04 	 
0.589599997	  0.306 	  -58.09 	 
0.591799997	  0.311 	  -54.15 	 
0.593999997	  0.316 	  -50.48 	 
0.596199997	  0.321 	  -47.14 	 
0.598399997	  0.326 	  -44.19 	 
0.600599997	  0.330 	  -41.71 	 
0.602799997	  0.334 	  -39.79 	 
0.604999997	  0.337 	  -38.50 	 
0.607199997	  0.338 	  -37.77 	 
0.609399997	  0.340 	  -37.77 	 
0.611599997	  0.340 	  -38.27 	 
0.613799997	  0.338 	  -39.44 	 
0.615999997	  0.337 	  -41.21 	 
0.618199997	  0.334 	  -43.67 	 
0.620399997	  0.331 	  -46.58 	 
0.622599997	  0.327 	  -49.93 	 
0.624799997	  0.323 	  -53.59 	 
0.626999997	  0.317 	  -57.46 	 
0.629199997	  0.312 	  -61.37 	 
0.631399997	  0.307 	  -65.34 	 
0.633599997	  0.302 	  -69.21 	 
0.635799997	  0.298 	  -72.86 	 
0.637999997	  0.293 	  -76.25 	 
0.640199997	  0.288 	  -79.10 	 
0.642399997	  0.286 	  -81.55 	 
0.644599997	  0.283 	  -83.42 	 
0.646799996	  0.282 	  -84.73 	 
0.648999996	  0.279 	  -85.43 	 
0.651199996	  0.280 	  -85.46 	 
0.653399996	  0.280 	  -84.97 	 
0.655599996	  0.280 	  -83.70 	 
0.657799996	  0.281 	  -81.94 	 
0.659999996	  0.283 	  -79.41 	 
0.662199996	  0.285 	  -76.47 	 
0.664399996	  0.289 	  -73.08 	 
0.666599996	  0.293 	  -69.44 	 
0.668799996	  0.297 	  -65.54 	 
0.670999996	  0.301 	  -61.54 	 
0.673199996	  0.306 	  -57.60 	 
0.675399996	  0.311 	  -53.65 	 
0.677599996	  0.317 	  -50.11 	 
0.679799996	  0.322 	  -46.73 	 
0.681999996	  0.326 	  -43.84 	 
0.684199996	  0.331 	  -41.45 	 
0.686399996	  0.334 	  -39.59 	 
0.688599996	  0.337 	  -38.34 	 
0.690799996	  0.339 	  -37.74 	 
0.692999996	  0.340 	  -37.77 	 
0.695199996	  0.339 	  -38.32 	 
0.697399996	  0.338 	  -39.62 	 
0.699599996	  0.337 	  -41.47 	 
0.701799996	  0.334 	  -44.00 	 
0.703999996	  0.330 	  -46.90 	 
0.706199996	  0.327 	  -50.36 	 
0.708399996	  0.322 	  -53.95 	 
0.710599996	  0.317 	  -57.87 	 
0.712799996	  0.312 	  -61.85 	 
0.714999996	  0.307 	  -65.82 	 
0.717199996	  0.302 	  -69.73 	 
0.719399996	  0.297 	  -73.27 	 
0.721599996	  0.293 	  -76.62 	 
0.723799996	  0.289 	  -79.43 	 
0.725999996	  0.286 	  -81.85 	 
0.728199996	  0.283 	  -83.56 	 
0.730399996	  0.281 	  -84.80 	 
0.732599996	  0.280 	  -85.43 	 
0.734799996	  0.279 	  -85.35 	 
0.736999996	  0.280 	  -84.82 	 
0.739199996	  0.281 	  -83.53 	 
0.741399996	  0.282 	  -81.71 	 
0.743599996	  0.284 	  -79.20 	 
0.745799996	  0.286 	  -76.25 	 
0.747999996	  0.290 	  -72.73 	 
0.750199996	  0.293 	  -69.00 	 
0.752399996	  0.297 	  -65.06 	 
0.754599996	  0.301 	  -60.97 	 
0.756799996	  0.307 	  -57.10 	 
0.758999996	  0.312 	  -53.23 	 
0.761199996	  0.317 	  -49.65 	 
0.763399996	  0.322 	  -46.38 	 
0.765599996	  0.327 	  -43.54 	 
0.767799996	  0.331 	  -41.16 	 
0.769999996	  0.335 	  -39.42 	 
0.772199996	  0.338 	  -38.26 	 
0.774399996	  0.339 	  -37.67 	 
0.776599996	  0.340 	  -37.81 	 
0.778799996	  0.340 	  -38.47 	 
0.780999996	  0.339 	  -39.81 	 
0.783199996	  0.336 	  -41.74 	 
0.785399996	  0.333 	  -44.35 	 
0.787599996	  0.330 	  -47.33 	 
0.789799996	  0.326 	  -50.80 	 
0.791999996	  0.321 	  -54.49 	 
0.794199996	  0.316 	  -58.33 	 
0.796399996	  0.311 	  -62.30 	 
0.798599996	  0.306 	  -66.30 	 
0.800799996	  0.301 	  -70.14 	 
0.802999996	  0.296 	  -73.73 	 
0.805199996	  0.292 	  -76.95 	 
0.807399996	  0.288 	  -79.72 	 
0.809599996	  0.285 	  -82.10 	 
0.811799996	  0.283 	  -83.80 	 
0.813999996	  0.281 	  -84.90 	 
0.816199996	  0.279 	  -85.41 	 
0.818399996	  0.280 	  -85.34 	 
0.820599996	  0.279 	  -84.71 	 
0.822799996	  0.281 	  -83.37 	 
0.824999996	  0.282 	  -81.49 	 
0.827199996	  0.284 	  -78.93 	 
0.829399996	  0.286 	  -75.90 	 
0.831599995	  0.290 	  -72.41 	 
0.833799995	  0.294 	  -68.56 	 
0.835999995	  0.298 	  -64.60 	 
0.838199995	  0.302 	  -60.53 	 
0.840399995	  0.307 	  -56.64 	 
0.842599995	  0.313 	  -52.73 	 
0.844799995	  0.318 	  -49.25 	 
0.846999995	  0.322 	  -46.01 	 
0.849199995	  0.328 	  -43.21 	 
0.851399995	  0.331 	  -40.99 	 
0.853599995	  0.334 	  -39.27 	 
0.855799995	  0.337 	  -38.14 	 
0.857999995	  0.339 	  -37.73 	 
0.860199995	  0.340 	  -37.88 	 
0.862399995	  0.339 	  -38.58 	 
0.864599995	  0.338 	  -40.03 	 
0.866799995	  0.336 	  -41.99 	 
0.868999995	  0.334 	  -44.65 	 
0.871199995	  0.329 	  -47.68 	 
0.873399995	  0.325 	  -51.23 	 
0.875599995	  0.321 	  -54.93 	 
0.877799995	  0.316 	  -58.92 	 
0.879999995	  0.311 	  -62.89 	 
0.882199995	  0.305 	  -66.81 	 
0.884399995	  0.300 	  -70.66 	 
0.886599995	  0.296 	  -74.09 	 
0.888799995	  0.291 	  -77.31 	 
0.890999995	  0.287 	  -80.02 	 
0.893199995	  0.285 	  -82.30 	 
0.895399995	  0.283 	  -83.97 	 
0.897599995	  0.281 	  -85.04 	 
0.899799995	  0.280 	  -85.52 	 
0.901999995	  0.280 	  -85.29 	 
0.904199995	  0.279 	  -84.53 	 
0.906399995	  0.280 	  -83.06 	 
0.908599995	  0.282 	  -81.05 	 
0.910799995	  0.284 	  -78.44 	 
0.912999995	  0.286 	  -75.37 	 
0.915199995	  0.290 	  -71.90 	 
0.917399995	  0.294 	  -68.16 	 
0.919599995	  0.298 	  -64.18 	 
0.921799995	  0.303 	  -60.14 	 
0.923999995	  0.308 	  -56.16 	 
0.926199995	  0.313 	  -52.36 	 
0.928399995	  0.318 	  -48.83 	 
0.930599995	  0.324 	  -45.63 	 
0.932799995	  0.328 	  -42.98 	 
0.934999995	  0.332 	  -40.66 	 
0.937199995	  0.335 	  -39.09 	 
0.939399995	  0.337 	  -38.09 	 
0.941599995	  0.340 	  -37.68 	 
0.943799995	  0.340 	  -37.95 	 
0.945999995	  0.339 	  -38.78 	 
0.948199995	  0.338 	  -40.26 	 
0.950399995	  0.335 	  -42.40 	 
0.952599995	  0.332 	  -45.01 	 
0.954799995	  0.329 	  -48.18 	 
0.956999995	  0.325 	  -51.62 	 
0.959199995	  0.320 	  -55.43 	 
0.961399995	  0.315 	  -59.31 	 
0.963599995	  0.309 	  -63.29 	 
0.965799995	  0.305 	  -67.28 	 
0.967999995	  0.299 	  -71.04 	 
0.970199995	  0.295 	  -74.55 	 
0.972399995	  0.291 	  -77.69 	 
0.974599995	  0.287 	  -80.33 	 
0.976799995	  0.284 	  -82.48 	 
0.978999995	  0.282 	  -84.10 	 
0.981199995	  0.280 	  -85.03 	 
0.983399995	  0.280 	  -85.47 	 
0.985599995	  0.279 	  -85.26 	 
0.987799995	  0.280 	  -84.42 	 
0.989999995	  0.281 	  -82.99 	 
0.992199995	  0.282 	  -80.88 	 
0.994399995	  0.284 	  -78.18 	 
0.996599995	  0.287 	  -74.95 	 
0.998799995	  0.291 	  -71.38 	 
1.000999995	  0.294 	  -67.51 	 
1.003199995	  0.300 	  -63.58 	 
1.005399995	  0.303 	  -59.59 	 
1.007599995	  0.309 	  -55.64 	 
1.009799995	  0.314 	  -51.95 	 
1.011999995	  0.319 	  -48.46 	 
1.014199995	  0.324 	  -45.27 	 
1.016399994	  0.328 	  -42.65 	 
1.018599994	  0.332 	  -40.47 	 
1.020799994	  0.336 	  -38.93 	 
1.022999994	  0.338 	  -38.04 	 
1.025199994	  0.340 	  -37.71 	 
1.027399994	  0.340 	  -37.98 	 
1.029599994	  0.339 	  -38.90 	 
1.031799994	  0.338 	  -40.45 	 
1.033999994	  0.335 	  -42.64 	 
1.036199994	  0.332 	  -45.35 	 
1.038399994	  0.328 	  -48.60 	 
1.040599994	  0.324 	  -52.07 	 
1.042799994	  0.320 	  -55.92 	 
1.044999994	  0.314 	  -59.81 	 
1.047199994	  0.309 	  -63.78 	 
1.049399994	  0.304 	  -67.65 	 
1.051599994	  0.299 	  -71.45 	 
1.053799994	  0.295 	  -74.87 	 
1.055999994	  0.290 	  -77.98 	 
1.058199994	  0.287 	  -80.64 	 
1.060399994	  0.284 	  -82.72 	 
1.062599994	  0.282 	  -84.27 	 
1.064799994	  0.280 	  -85.17 	 
1.066999994	  0.280 	  -85.46 	 
1.069199994	  0.279 	  -85.18 	 
1.071399994	  0.279 	  -84.27 	 
1.073599994	  0.281 	  -82.72 	 
1.075799994	  0.282 	  -80.53 	 
1.077999994	  0.285 	  -77.84 	 
1.080199994	  0.287 	  -74.57 	 
1.082399994	  0.290 	  -70.97 	 
1.084599994	  0.295 	  -67.12 	 
1.086799994	  0.300 	  -63.08 	 
1.088999994	  0.304 	  -59.07 	 
1.091199994	  0.309 	  -55.19 	 
1.093399994	  0.314 	  -51.45 	 
1.095599994	  0.320 	  -48.03 	 
1.097799994	  0.324 	  -44.95 	 
1.099999994	  0.329 	  -42.37 	 
1.102199994	  0.334 	  -40.24 	 
1.104399994	  0.336 	  -38.80 	 
1.106599994	  0.338 	  -37.94 	 
1.108799994	  0.339 	  -37.69 	 
1.110999994	  0.340 	  -38.07 	 
1.113199994	  0.339 	  -39.03 	 
1.115399994	  0.338 	  -40.66 	 
1.117599994	  0.335 	  -42.90 	 
1.119799994	  0.332 	  -45.67 	 
1.121999994	  0.328 	  -48.95 	 
1.124199994	  0.324 	  -52.56 	 
1.126399994	  0.318 	  -56.39 	 
1.128599994	  0.313 	  -60.39 	 
1.130799994	  0.308 	  -64.31 	 
1.132999994	  0.303 	  -68.17 	 
1.135199994	  0.299 	  -71.84 	 
1.137399994	  0.294 	  -75.27 	 
1.139599994	  0.290 	  -78.31 	 
1.141799994	  0.287 	  -80.88 	 
1.143999994	  0.283 	  -82.98 	 
1.146199994	  0.281 	  -84.40 	 
1.148399994	  0.280 	  -85.26 	 
1.150599994	  0.279 	  -85.44 	 
1.152799994	  0.279 	  -85.03 	 
1.154999994	  0.280 	  -84.03 	 
1.157199994	  0.280 	  -82.43 	 
1.159399994	  0.283 	  -80.25 	 
1.161599994	  0.285 	  -77.44 	 
1.163799994	  0.288 	  -74.26 	 
1.165999994	  0.291 	  -70.56 	 
1.168199994	  0.295 	  -66.65 	 
1.170399994	  0.300 	  -62.69 	 
1.172599994	  0.305 	  -58.60 	 
1.174799994	  0.310 	  -54.75 	 
1.176999994	  0.315 	  -51.04 	 
1.179199994	  0.320 	  -47.61 	 
1.181399994	  0.325 	  -44.61 	 
1.183599994	  0.329 	  -42.07 	 
1.185799994	  0.333 	  -40.03 	 
1.187999994	  0.336 	  -38.66 	 
1.190199994	  0.338 	  -37.89 	 
1.192399994	  0.339 	  -37.71 	 
1.194599994	  0.340 	  -38.14 	 
1.196799994	  0.338 	  -39.21 	 
1.198999994	  0.337 	  -40.97 	 
1.201199993	  0.334 	  -43.21 	 
1.203399993	  0.331 	  -46.14 	 
1.205599993	  0.327 	  -49.37 	 
1.207799993	  0.323 	  -53.05 	 
1.209999993	  0.318 	  -56.84 	 
1.212199993	  0.313 	  -60.81 	 
1.214399993	  0.308 	  -64.70 	 
1.216599993	  0.303 	  -68.63 	 
1.218799993	  0.298 	  -72.26 	 
1.220999993	  0.293 	  -75.65 	 
1.223199993	  0.289 	  -78.71 	 
1.225399993	  0.286 	  -81.18 	 
1.227599993	  0.284 	  -83.20 	 
1.229799993	  0.282 	  -84.54 	 
1.231999993	  0.280 	  -85.29 	 
1.234199993	  0.279 	  -85.40 	 
1.236399993	  0.279 	  -85.00 	 
1.238599993	  0.279 	  -83.99 	 
1.240799993	  0.281 	  -82.25 	 
1.242999993	  0.283 	  -80.02 	 
1.245199993	  0.285 	  -77.11 	 
1.247399993	  0.288 	  -73.81 	 
1.249599993	  0.292 	  -70.07 	 
1.251799993	  0.295 	  -66.15 	 
1.253999993	  0.301 	  -62.15 	 
1.256199993	  0.305 	  -58.12 	 
1.258399993	  0.310 	  -54.26 	 
1.260599993	  0.316 	  -50.59 	 
1.262799993	  0.321 	  -47.25 	 
1.264999993	  0.326 	  -44.32 	 
1.267199993	  0.330 	  -41.80 	 
1.269399993	  0.334 	  -39.82 	 
1.271599993	  0.336 	  -38.53 	 
1.273799993	  0.338 	  -37.76 	 
1.275999993	  0.340 	  -37.73 	 
1.278199993	  0.339 	  -38.25 	 
1.280399993	  0.338 	  -39.39 	 
1.282599993	  0.336 	  -41.21 	 
1.284799993	  0.334 	  -43.57 	 
1.286999993	  0.331 	  -46.45 	 
1.289199993	  0.327 	  -49.80 	 
1.291399993	  0.322 	  -53.50 	 
1.293599993	  0.317 	  -57.34 	 
1.295799993	  0.312 	  -61.33 	 
1.297999993	  0.307 	  -65.19 	 
1.300199993	  0.302 	  -69.05 	 
1.302399993	  0.298 	  -72.72 	 
1.304599993	  0.293 	  -76.10 	 
1.306799993	  0.289 	  -79.00 	 
1.308999993	  0.286 	  -81.47 	 
1.311199993	  0.283 	  -83.42 	 
1.313399993	  0.281 	  -84.67 	 
1.315599993	  0.280 	  -85.41 	 
1.317799993	  0.279 	  -85.41 	 
1.319999993	  0.279 	  -84.89 	 
1.322199993	  0.280 	  -83.70 	 
1.324399993	  0.281 	  -81.92 	 
1.326599993	  0.284 	  -79.45 	 
1.328799993	  0.285 	  -76.55 	 
1.330999993	  0.289 	  -73.17 	 
1.333199993	  0.292 	  -69.52 	 
1.335399993	  0.297 	  -65.67 	 
1.337599993	  0.301 	  -61.73 	 
1.339799993	  0.305 	  -57.74 	 
1.341999993	  0.310 	  -53.85 	 
1.344199993	  0.317 	  -50.20 	 
1.346399993	  0.321 	  -46.81 	 
1.348599993	  0.327 	  -43.92 	 
1.350799993	  0.330 	  -41.54 	 
1.352999993	  0.334 	  -39.61 	 
1.355199993	  0.337 	  -38.39 	 
1.357399993	  0.339 	  -37.77 	 
1.359599993	  0.340 	  -37.75 	 
1.361799993	  0.340 	  -38.36 	 
1.363999993	  0.338 	  -39.57 	 
1.366199993	  0.337 	  -41.38 	 
1.368399993	  0.333 	  -43.85 	 
1.370599993	  0.331 	  -46.85 	 
1.372799993	  0.326 	  -50.20 	 
1.374999993	  0.322 	  -53.90 	 
1.377199993	  0.317 	  -57.82 	 
1.379399993	  0.311 	  -61.82 	 
1.381599993	  0.307 	  -65.74 	 
1.383799993	  0.302 	  -69.60 	 
1.385999992	  0.297 	  -73.10 	 
1.388199992	  0.293 	  -76.41 	 
1.390399992	  0.289 	  -79.31 	 
1.392599992	  0.286 	  -81.65 	 
1.394799992	  0.282 	  -83.55 	 
1.396999992	  0.280 	  -84.78 	 
1.399199992	  0.280 	  -85.47 	 
1.401399992	  0.279 	  -85.38 	 
1.403599992	  0.279 	  -84.80 	 
1.405799992	  0.280 	  -83.49 	 
1.407999992	  0.281 	  -81.61 	 
1.410199992	  0.283 	  -79.13 	 
1.412399992	  0.286 	  -76.12 	 
1.414599992	  0.289 	  -72.75 	 
1.416799992	  0.292 	  -69.13 	 
1.418999992	  0.297 	  -65.25 	 
1.421199992	  0.301 	  -61.22 	 
1.423399992	  0.306 	  -57.28 	 
1.425599992	  0.312 	  -53.33 	 
1.427799992	  0.316 	  -49.75 	 
1.429999992	  0.322 	  -46.46 	 
1.432199992	  0.327 	  -43.57 	 
1.434399992	  0.330 	  -41.28 	 
1.436599992	  0.334 	  -39.48 	 
1.438799992	  0.338 	  -38.28 	 
1.440999992	  0.339 	  -37.70 	 
1.443199992	  0.340 	  -37.79 	 
1.445399992	  0.339 	  -38.43 	 
1.447599992	  0.339 	  -39.75 	 
1.449799992	  0.336 	  -41.65 	 
1.451999992	  0.333 	  -44.20 	 
1.454199992	  0.330 	  -47.17 	 
1.456399992	  0.326 	  -50.70 	 
1.458599992	  0.321 	  -54.32 	 
1.460799992	  0.317 	  -58.22 	 
1.462999992	  0.311 	  -62.25 	 
1.465199992	  0.305 	  -66.21 	 
1.467399992	  0.301 	  -70.07 	 
1.469599992	  0.296 	  -73.62 	 
1.471799992	  0.293 	  -76.89 	 
1.473999992	  0.288 	  -79.63 	 
1.476199992	  0.286 	  -81.97 	 
1.478399992	  0.282 	  -83.74 	 
1.480599992	  0.280 	  -84.87 	 
1.482799992	  0.279 	  -85.50 	 
1.484999992	  0.280 	  -85.33 	 
1.487199992	  0.280 	  -84.67 	 
1.489399992	  0.280 	  -83.33 	 
1.491599992	  0.281 	  -81.38 	 
1.493799992	  0.283 	  -78.87 	 
1.495999992	  0.286 	  -75.90 	 
1.498199992	  0.289 	  -72.47 	 
1.500399992	  0.293 	  -68.71 	 
1.502599992	  0.298 	  -64.79 	 
1.504799992	  0.302 	  -60.78 	 
1.506999992	  0.307 	  -56.75 	 
1.509199992	  0.312 	  -52.96 	 
1.511399992	  0.317 	  -49.37 	 
1.513599992	  0.323 	  -46.08 	 
1.515799992	  0.327 	  -43.33 	 
1.517999992	  0.331 	  -41.03 	 
1.520199992	  0.334 	  -39.28 	 
1.522399992	  0.338 	  -38.21 	 
1.524599992	  0.339 	  -37.74 	 
1.526799992	  0.339 	  -37.87 	 
1.528999992	  0.339 	  -38.62 	 
1.531199992	  0.338 	  -40.00 	 
1.533399992	  0.336 	  -41.98 	 
1.535599992	  0.333 	  -44.55 	 
1.537799992	  0.329 	  -47.65 	 
1.539999992	  0.325 	  -51.12 	 
1.542199992	  0.320 	  -54.91 	 
1.544399992	  0.316 	  -58.83 	 
1.546599992	  0.310 	  -62.80 	 
1.548799992	  0.305 	  -66.68 	 
1.550999992	  0.300 	  -70.51 	 
1.553199992	  0.295 	  -73.95 	 
1.555399992	  0.292 	  -77.20 	 
1.557599992	  0.287 	  -79.93 	 
1.559799992	  0.286 	  -82.18 	 
1.561999992	  0.282 	  -83.97 	 
1.564199992	  0.281 	  -85.02 	 
1.566399992	  0.279 	  -85.48 	 
1.568599992	  0.279 	  -85.28 	 
1.570799991	  0.280 	  -84.55 	 
1.572999991	  0.280 	  -83.09 	 
1.575199991	  0.281 	  -81.09 	 
1.577399991	  0.284 	  -78.49 	 
1.579599991	  0.286 	  -75.44 	 
1.581799991	  0.290 	  -71.98 	 
1.583999991	  0.293 	  -68.29 	 
1.586199991	  0.298 	  -64.31 	 
1.588399991	  0.303 	  -60.28 	 
1.590599991	  0.308 	  -56.31 	 
1.592799991	  0.313 	  -52.42 	 
1.594999991	  0.318 	  -48.97 	 
1.597199991	  0.323 	  -45.71 	 
1.599399991	  0.327 	  -43.01 	 
1.601599991	  0.332 	  -40.86 	 
1.603799991	  0.335 	  -39.16 	 
1.605999991	  0.337 	  -38.10 	 
1.608199991	  0.339 	  -37.73 	 
1.610399991	  0.340 	  -37.95 	 
1.612599991	  0.339 	  -38.70 	 
1.614799991	  0.337 	  -40.19 	 
1.616999991	  0.335 	  -42.26 	 
1.619199991	  0.332 	  -44.89 	 
1.621399991	  0.329 	  -48.00 	 
1.623599991	  0.324 	  -51.58 	 
1.625799991	  0.320 	  -55.34 	 
1.627999991	  0.315 	  -59.27 	 
1.630199991	  0.310 	  -63.31 	 
1.632399991	  0.305 	  -67.09 	 
1.634599991	  0.300 	  -70.91 	 
1.636799991	  0.295 	  -74.33 	 
1.638999991	  0.290 	  -77.51 	 
1.641199991	  0.287 	  -80.23 	 
1.643399991	  0.284 	  -82.44 	 
1.645599991	  0.282 	  -84.09 	 
1.647799991	  0.280 	  -85.06 	 
1.649999991	  0.279 	  -85.51 	 
1.652199991	  0.279 	  -85.17 	 
1.654399991	  0.280 	  -84.36 	 
1.656599991	  0.280 	  -82.91 	 
1.658799991	  0.282 	  -80.83 	 
1.660999991	  0.283 	  -78.24 	 
1.663199991	  0.287 	  -75.09 	 
1.665399991	  0.290 	  -71.59 	 
1.667599991	  0.294 	  -67.75 	 
1.669799991	  0.299 	  -63.76 	 
1.671999991	  0.304 	  -59.71 	 
1.674199991	  0.308 	  -55.76 	 
1.676399991	  0.314 	  -52.01 	 
1.678599991	  0.319 	  -48.53 	 
1.680799991	  0.324 	  -45.37 	 
1.682999991	  0.328 	  -42.72 	 
1.685199991	  0.332 	  -40.53 	 
1.687399991	  0.335 	  -38.94 	 
1.689599991	  0.337 	  -38.00 	 
1.691799991	  0.339 	  -37.67 	 
1.693999991	  0.339 	  -37.96 	 
1.696199991	  0.339 	  -38.84 	 
1.698399991	  0.338 	  -40.40 	 
1.700599991	  0.335 	  -42.51 	 
1.702799991	  0.332 	  -45.23 	 
1.704999991	  0.328 	  -48.41 	 
1.707199991	  0.324 	  -51.99 	 
1.709399991	  0.319 	  -55.79 	 
1.711599991	  0.314 	  -59.74 	 
1.713799991	  0.309 	  -63.76 	 
1.715999991	  0.304 	  -67.56 	 
1.718199991	  0.299 	  -71.28 	 
1.720399991	  0.294 	  -74.74 	 
1.722599991	  0.290 	  -77.89 	 
1.724799991	  0.287 	  -80.54 	 
1.726999991	  0.283 	  -82.62 	 
1.729199991	  0.282 	  -84.24 	 
1.731399991	  0.280 	  -85.13 	 
1.733599991	  0.279 	  -85.44 	 
1.735799991	  0.279 	  -85.11 	 
1.737999991	  0.280 	  -84.24 	 
1.740199991	  0.280 	  -82.64 	 
1.742399991	  0.282 	  -80.51 	 
1.744599991	  0.284 	  -77.80 	 
1.746799991	  0.287 	  -74.65 	 
1.748999991	  0.291 	  -71.14 	 
1.751199991	  0.295 	  -67.29 	 
1.753399990	  0.299 	  -63.28 	 
1.755599990	  0.304 	  -59.28 	 
1.757799990	  0.309 	  -55.30 	 
1.759999990	  0.314 	  -51.53 	 
1.762199990	  0.319 	  -48.12 	 
1.764399990	  0.324 	  -44.98 	 
1.766599990	  0.329 	  -42.42 	 
1.768799990	  0.332 	  -40.34 	 
1.770999990	  0.335 	  -38.79 	 
1.773199990	  0.338 	  -37.93 	 
1.775399990	  0.339 	  -37.73 	 
1.777599990	  0.340 	  -38.04 	 
1.779799990	  0.339 	  -38.98 	 
1.781999990	  0.337 	  -40.62 	 
1.784199990	  0.334 	  -42.83 	 
1.786399990	  0.331 	  -45.62 	 
1.788599990	  0.328 	  -48.86 	 
1.790799990	  0.323 	  -52.47 	 
1.792999990	  0.319 	  -56.25 	 
1.795199990	  0.314 	  -60.24 	 
1.797399990	  0.308 	  -64.21 	 
1.799599990	  0.303 	  -68.01 	 
1.801799990	  0.298 	  -71.78 	 
1.803999990	  0.294 	  -75.15 	 
1.806199990	  0.290 	  -78.24 	 
1.808399990	  0.286 	  -80.86 	 
1.810599990	  0.283 	  -82.89 	 
1.812799990	  0.282 	  -84.41 	 
1.814999990	  0.280 	  -85.22 	 
1.817199990	  0.279 	  -85.47 	 
1.819399990	  0.279 	  -85.05 	 
1.821599990	  0.280 	  -84.14 	 
1.823799990	  0.280 	  -82.56 	 
1.825999990	  0.282 	  -80.33 	 
1.828199990	  0.284 	  -77.61 	 
1.830399990	  0.287 	  -74.31 	 
1.832599990	  0.291 	  -70.66 	 
1.834799990	  0.295 	  -66.80 	 
1.836999990	  0.299 	  -62.75 	 
1.839199990	  0.305 	  -58.74 	 
1.841399990	  0.309 	  -54.86 	 
1.843599990	  0.314 	  -51.18 	 
1.845799990	  0.320 	  -47.76 	 
1.847999990	  0.325 	  -44.70 	 
1.850199990	  0.329 	  -42.18 	 
1.852399990	  0.333 	  -40.11 	 
1.854599990	  0.336 	  -38.70 	 
1.856799990	  0.337 	  -37.89 	 
1.858999990	  0.339 	  -37.74 	 
1.861199990	  0.339 	  -38.17 	 
1.863399990	  0.338 	  -39.24 	 
1.865599990	  0.337 	  -40.89 	 
1.867799990	  0.335 	  -43.24 	 
1.869999990	  0.331 	  -46.03 	 
1.872199990	  0.327 	  -49.30 	 
1.874399990	  0.323 	  -52.88 	 
1.876599990	  0.318 	  -56.75 	 
1.878799990	  0.313 	  -60.63 	 
1.880999990	  0.307 	  -64.62 	 
1.883199990	  0.302 	  -68.52 	 
1.885399990	  0.298 	  -72.25 	 
1.887599990	  0.293 	  -75.63 	 
1.889799990	  0.290 	  -78.64 	 
1.891999990	  0.286 	  -81.15 	 
1.894199990	  0.283 	  -83.11 	 
1.896399990	  0.281 	  -84.51 	 
1.898599990	  0.280 	  -85.26 	 
1.900799990	  0.279 	  -85.44 	 
1.902999990	  0.279 	  -85.01 	 
1.905199990	  0.279 	  -83.97 	 
1.907399990	  0.281 	  -82.32 	 
1.909599990	  0.282 	  -79.97 	 
1.911799990	  0.285 	  -77.06 	 
1.913999990	  0.288 	  -73.74 	 
1.916199990	  0.291 	  -70.10 	 
1.918399990	  0.296 	  -66.23 	 
1.920599990	  0.300 	  -62.32 	 
1.922799990	  0.305 	  -58.35 	 
1.924999990	  0.310 	  -54.45 	 
1.927199990	  0.315 	  -50.74 	 
1.929399990	  0.320 	  -47.36 	 
1.931599990	  0.325 	  -44.33 	 
1.933799990	  0.329 	  -41.89 	 
1.935999990	  0.333 	  -39.90 	 
1.938199989	  0.336 	  -38.60 	 
1.940399989	  0.338 	  -37.87 	 
1.942599989	  0.339 	  -37.75 	 
1.944799989	  0.339 	  -38.26 	 
1.946999989	  0.338 	  -39.34 	 
1.949199989	  0.337 	  -41.16 	 
1.951399989	  0.334 	  -43.46 	 
1.953599989	  0.331 	  -46.45 	 
1.955799989	  0.327 	  -49.73 	 
1.957999989	  0.322 	  -53.38 	 
1.960199989	  0.317 	  -57.19 	 
1.962399989	  0.312 	  -61.17 	 
1.964599989	  0.307 	  -65.08 	 
1.966799989	  0.302 	  -69.00 	 
1.968999989	  0.297 	  -72.68 	 
1.971199989	  0.293 	  -75.98 	 
1.973399989	  0.289 	  -79.01 	 
1.975599989	  0.285 	  -81.40 	 
1.977799989	  0.283 	  -83.40 	 
1.979999989	  0.281 	  -84.62 	 
1.982199989	  0.280 	  -85.38 	 
1.984399989	  0.279 	  -85.44 	 
1.986599989	  0.279 	  -84.91 	 
1.988799989	  0.279 	  -83.86 	 
1.990999989	  0.280 	  -82.02 	 
1.993199989	  0.282 	  -79.72 	 
1.995399989	  0.285 	  -76.75 	 
1.997599989	  0.289 	  -73.43 	 
1.999799989	  0.292 	  -69.68 	 
2.001999989	  0.296 	  -65.83 	 
2.004199989	  0.300 	  -61.79 	 
2.006399989	  0.305 	  -57.81 	 
2.008599989	  0.311 	  -53.99 	 
2.010799989	  0.315 	  -50.26 	 
2.012999989	  0.321 	  -47.00 	 
2.015199989	  0.325 	  -44.05 	 
2.017399989	  0.330 	  -41.59 	 
2.019599989	  0.334 	  -39.71 	 
2.021799989	  0.336 	  -38.44 	 
2.023999989	  0.339 	  -37.77 	 
2.026199989	  0.339 	  -37.79 	 
2.028399989	  0.339 	  -38.36 	 
2.030599989	  0.338 	  -39.50 	 
2.032799989	  0.336 	  -41.36 	 
2.034999989	  0.334 	  -43.77 	 
2.037199989	  0.330 	  -46.77 	 
2.039399989	  0.326 	  -50.10 	 
2.041599989	  0.322 	  -53.88 	 
2.043799989	  0.317 	  -57.71 	 
2.045999989	  0.311 	  -61.71 	 
2.048199989	  0.306 	  -65.70 	 
2.050399989	  0.301 	  -69.44 	 
2.052599989	  0.296 	  -73.12 	 
2.054799989	  0.292 	  -76.35 	 
2.056999989	  0.288 	  -79.27 	 
2.059199989	  0.285 	  -81.62 	 
2.061399989	  0.282 	  -83.54 	 
2.063599989	  0.281 	  -84.83 	 
2.065799989	  0.279 	  -85.44 	 
2.067999989	  0.279 	  -85.43 	 
2.070199989	  0.279 	  -84.80 	 
2.072399989	  0.280 	  -83.59 	 
2.074599989	  0.281 	  -81.75 	 
2.076799989	  0.283 	  -79.34 	 
2.078999989	  0.285 	  -76.40 	 
2.081199989	  0.289 	  -73.08 	 
2.083399989	  0.292 	  -69.29 	 
2.085599989	  0.297 	  -65.41 	 
2.087799989	  0.302 	  -61.35 	 
2.089999989	  0.306 	  -57.36 	 
2.092199989	  0.311 	  -53.48 	 
2.094399989	  0.316 	  -49.85 	 
2.096599989	  0.322 	  -46.60 	 
2.098799989	  0.327 	  -43.70 	 
2.100999989	  0.331 	  -41.36 	 
2.103199989	  0.334 	  -39.55 	 
2.105399989	  0.337 	  -38.34 	 
2.107599989	  0.338 	  -37.77 	 
2.109799989	  0.339 	  -37.81 	 
2.111999989	  0.339 	  -38.43 	 
2.114199989	  0.338 	  -39.78 	 
2.116399989	  0.336 	  -41.65 	 
2.118599989	  0.333 	  -44.21 	 
2.120799989	  0.330 	  -47.19 	 
2.122999988	  0.325 	  -50.62 	 
2.125199988	  0.321 	  -54.26 	 
2.127399988	  0.316 	  -58.18 	 
2.129599988	  0.311 	  -62.10 	 
2.131799988	  0.305 	  -66.06 	 
2.133999988	  0.301 	  -69.92 	 
2.136199988	  0.296 	  -73.55 	 
2.138399988	  0.291 	  -76.77 	 
2.140599988	  0.288 	  -79.65 	 
2.142799988	  0.284 	  -82.00 	 
2.144999988	  0.282 	  -83.74 	 
2.147199988	  0.280 	  -84.90 	 
2.149399988	  0.280 	  -85.46 	 
2.151599988	  0.279 	  -85.37 	 
2.153799988	  0.279 	  -84.80 	 
2.155999988	  0.280 	  -83.48 	 
2.158199988	  0.281 	  -81.63 	 
2.160399988	  0.284 	  -79.09 	 
2.162599988	  0.285 	  -76.07 	 
2.164799988	  0.288 	  -72.55 	 
2.166999988	  0.293 	  -68.79 	 
2.169199988	  0.297 	  -64.82 	 
2.171399988	  0.302 	  -60.78 	 
2.173599988	  0.306 	  -56.86 	 
2.175799988	  0.312 	  -53.02 	 
2.177999988	  0.318 	  -49.47 	 
2.180199988	  0.322 	  -46.22 	 
2.182399988	  0.327 	  -43.39 	 
2.184599988	  0.331 	  -41.13 	 
2.186799988	  0.335 	  -39.35 	 
2.188999988	  0.337 	  -38.23 	 
2.191199988	  0.339 	  -37.73 	 
2.193399988	  0.339 	  -37.86 	 
2.195599988	  0.339 	  -38.55 	 
2.197799988	  0.338 	  -39.89 	 
2.199999988	  0.335 	  -41.90 	 
2.202199988	  0.333 	  -44.47 	 
2.204399988	  0.329 	  -47.52 	 
2.206599988	  0.325 	  -51.01 	 
2.208799988	  0.321 	  -54.76 	 
2.210999988	  0.315 	  -58.66 	 
2.213199988	  0.309 	  -62.71 	 
2.215399988	  0.305 	  -66.57 	 
2.217599988	  0.300 	  -70.42 	 
2.219799988	  0.295 	  -73.89 	 
2.221999988	  0.291 	  -77.13 	 
2.224199988	  0.287 	  -79.89 	 
2.226399988	  0.285 	  -82.15 	 
2.228599988	  0.282 	  -83.92 	 
2.230799988	  0.280 	  -84.96 	 
2.232999988	  0.280 	  -85.54 	 
2.235199988	  0.279 	  -85.35 	 
2.237399988	  0.279 	  -84.60 	 
2.239599988	  0.280 	  -83.20 	 
2.241799988	  0.281 	  -81.21 	 
2.243999988	  0.283 	  -78.58 	 
2.246199988	  0.286 	  -75.53 	 
2.248399988	  0.289 	  -72.09 	 
2.250599988	  0.293 	  -68.34 	 
