0.000000000	 -0.235 	  -69.46 	 
0.002200000	 -0.231 	  -65.54 	 
0.004400000	 -0.229 	  -61.53 	 
0.006600000	 -0.224 	  -57.54 	 
0.008800000	 -0.222 	  -53.65 	 
0.011000000	 -0.217 	  -50.02 	 
0.013200000	 -0.214 	  -46.67 	 
0.015400000	 -0.211 	  -43.80 	 
0.017600000	 -0.207 	  -41.41 	 
0.019800000	 -0.205 	  -39.54 	 
0.022000000	 -0.203 	  -38.34 	 
0.024200000	 -0.202 	  -37.72 	 
0.026400000	 -0.201 	  -37.75 	 
0.028600000	 -0.202 	  -38.36 	 
0.030800000	 -0.202 	  -39.66 	 
0.033000000	 -0.203 	  -41.50 	 
0.035200000	 -0.204 	  -43.98 	 
0.037400000	 -0.207 	  -47.10 	 
0.039600000	 -0.209 	  -50.36 	 
0.041800000	 -0.212 	  -54.08 	 
0.044000000	 -0.216 	  -57.95 	 
0.046200000	 -0.220 	  -61.96 	 
0.048400000	 -0.224 	  -65.97 	 
0.050600000	 -0.228 	  -69.78 	 
0.052800000	 -0.231 	  -73.32 	 
0.055000000	 -0.234 	  -76.56 	 
0.057200000	 -0.237 	  -79.46 	 
0.059400000	 -0.240 	  -81.73 	 
0.061600000	 -0.241 	  -83.59 	 
0.063800000	 -0.243 	  -84.82 	 
0.066000000	 -0.243 	  -85.39 	 
0.068200000	 -0.244 	  -85.37 	 
0.070400000	 -0.244 	  -84.81 	 
0.072600000	 -0.244 	  -83.61 	 
0.074800000	 -0.243 	  -81.66 	 
0.077000000	 -0.242 	  -79.17 	 
0.079200000	 -0.239 	  -76.18 	 
0.081400000	 -0.237 	  -72.77 	 
0.083600000	 -0.234 	  -69.05 	 
0.085800000	 -0.231 	  -65.04 	 
0.088000000	 -0.228 	  -61.00 	 
0.090200000	 -0.225 	  -57.11 	 
0.092399999	 -0.221 	  -53.20 	 
0.094599999	 -0.217 	  -49.56 	 
0.096799999	 -0.214 	  -46.32 	 
0.098999999	 -0.211 	  -43.49 	 
0.101199999	 -0.207 	  -41.20 	 
0.103399999	 -0.205 	  -39.41 	 
0.105599999	 -0.203 	  -38.24 	 
0.107799999	 -0.202 	  -37.70 	 
0.109999999	 -0.202 	  -37.87 	 
0.112199999	 -0.201 	  -38.52 	 
0.114399999	 -0.202 	  -39.84 	 
0.116599999	 -0.203 	  -41.82 	 
0.118799999	 -0.204 	  -44.31 	 
0.120999999	 -0.207 	  -47.38 	 
0.123199999	 -0.210 	  -50.93 	 
0.125399999	 -0.212 	  -54.61 	 
0.127599999	 -0.216 	  -58.46 	 
0.129799999	 -0.220 	  -62.44 	 
0.131999999	 -0.224 	  -66.43 	 
0.134199999	 -0.227 	  -70.22 	 
0.136399999	 -0.231 	  -73.73 	 
0.138599999	 -0.235 	  -76.95 	 
0.140799999	 -0.238 	  -79.74 	 
0.142999999	 -0.240 	  -82.08 	 
0.145199999	 -0.242 	  -83.81 	 
0.147399999	 -0.244 	  -84.91 	 
0.149599999	 -0.244 	  -85.47 	 
0.151799999	 -0.244 	  -85.36 	 
0.153999999	 -0.244 	  -84.65 	 
0.156199999	 -0.243 	  -83.35 	 
0.158399999	 -0.243 	  -81.49 	 
0.160599999	 -0.241 	  -78.87 	 
0.162799999	 -0.239 	  -75.79 	 
0.164999999	 -0.237 	  -72.30 	 
0.167199999	 -0.235 	  -68.58 	 
0.169399999	 -0.231 	  -64.60 	 
0.171599999	 -0.228 	  -60.56 	 
0.173799999	 -0.224 	  -56.59 	 
0.175999999	 -0.219 	  -52.78 	 
0.178199999	 -0.217 	  -49.19 	 
0.180399999	 -0.213 	  -45.97 	 
0.182599999	 -0.209 	  -43.21 	 
0.184799999	 -0.207 	  -40.95 	 
0.186999999	 -0.205 	  -39.22 	 
0.189199999	 -0.203 	  -38.16 	 
0.191399999	 -0.202 	  -37.73 	 
0.193599999	 -0.201 	  -37.90 	 
0.195799999	 -0.201 	  -38.65 	 
0.197999999	 -0.202 	  -40.11 	 
0.200199999	 -0.203 	  -42.05 	 
0.202399999	 -0.205 	  -44.67 	 
0.204599999	 -0.207 	  -47.90 	 
0.206799999	 -0.211 	  -51.29 	 
0.208999999	 -0.213 	  -55.06 	 
0.211199999	 -0.217 	  -58.92 	 
0.213399999	 -0.221 	  -62.97 	 
0.215599999	 -0.224 	  -66.89 	 
0.217799999	 -0.229 	  -70.63 	 
0.219999999	 -0.232 	  -74.14 	 
0.222199999	 -0.235 	  -77.31 	 
0.224399999	 -0.238 	  -80.11 	 
0.226599999	 -0.240 	  -82.25 	 
0.228799999	 -0.242 	  -83.97 	 
0.230999999	 -0.243 	  -85.02 	 
0.233199999	 -0.244 	  -85.46 	 
0.235399999	 -0.244 	  -85.28 	 
0.237599999	 -0.244 	  -84.54 	 
0.239799999	 -0.244 	  -83.18 	 
0.241999999	 -0.243 	  -81.17 	 
0.244199999	 -0.241 	  -78.52 	 
0.246399999	 -0.239 	  -75.36 	 
0.248599999	 -0.237 	  -71.86 	 
0.250799999	 -0.234 	  -68.16 	 
0.252999999	 -0.231 	  -64.09 	 
0.255199999	 -0.228 	  -60.04 	 
0.257399999	 -0.224 	  -56.12 	 
0.259599999	 -0.220 	  -52.29 	 
0.261799999	 -0.217 	  -48.76 	 
0.263999999	 -0.213 	  -45.55 	 
0.266199999	 -0.210 	  -42.88 	 
0.268399999	 -0.207 	  -40.72 	 
0.270599999	 -0.204 	  -39.10 	 
0.272799999	 -0.203 	  -38.03 	 
0.274999999	 -0.202 	  -37.66 	 
0.277199998	 -0.201 	  -37.94 	 
0.279399998	 -0.201 	  -38.73 	 
0.281599998	 -0.202 	  -40.27 	 
0.283799998	 -0.204 	  -42.44 	 
0.285999998	 -0.205 	  -45.01 	 
0.288199998	 -0.207 	  -48.16 	 
0.290399998	 -0.210 	  -51.76 	 
0.292599998	 -0.214 	  -55.53 	 
0.294799998	 -0.218 	  -59.47 	 
0.296999998	 -0.222 	  -63.39 	 
0.299199998	 -0.225 	  -67.31 	 
0.301399998	 -0.229 	  -71.09 	 
0.303599998	 -0.232 	  -74.55 	 
0.305799998	 -0.236 	  -77.66 	 
0.307999998	 -0.238 	  -80.35 	 
0.310199998	 -0.241 	  -82.54 	 
0.312399998	 -0.241 	  -84.10 	 
0.314599998	 -0.243 	  -85.07 	 
0.316799998	 -0.244 	  -85.46 	 
0.318999998	 -0.244 	  -85.26 	 
0.321199998	 -0.244 	  -84.41 	 
0.323399998	 -0.243 	  -82.98 	 
0.325599998	 -0.243 	  -80.85 	 
0.327799998	 -0.241 	  -78.09 	 
0.329999998	 -0.239 	  -74.99 	 
0.332199998	 -0.236 	  -71.45 	 
0.334399998	 -0.233 	  -67.55 	 
0.336599998	 -0.231 	  -63.60 	 
0.338799998	 -0.227 	  -59.58 	 
0.340999998	 -0.224 	  -55.65 	 
0.343199998	 -0.219 	  -51.82 	 
0.345399998	 -0.216 	  -48.35 	 
0.347599998	 -0.212 	  -45.23 	 
0.349799998	 -0.209 	  -42.59 	 
0.351999998	 -0.207 	  -40.41 	 
0.354199998	 -0.205 	  -38.90 	 
0.356399998	 -0.203 	  -38.01 	 
0.358599998	 -0.201 	  -37.66 	 
0.360799998	 -0.201 	  -37.95 	 
0.362999998	 -0.201 	  -38.93 	 
0.365199998	 -0.203 	  -40.49 	 
0.367399998	 -0.204 	  -42.63 	 
0.369599998	 -0.206 	  -45.47 	 
0.371799998	 -0.208 	  -48.66 	 
0.373999998	 -0.212 	  -52.15 	 
0.376199998	 -0.214 	  -55.91 	 
0.378399998	 -0.218 	  -59.87 	 
0.380599998	 -0.221 	  -63.96 	 
0.382799998	 -0.226 	  -67.82 	 
0.384999998	 -0.229 	  -71.52 	 
0.387199998	 -0.232 	  -74.91 	 
0.389399998	 -0.236 	  -78.07 	 
0.391599998	 -0.238 	  -80.62 	 
0.393799998	 -0.241 	  -82.70 	 
0.395999998	 -0.243 	  -84.25 	 
0.398199998	 -0.243 	  -85.15 	 
0.400399998	 -0.244 	  -85.48 	 
0.402599998	 -0.244 	  -85.13 	 
0.404799998	 -0.245 	  -84.30 	 
0.406999998	 -0.243 	  -82.72 	 
0.409199998	 -0.243 	  -80.54 	 
0.411399998	 -0.241 	  -77.74 	 
0.413599998	 -0.239 	  -74.54 	 
0.415799998	 -0.236 	  -71.04 	 
0.417999998	 -0.233 	  -67.10 	 
0.420199998	 -0.230 	  -63.05 	 
0.422399998	 -0.226 	  -59.14 	 
0.424599998	 -0.223 	  -55.21 	 
0.426799998	 -0.219 	  -51.39 	 
0.428999998	 -0.215 	  -47.92 	 
0.431199998	 -0.212 	  -44.90 	 
0.433399998	 -0.208 	  -42.35 	 
0.435599998	 -0.207 	  -40.25 	 
0.437799998	 -0.204 	  -38.78 	 
0.439999998	 -0.203 	  -37.88 	 
0.442199998	 -0.202 	  -37.75 	 
0.444399998	 -0.202 	  -38.12 	 
0.446599998	 -0.202 	  -39.07 	 
0.448799998	 -0.203 	  -40.71 	 
0.450999998	 -0.204 	  -43.01 	 
0.453199998	 -0.206 	  -45.83 	 
0.455399998	 -0.209 	  -49.11 	 
0.457599998	 -0.212 	  -52.61 	 
0.459799998	 -0.215 	  -56.42 	 
0.461999997	 -0.219 	  -60.42 	 
0.464199997	 -0.223 	  -64.42 	 
0.466399997	 -0.226 	  -68.26 	 
0.468599997	 -0.230 	  -71.94 	 
0.470799997	 -0.234 	  -75.39 	 
0.472999997	 -0.236 	  -78.34 	 
0.475199997	 -0.239 	  -80.92 	 
0.477399997	 -0.241 	  -82.94 	 
0.479599997	 -0.243 	  -84.38 	 
0.481799997	 -0.244 	  -85.26 	 
0.483999997	 -0.245 	  -85.44 	 
0.486199997	 -0.245 	  -85.06 	 
0.488399997	 -0.245 	  -84.10 	 
0.490599997	 -0.243 	  -82.54 	 
0.492799997	 -0.243 	  -80.28 	 
0.494999997	 -0.241 	  -77.48 	 
0.497199997	 -0.238 	  -74.11 	 
0.499399997	 -0.236 	  -70.50 	 
0.501599997	 -0.233 	  -66.74 	 
0.503799997	 -0.229 	  -62.63 	 
0.505999997	 -0.226 	  -58.60 	 
0.508199997	 -0.223 	  -54.71 	 
0.510399997	 -0.219 	  -51.03 	 
0.512599997	 -0.215 	  -47.59 	 
0.514799997	 -0.212 	  -44.53 	 
0.516999997	 -0.209 	  -42.07 	 
0.519199997	 -0.206 	  -40.03 	 
0.521399997	 -0.205 	  -38.67 	 
0.523599997	 -0.203 	  -37.88 	 
0.525799997	 -0.202 	  -37.72 	 
0.527999997	 -0.201 	  -38.23 	 
0.530199997	 -0.201 	  -39.29 	 
0.532399997	 -0.203 	  -41.00 	 
0.534599997	 -0.204 	  -43.33 	 
0.536799997	 -0.207 	  -46.17 	 
0.538999997	 -0.209 	  -49.43 	 
0.541199997	 -0.212 	  -53.17 	 
0.543399997	 -0.215 	  -56.96 	 
0.545599997	 -0.219 	  -60.87 	 
0.547799997	 -0.223 	  -64.85 	 
0.549999997	 -0.227 	  -68.79 	 
0.552199997	 -0.231 	  -72.40 	 
0.554399997	 -0.234 	  -75.67 	 
0.556599997	 -0.236 	  -78.80 	 
0.558799997	 -0.238 	  -81.18 	 
0.560999997	 -0.241 	  -83.17 	 
0.563199997	 -0.243 	  -84.52 	 
0.565399997	 -0.243 	  -85.33 	 
0.567599997	 -0.244 	  -85.46 	 
0.569799997	 -0.245 	  -85.00 	 
0.571999997	 -0.244 	  -83.99 	 
0.574199997	 -0.244 	  -82.28 	 
0.576399997	 -0.243 	  -79.93 	 
0.578599997	 -0.240 	  -76.99 	 
0.580799997	 -0.238 	  -73.72 	 
0.582999997	 -0.236 	  -70.12 	 
0.585199997	 -0.233 	  -66.12 	 
0.587399997	 -0.229 	  -62.11 	 
0.589599997	 -0.225 	  -58.20 	 
0.591799997	 -0.222 	  -54.31 	 
0.593999997	 -0.219 	  -50.53 	 
0.596199997	 -0.215 	  -47.17 	 
0.598399997	 -0.212 	  -44.22 	 
0.600599997	 -0.209 	  -41.80 	 
0.602799997	 -0.205 	  -39.83 	 
0.604999997	 -0.203 	  -38.46 	 
0.607199997	 -0.203 	  -37.81 	 
0.609399997	 -0.202 	  -37.79 	 
0.611599997	 -0.202 	  -38.27 	 
0.613799997	 -0.202 	  -39.41 	 
0.615999997	 -0.203 	  -41.20 	 
0.618199997	 -0.205 	  -43.66 	 
0.620399997	 -0.206 	  -46.56 	 
0.622599997	 -0.209 	  -49.86 	 
0.624799997	 -0.212 	  -53.46 	 
0.626999997	 -0.216 	  -57.39 	 
0.629199997	 -0.219 	  -61.47 	 
0.631399997	 -0.224 	  -65.33 	 
0.633599997	 -0.227 	  -69.17 	 
0.635799997	 -0.231 	  -72.79 	 
0.637999997	 -0.234 	  -76.15 	 
0.640199997	 -0.238 	  -79.05 	 
0.642399997	 -0.240 	  -81.47 	 
0.644599997	 -0.242 	  -83.39 	 
0.646799996	 -0.243 	  -84.64 	 
0.648999996	 -0.244 	  -85.39 	 
0.651199996	 -0.245 	  -85.41 	 
0.653399996	 -0.245 	  -84.93 	 
0.655599996	 -0.245 	  -83.82 	 
0.657799996	 -0.243 	  -82.05 	 
0.659999996	 -0.242 	  -79.56 	 
0.662199996	 -0.240 	  -76.65 	 
0.664399996	 -0.238 	  -73.34 	 
0.666599996	 -0.235 	  -69.59 	 
0.668799996	 -0.232 	  -65.62 	 
0.670999996	 -0.230 	  -61.66 	 
0.673199996	 -0.225 	  -57.68 	 
0.675399996	 -0.222 	  -53.78 	 
0.677599996	 -0.218 	  -50.08 	 
0.679799996	 -0.215 	  -46.78 	 
0.681999996	 -0.212 	  -43.93 	 
0.684199996	 -0.208 	  -41.51 	 
0.686399996	 -0.205 	  -39.58 	 
0.688599996	 -0.204 	  -38.39 	 
0.690799996	 -0.203 	  -37.81 	 
0.692999996	 -0.202 	  -37.79 	 
0.695199996	 -0.201 	  -38.36 	 
0.697399996	 -0.202 	  -39.59 	 
0.699599996	 -0.203 	  -41.41 	 
0.701799996	 -0.205 	  -43.91 	 
0.703999996	 -0.207 	  -46.91 	 
0.706199996	 -0.210 	  -50.28 	 
0.708399996	 -0.213 	  -54.03 	 
0.710599996	 -0.216 	  -57.85 	 
0.712799996	 -0.220 	  -61.85 	 
0.714999996	 -0.224 	  -65.80 	 
0.717199996	 -0.228 	  -69.63 	 
0.719399996	 -0.231 	  -73.18 	 
0.721599996	 -0.234 	  -76.47 	 
0.723799996	 -0.238 	  -79.39 	 
0.725999996	 -0.240 	  -81.66 	 
0.728199996	 -0.242 	  -83.55 	 
0.730399996	 -0.243 	  -84.78 	 
0.732599996	 -0.244 	  -85.37 	 
0.734799996	 -0.245 	  -85.35 	 
0.736999996	 -0.244 	  -84.76 	 
0.739199996	 -0.245 	  -83.59 	 
0.741399996	 -0.244 	  -81.75 	 
0.743599996	 -0.242 	  -79.28 	 
0.745799996	 -0.240 	  -76.23 	 
0.747999996	 -0.238 	  -72.80 	 
0.750199996	 -0.235 	  -69.11 	 
0.752399996	 -0.232 	  -65.18 	 
0.754599996	 -0.228 	  -61.13 	 
0.756799996	 -0.225 	  -57.14 	 
0.758999996	 -0.221 	  -53.26 	 
0.761199996	 -0.217 	  -49.67 	 
0.763399996	 -0.214 	  -46.36 	 
0.765599996	 -0.210 	  -43.55 	 
0.767799996	 -0.208 	  -41.25 	 
0.769999996	 -0.206 	  -39.44 	 
0.772199996	 -0.204 	  -38.24 	 
0.774399996	 -0.203 	  -37.71 	 
0.776599996	 -0.202 	  -37.86 	 
0.778799996	 -0.202 	  -38.43 	 
0.780999996	 -0.202 	  -39.76 	 
0.783199996	 -0.203 	  -41.78 	 
0.785399996	 -0.205 	  -44.28 	 
0.787599996	 -0.207 	  -47.27 	 
0.789799996	 -0.211 	  -50.64 	 
0.791999996	 -0.213 	  -54.43 	 
0.794199996	 -0.217 	  -58.37 	 
0.796399996	 -0.221 	  -62.31 	 
0.798599996	 -0.225 	  -66.22 	 
0.800799996	 -0.229 	  -70.07 	 
0.802999996	 -0.231 	  -73.67 	 
0.805199996	 -0.235 	  -76.81 	 
0.807399996	 -0.238 	  -79.64 	 
0.809599996	 -0.240 	  -81.96 	 
0.811799996	 -0.242 	  -83.70 	 
0.813999996	 -0.243 	  -84.86 	 
0.816199996	 -0.245 	  -85.39 	 
0.818399996	 -0.244 	  -85.28 	 
0.820599996	 -0.244 	  -84.67 	 
0.822799996	 -0.243 	  -83.44 	 
0.824999996	 -0.243 	  -81.42 	 
0.827199996	 -0.241 	  -78.88 	 
0.829399996	 -0.240 	  -75.85 	 
0.831599995	 -0.237 	  -72.41 	 
0.833799995	 -0.235 	  -68.58 	 
0.835999995	 -0.232 	  -64.67 	 
0.838199995	 -0.229 	  -60.63 	 
0.840399995	 -0.225 	  -56.68 	 
0.842599995	 -0.221 	  -52.83 	 
0.844799995	 -0.217 	  -49.23 	 
0.846999995	 -0.214 	  -46.04 	 
0.849199995	 -0.210 	  -43.26 	 
0.851399995	 -0.207 	  -40.95 	 
0.853599995	 -0.205 	  -39.26 	 
0.855799995	 -0.203 	  -38.18 	 
0.857999995	 -0.202 	  -37.64 	 
0.860199995	 -0.201 	  -37.82 	 
0.862399995	 -0.201 	  -38.60 	 
0.864599995	 -0.203 	  -39.98 	 
0.866799995	 -0.204 	  -41.98 	 
0.868999995	 -0.205 	  -44.65 	 
0.871199995	 -0.208 	  -47.72 	 
0.873399995	 -0.211 	  -51.12 	 
0.875599995	 -0.214 	  -54.85 	 
0.877799995	 -0.217 	  -58.79 	 
0.879999995	 -0.221 	  -62.82 	 
0.882199995	 -0.225 	  -66.72 	 
0.884399995	 -0.229 	  -70.53 	 
0.886599995	 -0.232 	  -74.00 	 
0.888799995	 -0.235 	  -77.28 	 
0.890999995	 -0.238 	  -79.91 	 
0.893199995	 -0.240 	  -82.19 	 
0.895399995	 -0.242 	  -83.86 	 
0.897599995	 -0.244 	  -85.02 	 
0.899799995	 -0.245 	  -85.43 	 
0.901999995	 -0.245 	  -85.34 	 
0.904199995	 -0.245 	  -84.54 	 
0.906399995	 -0.244 	  -83.17 	 
0.908599995	 -0.243 	  -81.16 	 
0.910799995	 -0.242 	  -78.54 	 
0.912999995	 -0.239 	  -75.52 	 
0.915199995	 -0.237 	  -71.94 	 
0.917399995	 -0.234 	  -68.11 	 
0.919599995	 -0.231 	  -64.23 	 
0.921799995	 -0.227 	  -60.19 	 
0.923999995	 -0.224 	  -56.18 	 
0.926199995	 -0.220 	  -52.35 	 
0.928399995	 -0.217 	  -48.90 	 
0.930599995	 -0.214 	  -45.72 	 
0.932799995	 -0.210 	  -42.93 	 
0.934999995	 -0.207 	  -40.71 	 
0.937199995	 -0.205 	  -39.11 	 
0.939399995	 -0.203 	  -38.10 	 
0.941599995	 -0.202 	  -37.70 	 
0.943799995	 -0.202 	  -37.91 	 
0.945999995	 -0.202 	  -38.71 	 
0.948199995	 -0.203 	  -40.21 	 
0.950399995	 -0.204 	  -42.33 	 
0.952599995	 -0.205 	  -45.03 	 
0.954799995	 -0.207 	  -48.06 	 
0.956999995	 -0.211 	  -51.53 	 
0.959199995	 -0.215 	  -55.35 	 
0.961399995	 -0.218 	  -59.34 	 
0.963599995	 -0.222 	  -63.36 	 
0.965799995	 -0.225 	  -67.16 	 
0.967999995	 -0.230 	  -70.97 	 
0.970199995	 -0.233 	  -74.44 	 
0.972399995	 -0.236 	  -77.59 	 
0.974599995	 -0.239 	  -80.26 	 
0.976799995	 -0.241 	  -82.41 	 
0.978999995	 -0.243 	  -84.04 	 
0.981199995	 -0.243 	  -85.06 	 
0.983399995	 -0.244 	  -85.47 	 
0.985599995	 -0.245 	  -85.23 	 
0.987799995	 -0.244 	  -84.48 	 
0.989999995	 -0.244 	  -82.96 	 
0.992199995	 -0.243 	  -80.85 	 
0.994399995	 -0.241 	  -78.23 	 
0.996599995	 -0.239 	  -75.10 	 
0.998799995	 -0.238 	  -71.48 	 
1.000999995	 -0.234 	  -67.66 	 
1.003199995	 -0.231 	  -63.74 	 
1.005399995	 -0.228 	  -59.69 	 
1.007599995	 -0.224 	  -55.75 	 
1.009799995	 -0.220 	  -51.93 	 
1.011999995	 -0.217 	  -48.46 	 
1.014199995	 -0.213 	  -45.35 	 
1.016399994	 -0.210 	  -42.64 	 
1.018599994	 -0.207 	  -40.49 	 
1.020799994	 -0.205 	  -38.98 	 
1.022999994	 -0.203 	  -37.98 	 
1.025199994	 -0.202 	  -37.68 	 
1.027399994	 -0.202 	  -38.03 	 
1.029599994	 -0.202 	  -38.90 	 
1.031799994	 -0.203 	  -40.42 	 
1.033999994	 -0.204 	  -42.66 	 
1.036199994	 -0.206 	  -45.33 	 
1.038399994	 -0.209 	  -48.46 	 
1.040599994	 -0.211 	  -51.97 	 
1.042799994	 -0.214 	  -55.83 	 
1.044999994	 -0.219 	  -59.86 	 
1.047199994	 -0.222 	  -63.78 	 
1.049399994	 -0.226 	  -67.68 	 
1.051599994	 -0.230 	  -71.39 	 
1.053799994	 -0.233 	  -74.86 	 
1.055999994	 -0.236 	  -77.96 	 
1.058199994	 -0.238 	  -80.50 	 
1.060399994	 -0.240 	  -82.70 	 
1.062599994	 -0.242 	  -84.20 	 
1.064799994	 -0.244 	  -85.19 	 
1.066999994	 -0.245 	  -85.48 	 
1.069199994	 -0.245 	  -85.20 	 
1.071399994	 -0.245 	  -84.29 	 
1.073599994	 -0.244 	  -82.72 	 
1.075799994	 -0.243 	  -80.66 	 
1.077999994	 -0.241 	  -77.87 	 
1.080199994	 -0.239 	  -74.67 	 
1.082399994	 -0.237 	  -71.05 	 
1.084599994	 -0.233 	  -67.22 	 
1.086799994	 -0.231 	  -63.28 	 
1.088999994	 -0.226 	  -59.22 	 
1.091199994	 -0.223 	  -55.22 	 
1.093399994	 -0.220 	  -51.50 	 
1.095599994	 -0.216 	  -48.10 	 
1.097799994	 -0.212 	  -44.96 	 
1.099999994	 -0.209 	  -42.35 	 
1.102199994	 -0.207 	  -40.28 	 
1.104399994	 -0.205 	  -38.79 	 
1.106599994	 -0.203 	  -37.97 	 
1.108799994	 -0.202 	  -37.68 	 
1.110999994	 -0.202 	  -38.05 	 
1.113199994	 -0.202 	  -39.00 	 
1.115399994	 -0.203 	  -40.66 	 
1.117599994	 -0.205 	  -42.89 	 
1.119799994	 -0.206 	  -45.73 	 
1.121999994	 -0.209 	  -48.88 	 
1.124199994	 -0.211 	  -52.44 	 
1.126399994	 -0.215 	  -56.29 	 
1.128599994	 -0.219 	  -60.30 	 
1.130799994	 -0.223 	  -64.27 	 
1.132999994	 -0.226 	  -68.10 	 
1.135199994	 -0.229 	  -71.87 	 
1.137399994	 -0.234 	  -75.19 	 
1.139599994	 -0.237 	  -78.27 	 
1.141799994	 -0.239 	  -80.81 	 
1.143999994	 -0.241 	  -82.88 	 
1.146199994	 -0.243 	  -84.36 	 
1.148399994	 -0.245 	  -85.22 	 
1.150599994	 -0.245 	  -85.40 	 
1.152799994	 -0.245 	  -85.06 	 
1.154999994	 -0.245 	  -84.18 	 
1.157199994	 -0.244 	  -82.51 	 
1.159399994	 -0.243 	  -80.34 	 
1.161599994	 -0.241 	  -77.48 	 
1.163799994	 -0.239 	  -74.19 	 
1.165999994	 -0.236 	  -70.62 	 
1.168199994	 -0.233 	  -66.78 	 
1.170399994	 -0.230 	  -62.69 	 
1.172599994	 -0.226 	  -58.72 	 
1.174799994	 -0.223 	  -54.81 	 
1.176999994	 -0.219 	  -51.06 	 
1.179199994	 -0.216 	  -47.61 	 
1.181399994	 -0.212 	  -44.64 	 
1.183599994	 -0.209 	  -42.10 	 
1.185799994	 -0.207 	  -40.05 	 
1.187999994	 -0.204 	  -38.67 	 
1.190199994	 -0.203 	  -37.85 	 
1.192399994	 -0.202 	  -37.73 	 
1.194599994	 -0.201 	  -38.14 	 
1.196799994	 -0.202 	  -39.17 	 
1.198999994	 -0.203 	  -40.89 	 
1.201199993	 -0.205 	  -43.16 	 
1.203399993	 -0.207 	  -46.00 	 
1.205599993	 -0.209 	  -49.34 	 
1.207799993	 -0.212 	  -52.96 	 
1.209999993	 -0.215 	  -56.81 	 
1.212199993	 -0.219 	  -60.73 	 
1.214399993	 -0.223 	  -64.72 	 
1.216599993	 -0.228 	  -68.58 	 
1.218799993	 -0.231 	  -72.27 	 
1.220999993	 -0.234 	  -75.64 	 
1.223199993	 -0.236 	  -78.58 	 
1.225399993	 -0.239 	  -81.13 	 
1.227599993	 -0.242 	  -83.11 	 
1.229799993	 -0.243 	  -84.54 	 
1.231999993	 -0.244 	  -85.30 	 
1.234199993	 -0.245 	  -85.46 	 
1.236399993	 -0.245 	  -84.97 	 
1.238599993	 -0.245 	  -83.96 	 
1.240799993	 -0.243 	  -82.37 	 
1.242999993	 -0.243 	  -80.00 	 
1.245199993	 -0.241 	  -77.10 	 
1.247399993	 -0.238 	  -73.82 	 
1.249599993	 -0.236 	  -70.19 	 
1.251799993	 -0.233 	  -66.26 	 
1.253999993	 -0.230 	  -62.23 	 
1.256199993	 -0.226 	  -58.22 	 
1.258399993	 -0.223 	  -54.30 	 
1.260599993	 -0.219 	  -50.68 	 
1.262799993	 -0.215 	  -47.24 	 
1.264999993	 -0.212 	  -44.26 	 
1.267199993	 -0.209 	  -41.81 	 
1.269399993	 -0.206 	  -39.88 	 
1.271599993	 -0.204 	  -38.52 	 
1.273799993	 -0.202 	  -37.82 	 
1.275999993	 -0.202 	  -37.73 	 
1.278199993	 -0.202 	  -38.21 	 
1.280399993	 -0.203 	  -39.36 	 
1.282599993	 -0.203 	  -41.18 	 
1.284799993	 -0.205 	  -43.56 	 
1.286999993	 -0.207 	  -46.39 	 
1.289199993	 -0.209 	  -49.71 	 
1.291399993	 -0.213 	  -53.49 	 
1.293599993	 -0.216 	  -57.31 	 
1.295799993	 -0.220 	  -61.24 	 
1.297999993	 -0.223 	  -65.14 	 
1.300199993	 -0.227 	  -69.10 	 
1.302399993	 -0.231 	  -72.72 	 
1.304599993	 -0.234 	  -76.01 	 
1.306799993	 -0.237 	  -78.97 	 
1.308999993	 -0.240 	  -81.39 	 
1.311199993	 -0.242 	  -83.37 	 
1.313399993	 -0.243 	  -84.62 	 
1.315599993	 -0.244 	  -85.41 	 
1.317799993	 -0.245 	  -85.41 	 
1.319999993	 -0.245 	  -84.93 	 
1.322199993	 -0.244 	  -83.78 	 
1.324399993	 -0.243 	  -82.03 	 
1.326599993	 -0.243 	  -79.74 	 
1.328799993	 -0.241 	  -76.80 	 
1.330999993	 -0.238 	  -73.41 	 
1.333199993	 -0.235 	  -69.68 	 
1.335399993	 -0.233 	  -65.82 	 
1.337599993	 -0.229 	  -61.75 	 
1.339799993	 -0.226 	  -57.77 	 
1.341999993	 -0.223 	  -53.86 	 
1.344199993	 -0.219 	  -50.23 	 
1.346399993	 -0.215 	  -46.93 	 
1.348599993	 -0.212 	  -43.98 	 
1.350799993	 -0.209 	  -41.54 	 
1.352999993	 -0.206 	  -39.69 	 
1.355199993	 -0.204 	  -38.43 	 
1.357399993	 -0.202 	  -37.73 	 
1.359599993	 -0.202 	  -37.79 	 
1.361799993	 -0.202 	  -38.32 	 
1.363999993	 -0.203 	  -39.54 	 
1.366199993	 -0.203 	  -41.43 	 
1.368399993	 -0.205 	  -43.80 	 
1.370599993	 -0.207 	  -46.76 	 
1.372799993	 -0.210 	  -50.24 	 
1.374999993	 -0.213 	  -53.90 	 
1.377199993	 -0.217 	  -57.72 	 
1.379399993	 -0.221 	  -61.68 	 
1.381599993	 -0.224 	  -65.71 	 
1.383799993	 -0.228 	  -69.57 	 
1.385999992	 -0.231 	  -73.13 	 
1.388199992	 -0.235 	  -76.47 	 
1.390399992	 -0.238 	  -79.27 	 
1.392599992	 -0.240 	  -81.70 	 
1.394799992	 -0.242 	  -83.55 	 
1.396999992	 -0.244 	  -84.77 	 
1.399199992	 -0.245 	  -85.40 	 
1.401399992	 -0.245 	  -85.40 	 
1.403599992	 -0.245 	  -84.86 	 
1.405799992	 -0.245 	  -83.69 	 
1.407999992	 -0.244 	  -81.94 	 
1.410199992	 -0.243 	  -79.35 	 
1.412399992	 -0.241 	  -76.34 	 
1.414599992	 -0.239 	  -73.01 	 
1.416799992	 -0.235 	  -69.25 	 
1.418999992	 -0.233 	  -65.28 	 
1.421199992	 -0.229 	  -61.28 	 
1.423399992	 -0.226 	  -57.31 	 
1.425599992	 -0.222 	  -53.41 	 
1.427799992	 -0.218 	  -49.78 	 
1.429999992	 -0.215 	  -46.49 	 
1.432199992	 -0.211 	  -43.62 	 
1.434399992	 -0.208 	  -41.29 	 
1.436599992	 -0.206 	  -39.44 	 
1.438799992	 -0.204 	  -38.27 	 
1.440999992	 -0.203 	  -37.72 	 
1.443199992	 -0.202 	  -37.77 	 
1.445399992	 -0.202 	  -38.38 	 
1.447599992	 -0.203 	  -39.80 	 
1.449799992	 -0.204 	  -41.65 	 
1.451999992	 -0.205 	  -44.12 	 
1.454199992	 -0.208 	  -47.21 	 
1.456399992	 -0.210 	  -50.64 	 
1.458599992	 -0.214 	  -54.38 	 
1.460799992	 -0.217 	  -58.22 	 
1.462999992	 -0.220 	  -62.21 	 
1.465199992	 -0.225 	  -66.16 	 
1.467399992	 -0.228 	  -70.01 	 
1.469599992	 -0.232 	  -73.58 	 
1.471799992	 -0.235 	  -76.77 	 
1.473999992	 -0.238 	  -79.67 	 
1.476199992	 -0.240 	  -81.92 	 
1.478399992	 -0.243 	  -83.78 	 
1.480599992	 -0.244 	  -84.92 	 
1.482799992	 -0.245 	  -85.51 	 
1.484999992	 -0.245 	  -85.38 	 
1.487199992	 -0.245 	  -84.78 	 
1.489399992	 -0.244 	  -83.51 	 
1.491599992	 -0.243 	  -81.54 	 
1.493799992	 -0.243 	  -79.08 	 
1.495999992	 -0.240 	  -76.04 	 
1.498199992	 -0.238 	  -72.57 	 
1.500399992	 -0.235 	  -68.78 	 
1.502599992	 -0.232 	  -64.88 	 
1.504799992	 -0.229 	  -60.79 	 
1.506999992	 -0.226 	  -56.84 	 
1.509199992	 -0.221 	  -52.96 	 
1.511399992	 -0.218 	  -49.39 	 
1.513599992	 -0.215 	  -46.14 	 
1.515799992	 -0.211 	  -43.31 	 
1.517999992	 -0.208 	  -40.99 	 
1.520199992	 -0.205 	  -39.30 	 
1.522399992	 -0.204 	  -38.21 	 
1.524599992	 -0.202 	  -37.68 	 
1.526799992	 -0.203 	  -37.84 	 
1.528999992	 -0.202 	  -38.56 	 
1.531199992	 -0.203 	  -39.91 	 
1.533399992	 -0.204 	  -41.91 	 
1.535599992	 -0.206 	  -44.53 	 
1.537799992	 -0.208 	  -47.63 	 
1.539999992	 -0.211 	  -51.06 	 
1.542199992	 -0.214 	  -54.75 	 
1.544399992	 -0.217 	  -58.74 	 
1.546599992	 -0.222 	  -62.77 	 
1.548799992	 -0.225 	  -66.70 	 
1.550999992	 -0.229 	  -70.41 	 
1.553199992	 -0.233 	  -74.00 	 
1.555399992	 -0.236 	  -77.17 	 
1.557599992	 -0.238 	  -79.87 	 
1.559799992	 -0.241 	  -82.17 	 
1.561999992	 -0.243 	  -83.89 	 
1.564199992	 -0.245 	  -84.97 	 
1.566399992	 -0.245 	  -85.48 	 
1.568599992	 -0.245 	  -85.35 	 
1.570799991	 -0.245 	  -84.64 	 
1.572999991	 -0.244 	  -83.33 	 
1.575199991	 -0.244 	  -81.28 	 
1.577399991	 -0.241 	  -78.62 	 
1.579599991	 -0.240 	  -75.67 	 
1.581799991	 -0.238 	  -72.11 	 
1.583999991	 -0.235 	  -68.25 	 
1.586199991	 -0.232 	  -64.33 	 
1.588399991	 -0.229 	  -60.35 	 
1.590599991	 -0.225 	  -56.34 	 
1.592799991	 -0.222 	  -52.48 	 
1.594999991	 -0.217 	  -48.97 	 
1.597199991	 -0.214 	  -45.75 	 
1.599399991	 -0.211 	  -43.01 	 
1.601599991	 -0.207 	  -40.77 	 
1.603799991	 -0.205 	  -39.16 	 
1.605999991	 -0.204 	  -38.12 	 
1.608199991	 -0.202 	  -37.69 	 
1.610399991	 -0.202 	  -37.89 	 
1.612599991	 -0.202 	  -38.71 	 
1.614799991	 -0.202 	  -40.17 	 
1.616999991	 -0.204 	  -42.16 	 
1.619199991	 -0.206 	  -44.83 	 
1.621399991	 -0.208 	  -47.98 	 
1.623599991	 -0.212 	  -51.58 	 
1.625799991	 -0.215 	  -55.25 	 
1.627999991	 -0.218 	  -59.22 	 
1.630199991	 -0.222 	  -63.17 	 
1.632399991	 -0.226 	  -67.13 	 
1.634599991	 -0.229 	  -70.87 	 
1.636799991	 -0.233 	  -74.31 	 
1.638999991	 -0.236 	  -77.53 	 
1.641199991	 -0.238 	  -80.21 	 
1.643399991	 -0.241 	  -82.41 	 
1.645599991	 -0.243 	  -84.04 	 
1.647799991	 -0.244 	  -85.12 	 
1.649999991	 -0.245 	  -85.48 	 
1.652199991	 -0.245 	  -85.30 	 
1.654399991	 -0.245 	  -84.49 	 
1.656599991	 -0.244 	  -83.04 	 
1.658799991	 -0.243 	  -80.96 	 
1.660999991	 -0.242 	  -78.30 	 
1.663199991	 -0.240 	  -75.24 	 
1.665399991	 -0.237 	  -71.65 	 
1.667599991	 -0.234 	  -67.80 	 
1.669799991	 -0.231 	  -63.84 	 
1.671999991	 -0.228 	  -59.82 	 
1.674199991	 -0.224 	  -55.86 	 
1.676399991	 -0.220 	  -52.03 	 
1.678599991	 -0.217 	  -48.53 	 
1.680799991	 -0.214 	  -45.40 	 
1.682999991	 -0.210 	  -42.70 	 
1.685199991	 -0.207 	  -40.55 	 
1.687399991	 -0.205 	  -39.00 	 
1.689599991	 -0.203 	  -38.03 	 
1.691799991	 -0.203 	  -37.66 	 
1.693999991	 -0.203 	  -37.97 	 
1.696199991	 -0.203 	  -38.83 	 
1.698399991	 -0.203 	  -40.40 	 
1.700599991	 -0.204 	  -42.49 	 
1.702799991	 -0.206 	  -45.15 	 
1.704999991	 -0.209 	  -48.36 	 
1.707199991	 -0.212 	  -52.04 	 
1.709399991	 -0.215 	  -55.72 	 
1.711599991	 -0.219 	  -59.62 	 
1.713799991	 -0.223 	  -63.64 	 
1.715999991	 -0.227 	  -67.60 	 
1.718199991	 -0.230 	  -71.29 	 
1.720399991	 -0.233 	  -74.74 	 
1.722599991	 -0.236 	  -77.89 	 
1.724799991	 -0.239 	  -80.48 	 
1.726999991	 -0.242 	  -82.68 	 
1.729199991	 -0.244 	  -84.19 	 
1.731399991	 -0.244 	  -85.15 	 
1.733599991	 -0.245 	  -85.48 	 
1.735799991	 -0.245 	  -85.17 	 
1.737999991	 -0.245 	  -84.30 	 
1.740199991	 -0.244 	  -82.80 	 
1.742399991	 -0.243 	  -80.76 	 
1.744599991	 -0.241 	  -77.96 	 
1.746799991	 -0.240 	  -74.77 	 
1.748999991	 -0.237 	  -71.19 	 
1.751199991	 -0.234 	  -67.35 	 
1.753399990	 -0.231 	  -63.39 	 
1.755599990	 -0.228 	  -59.31 	 
1.757799990	 -0.225 	  -55.35 	 
1.759999990	 -0.221 	  -51.63 	 
1.762199990	 -0.217 	  -48.15 	 
1.764399990	 -0.213 	  -45.04 	 
1.766599990	 -0.210 	  -42.44 	 
1.768799990	 -0.207 	  -40.34 	 
1.770999990	 -0.205 	  -38.84 	 
1.773199990	 -0.203 	  -37.94 	 
1.775399990	 -0.202 	  -37.68 	 
1.777599990	 -0.202 	  -38.02 	 
1.779799990	 -0.202 	  -38.96 	 
1.781999990	 -0.203 	  -40.58 	 
1.784199990	 -0.204 	  -42.82 	 
1.786399990	 -0.207 	  -45.66 	 
1.788599990	 -0.209 	  -48.75 	 
1.790799990	 -0.212 	  -52.32 	 
1.792999990	 -0.215 	  -56.25 	 
1.795199990	 -0.219 	  -60.15 	 
1.797399990	 -0.223 	  -64.12 	 
1.799599990	 -0.227 	  -68.02 	 
1.801799990	 -0.231 	  -71.76 	 
1.803999990	 -0.233 	  -75.14 	 
1.806199990	 -0.237 	  -78.23 	 
1.808399990	 -0.240 	  -80.80 	 
1.810599990	 -0.242 	  -82.85 	 
1.812799990	 -0.244 	  -84.38 	 
1.814999990	 -0.244 	  -85.21 	 
1.817199990	 -0.246 	  -85.46 	 
1.819399990	 -0.246 	  -85.14 	 
1.821599990	 -0.245 	  -84.15 	 
1.823799990	 -0.244 	  -82.62 	 
1.825999990	 -0.243 	  -80.40 	 
1.828199990	 -0.242 	  -77.64 	 
1.830399990	 -0.239 	  -74.32 	 
1.832599990	 -0.237 	  -70.73 	 
1.834799990	 -0.234 	  -66.96 	 
1.836999990	 -0.231 	  -62.85 	 
1.839199990	 -0.227 	  -58.82 	 
1.841399990	 -0.224 	  -54.91 	 
1.843599990	 -0.221 	  -51.24 	 
1.845799990	 -0.217 	  -47.79 	 
1.847999990	 -0.213 	  -44.68 	 
1.850199990	 -0.210 	  -42.15 	 
1.852399990	 -0.207 	  -40.16 	 
1.854599990	 -0.204 	  -38.72 	 
1.856799990	 -0.203 	  -37.85 	 
1.858999990	 -0.202 	  -37.68 	 
1.861199990	 -0.202 	  -38.13 	 
1.863399990	 -0.203 	  -39.13 	 
1.865599990	 -0.204 	  -40.88 	 
1.867799990	 -0.205 	  -43.16 	 
1.869999990	 -0.207 	  -45.91 	 
1.872199990	 -0.209 	  -49.21 	 
1.874399990	 -0.213 	  -52.91 	 
1.876599990	 -0.216 	  -56.67 	 
1.878799990	 -0.220 	  -60.67 	 
1.880999990	 -0.224 	  -64.59 	 
1.883199990	 -0.227 	  -68.52 	 
1.885399990	 -0.231 	  -72.20 	 
1.887599990	 -0.234 	  -75.55 	 
1.889799990	 -0.238 	  -78.60 	 
1.891999990	 -0.240 	  -81.06 	 
1.894199990	 -0.242 	  -83.13 	 
1.896399990	 -0.244 	  -84.44 	 
1.898599990	 -0.244 	  -85.31 	 
1.900799990	 -0.245 	  -85.44 	 
1.902999990	 -0.245 	  -85.04 	 
1.905199990	 -0.245 	  -84.05 	 
1.907399990	 -0.245 	  -82.36 	 
1.909599990	 -0.243 	  -80.11 	 
1.911799990	 -0.241 	  -77.25 	 
1.913999990	 -0.240 	  -74.00 	 
1.916199990	 -0.237 	  -70.25 	 
1.918399990	 -0.234 	  -66.40 	 
1.920599990	 -0.230 	  -62.39 	 
1.922799990	 -0.227 	  -58.35 	 
1.924999990	 -0.224 	  -54.43 	 
1.927199990	 -0.219 	  -50.74 	 
1.929399990	 -0.216 	  -47.39 	 
1.931599990	 -0.212 	  -44.36 	 
1.933799990	 -0.209 	  -41.89 	 
1.935999990	 -0.207 	  -39.89 	 
1.938199989	 -0.205 	  -38.52 	 
1.940399989	 -0.204 	  -37.81 	 
1.942599989	 -0.203 	  -37.69 	 
1.944799989	 -0.202 	  -38.20 	 
1.946999989	 -0.203 	  -39.32 	 
1.949199989	 -0.203 	  -41.04 	 
1.951399989	 -0.205 	  -43.41 	 
1.953599989	 -0.207 	  -46.40 	 
1.955799989	 -0.209 	  -49.60 	 
1.957999989	 -0.212 	  -53.21 	 
1.960199989	 -0.216 	  -57.08 	 
1.962399989	 -0.220 	  -61.13 	 
1.964599989	 -0.223 	  -65.10 	 
1.966799989	 -0.228 	  -68.92 	 
1.968999989	 -0.231 	  -72.59 	 
1.971199989	 -0.235 	  -75.90 	 
1.973399989	 -0.237 	  -78.87 	 
1.975599989	 -0.240 	  -81.28 	 
1.977799989	 -0.242 	  -83.27 	 
1.979999989	 -0.244 	  -84.59 	 
1.982199989	 -0.245 	  -85.32 	 
1.984399989	 -0.245 	  -85.39 	 
1.986599989	 -0.246 	  -84.94 	 
1.988799989	 -0.245 	  -83.88 	 
1.990999989	 -0.244 	  -82.10 	 
1.993199989	 -0.243 	  -79.82 	 
1.995399989	 -0.241 	  -76.82 	 
1.997599989	 -0.239 	  -73.43 	 
1.999799989	 -0.236 	  -69.81 	 
2.001999989	 -0.233 	  -65.91 	 
2.004199989	 -0.230 	  -61.85 	 
2.006399989	 -0.226 	  -57.91 	 
2.008599989	 -0.222 	  -53.97 	 
2.010799989	 -0.219 	  -50.28 	 
2.012999989	 -0.216 	  -46.95 	 
2.015199989	 -0.212 	  -44.04 	 
2.017399989	 -0.209 	  -41.58 	 
2.019599989	 -0.207 	  -39.72 	 
2.021799989	 -0.205 	  -38.38 	 
2.023999989	 -0.203 	  -37.76 	 
2.026199989	 -0.202 	  -37.78 	 
2.028399989	 -0.203 	  -38.31 	 
2.030599989	 -0.202 	  -39.48 	 
2.032799989	 -0.204 	  -41.32 	 
2.034999989	 -0.206 	  -43.74 	 
2.037199989	 -0.208 	  -46.76 	 
2.039399989	 -0.210 	  -50.03 	 
2.041599989	 -0.213 	  -53.70 	 
2.043799989	 -0.217 	  -57.64 	 
2.045999989	 -0.221 	  -61.65 	 
2.048199989	 -0.224 	  -65.60 	 
2.050399989	 -0.229 	  -69.36 	 
2.052599989	 -0.232 	  -73.08 	 
2.054799989	 -0.235 	  -76.30 	 
2.056999989	 -0.238 	  -79.19 	 
2.059199989	 -0.241 	  -81.59 	 
2.061399989	 -0.242 	  -83.52 	 
2.063599989	 -0.244 	  -84.70 	 
2.065799989	 -0.245 	  -85.37 	 
2.067999989	 -0.245 	  -85.42 	 
2.070199989	 -0.245 	  -84.88 	 
2.072399989	 -0.245 	  -83.73 	 
2.074599989	 -0.244 	  -81.90 	 
2.076799989	 -0.243 	  -79.42 	 
2.078999989	 -0.241 	  -76.45 	 
2.081199989	 -0.239 	  -73.07 	 
2.083399989	 -0.236 	  -69.39 	 
2.085599989	 -0.233 	  -65.43 	 
2.087799989	 -0.230 	  -61.39 	 
2.089999989	 -0.226 	  -57.41 	 
2.092199989	 -0.222 	  -53.57 	 
2.094399989	 -0.219 	  -49.90 	 
2.096599989	 -0.215 	  -46.51 	 
2.098799989	 -0.212 	  -43.73 	 
2.100999989	 -0.208 	  -41.39 	 
2.103199989	 -0.206 	  -39.51 	 
2.105399989	 -0.205 	  -38.33 	 
2.107599989	 -0.203 	  -37.73 	 
2.109799989	 -0.202 	  -37.79 	 
2.111999989	 -0.202 	  -38.45 	 
2.114199989	 -0.203 	  -39.69 	 
2.116399989	 -0.204 	  -41.54 	 
2.118599989	 -0.205 	  -44.15 	 
2.120799989	 -0.207 	  -47.15 	 
2.122999988	 -0.210 	  -50.50 	 
2.125199988	 -0.214 	  -54.16 	 
2.127399988	 -0.218 	  -58.11 	 
2.129599988	 -0.221 	  -62.12 	 
2.131799988	 -0.224 	  -66.04 	 
2.133999988	 -0.229 	  -69.90 	 
2.136199988	 -0.232 	  -73.40 	 
2.138399988	 -0.235 	  -76.73 	 
2.140599988	 -0.238 	  -79.52 	 
2.142799988	 -0.241 	  -81.86 	 
2.144999988	 -0.243 	  -83.70 	 
2.147199988	 -0.244 	  -84.87 	 
2.149399988	 -0.245 	  -85.44 	 
2.151599988	 -0.245 	  -85.38 	 
2.153799988	 -0.246 	  -84.80 	 
2.155999988	 -0.245 	  -83.51 	 
2.158199988	 -0.244 	  -81.71 	 
2.160399988	 -0.243 	  -79.12 	 
2.162599988	 -0.241 	  -76.07 	 
2.164799988	 -0.238 	  -72.66 	 
2.166999988	 -0.236 	  -68.93 	 
2.169199988	 -0.233 	  -64.95 	 
2.171399988	 -0.229 	  -60.91 	 
2.173599988	 -0.226 	  -56.93 	 
2.175799988	 -0.222 	  -53.06 	 
2.177999988	 -0.218 	  -49.50 	 
2.180199988	 -0.215 	  -46.21 	 
2.182399988	 -0.211 	  -43.40 	 
2.184599988	 -0.208 	  -41.11 	 
2.186799988	 -0.206 	  -39.39 	 
2.188999988	 -0.204 	  -38.23 	 
2.191199988	 -0.203 	  -37.70 	 
2.193399988	 -0.202 	  -37.87 	 
2.195599988	 -0.203 	  -38.54 	 
2.197799988	 -0.204 	  -39.87 	 
2.199999988	 -0.204 	  -41.88 	 
2.202199988	 -0.206 	  -44.49 	 
2.204399988	 -0.208 	  -47.50 	 
2.206599988	 -0.210 	  -50.92 	 
2.208799988	 -0.213 	  -54.65 	 
2.210999988	 -0.217 	  -58.61 	 
2.213199988	 -0.222 	  -62.63 	 
2.215399988	 -0.225 	  -66.45 	 
2.217599988	 -0.229 	  -70.30 	 
2.219799988	 -0.232 	  -73.84 	 
2.221999988	 -0.236 	  -77.06 	 
2.224199988	 -0.239 	  -79.82 	 
2.226399988	 -0.241 	  -82.10 	 
2.228599988	 -0.243 	  -83.86 	 
2.230799988	 -0.245 	  -84.91 	 
2.232999988	 -0.245 	  -85.48 	 
2.235199988	 -0.246 	  -85.30 	 
2.237399988	 -0.245 	  -84.66 	 
2.239599988	 -0.245 	  -83.27 	 
2.241799988	 -0.244 	  -81.30 	 
2.243999988	 -0.242 	  -78.71 	 
2.246199988	 -0.240 	  -75.70 	 
2.248399988	 -0.238 	  -72.25 	 
2.250599988	 -0.235 	  -68.37 	 
