0.000000000	 -0.095 	  -69.46 	 
0.002200000	 -0.091 	  -65.56 	 
0.004400000	 -0.087 	  -61.48 	 
0.006600000	 -0.083 	  -57.53 	 
0.008800000	 -0.079 	  -53.65 	 
0.011000000	 -0.074 	  -49.98 	 
0.013200000	 -0.070 	  -46.67 	 
0.015400000	 -0.066 	  -43.79 	 
0.017600000	 -0.063 	  -41.44 	 
0.019800000	 -0.059 	  -39.52 	 
0.022000000	 -0.057 	  -38.32 	 
0.024200000	 -0.055 	  -37.72 	 
0.026400000	 -0.055 	  -37.76 	 
0.028600000	 -0.055 	  -38.42 	 
0.030800000	 -0.055 	  -39.66 	 
0.033000000	 -0.056 	  -41.52 	 
0.035200000	 -0.058 	  -44.02 	 
0.037400000	 -0.060 	  -47.00 	 
0.039600000	 -0.064 	  -50.42 	 
0.041800000	 -0.067 	  -54.12 	 
0.044000000	 -0.071 	  -57.95 	 
0.046200000	 -0.076 	  -61.96 	 
0.048400000	 -0.080 	  -65.90 	 
0.050600000	 -0.085 	  -69.79 	 
0.052800000	 -0.089 	  -73.29 	 
0.055000000	 -0.092 	  -76.60 	 
0.057200000	 -0.096 	  -79.45 	 
0.059400000	 -0.100 	  -81.75 	 
0.061600000	 -0.102 	  -83.59 	 
0.063800000	 -0.103 	  -84.77 	 
0.066000000	 -0.105 	  -85.44 	 
0.068200000	 -0.105 	  -85.36 	 
0.070400000	 -0.105 	  -84.81 	 
0.072600000	 -0.104 	  -83.54 	 
0.074800000	 -0.103 	  -81.57 	 
0.077000000	 -0.103 	  -79.21 	 
0.079200000	 -0.099 	  -76.11 	 
0.081400000	 -0.098 	  -72.72 	 
0.083600000	 -0.094 	  -69.02 	 
0.085800000	 -0.090 	  -65.03 	 
0.088000000	 -0.088 	  -61.01 	 
0.090200000	 -0.082 	  -57.04 	 
0.092399999	 -0.078 	  -53.20 	 
0.094599999	 -0.073 	  -49.56 	 
0.096799999	 -0.070 	  -46.31 	 
0.098999999	 -0.066 	  -43.42 	 
0.101199999	 -0.062 	  -41.12 	 
0.103399999	 -0.059 	  -39.36 	 
0.105599999	 -0.057 	  -38.24 	 
0.107799999	 -0.055 	  -37.68 	 
0.109999999	 -0.054 	  -37.83 	 
0.112199999	 -0.054 	  -38.48 	 
0.114399999	 -0.055 	  -39.86 	 
0.116599999	 -0.056 	  -41.82 	 
0.118799999	 -0.058 	  -44.32 	 
0.120999999	 -0.061 	  -47.43 	 
0.123199999	 -0.065 	  -50.84 	 
0.125399999	 -0.068 	  -54.62 	 
0.127599999	 -0.071 	  -58.49 	 
0.129799999	 -0.076 	  -62.47 	 
0.131999999	 -0.081 	  -66.40 	 
0.134199999	 -0.085 	  -70.18 	 
0.136399999	 -0.089 	  -73.78 	 
0.138599999	 -0.093 	  -76.93 	 
0.140799999	 -0.097 	  -79.75 	 
0.142999999	 -0.099 	  -82.02 	 
0.145199999	 -0.102 	  -83.77 	 
0.147399999	 -0.104 	  -84.92 	 
0.149599999	 -0.105 	  -85.43 	 
0.151799999	 -0.106 	  -85.35 	 
0.153999999	 -0.106 	  -84.63 	 
0.156199999	 -0.105 	  -83.29 	 
0.158399999	 -0.104 	  -81.34 	 
0.160599999	 -0.102 	  -78.75 	 
0.162799999	 -0.100 	  -75.77 	 
0.164999999	 -0.097 	  -72.29 	 
0.167199999	 -0.095 	  -68.48 	 
0.169399999	 -0.090 	  -64.56 	 
0.171599999	 -0.086 	  -60.54 	 
0.173799999	 -0.082 	  -56.57 	 
0.175999999	 -0.078 	  -52.74 	 
0.178199999	 -0.074 	  -49.14 	 
0.180399999	 -0.069 	  -45.94 	 
0.182599999	 -0.066 	  -43.19 	 
0.184799999	 -0.062 	  -40.94 	 
0.186999999	 -0.059 	  -39.19 	 
0.189199999	 -0.056 	  -38.14 	 
0.191399999	 -0.055 	  -37.68 	 
0.193599999	 -0.054 	  -37.90 	 
0.195799999	 -0.054 	  -38.65 	 
0.197999999	 -0.055 	  -40.06 	 
0.200199999	 -0.057 	  -42.12 	 
0.202399999	 -0.059 	  -44.74 	 
0.204599999	 -0.061 	  -47.81 	 
0.206799999	 -0.065 	  -51.30 	 
0.208999999	 -0.069 	  -55.07 	 
0.211199999	 -0.072 	  -59.00 	 
0.213399999	 -0.077 	  -62.95 	 
0.215599999	 -0.081 	  -66.88 	 
0.217799999	 -0.086 	  -70.64 	 
0.219999999	 -0.090 	  -74.11 	 
0.222199999	 -0.094 	  -77.36 	 
0.224399999	 -0.097 	  -80.02 	 
0.226599999	 -0.100 	  -82.29 	 
0.228799999	 -0.103 	  -83.95 	 
0.230999999	 -0.104 	  -84.97 	 
0.233199999	 -0.105 	  -85.47 	 
0.235399999	 -0.106 	  -85.26 	 
0.237599999	 -0.106 	  -84.58 	 
0.239799999	 -0.105 	  -83.09 	 
0.241999999	 -0.103 	  -81.06 	 
0.244199999	 -0.102 	  -78.49 	 
0.246399999	 -0.099 	  -75.33 	 
0.248599999	 -0.097 	  -71.87 	 
0.250799999	 -0.094 	  -68.08 	 
0.252999999	 -0.090 	  -64.09 	 
0.255199999	 -0.086 	  -60.07 	 
0.257399999	 -0.082 	  -56.11 	 
0.259599999	 -0.078 	  -52.29 	 
0.261799999	 -0.073 	  -48.78 	 
0.263999999	 -0.069 	  -45.59 	 
0.266199999	 -0.065 	  -42.86 	 
0.268399999	 -0.061 	  -40.68 	 
0.270599999	 -0.059 	  -39.06 	 
0.272799999	 -0.056 	  -38.06 	 
0.274999999	 -0.055 	  -37.68 	 
0.277199998	 -0.054 	  -37.95 	 
0.279399998	 -0.054 	  -38.78 	 
0.281599998	 -0.055 	  -40.29 	 
0.283799998	 -0.057 	  -42.39 	 
0.285999998	 -0.060 	  -45.11 	 
0.288199998	 -0.062 	  -48.25 	 
0.290399998	 -0.065 	  -51.73 	 
0.292599998	 -0.069 	  -55.55 	 
0.294799998	 -0.073 	  -59.43 	 
0.296999998	 -0.077 	  -63.45 	 
0.299199998	 -0.082 	  -67.33 	 
0.301399998	 -0.087 	  -71.06 	 
0.303599998	 -0.090 	  -74.57 	 
0.305799998	 -0.094 	  -77.64 	 
0.307999998	 -0.098 	  -80.37 	 
0.310199998	 -0.100 	  -82.50 	 
0.312399998	 -0.102 	  -84.09 	 
0.314599998	 -0.104 	  -85.12 	 
0.316799998	 -0.106 	  -85.47 	 
0.318999998	 -0.106 	  -85.22 	 
0.321199998	 -0.105 	  -84.36 	 
0.323399998	 -0.105 	  -82.85 	 
0.325599998	 -0.104 	  -80.81 	 
0.327799998	 -0.102 	  -78.11 	 
0.329999998	 -0.099 	  -74.97 	 
0.332199998	 -0.097 	  -71.40 	 
0.334399998	 -0.094 	  -67.55 	 
0.336599998	 -0.090 	  -63.61 	 
0.338799998	 -0.085 	  -59.54 	 
0.340999998	 -0.081 	  -55.64 	 
0.343199998	 -0.077 	  -51.84 	 
0.345399998	 -0.072 	  -48.33 	 
0.347599998	 -0.069 	  -45.26 	 
0.349799998	 -0.065 	  -42.61 	 
0.351999998	 -0.061 	  -40.44 	 
0.354199998	 -0.058 	  -38.88 	 
0.356399998	 -0.056 	  -37.95 	 
0.358599998	 -0.055 	  -37.66 	 
0.360799998	 -0.054 	  -38.03 	 
0.362999998	 -0.054 	  -38.91 	 
0.365199998	 -0.056 	  -40.48 	 
0.367399998	 -0.057 	  -42.71 	 
0.369599998	 -0.060 	  -45.46 	 
0.371799998	 -0.062 	  -48.59 	 
0.373999998	 -0.065 	  -52.17 	 
0.376199998	 -0.069 	  -55.99 	 
0.378399998	 -0.073 	  -59.94 	 
0.380599998	 -0.079 	  -63.89 	 
0.382799998	 -0.082 	  -67.76 	 
0.384999998	 -0.087 	  -71.54 	 
0.387199998	 -0.091 	  -74.91 	 
0.389399998	 -0.095 	  -78.07 	 
0.391599998	 -0.098 	  -80.61 	 
0.393799998	 -0.101 	  -82.70 	 
0.395999998	 -0.103 	  -84.31 	 
0.398199998	 -0.104 	  -85.11 	 
0.400399998	 -0.106 	  -85.47 	 
0.402599998	 -0.106 	  -85.13 	 
0.404799998	 -0.106 	  -84.23 	 
0.406999998	 -0.104 	  -82.67 	 
0.409199998	 -0.103 	  -80.46 	 
0.411399998	 -0.101 	  -77.78 	 
0.413599998	 -0.099 	  -74.52 	 
0.415799998	 -0.096 	  -70.89 	 
0.417999998	 -0.093 	  -67.03 	 
0.420199998	 -0.089 	  -63.12 	 
0.422399998	 -0.085 	  -59.12 	 
0.424599998	 -0.081 	  -55.14 	 
0.426799998	 -0.077 	  -51.38 	 
0.428999998	 -0.072 	  -48.00 	 
0.431199998	 -0.068 	  -44.88 	 
0.433399998	 -0.064 	  -42.28 	 
0.435599998	 -0.061 	  -40.22 	 
0.437799998	 -0.059 	  -38.73 	 
0.439999998	 -0.056 	  -37.91 	 
0.442199998	 -0.055 	  -37.70 	 
0.444399998	 -0.054 	  -38.09 	 
0.446599998	 -0.055 	  -39.09 	 
0.448799998	 -0.056 	  -40.75 	 
0.450999998	 -0.058 	  -42.99 	 
0.453199998	 -0.060 	  -45.83 	 
0.455399998	 -0.062 	  -49.06 	 
0.457599998	 -0.067 	  -52.61 	 
0.459799998	 -0.070 	  -56.47 	 
0.461999997	 -0.075 	  -60.43 	 
0.464199997	 -0.078 	  -64.44 	 
0.466399997	 -0.083 	  -68.23 	 
0.468599997	 -0.087 	  -72.00 	 
0.470799997	 -0.092 	  -75.36 	 
0.472999997	 -0.095 	  -78.33 	 
0.475199997	 -0.098 	  -80.98 	 
0.477399997	 -0.101 	  -82.94 	 
0.479599997	 -0.104 	  -84.43 	 
0.481799997	 -0.105 	  -85.26 	 
0.483999997	 -0.106 	  -85.48 	 
0.486199997	 -0.106 	  -85.07 	 
0.488399997	 -0.106 	  -84.07 	 
0.490599997	 -0.105 	  -82.50 	 
0.492799997	 -0.102 	  -80.20 	 
0.494999997	 -0.101 	  -77.37 	 
0.497199997	 -0.099 	  -74.15 	 
0.499399997	 -0.096 	  -70.49 	 
0.501599997	 -0.093 	  -66.65 	 
0.503799997	 -0.088 	  -62.65 	 
0.505999997	 -0.085 	  -58.63 	 
0.508199997	 -0.080 	  -54.75 	 
0.510399997	 -0.076 	  -50.98 	 
0.512599997	 -0.071 	  -47.59 	 
0.514799997	 -0.067 	  -44.60 	 
0.516999997	 -0.064 	  -42.06 	 
0.519199997	 -0.060 	  -40.02 	 
0.521399997	 -0.057 	  -38.62 	 
0.523599997	 -0.055 	  -37.86 	 
0.525799997	 -0.055 	  -37.75 	 
0.527999997	 -0.054 	  -38.23 	 
0.530199997	 -0.055 	  -39.30 	 
0.532399997	 -0.056 	  -41.00 	 
0.534599997	 -0.058 	  -43.34 	 
0.536799997	 -0.061 	  -46.19 	 
0.538999997	 -0.063 	  -49.48 	 
0.541199997	 -0.066 	  -53.11 	 
0.543399997	 -0.070 	  -56.91 	 
0.545599997	 -0.075 	  -60.91 	 
0.547799997	 -0.080 	  -64.86 	 
0.549999997	 -0.083 	  -68.78 	 
0.552199997	 -0.088 	  -72.38 	 
0.554399997	 -0.091 	  -75.72 	 
0.556599997	 -0.096 	  -78.73 	 
0.558799997	 -0.099 	  -81.16 	 
0.560999997	 -0.102 	  -83.20 	 
0.563199997	 -0.104 	  -84.52 	 
0.565399997	 -0.105 	  -85.30 	 
0.567599997	 -0.106 	  -85.45 	 
0.569799997	 -0.107 	  -84.99 	 
0.571999997	 -0.105 	  -83.99 	 
0.574199997	 -0.105 	  -82.21 	 
0.576399997	 -0.103 	  -79.89 	 
0.578599997	 -0.101 	  -77.04 	 
0.580799997	 -0.099 	  -73.71 	 
0.582999997	 -0.096 	  -70.03 	 
0.585199997	 -0.092 	  -66.15 	 
0.587399997	 -0.089 	  -62.19 	 
0.589599997	 -0.085 	  -58.16 	 
0.591799997	 -0.080 	  -54.22 	 
0.593999997	 -0.076 	  -50.55 	 
0.596199997	 -0.072 	  -47.24 	 
0.598399997	 -0.066 	  -44.21 	 
0.600599997	 -0.063 	  -41.77 	 
0.602799997	 -0.061 	  -39.79 	 
0.604999997	 -0.057 	  -38.49 	 
0.607199997	 -0.056 	  -37.84 	 
0.609399997	 -0.054 	  -37.76 	 
0.611599997	 -0.054 	  -38.29 	 
0.613799997	 -0.055 	  -39.42 	 
0.615999997	 -0.057 	  -41.25 	 
0.618199997	 -0.058 	  -43.59 	 
0.620399997	 -0.061 	  -46.58 	 
0.622599997	 -0.064 	  -49.90 	 
0.624799997	 -0.067 	  -53.52 	 
0.626999997	 -0.070 	  -57.43 	 
0.629199997	 -0.076 	  -61.42 	 
0.631399997	 -0.080 	  -65.38 	 
0.633599997	 -0.084 	  -69.15 	 
0.635799997	 -0.089 	  -72.83 	 
0.637999997	 -0.092 	  -76.11 	 
0.640199997	 -0.097 	  -78.98 	 
0.642399997	 -0.099 	  -81.49 	 
0.644599997	 -0.102 	  -83.35 	 
0.646799996	 -0.104 	  -84.65 	 
0.648999996	 -0.105 	  -85.36 	 
0.651199996	 -0.106 	  -85.39 	 
0.653399996	 -0.106 	  -84.89 	 
0.655599996	 -0.106 	  -83.74 	 
0.657799996	 -0.104 	  -81.98 	 
0.659999996	 -0.103 	  -79.56 	 
0.662199996	 -0.101 	  -76.58 	 
0.664399996	 -0.099 	  -73.27 	 
0.666599996	 -0.095 	  -69.54 	 
0.668799996	 -0.092 	  -65.69 	 
0.670999996	 -0.088 	  -61.65 	 
0.673199996	 -0.084 	  -57.64 	 
0.675399996	 -0.080 	  -53.76 	 
0.677599996	 -0.075 	  -50.05 	 
0.679799996	 -0.071 	  -46.78 	 
0.681999996	 -0.067 	  -43.87 	 
0.684199996	 -0.063 	  -41.50 	 
0.686399996	 -0.060 	  -39.63 	 
0.688599996	 -0.057 	  -38.41 	 
0.690799996	 -0.055 	  -37.74 	 
0.692999996	 -0.054 	  -37.75 	 
0.695199996	 -0.054 	  -38.41 	 
0.697399996	 -0.056 	  -39.59 	 
0.699599996	 -0.057 	  -41.44 	 
0.701799996	 -0.059 	  -43.99 	 
0.703999996	 -0.061 	  -46.95 	 
0.706199996	 -0.064 	  -50.33 	 
0.708399996	 -0.067 	  -54.02 	 
0.710599996	 -0.071 	  -57.86 	 
0.712799996	 -0.076 	  -61.88 	 
0.714999996	 -0.081 	  -65.82 	 
0.717199996	 -0.085 	  -69.65 	 
0.719399996	 -0.089 	  -73.24 	 
0.721599996	 -0.093 	  -76.51 	 
0.723799996	 -0.097 	  -79.43 	 
0.725999996	 -0.100 	  -81.68 	 
0.728199996	 -0.103 	  -83.62 	 
0.730399996	 -0.104 	  -84.79 	 
0.732599996	 -0.106 	  -85.41 	 
0.734799996	 -0.106 	  -85.40 	 
0.736999996	 -0.106 	  -84.77 	 
0.739199996	 -0.106 	  -83.61 	 
0.741399996	 -0.104 	  -81.71 	 
0.743599996	 -0.103 	  -79.26 	 
0.745799996	 -0.100 	  -76.27 	 
0.747999996	 -0.098 	  -72.83 	 
0.750199996	 -0.095 	  -69.11 	 
0.752399996	 -0.091 	  -65.23 	 
0.754599996	 -0.088 	  -61.18 	 
0.756799996	 -0.084 	  -57.17 	 
0.758999996	 -0.079 	  -53.31 	 
0.761199996	 -0.074 	  -49.76 	 
0.763399996	 -0.071 	  -46.45 	 
0.765599996	 -0.066 	  -43.55 	 
0.767799996	 -0.062 	  -41.24 	 
0.769999996	 -0.060 	  -39.44 	 
0.772199996	 -0.057 	  -38.29 	 
0.774399996	 -0.055 	  -37.75 	 
0.776599996	 -0.055 	  -37.81 	 
0.778799996	 -0.055 	  -38.47 	 
0.780999996	 -0.056 	  -39.85 	 
0.783199996	 -0.057 	  -41.75 	 
0.785399996	 -0.059 	  -44.26 	 
0.787599996	 -0.062 	  -47.37 	 
0.789799996	 -0.064 	  -50.77 	 
0.791999996	 -0.069 	  -54.47 	 
0.794199996	 -0.072 	  -58.41 	 
0.796399996	 -0.077 	  -62.37 	 
0.798599996	 -0.081 	  -66.30 	 
0.800799996	 -0.085 	  -70.11 	 
0.802999996	 -0.089 	  -73.67 	 
0.805199996	 -0.094 	  -76.85 	 
0.807399996	 -0.097 	  -79.68 	 
0.809599996	 -0.100 	  -82.02 	 
0.811799996	 -0.102 	  -83.73 	 
0.813999996	 -0.104 	  -84.95 	 
0.816199996	 -0.105 	  -85.47 	 
0.818399996	 -0.107 	  -85.37 	 
0.820599996	 -0.107 	  -84.71 	 
0.822799996	 -0.106 	  -83.34 	 
0.824999996	 -0.104 	  -81.43 	 
0.827199996	 -0.102 	  -78.93 	 
0.829399996	 -0.101 	  -75.91 	 
0.831599995	 -0.098 	  -72.43 	 
0.833799995	 -0.095 	  -68.63 	 
0.835999995	 -0.091 	  -64.73 	 
0.838199995	 -0.087 	  -60.66 	 
0.840399995	 -0.083 	  -56.70 	 
0.842599995	 -0.079 	  -52.83 	 
0.844799995	 -0.074 	  -49.26 	 
0.846999995	 -0.070 	  -46.10 	 
0.849199995	 -0.066 	  -43.24 	 
0.851399995	 -0.063 	  -40.95 	 
0.853599995	 -0.059 	  -39.24 	 
0.855799995	 -0.057 	  -38.16 	 
0.857999995	 -0.056 	  -37.66 	 
0.860199995	 -0.055 	  -37.84 	 
0.862399995	 -0.055 	  -38.56 	 
0.864599995	 -0.056 	  -40.03 	 
0.866799995	 -0.057 	  -42.03 	 
0.868999995	 -0.059 	  -44.61 	 
0.871199995	 -0.062 	  -47.72 	 
0.873399995	 -0.066 	  -51.16 	 
0.875599995	 -0.069 	  -54.99 	 
0.877799995	 -0.073 	  -58.83 	 
0.879999995	 -0.077 	  -62.84 	 
0.882199995	 -0.081 	  -66.77 	 
0.884399995	 -0.086 	  -70.51 	 
0.886599995	 -0.090 	  -74.12 	 
0.888799995	 -0.094 	  -77.26 	 
0.890999995	 -0.097 	  -80.02 	 
0.893199995	 -0.100 	  -82.25 	 
0.895399995	 -0.103 	  -83.92 	 
0.897599995	 -0.104 	  -85.02 	 
0.899799995	 -0.105 	  -85.46 	 
0.901999995	 -0.107 	  -85.35 	 
0.904199995	 -0.107 	  -84.59 	 
0.906399995	 -0.105 	  -83.20 	 
0.908599995	 -0.104 	  -81.19 	 
0.910799995	 -0.103 	  -78.53 	 
0.912999995	 -0.100 	  -75.49 	 
0.915199995	 -0.097 	  -72.02 	 
0.917399995	 -0.094 	  -68.14 	 
0.919599995	 -0.091 	  -64.20 	 
0.921799995	 -0.087 	  -60.20 	 
0.923999995	 -0.083 	  -56.19 	 
0.926199995	 -0.078 	  -52.36 	 
0.928399995	 -0.074 	  -48.87 	 
0.930599995	 -0.070 	  -45.68 	 
0.932799995	 -0.066 	  -42.94 	 
0.934999995	 -0.062 	  -40.74 	 
0.937199995	 -0.059 	  -39.04 	 
0.939399995	 -0.057 	  -38.04 	 
0.941599995	 -0.055 	  -37.70 	 
0.943799995	 -0.054 	  -37.92 	 
0.945999995	 -0.055 	  -38.73 	 
0.948199995	 -0.056 	  -40.25 	 
0.950399995	 -0.057 	  -42.33 	 
0.952599995	 -0.060 	  -44.96 	 
0.954799995	 -0.062 	  -48.16 	 
0.956999995	 -0.065 	  -51.62 	 
0.959199995	 -0.069 	  -55.39 	 
0.961399995	 -0.073 	  -59.36 	 
0.963599995	 -0.077 	  -63.33 	 
0.965799995	 -0.082 	  -67.21 	 
0.967999995	 -0.087 	  -70.98 	 
0.970199995	 -0.091 	  -74.44 	 
0.972399995	 -0.095 	  -77.63 	 
0.974599995	 -0.098 	  -80.26 	 
0.976799995	 -0.100 	  -82.48 	 
0.978999995	 -0.103 	  -84.05 	 
0.981199995	 -0.105 	  -85.08 	 
0.983399995	 -0.106 	  -85.46 	 
0.985599995	 -0.107 	  -85.18 	 
0.987799995	 -0.107 	  -84.48 	 
0.989999995	 -0.105 	  -82.96 	 
0.992199995	 -0.104 	  -80.86 	 
0.994399995	 -0.102 	  -78.20 	 
0.996599995	 -0.100 	  -75.00 	 
0.998799995	 -0.098 	  -71.54 	 
1.000999995	 -0.094 	  -67.72 	 
1.003199995	 -0.090 	  -63.74 	 
1.005399995	 -0.086 	  -59.68 	 
1.007599995	 -0.082 	  -55.76 	 
1.009799995	 -0.078 	  -51.97 	 
1.011999995	 -0.073 	  -48.44 	 
1.014199995	 -0.069 	  -45.32 	 
1.016399994	 -0.064 	  -42.66 	 
1.018599994	 -0.062 	  -40.50 	 
1.020799994	 -0.058 	  -38.95 	 
1.022999994	 -0.057 	  -37.99 	 
1.025199994	 -0.056 	  -37.66 	 
1.027399994	 -0.054 	  -38.00 	 
1.029599994	 -0.055 	  -38.92 	 
1.031799994	 -0.056 	  -40.44 	 
1.033999994	 -0.057 	  -42.59 	 
1.036199994	 -0.060 	  -45.37 	 
1.038399994	 -0.063 	  -48.52 	 
1.040599994	 -0.066 	  -52.10 	 
1.042799994	 -0.069 	  -55.87 	 
1.044999994	 -0.073 	  -59.79 	 
1.047199994	 -0.078 	  -63.84 	 
1.049399994	 -0.083 	  -67.68 	 
1.051599994	 -0.087 	  -71.44 	 
1.053799994	 -0.092 	  -74.85 	 
1.055999994	 -0.095 	  -77.93 	 
1.058199994	 -0.098 	  -80.59 	 
1.060399994	 -0.101 	  -82.67 	 
1.062599994	 -0.104 	  -84.27 	 
1.064799994	 -0.105 	  -85.13 	 
1.066999994	 -0.106 	  -85.51 	 
1.069199994	 -0.107 	  -85.17 	 
1.071399994	 -0.106 	  -84.25 	 
1.073599994	 -0.106 	  -82.74 	 
1.075799994	 -0.104 	  -80.57 	 
1.077999994	 -0.102 	  -77.86 	 
1.080199994	 -0.100 	  -74.65 	 
1.082399994	 -0.097 	  -71.00 	 
1.084599994	 -0.094 	  -67.21 	 
1.086799994	 -0.090 	  -63.26 	 
1.088999994	 -0.086 	  -59.22 	 
1.091199994	 -0.081 	  -55.26 	 
1.093399994	 -0.078 	  -51.55 	 
1.095599994	 -0.073 	  -48.10 	 
1.097799994	 -0.068 	  -44.95 	 
1.099999994	 -0.065 	  -42.39 	 
1.102199994	 -0.061 	  -40.27 	 
1.104399994	 -0.059 	  -38.79 	 
1.106599994	 -0.056 	  -37.96 	 
1.108799994	 -0.055 	  -37.69 	 
1.110999994	 -0.055 	  -38.08 	 
1.113199994	 -0.055 	  -39.10 	 
1.115399994	 -0.057 	  -40.69 	 
1.117599994	 -0.057 	  -42.88 	 
1.119799994	 -0.060 	  -45.77 	 
1.121999994	 -0.062 	  -48.93 	 
1.124199994	 -0.066 	  -52.52 	 
1.126399994	 -0.070 	  -56.40 	 
1.128599994	 -0.074 	  -60.30 	 
1.130799994	 -0.079 	  -64.30 	 
1.132999994	 -0.084 	  -68.12 	 
1.135199994	 -0.088 	  -71.86 	 
1.137399994	 -0.092 	  -75.21 	 
1.139599994	 -0.096 	  -78.26 	 
1.141799994	 -0.099 	  -80.87 	 
1.143999994	 -0.102 	  -82.87 	 
1.146199994	 -0.104 	  -84.38 	 
1.148399994	 -0.105 	  -85.22 	 
1.150599994	 -0.107 	  -85.41 	 
1.152799994	 -0.107 	  -85.09 	 
1.154999994	 -0.106 	  -84.12 	 
1.157199994	 -0.104 	  -82.51 	 
1.159399994	 -0.104 	  -80.26 	 
1.161599994	 -0.102 	  -77.42 	 
1.163799994	 -0.100 	  -74.23 	 
1.165999994	 -0.097 	  -70.60 	 
1.168199994	 -0.093 	  -66.76 	 
1.170399994	 -0.090 	  -62.73 	 
1.172599994	 -0.085 	  -58.73 	 
1.174799994	 -0.081 	  -54.81 	 
1.176999994	 -0.076 	  -51.03 	 
1.179199994	 -0.073 	  -47.66 	 
1.181399994	 -0.068 	  -44.65 	 
1.183599994	 -0.064 	  -42.09 	 
1.185799994	 -0.061 	  -40.10 	 
1.187999994	 -0.058 	  -38.65 	 
1.190199994	 -0.056 	  -37.86 	 
1.192399994	 -0.055 	  -37.75 	 
1.194599994	 -0.055 	  -38.19 	 
1.196799994	 -0.055 	  -39.19 	 
1.198999994	 -0.056 	  -40.95 	 
1.201199993	 -0.058 	  -43.25 	 
1.203399993	 -0.061 	  -46.05 	 
1.205599993	 -0.064 	  -49.38 	 
1.207799993	 -0.067 	  -52.98 	 
1.209999993	 -0.071 	  -56.79 	 
1.212199993	 -0.075 	  -60.78 	 
1.214399993	 -0.080 	  -64.71 	 
1.216599993	 -0.085 	  -68.59 	 
1.218799993	 -0.089 	  -72.24 	 
1.220999993	 -0.092 	  -75.62 	 
1.223199993	 -0.096 	  -78.59 	 
1.225399993	 -0.099 	  -81.12 	 
1.227599993	 -0.102 	  -83.13 	 
1.229799993	 -0.104 	  -84.44 	 
1.231999993	 -0.106 	  -85.25 	 
1.234199993	 -0.106 	  -85.39 	 
1.236399993	 -0.107 	  -84.91 	 
1.238599993	 -0.106 	  -83.92 	 
1.240799993	 -0.105 	  -82.22 	 
1.242999993	 -0.104 	  -79.95 	 
1.245199993	 -0.102 	  -77.04 	 
1.247399993	 -0.099 	  -73.76 	 
1.249599993	 -0.097 	  -70.10 	 
1.251799993	 -0.093 	  -66.27 	 
1.253999993	 -0.089 	  -62.27 	 
1.256199993	 -0.085 	  -58.20 	 
1.258399993	 -0.080 	  -54.34 	 
1.260599993	 -0.076 	  -50.70 	 
1.262799993	 -0.072 	  -47.30 	 
1.264999993	 -0.068 	  -44.28 	 
1.267199993	 -0.064 	  -41.84 	 
1.269399993	 -0.061 	  -39.85 	 
1.271599993	 -0.058 	  -38.52 	 
1.273799993	 -0.057 	  -37.85 	 
1.275999993	 -0.055 	  -37.75 	 
1.278199993	 -0.055 	  -38.25 	 
1.280399993	 -0.056 	  -39.39 	 
1.282599993	 -0.056 	  -41.25 	 
1.284799993	 -0.059 	  -43.55 	 
1.286999993	 -0.061 	  -46.45 	 
1.289199993	 -0.064 	  -49.84 	 
1.291399993	 -0.067 	  -53.44 	 
1.293599993	 -0.071 	  -57.34 	 
1.295799993	 -0.075 	  -61.26 	 
1.297999993	 -0.080 	  -65.18 	 
1.300199993	 -0.085 	  -69.12 	 
1.302399993	 -0.089 	  -72.68 	 
1.304599993	 -0.093 	  -76.03 	 
1.306799993	 -0.097 	  -78.97 	 
1.308999993	 -0.099 	  -81.35 	 
1.311199993	 -0.102 	  -83.35 	 
1.313399993	 -0.104 	  -84.63 	 
1.315599993	 -0.106 	  -85.38 	 
1.317799993	 -0.106 	  -85.43 	 
1.319999993	 -0.107 	  -84.92 	 
1.322199993	 -0.107 	  -83.81 	 
1.324399993	 -0.105 	  -81.96 	 
1.326599993	 -0.104 	  -79.69 	 
1.328799993	 -0.102 	  -76.76 	 
1.330999993	 -0.099 	  -73.36 	 
1.333199993	 -0.096 	  -69.73 	 
1.335399993	 -0.093 	  -65.80 	 
1.337599993	 -0.088 	  -61.76 	 
1.339799993	 -0.085 	  -57.79 	 
1.341999993	 -0.081 	  -53.91 	 
1.344199993	 -0.075 	  -50.24 	 
1.346399993	 -0.072 	  -46.93 	 
1.348599993	 -0.067 	  -44.01 	 
1.350799993	 -0.063 	  -41.56 	 
1.352999993	 -0.060 	  -39.69 	 
1.355199993	 -0.057 	  -38.43 	 
1.357399993	 -0.056 	  -37.74 	 
1.359599993	 -0.055 	  -37.76 	 
1.361799993	 -0.055 	  -38.36 	 
1.363999993	 -0.056 	  -39.56 	 
1.366199993	 -0.057 	  -41.43 	 
1.368399993	 -0.059 	  -43.90 	 
1.370599993	 -0.061 	  -46.85 	 
1.372799993	 -0.064 	  -50.22 	 
1.374999993	 -0.069 	  -53.95 	 
1.377199993	 -0.072 	  -57.78 	 
1.379399993	 -0.076 	  -61.74 	 
1.381599993	 -0.081 	  -65.71 	 
1.383799993	 -0.085 	  -69.50 	 
1.385999992	 -0.090 	  -73.17 	 
1.388199992	 -0.094 	  -76.43 	 
1.390399992	 -0.097 	  -79.27 	 
1.392599992	 -0.100 	  -81.71 	 
1.394799992	 -0.103 	  -83.53 	 
1.396999992	 -0.104 	  -84.79 	 
1.399199992	 -0.106 	  -85.41 	 
1.401399992	 -0.107 	  -85.41 	 
1.403599992	 -0.107 	  -84.82 	 
1.405799992	 -0.106 	  -83.59 	 
1.407999992	 -0.105 	  -81.84 	 
1.410199992	 -0.103 	  -79.34 	 
1.412399992	 -0.102 	  -76.37 	 
1.414599992	 -0.099 	  -72.99 	 
1.416799992	 -0.095 	  -69.18 	 
1.418999992	 -0.092 	  -65.30 	 
1.421199992	 -0.088 	  -61.29 	 
1.423399992	 -0.085 	  -57.32 	 
1.425599992	 -0.081 	  -53.44 	 
1.427799992	 -0.075 	  -49.80 	 
1.429999992	 -0.071 	  -46.53 	 
1.432199992	 -0.066 	  -43.64 	 
1.434399992	 -0.063 	  -41.30 	 
1.436599992	 -0.060 	  -39.45 	 
1.438799992	 -0.058 	  -38.27 	 
1.440999992	 -0.055 	  -37.75 	 
1.443199992	 -0.055 	  -37.81 	 
1.445399992	 -0.055 	  -38.49 	 
1.447599992	 -0.056 	  -39.74 	 
1.449799992	 -0.058 	  -41.72 	 
1.451999992	 -0.060 	  -44.20 	 
1.454199992	 -0.062 	  -47.21 	 
1.456399992	 -0.065 	  -50.62 	 
1.458599992	 -0.069 	  -54.32 	 
1.460799992	 -0.072 	  -58.26 	 
1.462999992	 -0.077 	  -62.23 	 
1.465199992	 -0.081 	  -66.16 	 
1.467399992	 -0.086 	  -69.99 	 
1.469599992	 -0.090 	  -73.52 	 
1.471799992	 -0.094 	  -76.80 	 
1.473999992	 -0.098 	  -79.56 	 
1.476199992	 -0.101 	  -81.90 	 
1.478399992	 -0.103 	  -83.66 	 
1.480599992	 -0.106 	  -84.85 	 
1.482799992	 -0.106 	  -85.40 	 
1.484999992	 -0.107 	  -85.30 	 
1.487199992	 -0.107 	  -84.76 	 
1.489399992	 -0.106 	  -83.43 	 
1.491599992	 -0.105 	  -81.53 	 
1.493799992	 -0.104 	  -78.99 	 
1.495999992	 -0.101 	  -75.86 	 
1.498199992	 -0.099 	  -72.52 	 
1.500399992	 -0.096 	  -68.74 	 
1.502599992	 -0.092 	  -64.79 	 
1.504799992	 -0.088 	  -60.79 	 
1.506999992	 -0.084 	  -56.83 	 
1.509199992	 -0.080 	  -52.96 	 
1.511399992	 -0.075 	  -49.31 	 
1.513599992	 -0.071 	  -46.12 	 
1.515799992	 -0.066 	  -43.29 	 
1.517999992	 -0.063 	  -41.03 	 
1.520199992	 -0.060 	  -39.30 	 
1.522399992	 -0.057 	  -38.16 	 
1.524599992	 -0.056 	  -37.68 	 
1.526799992	 -0.055 	  -37.88 	 
1.528999992	 -0.055 	  -38.59 	 
1.531199992	 -0.056 	  -39.95 	 
1.533399992	 -0.057 	  -41.97 	 
1.535599992	 -0.059 	  -44.50 	 
1.537799992	 -0.062 	  -47.58 	 
1.539999992	 -0.066 	  -51.09 	 
1.542199992	 -0.069 	  -54.83 	 
1.544399992	 -0.074 	  -58.68 	 
1.546599992	 -0.078 	  -62.71 	 
1.548799992	 -0.082 	  -66.60 	 
1.550999992	 -0.087 	  -70.43 	 
1.553199992	 -0.090 	  -73.94 	 
1.555399992	 -0.094 	  -77.13 	 
1.557599992	 -0.098 	  -79.85 	 
1.559799992	 -0.101 	  -82.14 	 
1.561999992	 -0.103 	  -83.89 	 
1.564199992	 -0.104 	  -84.88 	 
1.566399992	 -0.106 	  -85.46 	 
1.568599992	 -0.107 	  -85.26 	 
1.570799991	 -0.107 	  -84.54 	 
1.572999991	 -0.106 	  -83.25 	 
1.575199991	 -0.104 	  -81.17 	 
1.577399991	 -0.104 	  -78.58 	 
1.579599991	 -0.101 	  -75.53 	 
1.581799991	 -0.098 	  -72.02 	 
1.583999991	 -0.095 	  -68.25 	 
1.586199991	 -0.091 	  -64.36 	 
1.588399991	 -0.087 	  -60.28 	 
1.590599991	 -0.083 	  -56.30 	 
1.592799991	 -0.079 	  -52.52 	 
1.594999991	 -0.075 	  -48.97 	 
1.597199991	 -0.070 	  -45.77 	 
1.599399991	 -0.066 	  -43.04 	 
1.601599991	 -0.062 	  -40.79 	 
1.603799991	 -0.060 	  -39.10 	 
1.605999991	 -0.057 	  -38.10 	 
1.608199991	 -0.055 	  -37.70 	 
1.610399991	 -0.055 	  -37.90 	 
1.612599991	 -0.055 	  -38.71 	 
1.614799991	 -0.057 	  -40.18 	 
1.616999991	 -0.058 	  -42.24 	 
1.619199991	 -0.060 	  -44.89 	 
1.621399991	 -0.062 	  -48.05 	 
1.623599991	 -0.066 	  -51.51 	 
1.625799991	 -0.070 	  -55.29 	 
1.627999991	 -0.074 	  -59.23 	 
1.630199991	 -0.078 	  -63.17 	 
1.632399991	 -0.083 	  -67.14 	 
1.634599991	 -0.087 	  -70.84 	 
1.636799991	 -0.091 	  -74.29 	 
1.638999991	 -0.095 	  -77.53 	 
1.641199991	 -0.098 	  -80.17 	 
1.643399991	 -0.102 	  -82.43 	 
1.645599991	 -0.104 	  -84.02 	 
1.647799991	 -0.105 	  -85.07 	 
1.649999991	 -0.107 	  -85.44 	 
1.652199991	 -0.107 	  -85.22 	 
1.654399991	 -0.107 	  -84.48 	 
1.656599991	 -0.106 	  -83.00 	 
1.658799991	 -0.104 	  -80.98 	 
1.660999991	 -0.103 	  -78.29 	 
1.663199991	 -0.101 	  -75.13 	 
1.665399991	 -0.097 	  -71.63 	 
1.667599991	 -0.095 	  -67.86 	 
1.669799991	 -0.091 	  -63.86 	 
1.671999991	 -0.087 	  -59.82 	 
1.674199991	 -0.083 	  -55.89 	 
1.676399991	 -0.078 	  -52.08 	 
1.678599991	 -0.074 	  -48.57 	 
1.680799991	 -0.070 	  -45.41 	 
1.682999991	 -0.065 	  -42.71 	 
1.685199991	 -0.062 	  -40.58 	 
1.687399991	 -0.059 	  -39.00 	 
1.689599991	 -0.057 	  -38.01 	 
1.691799991	 -0.056 	  -37.68 	 
1.693999991	 -0.056 	  -37.98 	 
1.696199991	 -0.056 	  -38.84 	 
1.698399991	 -0.057 	  -40.39 	 
1.700599991	 -0.059 	  -42.52 	 
1.702799991	 -0.060 	  -45.28 	 
1.704999991	 -0.064 	  -48.45 	 
1.707199991	 -0.066 	  -52.01 	 
1.709399991	 -0.071 	  -55.76 	 
1.711599991	 -0.074 	  -59.65 	 
1.713799991	 -0.079 	  -63.71 	 
1.715999991	 -0.084 	  -67.52 	 
1.718199991	 -0.087 	  -71.32 	 
1.720399991	 -0.092 	  -74.74 	 
1.722599991	 -0.096 	  -77.83 	 
1.724799991	 -0.099 	  -80.52 	 
1.726999991	 -0.102 	  -82.62 	 
1.729199991	 -0.104 	  -84.22 	 
1.731399991	 -0.105 	  -85.13 	 
1.733599991	 -0.107 	  -85.49 	 
1.735799991	 -0.107 	  -85.18 	 
1.737999991	 -0.107 	  -84.29 	 
1.740199991	 -0.106 	  -82.83 	 
1.742399991	 -0.105 	  -80.64 	 
1.744599991	 -0.103 	  -77.90 	 
1.746799991	 -0.101 	  -74.76 	 
1.748999991	 -0.098 	  -71.15 	 
1.751199991	 -0.094 	  -67.31 	 
1.753399990	 -0.090 	  -63.39 	 
1.755599990	 -0.086 	  -59.31 	 
1.757799990	 -0.082 	  -55.39 	 
1.759999990	 -0.078 	  -51.61 	 
1.762199990	 -0.073 	  -48.16 	 
1.764399990	 -0.069 	  -45.08 	 
1.766599990	 -0.066 	  -42.47 	 
1.768799990	 -0.062 	  -40.33 	 
1.770999990	 -0.059 	  -38.80 	 
1.773199990	 -0.057 	  -37.94 	 
1.775399990	 -0.056 	  -37.69 	 
1.777599990	 -0.055 	  -38.02 	 
1.779799990	 -0.056 	  -39.01 	 
1.781999990	 -0.057 	  -40.62 	 
1.784199990	 -0.059 	  -42.86 	 
1.786399990	 -0.061 	  -45.59 	 
1.788599990	 -0.063 	  -48.84 	 
1.790799990	 -0.066 	  -52.39 	 
1.792999990	 -0.071 	  -56.19 	 
1.795199990	 -0.076 	  -60.15 	 
1.797399990	 -0.080 	  -64.12 	 
1.799599990	 -0.085 	  -68.08 	 
1.801799990	 -0.088 	  -71.74 	 
1.803999990	 -0.093 	  -75.14 	 
1.806199990	 -0.096 	  -78.24 	 
1.808399990	 -0.099 	  -80.75 	 
1.810599990	 -0.102 	  -82.87 	 
1.812799990	 -0.103 	  -84.34 	 
1.814999990	 -0.106 	  -85.19 	 
1.817199990	 -0.107 	  -85.44 	 
1.819399990	 -0.107 	  -85.08 	 
1.821599990	 -0.107 	  -84.16 	 
1.823799990	 -0.106 	  -82.52 	 
1.825999990	 -0.104 	  -80.42 	 
1.828199990	 -0.102 	  -77.59 	 
1.830399990	 -0.100 	  -74.29 	 
1.832599990	 -0.097 	  -70.77 	 
1.834799990	 -0.094 	  -66.85 	 
1.836999990	 -0.090 	  -62.88 	 
1.839199990	 -0.087 	  -58.86 	 
1.841399990	 -0.082 	  -54.98 	 
1.843599990	 -0.077 	  -51.25 	 
1.845799990	 -0.073 	  -47.81 	 
1.847999990	 -0.069 	  -44.74 	 
1.850199990	 -0.065 	  -42.18 	 
1.852399990	 -0.061 	  -40.16 	 
1.854599990	 -0.059 	  -38.73 	 
1.856799990	 -0.057 	  -37.88 	 
1.858999990	 -0.056 	  -37.75 	 
1.861199990	 -0.055 	  -38.19 	 
1.863399990	 -0.056 	  -39.22 	 
1.865599990	 -0.057 	  -40.90 	 
1.867799990	 -0.059 	  -43.17 	 
1.869999990	 -0.061 	  -46.03 	 
1.872199990	 -0.065 	  -49.27 	 
1.874399990	 -0.067 	  -52.91 	 
1.876599990	 -0.071 	  -56.70 	 
1.878799990	 -0.076 	  -60.67 	 
1.880999990	 -0.079 	  -64.64 	 
1.883199990	 -0.084 	  -68.48 	 
1.885399990	 -0.089 	  -72.24 	 
1.887599990	 -0.093 	  -75.53 	 
1.889799990	 -0.097 	  -78.54 	 
1.891999990	 -0.099 	  -81.07 	 
1.894199990	 -0.103 	  -83.05 	 
1.896399990	 -0.104 	  -84.49 	 
1.898599990	 -0.106 	  -85.27 	 
1.900799990	 -0.107 	  -85.43 	 
1.902999990	 -0.106 	  -85.03 	 
1.905199990	 -0.107 	  -84.03 	 
1.907399990	 -0.106 	  -82.35 	 
1.909599990	 -0.104 	  -80.08 	 
1.911799990	 -0.103 	  -77.21 	 
1.913999990	 -0.100 	  -73.95 	 
1.916199990	 -0.097 	  -70.30 	 
1.918399990	 -0.094 	  -66.41 	 
1.920599990	 -0.090 	  -62.40 	 
1.922799990	 -0.086 	  -58.40 	 
1.924999990	 -0.081 	  -54.54 	 
1.927199990	 -0.077 	  -50.79 	 
1.929399990	 -0.073 	  -47.40 	 
1.931599990	 -0.068 	  -44.42 	 
1.933799990	 -0.064 	  -41.92 	 
1.935999990	 -0.061 	  -39.91 	 
1.938199989	 -0.059 	  -38.58 	 
1.940399989	 -0.057 	  -37.83 	 
1.942599989	 -0.056 	  -37.76 	 
1.944799989	 -0.055 	  -38.27 	 
1.946999989	 -0.057 	  -39.37 	 
1.949199989	 -0.057 	  -41.12 	 
1.951399989	 -0.060 	  -43.49 	 
1.953599989	 -0.061 	  -46.36 	 
1.955799989	 -0.064 	  -49.69 	 
1.957999989	 -0.068 	  -53.35 	 
1.960199989	 -0.072 	  -57.15 	 
1.962399989	 -0.076 	  -61.17 	 
1.964599989	 -0.081 	  -65.12 	 
1.966799989	 -0.085 	  -69.00 	 
1.968999989	 -0.090 	  -72.57 	 
1.971199989	 -0.094 	  -75.89 	 
1.973399989	 -0.097 	  -78.94 	 
1.975599989	 -0.100 	  -81.29 	 
1.977799989	 -0.103 	  -83.32 	 
1.979999989	 -0.105 	  -84.59 	 
1.982199989	 -0.106 	  -85.35 	 
1.984399989	 -0.107 	  -85.44 	 
1.986599989	 -0.107 	  -84.93 	 
1.988799989	 -0.107 	  -83.89 	 
1.990999989	 -0.106 	  -82.10 	 
1.993199989	 -0.104 	  -79.72 	 
1.995399989	 -0.102 	  -76.82 	 
1.997599989	 -0.100 	  -73.47 	 
1.999799989	 -0.097 	  -69.77 	 
2.001999989	 -0.093 	  -65.91 	 
2.004199989	 -0.090 	  -61.90 	 
2.006399989	 -0.085 	  -57.90 	 
2.008599989	 -0.081 	  -53.96 	 
2.010799989	 -0.076 	  -50.32 	 
2.012999989	 -0.072 	  -47.00 	 
2.015199989	 -0.068 	  -44.02 	 
2.017399989	 -0.064 	  -41.61 	 
2.019599989	 -0.061 	  -39.67 	 
2.021799989	 -0.058 	  -38.39 	 
2.023999989	 -0.057 	  -37.76 	 
2.026199989	 -0.055 	  -37.76 	 
2.028399989	 -0.055 	  -38.30 	 
2.030599989	 -0.056 	  -39.48 	 
2.032799989	 -0.058 	  -41.40 	 
2.034999989	 -0.059 	  -43.74 	 
2.037199989	 -0.061 	  -46.72 	 
2.039399989	 -0.064 	  -50.13 	 
2.041599989	 -0.069 	  -53.75 	 
2.043799989	 -0.072 	  -57.69 	 
2.045999989	 -0.077 	  -61.66 	 
2.048199989	 -0.082 	  -65.62 	 
2.050399989	 -0.086 	  -69.41 	 
2.052599989	 -0.090 	  -73.02 	 
2.054799989	 -0.094 	  -76.26 	 
2.056999989	 -0.097 	  -79.15 	 
2.059199989	 -0.101 	  -81.62 	 
2.061399989	 -0.104 	  -83.47 	 
2.063599989	 -0.105 	  -84.71 	 
2.065799989	 -0.107 	  -85.40 	 
2.067999989	 -0.107 	  -85.39 	 
2.070199989	 -0.107 	  -84.85 	 
2.072399989	 -0.107 	  -83.69 	 
2.074599989	 -0.106 	  -81.82 	 
2.076799989	 -0.104 	  -79.43 	 
2.078999989	 -0.102 	  -76.45 	 
2.081199989	 -0.099 	  -73.09 	 
2.083399989	 -0.097 	  -69.35 	 
2.085599989	 -0.093 	  -65.45 	 
2.087799989	 -0.088 	  -61.37 	 
2.089999989	 -0.085 	  -57.39 	 
2.092199989	 -0.080 	  -53.57 	 
2.094399989	 -0.076 	  -49.86 	 
2.096599989	 -0.071 	  -46.58 	 
2.098799989	 -0.067 	  -43.73 	 
2.100999989	 -0.064 	  -41.33 	 
2.103199989	 -0.061 	  -39.52 	 
2.105399989	 -0.058 	  -38.33 	 
2.107599989	 -0.057 	  -37.72 	 
2.109799989	 -0.056 	  -37.77 	 
2.111999989	 -0.056 	  -38.42 	 
2.114199989	 -0.056 	  -39.72 	 
2.116399989	 -0.057 	  -41.60 	 
2.118599989	 -0.059 	  -44.08 	 
2.120799989	 -0.063 	  -47.12 	 
2.122999988	 -0.065 	  -50.46 	 
2.125199988	 -0.069 	  -54.27 	 
2.127399988	 -0.072 	  -58.11 	 
2.129599988	 -0.077 	  -62.12 	 
2.131799988	 -0.082 	  -66.04 	 
2.133999988	 -0.087 	  -69.85 	 
2.136199988	 -0.091 	  -73.40 	 
2.138399988	 -0.094 	  -76.65 	 
2.140599988	 -0.098 	  -79.53 	 
2.142799988	 -0.100 	  -81.80 	 
2.144999988	 -0.103 	  -83.68 	 
2.147199988	 -0.106 	  -84.84 	 
2.149399988	 -0.107 	  -85.39 	 
2.151599988	 -0.108 	  -85.38 	 
2.153799988	 -0.107 	  -84.72 	 
2.155999988	 -0.107 	  -83.41 	 
2.158199988	 -0.105 	  -81.53 	 
2.160399988	 -0.104 	  -79.04 	 
2.162599988	 -0.102 	  -76.08 	 
2.164799988	 -0.098 	  -72.61 	 
2.166999988	 -0.096 	  -68.85 	 
2.169199988	 -0.093 	  -64.91 	 
2.171399988	 -0.089 	  -60.93 	 
2.173599988	 -0.085 	  -56.92 	 
2.175799988	 -0.080 	  -53.02 	 
2.177999988	 -0.075 	  -49.45 	 
2.180199988	 -0.071 	  -46.23 	 
2.182399988	 -0.067 	  -43.35 	 
2.184599988	 -0.064 	  -41.05 	 
2.186799988	 -0.061 	  -39.30 	 
2.188999988	 -0.058 	  -38.17 	 
2.191199988	 -0.057 	  -37.70 	 
2.193399988	 -0.055 	  -37.83 	 
2.195599988	 -0.055 	  -38.50 	 
2.197799988	 -0.056 	  -39.88 	 
2.199999988	 -0.058 	  -41.86 	 
2.202199988	 -0.060 	  -44.41 	 
2.204399988	 -0.063 	  -47.52 	 
2.206599988	 -0.066 	  -50.96 	 
2.208799988	 -0.069 	  -54.64 	 
2.210999988	 -0.074 	  -58.61 	 
2.213199988	 -0.078 	  -62.59 	 
2.215399988	 -0.083 	  -66.49 	 
2.217599988	 -0.086 	  -70.28 	 
2.219799988	 -0.091 	  -73.79 	 
2.221999988	 -0.094 	  -77.04 	 
2.224199988	 -0.098 	  -79.79 	 
2.226399988	 -0.102 	  -82.10 	 
2.228599988	 -0.105 	  -83.78 	 
2.230799988	 -0.106 	  -84.89 	 
2.232999988	 -0.107 	  -85.44 	 
2.235199988	 -0.107 	  -85.27 	 
2.237399988	 -0.108 	  -84.59 	 
2.239599988	 -0.106 	  -83.22 	 
2.241799988	 -0.105 	  -81.19 	 
2.243999988	 -0.104 	  -78.75 	 
2.246199988	 -0.101 	  -75.64 	 
2.248399988	 -0.099 	  -72.12 	 
2.250599988	 -0.096 	  -68.39 	 
