0.000000000	  0.161 	  -69.41 	 
0.002200000	  0.164 	  -65.52 	 
0.004400000	  0.167 	  -61.51 	 
0.006600000	  0.171 	  -57.46 	 
0.008800000	  0.174 	  -53.60 	 
0.011000000	  0.177 	  -50.02 	 
0.013200000	  0.180 	  -46.70 	 
0.015400000	  0.183 	  -43.79 	 
0.017600000	  0.185 	  -41.42 	 
0.019800000	  0.188 	  -39.59 	 
0.022000000	  0.190 	  -38.37 	 
0.024200000	  0.191 	  -37.80 	 
0.026400000	  0.191 	  -37.77 	 
0.028600000	  0.191 	  -38.38 	 
0.030800000	  0.190 	  -39.70 	 
0.033000000	  0.190 	  -41.53 	 
0.035200000	  0.188 	  -43.98 	 
0.037400000	  0.184 	  -47.01 	 
0.039600000	  0.183 	  -50.34 	 
0.041800000	  0.179 	  -54.12 	 
0.044000000	  0.176 	  -58.02 	 
0.046200000	  0.172 	  -61.97 	 
0.048400000	  0.169 	  -65.93 	 
0.050600000	  0.166 	  -69.72 	 
0.052800000	  0.163 	  -73.34 	 
0.055000000	  0.160 	  -76.56 	 
0.057200000	  0.158 	  -79.45 	 
0.059400000	  0.156 	  -81.79 	 
0.061600000	  0.154 	  -83.54 	 
0.063800000	  0.152 	  -84.79 	 
0.066000000	  0.152 	  -85.33 	 
0.068200000	  0.152 	  -85.37 	 
0.070400000	  0.151 	  -84.78 	 
0.072600000	  0.152 	  -83.48 	 
0.074800000	  0.153 	  -81.62 	 
0.077000000	  0.155 	  -79.14 	 
0.079200000	  0.157 	  -76.15 	 
0.081400000	  0.158 	  -72.70 	 
0.083600000	  0.161 	  -68.97 	 
0.085800000	  0.165 	  -64.99 	 
0.088000000	  0.168 	  -61.05 	 
0.090200000	  0.171 	  -57.06 	 
0.092399999	  0.174 	  -53.21 	 
0.094599999	  0.178 	  -49.59 	 
0.096799999	  0.181 	  -46.36 	 
0.098999999	  0.184 	  -43.54 	 
0.101199999	  0.186 	  -41.18 	 
0.103399999	  0.188 	  -39.41 	 
0.105599999	  0.190 	  -38.23 	 
0.107799999	  0.191 	  -37.73 	 
0.109999999	  0.191 	  -37.90 	 
0.112199999	  0.191 	  -38.56 	 
0.114399999	  0.190 	  -39.87 	 
0.116599999	  0.189 	  -41.87 	 
0.118799999	  0.187 	  -44.37 	 
0.120999999	  0.184 	  -47.40 	 
0.123199999	  0.182 	  -50.89 	 
0.125399999	  0.179 	  -54.59 	 
0.127599999	  0.175 	  -58.49 	 
0.129799999	  0.172 	  -62.47 	 
0.131999999	  0.169 	  -66.40 	 
0.134199999	  0.165 	  -70.26 	 
0.136399999	  0.162 	  -73.80 	 
0.138599999	  0.160 	  -77.00 	 
0.140799999	  0.157 	  -79.78 	 
0.142999999	  0.155 	  -82.04 	 
0.145199999	  0.154 	  -83.79 	 
0.147399999	  0.152 	  -84.86 	 
0.149599999	  0.152 	  -85.47 	 
0.151799999	  0.151 	  -85.37 	 
0.153999999	  0.152 	  -84.69 	 
0.156199999	  0.152 	  -83.36 	 
0.158399999	  0.153 	  -81.29 	 
0.160599999	  0.155 	  -78.73 	 
0.162799999	  0.157 	  -75.72 	 
0.164999999	  0.159 	  -72.29 	 
0.167199999	  0.161 	  -68.56 	 
0.169399999	  0.164 	  -64.60 	 
0.171599999	  0.168 	  -60.59 	 
0.173799999	  0.171 	  -56.60 	 
0.175999999	  0.174 	  -52.80 	 
0.178199999	  0.178 	  -49.20 	 
0.180399999	  0.181 	  -45.96 	 
0.182599999	  0.184 	  -43.18 	 
0.184799999	  0.187 	  -40.95 	 
0.186999999	  0.188 	  -39.27 	 
0.189199999	  0.190 	  -38.18 	 
0.191399999	  0.191 	  -37.72 	 
0.193599999	  0.192 	  -37.92 	 
0.195799999	  0.191 	  -38.73 	 
0.197999999	  0.190 	  -40.09 	 
0.200199999	  0.188 	  -42.09 	 
0.202399999	  0.186 	  -44.78 	 
0.204599999	  0.184 	  -47.85 	 
0.206799999	  0.181 	  -51.28 	 
0.208999999	  0.178 	  -55.02 	 
0.211199999	  0.175 	  -58.92 	 
0.213399999	  0.172 	  -62.94 	 
0.215599999	  0.168 	  -66.88 	 
0.217799999	  0.165 	  -70.71 	 
0.219999999	  0.162 	  -74.19 	 
0.222199999	  0.159 	  -77.38 	 
0.224399999	  0.158 	  -80.10 	 
0.226599999	  0.154 	  -82.25 	 
0.228799999	  0.153 	  -83.95 	 
0.230999999	  0.152 	  -84.95 	 
0.233199999	  0.152 	  -85.48 	 
0.235399999	  0.152 	  -85.33 	 
0.237599999	  0.151 	  -84.58 	 
0.239799999	  0.152 	  -83.16 	 
0.241999999	  0.153 	  -81.09 	 
0.244199999	  0.155 	  -78.53 	 
0.246399999	  0.157 	  -75.37 	 
0.248599999	  0.159 	  -71.85 	 
0.250799999	  0.162 	  -68.09 	 
0.252999999	  0.165 	  -64.11 	 
0.255199999	  0.168 	  -60.12 	 
0.257399999	  0.171 	  -56.15 	 
0.259599999	  0.175 	  -52.37 	 
0.261799999	  0.178 	  -48.86 	 
0.263999999	  0.181 	  -45.66 	 
0.266199999	  0.184 	  -42.88 	 
0.268399999	  0.187 	  -40.73 	 
0.270599999	  0.188 	  -39.10 	 
0.272799999	  0.189 	  -38.11 	 
0.274999999	  0.191 	  -37.74 	 
0.277199998	  0.190 	  -37.97 	 
0.279399998	  0.190 	  -38.82 	 
0.281599998	  0.190 	  -40.28 	 
0.283799998	  0.188 	  -42.39 	 
0.285999998	  0.186 	  -45.08 	 
0.288199998	  0.184 	  -48.22 	 
0.290399998	  0.181 	  -51.71 	 
0.292599998	  0.178 	  -55.52 	 
0.294799998	  0.174 	  -59.46 	 
0.296999998	  0.171 	  -63.52 	 
0.299199998	  0.167 	  -67.38 	 
0.301399998	  0.165 	  -71.13 	 
0.303599998	  0.162 	  -74.63 	 
0.305799998	  0.159 	  -77.65 	 
0.307999998	  0.156 	  -80.40 	 
0.310199998	  0.154 	  -82.52 	 
0.312399998	  0.154 	  -84.14 	 
0.314599998	  0.152 	  -85.14 	 
0.316799998	  0.151 	  -85.45 	 
0.318999998	  0.151 	  -85.22 	 
0.321199998	  0.152 	  -84.38 	 
0.323399998	  0.153 	  -82.98 	 
0.325599998	  0.154 	  -80.84 	 
0.327799998	  0.155 	  -78.11 	 
0.329999998	  0.157 	  -74.98 	 
0.332199998	  0.160 	  -71.41 	 
0.334399998	  0.162 	  -67.58 	 
0.336599998	  0.165 	  -63.67 	 
0.338799998	  0.168 	  -59.62 	 
0.340999998	  0.171 	  -55.66 	 
0.343199998	  0.175 	  -51.88 	 
0.345399998	  0.179 	  -48.36 	 
0.347599998	  0.182 	  -45.29 	 
0.349799998	  0.184 	  -42.61 	 
0.351999998	  0.187 	  -40.47 	 
0.354199998	  0.188 	  -38.91 	 
0.356399998	  0.190 	  -38.01 	 
0.358599998	  0.191 	  -37.75 	 
0.360799998	  0.191 	  -38.03 	 
0.362999998	  0.190 	  -38.94 	 
0.365199998	  0.190 	  -40.47 	 
0.367399998	  0.188 	  -42.68 	 
0.369599998	  0.186 	  -45.38 	 
0.371799998	  0.184 	  -48.64 	 
0.373999998	  0.181 	  -52.19 	 
0.376199998	  0.177 	  -56.03 	 
0.378399998	  0.174 	  -59.94 	 
0.380599998	  0.170 	  -63.87 	 
0.382799998	  0.167 	  -67.84 	 
0.384999998	  0.165 	  -71.47 	 
0.387199998	  0.162 	  -74.99 	 
0.389399998	  0.159 	  -78.03 	 
0.391599998	  0.157 	  -80.67 	 
0.393799998	  0.154 	  -82.76 	 
0.395999998	  0.153 	  -84.25 	 
0.398199998	  0.152 	  -85.19 	 
0.400399998	  0.152 	  -85.44 	 
0.402599998	  0.151 	  -85.18 	 
0.404799998	  0.152 	  -84.24 	 
0.406999998	  0.152 	  -82.64 	 
0.409199998	  0.154 	  -80.49 	 
0.411399998	  0.155 	  -77.76 	 
0.413599998	  0.157 	  -74.51 	 
0.415799998	  0.160 	  -70.98 	 
0.417999998	  0.162 	  -67.08 	 
0.420199998	  0.166 	  -63.10 	 
0.422399998	  0.169 	  -59.08 	 
0.424599998	  0.172 	  -55.13 	 
0.426799998	  0.176 	  -51.39 	 
0.428999998	  0.179 	  -47.89 	 
0.431199998	  0.182 	  -44.85 	 
0.433399998	  0.185 	  -42.31 	 
0.435599998	  0.187 	  -40.26 	 
0.437799998	  0.189 	  -38.77 	 
0.439999998	  0.190 	  -37.89 	 
0.442199998	  0.191 	  -37.70 	 
0.444399998	  0.191 	  -38.08 	 
0.446599998	  0.191 	  -39.07 	 
0.448799998	  0.189 	  -40.70 	 
0.450999998	  0.188 	  -42.99 	 
0.453199998	  0.186 	  -45.75 	 
0.455399998	  0.183 	  -48.98 	 
0.457599998	  0.180 	  -52.58 	 
0.459799998	  0.177 	  -56.43 	 
0.461999997	  0.174 	  -60.45 	 
0.464199997	  0.171 	  -64.40 	 
0.466399997	  0.167 	  -68.24 	 
0.468599997	  0.164 	  -71.96 	 
0.470799997	  0.160 	  -75.33 	 
0.472999997	  0.158 	  -78.41 	 
0.475199997	  0.156 	  -80.92 	 
0.477399997	  0.154 	  -82.98 	 
0.479599997	  0.152 	  -84.43 	 
0.481799997	  0.151 	  -85.23 	 
0.483999997	  0.151 	  -85.46 	 
0.486199997	  0.152 	  -85.06 	 
0.488399997	  0.152 	  -84.15 	 
0.490599997	  0.153 	  -82.51 	 
0.492799997	  0.154 	  -80.20 	 
0.494999997	  0.156 	  -77.40 	 
0.497199997	  0.157 	  -74.08 	 
0.499399997	  0.160 	  -70.48 	 
0.501599997	  0.163 	  -66.61 	 
0.503799997	  0.166 	  -62.62 	 
0.505999997	  0.169 	  -58.61 	 
0.508199997	  0.173 	  -54.75 	 
0.510399997	  0.176 	  -51.01 	 
0.512599997	  0.180 	  -47.54 	 
0.514799997	  0.183 	  -44.54 	 
0.516999997	  0.185 	  -42.00 	 
0.519199997	  0.187 	  -40.05 	 
0.521399997	  0.190 	  -38.62 	 
0.523599997	  0.190 	  -37.84 	 
0.525799997	  0.191 	  -37.66 	 
0.527999997	  0.191 	  -38.16 	 
0.530199997	  0.190 	  -39.26 	 
0.532399997	  0.189 	  -40.95 	 
0.534599997	  0.188 	  -43.34 	 
0.536799997	  0.185 	  -46.16 	 
0.538999997	  0.183 	  -49.41 	 
0.541199997	  0.180 	  -53.09 	 
0.543399997	  0.177 	  -56.95 	 
0.545599997	  0.173 	  -60.90 	 
0.547799997	  0.171 	  -64.88 	 
0.549999997	  0.167 	  -68.70 	 
0.552199997	  0.164 	  -72.43 	 
0.554399997	  0.160 	  -75.75 	 
0.556599997	  0.158 	  -78.73 	 
0.558799997	  0.156 	  -81.23 	 
0.560999997	  0.155 	  -83.19 	 
0.563199997	  0.153 	  -84.56 	 
0.565399997	  0.152 	  -85.25 	 
0.567599997	  0.151 	  -85.46 	 
0.569799997	  0.151 	  -85.00 	 
0.571999997	  0.152 	  -84.01 	 
0.574199997	  0.152 	  -82.29 	 
0.576399997	  0.154 	  -79.88 	 
0.578599997	  0.156 	  -77.00 	 
0.580799997	  0.158 	  -73.69 	 
0.582999997	  0.160 	  -70.09 	 
0.585199997	  0.163 	  -66.21 	 
0.587399997	  0.167 	  -62.18 	 
0.589599997	  0.169 	  -58.15 	 
0.591799997	  0.173 	  -54.25 	 
0.593999997	  0.177 	  -50.59 	 
0.596199997	  0.180 	  -47.17 	 
0.598399997	  0.183 	  -44.18 	 
0.600599997	  0.185 	  -41.71 	 
0.602799997	  0.188 	  -39.84 	 
0.604999997	  0.189 	  -38.49 	 
0.607199997	  0.190 	  -37.81 	 
0.609399997	  0.191 	  -37.70 	 
0.611599997	  0.191 	  -38.22 	 
0.613799997	  0.190 	  -39.44 	 
0.615999997	  0.189 	  -41.19 	 
0.618199997	  0.187 	  -43.52 	 
0.620399997	  0.186 	  -46.50 	 
0.622599997	  0.182 	  -49.85 	 
0.624799997	  0.180 	  -53.48 	 
0.626999997	  0.176 	  -57.37 	 
0.629199997	  0.173 	  -61.32 	 
0.631399997	  0.170 	  -65.33 	 
0.633599997	  0.166 	  -69.14 	 
0.635799997	  0.163 	  -72.83 	 
0.637999997	  0.160 	  -76.11 	 
0.640199997	  0.158 	  -79.08 	 
0.642399997	  0.155 	  -81.53 	 
0.644599997	  0.154 	  -83.37 	 
0.646799996	  0.153 	  -84.69 	 
0.648999996	  0.152 	  -85.34 	 
0.651199996	  0.151 	  -85.43 	 
0.653399996	  0.151 	  -84.92 	 
0.655599996	  0.152 	  -83.85 	 
0.657799996	  0.153 	  -82.02 	 
0.659999996	  0.155 	  -79.60 	 
0.662199996	  0.156 	  -76.71 	 
0.664399996	  0.159 	  -73.27 	 
0.666599996	  0.161 	  -69.57 	 
0.668799996	  0.164 	  -65.69 	 
0.670999996	  0.167 	  -61.65 	 
0.673199996	  0.171 	  -57.66 	 
0.675399996	  0.173 	  -53.77 	 
0.677599996	  0.177 	  -50.15 	 
0.679799996	  0.180 	  -46.78 	 
0.681999996	  0.183 	  -43.88 	 
0.684199996	  0.186 	  -41.41 	 
0.686399996	  0.188 	  -39.62 	 
0.688599996	  0.190 	  -38.36 	 
0.690799996	  0.191 	  -37.73 	 
0.692999996	  0.191 	  -37.71 	 
0.695199996	  0.191 	  -38.37 	 
0.697399996	  0.190 	  -39.57 	 
0.699599996	  0.189 	  -41.42 	 
0.701799996	  0.187 	  -43.97 	 
0.703999996	  0.185 	  -46.86 	 
0.706199996	  0.182 	  -50.25 	 
0.708399996	  0.179 	  -53.94 	 
0.710599996	  0.176 	  -57.82 	 
0.712799996	  0.173 	  -61.85 	 
0.714999996	  0.169 	  -65.79 	 
0.717199996	  0.166 	  -69.68 	 
0.719399996	  0.163 	  -73.25 	 
0.721599996	  0.160 	  -76.53 	 
0.723799996	  0.157 	  -79.33 	 
0.725999996	  0.155 	  -81.69 	 
0.728199996	  0.154 	  -83.53 	 
0.730399996	  0.152 	  -84.72 	 
0.732599996	  0.152 	  -85.40 	 
0.734799996	  0.152 	  -85.43 	 
0.736999996	  0.151 	  -84.86 	 
0.739199996	  0.152 	  -83.57 	 
0.741399996	  0.153 	  -81.67 	 
0.743599996	  0.155 	  -79.19 	 
0.745799996	  0.156 	  -76.21 	 
0.747999996	  0.158 	  -72.90 	 
0.750199996	  0.161 	  -69.17 	 
0.752399996	  0.164 	  -65.20 	 
0.754599996	  0.167 	  -61.19 	 
0.756799996	  0.171 	  -57.19 	 
0.758999996	  0.174 	  -53.33 	 
0.761199996	  0.177 	  -49.69 	 
0.763399996	  0.180 	  -46.38 	 
0.765599996	  0.183 	  -43.60 	 
0.767799996	  0.186 	  -41.25 	 
0.769999996	  0.188 	  -39.48 	 
0.772199996	  0.190 	  -38.27 	 
0.774399996	  0.190 	  -37.75 	 
0.776599996	  0.191 	  -37.88 	 
0.778799996	  0.190 	  -38.51 	 
0.780999996	  0.189 	  -39.81 	 
0.783199996	  0.189 	  -41.78 	 
0.785399996	  0.187 	  -44.28 	 
0.787599996	  0.184 	  -47.26 	 
0.789799996	  0.182 	  -50.74 	 
0.791999996	  0.179 	  -54.44 	 
0.794199996	  0.175 	  -58.39 	 
0.796399996	  0.173 	  -62.34 	 
0.798599996	  0.169 	  -66.26 	 
0.800799996	  0.166 	  -70.16 	 
0.802999996	  0.163 	  -73.64 	 
0.805199996	  0.160 	  -76.89 	 
0.807399996	  0.158 	  -79.70 	 
0.809599996	  0.155 	  -81.99 	 
0.811799996	  0.154 	  -83.75 	 
0.813999996	  0.152 	  -84.87 	 
0.816199996	  0.151 	  -85.45 	 
0.818399996	  0.151 	  -85.35 	 
0.820599996	  0.151 	  -84.73 	 
0.822799996	  0.152 	  -83.42 	 
0.824999996	  0.153 	  -81.44 	 
0.827199996	  0.154 	  -78.91 	 
0.829399996	  0.156 	  -75.81 	 
0.831599995	  0.159 	  -72.42 	 
0.833799995	  0.162 	  -68.68 	 
0.835999995	  0.165 	  -64.73 	 
0.838199995	  0.168 	  -60.74 	 
0.840399995	  0.171 	  -56.78 	 
0.842599995	  0.174 	  -52.93 	 
0.844799995	  0.177 	  -49.28 	 
0.846999995	  0.181 	  -46.07 	 
0.849199995	  0.184 	  -43.29 	 
0.851399995	  0.186 	  -41.02 	 
0.853599995	  0.189 	  -39.34 	 
0.855799995	  0.189 	  -38.18 	 
0.857999995	  0.190 	  -37.72 	 
0.860199995	  0.191 	  -37.93 	 
0.862399995	  0.191 	  -38.62 	 
0.864599995	  0.190 	  -40.01 	 
0.866799995	  0.188 	  -42.10 	 
0.868999995	  0.187 	  -44.65 	 
0.871199995	  0.183 	  -47.73 	 
0.873399995	  0.181 	  -51.20 	 
0.875599995	  0.179 	  -54.89 	 
0.877799995	  0.175 	  -58.88 	 
0.879999995	  0.172 	  -62.82 	 
0.882199995	  0.168 	  -66.85 	 
0.884399995	  0.166 	  -70.57 	 
0.886599995	  0.161 	  -74.09 	 
0.888799995	  0.159 	  -77.28 	 
0.890999995	  0.157 	  -79.94 	 
0.893199995	  0.155 	  -82.29 	 
0.895399995	  0.153 	  -83.90 	 
0.897599995	  0.152 	  -85.05 	 
0.899799995	  0.151 	  -85.51 	 
0.901999995	  0.152 	  -85.32 	 
0.904199995	  0.151 	  -84.56 	 
0.906399995	  0.152 	  -83.15 	 
0.908599995	  0.153 	  -81.23 	 
0.910799995	  0.155 	  -78.60 	 
0.912999995	  0.157 	  -75.48 	 
0.915199995	  0.159 	  -72.00 	 
0.917399995	  0.162 	  -68.19 	 
0.919599995	  0.164 	  -64.21 	 
0.921799995	  0.168 	  -60.19 	 
0.923999995	  0.171 	  -56.23 	 
0.926199995	  0.175 	  -52.44 	 
0.928399995	  0.178 	  -48.84 	 
0.930599995	  0.181 	  -45.67 	 
0.932799995	  0.184 	  -43.01 	 
0.934999995	  0.187 	  -40.76 	 
0.937199995	  0.189 	  -39.13 	 
0.939399995	  0.189 	  -38.07 	 
0.941599995	  0.191 	  -37.70 	 
0.943799995	  0.191 	  -37.95 	 
0.945999995	  0.190 	  -38.76 	 
0.948199995	  0.190 	  -40.17 	 
0.950399995	  0.188 	  -42.31 	 
0.952599995	  0.186 	  -44.96 	 
0.954799995	  0.183 	  -48.06 	 
0.956999995	  0.181 	  -51.62 	 
0.959199995	  0.178 	  -55.39 	 
0.961399995	  0.175 	  -59.41 	 
0.963599995	  0.172 	  -63.32 	 
0.965799995	  0.168 	  -67.24 	 
0.967999995	  0.165 	  -71.02 	 
0.970199995	  0.162 	  -74.43 	 
0.972399995	  0.159 	  -77.66 	 
0.974599995	  0.156 	  -80.31 	 
0.976799995	  0.154 	  -82.48 	 
0.978999995	  0.153 	  -84.08 	 
0.981199995	  0.152 	  -85.08 	 
0.983399995	  0.151 	  -85.49 	 
0.985599995	  0.151 	  -85.26 	 
0.987799995	  0.151 	  -84.51 	 
0.989999995	  0.153 	  -83.03 	 
0.992199995	  0.153 	  -80.91 	 
0.994399995	  0.155 	  -78.28 	 
0.996599995	  0.156 	  -75.09 	 
0.998799995	  0.160 	  -71.56 	 
1.000999995	  0.162 	  -67.80 	 
1.003199995	  0.165 	  -63.74 	 
1.005399995	  0.169 	  -59.75 	 
1.007599995	  0.172 	  -55.74 	 
1.009799995	  0.176 	  -51.99 	 
1.011999995	  0.178 	  -48.48 	 
1.014199995	  0.181 	  -45.32 	 
1.016399994	  0.184 	  -42.64 	 
1.018599994	  0.187 	  -40.47 	 
1.020799994	  0.188 	  -38.95 	 
1.022999994	  0.190 	  -37.97 	 
1.025199994	  0.191 	  -37.67 	 
1.027399994	  0.191 	  -37.97 	 
1.029599994	  0.191 	  -38.91 	 
1.031799994	  0.190 	  -40.45 	 
1.033999994	  0.189 	  -42.58 	 
1.036199994	  0.186 	  -45.34 	 
1.038399994	  0.183 	  -48.51 	 
1.040599994	  0.181 	  -52.09 	 
1.042799994	  0.178 	  -55.85 	 
1.044999994	  0.174 	  -59.81 	 
1.047199994	  0.171 	  -63.78 	 
1.049399994	  0.168 	  -67.60 	 
1.051599994	  0.164 	  -71.41 	 
1.053799994	  0.161 	  -74.85 	 
1.055999994	  0.159 	  -77.95 	 
1.058199994	  0.156 	  -80.60 	 
1.060399994	  0.154 	  -82.67 	 
1.062599994	  0.153 	  -84.23 	 
1.064799994	  0.152 	  -85.11 	 
1.066999994	  0.152 	  -85.50 	 
1.069199994	  0.152 	  -85.17 	 
1.071399994	  0.152 	  -84.32 	 
1.073599994	  0.153 	  -82.78 	 
1.075799994	  0.154 	  -80.54 	 
1.077999994	  0.155 	  -77.89 	 
1.080199994	  0.158 	  -74.67 	 
1.082399994	  0.160 	  -71.06 	 
1.084599994	  0.162 	  -67.26 	 
1.086799994	  0.165 	  -63.23 	 
1.088999994	  0.169 	  -59.23 	 
1.091199994	  0.172 	  -55.27 	 
1.093399994	  0.175 	  -51.59 	 
1.095599994	  0.180 	  -48.09 	 
1.097799994	  0.182 	  -44.96 	 
1.099999994	  0.184 	  -42.37 	 
1.102199994	  0.187 	  -40.28 	 
1.104399994	  0.189 	  -38.83 	 
1.106599994	  0.190 	  -37.96 	 
1.108799994	  0.191 	  -37.71 	 
1.110999994	  0.190 	  -38.09 	 
1.113199994	  0.190 	  -39.11 	 
1.115399994	  0.189 	  -40.69 	 
1.117599994	  0.187 	  -42.94 	 
1.119799994	  0.186 	  -45.72 	 
1.121999994	  0.183 	  -48.88 	 
1.124199994	  0.180 	  -52.54 	 
1.126399994	  0.177 	  -56.36 	 
1.128599994	  0.174 	  -60.35 	 
1.130799994	  0.171 	  -64.27 	 
1.132999994	  0.167 	  -68.15 	 
1.135199994	  0.164 	  -71.87 	 
1.137399994	  0.161 	  -75.24 	 
1.139599994	  0.158 	  -78.33 	 
1.141799994	  0.157 	  -80.85 	 
1.143999994	  0.155 	  -82.92 	 
1.146199994	  0.153 	  -84.41 	 
1.148399994	  0.152 	  -85.24 	 
1.150599994	  0.152 	  -85.44 	 
1.152799994	  0.152 	  -85.05 	 
1.154999994	  0.152 	  -84.14 	 
1.157199994	  0.153 	  -82.53 	 
1.159399994	  0.153 	  -80.31 	 
1.161599994	  0.155 	  -77.48 	 
1.163799994	  0.158 	  -74.18 	 
1.165999994	  0.159 	  -70.60 	 
1.168199994	  0.162 	  -66.77 	 
1.170399994	  0.166 	  -62.75 	 
1.172599994	  0.169 	  -58.75 	 
1.174799994	  0.173 	  -54.83 	 
1.176999994	  0.176 	  -51.14 	 
1.179199994	  0.179 	  -47.68 	 
1.181399994	  0.182 	  -44.64 	 
1.183599994	  0.185 	  -42.07 	 
1.185799994	  0.187 	  -40.09 	 
1.187999994	  0.189 	  -38.72 	 
1.190199994	  0.190 	  -37.90 	 
1.192399994	  0.190 	  -37.75 	 
1.194599994	  0.190 	  -38.19 	 
1.196799994	  0.190 	  -39.24 	 
1.198999994	  0.189 	  -40.94 	 
1.201199993	  0.188 	  -43.23 	 
1.203399993	  0.185 	  -46.04 	 
1.205599993	  0.183 	  -49.32 	 
1.207799993	  0.180 	  -53.00 	 
1.209999993	  0.177 	  -56.82 	 
1.212199993	  0.173 	  -60.80 	 
1.214399993	  0.170 	  -64.77 	 
1.216599993	  0.167 	  -68.58 	 
1.218799993	  0.163 	  -72.31 	 
1.220999993	  0.161 	  -75.64 	 
1.223199993	  0.158 	  -78.62 	 
1.225399993	  0.155 	  -81.15 	 
1.227599993	  0.154 	  -83.10 	 
1.229799993	  0.152 	  -84.51 	 
1.231999993	  0.152 	  -85.30 	 
1.234199993	  0.152 	  -85.48 	 
1.236399993	  0.151 	  -85.02 	 
1.238599993	  0.152 	  -84.05 	 
1.240799993	  0.153 	  -82.33 	 
1.242999993	  0.154 	  -79.98 	 
1.245199993	  0.156 	  -77.12 	 
1.247399993	  0.158 	  -73.79 	 
1.249599993	  0.160 	  -70.18 	 
1.251799993	  0.163 	  -66.33 	 
1.253999993	  0.166 	  -62.32 	 
1.256199993	  0.169 	  -58.30 	 
1.258399993	  0.172 	  -54.43 	 
1.260599993	  0.177 	  -50.74 	 
1.262799993	  0.180 	  -47.30 	 
1.264999993	  0.183 	  -44.34 	 
1.267199993	  0.185 	  -41.83 	 
1.269399993	  0.187 	  -39.91 	 
1.271599993	  0.188 	  -38.56 	 
1.273799993	  0.190 	  -37.82 	 
1.275999993	  0.191 	  -37.73 	 
1.278199993	  0.191 	  -38.24 	 
1.280399993	  0.190 	  -39.41 	 
1.282599993	  0.189 	  -41.13 	 
1.284799993	  0.187 	  -43.53 	 
1.286999993	  0.185 	  -46.43 	 
1.289199993	  0.182 	  -49.71 	 
1.291399993	  0.180 	  -53.46 	 
1.293599993	  0.176 	  -57.30 	 
1.295799993	  0.173 	  -61.28 	 
1.297999993	  0.169 	  -65.22 	 
1.300199993	  0.167 	  -69.06 	 
1.302399993	  0.164 	  -72.69 	 
1.304599993	  0.160 	  -75.99 	 
1.306799993	  0.158 	  -78.98 	 
1.308999993	  0.156 	  -81.41 	 
1.311199993	  0.154 	  -83.39 	 
1.313399993	  0.152 	  -84.70 	 
1.315599993	  0.152 	  -85.37 	 
1.317799993	  0.151 	  -85.43 	 
1.319999993	  0.151 	  -84.87 	 
1.322199993	  0.152 	  -83.73 	 
1.324399993	  0.153 	  -81.96 	 
1.326599993	  0.154 	  -79.69 	 
1.328799993	  0.156 	  -76.76 	 
1.330999993	  0.158 	  -73.42 	 
1.333199993	  0.161 	  -69.72 	 
1.335399993	  0.164 	  -65.76 	 
1.337599993	  0.167 	  -61.77 	 
1.339799993	  0.170 	  -57.78 	 
1.341999993	  0.173 	  -53.89 	 
1.344199993	  0.177 	  -50.26 	 
1.346399993	  0.180 	  -46.86 	 
1.348599993	  0.183 	  -43.96 	 
1.350799993	  0.185 	  -41.58 	 
1.352999993	  0.188 	  -39.74 	 
1.355199993	  0.189 	  -38.44 	 
1.357399993	  0.191 	  -37.77 	 
1.359599993	  0.190 	  -37.80 	 
1.361799993	  0.190 	  -38.38 	 
1.363999993	  0.190 	  -39.59 	 
1.366199993	  0.189 	  -41.41 	 
1.368399993	  0.187 	  -43.89 	 
1.370599993	  0.184 	  -46.83 	 
1.372799993	  0.181 	  -50.17 	 
1.374999993	  0.179 	  -53.82 	 
1.377199993	  0.176 	  -57.71 	 
1.379399993	  0.172 	  -61.77 	 
1.381599993	  0.169 	  -65.65 	 
1.383799993	  0.166 	  -69.57 	 
1.385999992	  0.163 	  -73.12 	 
1.388199992	  0.160 	  -76.38 	 
1.390399992	  0.158 	  -79.24 	 
1.392599992	  0.155 	  -81.62 	 
1.394799992	  0.153 	  -83.49 	 
1.396999992	  0.152 	  -84.70 	 
1.399199992	  0.152 	  -85.41 	 
1.401399992	  0.152 	  -85.39 	 
1.403599992	  0.152 	  -84.84 	 
1.405799992	  0.152 	  -83.63 	 
1.407999992	  0.153 	  -81.72 	 
1.410199992	  0.154 	  -79.35 	 
1.412399992	  0.156 	  -76.38 	 
1.414599992	  0.158 	  -72.98 	 
1.416799992	  0.161 	  -69.26 	 
1.418999992	  0.163 	  -65.32 	 
1.421199992	  0.167 	  -61.25 	 
1.423399992	  0.170 	  -57.27 	 
1.425599992	  0.174 	  -53.46 	 
1.427799992	  0.177 	  -49.84 	 
1.429999992	  0.180 	  -46.49 	 
1.432199992	  0.183 	  -43.67 	 
1.434399992	  0.185 	  -41.29 	 
1.436599992	  0.188 	  -39.50 	 
1.438799992	  0.189 	  -38.30 	 
1.440999992	  0.191 	  -37.71 	 
1.443199992	  0.191 	  -37.78 	 
1.445399992	  0.191 	  -38.45 	 
1.447599992	  0.190 	  -39.76 	 
1.449799992	  0.189 	  -41.68 	 
1.451999992	  0.187 	  -44.24 	 
1.454199992	  0.184 	  -47.22 	 
1.456399992	  0.182 	  -50.57 	 
1.458599992	  0.179 	  -54.35 	 
1.460799992	  0.175 	  -58.24 	 
1.462999992	  0.172 	  -62.29 	 
1.465199992	  0.169 	  -66.22 	 
1.467399992	  0.165 	  -70.04 	 
1.469599992	  0.162 	  -73.55 	 
1.471799992	  0.160 	  -76.76 	 
1.473999992	  0.157 	  -79.60 	 
1.476199992	  0.155 	  -81.87 	 
1.478399992	  0.154 	  -83.70 	 
1.480599992	  0.153 	  -84.84 	 
1.482799992	  0.151 	  -85.39 	 
1.484999992	  0.151 	  -85.35 	 
1.487199992	  0.152 	  -84.69 	 
1.489399992	  0.152 	  -83.46 	 
1.491599992	  0.153 	  -81.53 	 
1.493799992	  0.155 	  -79.01 	 
1.495999992	  0.156 	  -75.92 	 
1.498199992	  0.158 	  -72.47 	 
1.500399992	  0.161 	  -68.72 	 
1.502599992	  0.165 	  -64.81 	 
1.504799992	  0.167 	  -60.82 	 
1.506999992	  0.170 	  -56.84 	 
1.509199992	  0.174 	  -53.00 	 
1.511399992	  0.178 	  -49.43 	 
1.513599992	  0.181 	  -46.16 	 
1.515799992	  0.184 	  -43.34 	 
1.517999992	  0.186 	  -41.03 	 
1.520199992	  0.188 	  -39.34 	 
1.522399992	  0.189 	  -38.23 	 
1.524599992	  0.190 	  -37.75 	 
1.526799992	  0.191 	  -37.87 	 
1.528999992	  0.191 	  -38.60 	 
1.531199992	  0.189 	  -39.99 	 
1.533399992	  0.189 	  -41.96 	 
1.535599992	  0.186 	  -44.56 	 
1.537799992	  0.183 	  -47.61 	 
1.539999992	  0.182 	  -51.03 	 
1.542199992	  0.179 	  -54.82 	 
1.544399992	  0.174 	  -58.76 	 
1.546599992	  0.172 	  -62.76 	 
1.548799992	  0.168 	  -66.66 	 
1.550999992	  0.165 	  -70.47 	 
1.553199992	  0.162 	  -73.97 	 
1.555399992	  0.160 	  -77.11 	 
1.557599992	  0.157 	  -79.96 	 
1.559799992	  0.154 	  -82.17 	 
1.561999992	  0.153 	  -83.91 	 
1.564199992	  0.152 	  -84.98 	 
1.566399992	  0.151 	  -85.48 	 
1.568599992	  0.151 	  -85.28 	 
1.570799991	  0.151 	  -84.56 	 
1.572999991	  0.152 	  -83.24 	 
1.575199991	  0.153 	  -81.23 	 
1.577399991	  0.154 	  -78.67 	 
1.579599991	  0.157 	  -75.56 	 
1.581799991	  0.159 	  -72.03 	 
1.583999991	  0.162 	  -68.24 	 
1.586199991	  0.165 	  -64.35 	 
1.588399991	  0.167 	  -60.32 	 
1.590599991	  0.171 	  -56.37 	 
1.592799991	  0.175 	  -52.54 	 
1.594999991	  0.177 	  -49.06 	 
1.597199991	  0.181 	  -45.85 	 
1.599399991	  0.183 	  -43.08 	 
1.601599991	  0.187 	  -40.82 	 
1.603799991	  0.189 	  -39.23 	 
1.605999991	  0.189 	  -38.16 	 
1.608199991	  0.191 	  -37.73 	 
1.610399991	  0.191 	  -37.94 	 
1.612599991	  0.191 	  -38.73 	 
1.614799991	  0.189 	  -40.22 	 
1.616999991	  0.188 	  -42.25 	 
1.619199991	  0.187 	  -44.94 	 
1.621399991	  0.184 	  -48.00 	 
1.623599991	  0.181 	  -51.50 	 
1.625799991	  0.178 	  -55.31 	 
1.627999991	  0.174 	  -59.22 	 
1.630199991	  0.171 	  -63.27 	 
1.632399991	  0.168 	  -67.15 	 
1.634599991	  0.164 	  -70.84 	 
1.636799991	  0.161 	  -74.38 	 
1.638999991	  0.158 	  -77.49 	 
1.641199991	  0.157 	  -80.22 	 
1.643399991	  0.154 	  -82.42 	 
1.645599991	  0.153 	  -84.05 	 
1.647799991	  0.152 	  -85.06 	 
1.649999991	  0.151 	  -85.44 	 
1.652199991	  0.151 	  -85.28 	 
1.654399991	  0.151 	  -84.45 	 
1.656599991	  0.152 	  -83.07 	 
1.658799991	  0.153 	  -81.00 	 
1.660999991	  0.155 	  -78.27 	 
1.663199991	  0.157 	  -75.20 	 
1.665399991	  0.159 	  -71.61 	 
1.667599991	  0.161 	  -67.81 	 
1.669799991	  0.165 	  -63.87 	 
1.671999991	  0.168 	  -59.88 	 
1.674199991	  0.171 	  -55.88 	 
1.676399991	  0.175 	  -52.08 	 
1.678599991	  0.178 	  -48.61 	 
1.680799991	  0.182 	  -45.44 	 
1.682999991	  0.184 	  -42.78 	 
1.685199991	  0.186 	  -40.54 	 
1.687399991	  0.188 	  -39.00 	 
1.689599991	  0.190 	  -38.07 	 
1.691799991	  0.191 	  -37.72 	 
1.693999991	  0.191 	  -37.97 	 
1.696199991	  0.190 	  -38.84 	 
1.698399991	  0.190 	  -40.41 	 
1.700599991	  0.188 	  -42.50 	 
1.702799991	  0.186 	  -45.22 	 
1.704999991	  0.183 	  -48.41 	 
1.707199991	  0.180 	  -51.90 	 
1.709399991	  0.178 	  -55.80 	 
1.711599991	  0.174 	  -59.73 	 
1.713799991	  0.171 	  -63.73 	 
1.715999991	  0.167 	  -67.64 	 
1.718199991	  0.165 	  -71.36 	 
1.720399991	  0.161 	  -74.74 	 
1.722599991	  0.158 	  -77.83 	 
1.724799991	  0.156 	  -80.54 	 
1.726999991	  0.154 	  -82.63 	 
1.729199991	  0.153 	  -84.24 	 
1.731399991	  0.152 	  -85.18 	 
1.733599991	  0.151 	  -85.47 	 
1.735799991	  0.151 	  -85.16 	 
1.737999991	  0.152 	  -84.29 	 
1.740199991	  0.153 	  -82.78 	 
1.742399991	  0.154 	  -80.68 	 
1.744599991	  0.155 	  -77.98 	 
1.746799991	  0.157 	  -74.78 	 
1.748999991	  0.160 	  -71.15 	 
1.751199991	  0.162 	  -67.33 	 
1.753399990	  0.165 	  -63.34 	 
1.755599990	  0.169 	  -59.31 	 
1.757799990	  0.172 	  -55.37 	 
1.759999990	  0.175 	  -51.57 	 
1.762199990	  0.179 	  -48.14 	 
1.764399990	  0.182 	  -45.06 	 
1.766599990	  0.184 	  -42.44 	 
1.768799990	  0.187 	  -40.31 	 
1.770999990	  0.188 	  -38.84 	 
1.773199990	  0.191 	  -37.96 	 
1.775399990	  0.191 	  -37.68 	 
1.777599990	  0.191 	  -38.03 	 
1.779799990	  0.190 	  -38.95 	 
1.781999990	  0.189 	  -40.61 	 
1.784199990	  0.188 	  -42.81 	 
1.786399990	  0.185 	  -45.65 	 
1.788599990	  0.183 	  -48.84 	 
1.790799990	  0.180 	  -52.39 	 
1.792999990	  0.177 	  -56.24 	 
1.795199990	  0.174 	  -60.18 	 
1.797399990	  0.171 	  -64.18 	 
1.799599990	  0.167 	  -68.02 	 
1.801799990	  0.164 	  -71.69 	 
1.803999990	  0.161 	  -75.18 	 
1.806199990	  0.158 	  -78.18 	 
1.808399990	  0.156 	  -80.82 	 
1.810599990	  0.154 	  -82.87 	 
1.812799990	  0.152 	  -84.37 	 
1.814999990	  0.151 	  -85.23 	 
1.817199990	  0.151 	  -85.43 	 
1.819399990	  0.151 	  -85.06 	 
1.821599990	  0.152 	  -84.12 	 
1.823799990	  0.152 	  -82.56 	 
1.825999990	  0.154 	  -80.39 	 
1.828199990	  0.155 	  -77.57 	 
1.830399990	  0.158 	  -74.29 	 
1.832599990	  0.160 	  -70.64 	 
1.834799990	  0.162 	  -66.79 	 
1.836999990	  0.165 	  -62.86 	 
1.839199990	  0.169 	  -58.80 	 
1.841399990	  0.172 	  -54.89 	 
1.843599990	  0.176 	  -51.17 	 
1.845799990	  0.179 	  -47.79 	 
1.847999990	  0.182 	  -44.70 	 
1.850199990	  0.184 	  -42.15 	 
1.852399990	  0.187 	  -40.09 	 
1.854599990	  0.188 	  -38.69 	 
1.856799990	  0.190 	  -37.92 	 
1.858999990	  0.190 	  -37.70 	 
1.861199990	  0.191 	  -38.08 	 
1.863399990	  0.190 	  -39.17 	 
1.865599990	  0.189 	  -40.84 	 
1.867799990	  0.187 	  -43.06 	 
1.869999990	  0.185 	  -45.98 	 
1.872199990	  0.183 	  -49.24 	 
1.874399990	  0.180 	  -52.87 	 
1.876599990	  0.177 	  -56.75 	 
1.878799990	  0.173 	  -60.67 	 
1.880999990	  0.170 	  -64.62 	 
1.883199990	  0.166 	  -68.47 	 
1.885399990	  0.164 	  -72.21 	 
1.887599990	  0.161 	  -75.53 	 
1.889799990	  0.158 	  -78.60 	 
1.891999990	  0.156 	  -81.10 	 
1.894199990	  0.153 	  -83.10 	 
1.896399990	  0.152 	  -84.48 	 
1.898599990	  0.151 	  -85.25 	 
1.900799990	  0.151 	  -85.36 	 
1.902999990	  0.151 	  -84.95 	 
1.905199990	  0.151 	  -84.02 	 
1.907399990	  0.153 	  -82.34 	 
1.909599990	  0.154 	  -80.11 	 
1.911799990	  0.155 	  -77.22 	 
1.913999990	  0.158 	  -73.84 	 
1.916199990	  0.160 	  -70.25 	 
1.918399990	  0.162 	  -66.35 	 
1.920599990	  0.166 	  -62.36 	 
1.922799990	  0.169 	  -58.38 	 
1.924999990	  0.173 	  -54.52 	 
1.927199990	  0.176 	  -50.78 	 
1.929399990	  0.179 	  -47.41 	 
1.931599990	  0.182 	  -44.39 	 
1.933799990	  0.184 	  -41.87 	 
1.935999990	  0.187 	  -39.93 	 
1.938199989	  0.188 	  -38.58 	 
1.940399989	  0.190 	  -37.81 	 
1.942599989	  0.190 	  -37.75 	 
1.944799989	  0.191 	  -38.25 	 
1.946999989	  0.190 	  -39.32 	 
1.949199989	  0.189 	  -41.09 	 
1.951399989	  0.188 	  -43.47 	 
1.953599989	  0.185 	  -46.35 	 
1.955799989	  0.182 	  -49.63 	 
1.957999989	  0.180 	  -53.31 	 
1.960199989	  0.176 	  -57.13 	 
1.962399989	  0.173 	  -61.18 	 
1.964599989	  0.169 	  -65.08 	 
1.966799989	  0.166 	  -68.93 	 
1.968999989	  0.163 	  -72.59 	 
1.971199989	  0.161 	  -75.86 	 
1.973399989	  0.158 	  -78.88 	 
1.975599989	  0.155 	  -81.33 	 
1.977799989	  0.154 	  -83.31 	 
1.979999989	  0.152 	  -84.62 	 
1.982199989	  0.152 	  -85.33 	 
1.984399989	  0.151 	  -85.39 	 
1.986599989	  0.151 	  -84.88 	 
1.988799989	  0.152 	  -83.87 	 
1.990999989	  0.152 	  -82.11 	 
1.993199989	  0.154 	  -79.69 	 
1.995399989	  0.156 	  -76.84 	 
1.997599989	  0.158 	  -73.52 	 
1.999799989	  0.161 	  -69.79 	 
2.001999989	  0.163 	  -65.94 	 
2.004199989	  0.166 	  -61.90 	 
2.006399989	  0.170 	  -57.88 	 
2.008599989	  0.173 	  -54.00 	 
2.010799989	  0.176 	  -50.36 	 
2.012999989	  0.180 	  -47.00 	 
2.015199989	  0.182 	  -44.05 	 
2.017399989	  0.186 	  -41.60 	 
2.019599989	  0.187 	  -39.65 	 
2.021799989	  0.189 	  -38.45 	 
2.023999989	  0.190 	  -37.79 	 
2.026199989	  0.191 	  -37.74 	 
2.028399989	  0.191 	  -38.30 	 
2.030599989	  0.190 	  -39.53 	 
2.032799989	  0.189 	  -41.32 	 
2.034999989	  0.187 	  -43.70 	 
2.037199989	  0.184 	  -46.76 	 
2.039399989	  0.182 	  -50.06 	 
2.041599989	  0.179 	  -53.74 	 
2.043799989	  0.176 	  -57.63 	 
2.045999989	  0.172 	  -61.57 	 
2.048199989	  0.169 	  -65.61 	 
2.050399989	  0.166 	  -69.40 	 
2.052599989	  0.163 	  -73.02 	 
2.054799989	  0.160 	  -76.29 	 
2.056999989	  0.158 	  -79.15 	 
2.059199989	  0.156 	  -81.58 	 
2.061399989	  0.154 	  -83.42 	 
2.063599989	  0.152 	  -84.76 	 
2.065799989	  0.151 	  -85.41 	 
2.067999989	  0.151 	  -85.41 	 
2.070199989	  0.151 	  -84.83 	 
2.072399989	  0.152 	  -83.63 	 
2.074599989	  0.152 	  -81.78 	 
2.076799989	  0.154 	  -79.37 	 
2.078999989	  0.155 	  -76.46 	 
2.081199989	  0.158 	  -73.11 	 
2.083399989	  0.161 	  -69.34 	 
2.085599989	  0.164 	  -65.42 	 
2.087799989	  0.166 	  -61.38 	 
2.089999989	  0.171 	  -57.41 	 
2.092199989	  0.174 	  -53.48 	 
2.094399989	  0.177 	  -49.85 	 
2.096599989	  0.180 	  -46.59 	 
2.098799989	  0.183 	  -43.68 	 
2.100999989	  0.185 	  -41.30 	 
2.103199989	  0.188 	  -39.48 	 
2.105399989	  0.190 	  -38.27 	 
2.107599989	  0.190 	  -37.75 	 
2.109799989	  0.190 	  -37.79 	 
2.111999989	  0.190 	  -38.38 	 
2.114199989	  0.190 	  -39.63 	 
2.116399989	  0.188 	  -41.61 	 
2.118599989	  0.187 	  -44.00 	 
2.120799989	  0.184 	  -47.04 	 
2.122999988	  0.182 	  -50.47 	 
2.125199988	  0.179 	  -54.15 	 
2.127399988	  0.175 	  -58.11 	 
2.129599988	  0.172 	  -62.13 	 
2.131799988	  0.169 	  -66.04 	 
2.133999988	  0.166 	  -69.86 	 
2.136199988	  0.163 	  -73.42 	 
2.138399988	  0.160 	  -76.67 	 
2.140599988	  0.158 	  -79.49 	 
2.142799988	  0.155 	  -81.85 	 
2.144999988	  0.153 	  -83.65 	 
2.147199988	  0.152 	  -84.82 	 
2.149399988	  0.152 	  -85.40 	 
2.151599988	  0.150 	  -85.30 	 
2.153799988	  0.151 	  -84.73 	 
2.155999988	  0.151 	  -83.46 	 
2.158199988	  0.153 	  -81.58 	 
2.160399988	  0.155 	  -79.07 	 
2.162599988	  0.156 	  -75.97 	 
2.164799988	  0.158 	  -72.61 	 
2.166999988	  0.162 	  -68.82 	 
2.169199988	  0.164 	  -64.90 	 
2.171399988	  0.167 	  -60.91 	 
2.173599988	  0.171 	  -56.95 	 
2.175799988	  0.174 	  -53.12 	 
2.177999988	  0.177 	  -49.43 	 
2.180199988	  0.180 	  -46.19 	 
2.182399988	  0.183 	  -43.41 	 
2.184599988	  0.186 	  -41.08 	 
2.186799988	  0.187 	  -39.30 	 
2.188999988	  0.190 	  -38.19 	 
2.191199988	  0.190 	  -37.72 	 
2.193399988	  0.191 	  -37.83 	 
2.195599988	  0.191 	  -38.52 	 
2.197799988	  0.190 	  -39.83 	 
2.199999988	  0.188 	  -41.89 	 
2.202199988	  0.186 	  -44.43 	 
2.204399988	  0.184 	  -47.47 	 
2.206599988	  0.181 	  -50.92 	 
2.208799988	  0.179 	  -54.64 	 
2.210999988	  0.175 	  -58.60 	 
2.213199988	  0.171 	  -62.58 	 
2.215399988	  0.168 	  -66.55 	 
2.217599988	  0.165 	  -70.30 	 
2.219799988	  0.162 	  -73.78 	 
2.221999988	  0.159 	  -77.06 	 
2.224199988	  0.157 	  -79.78 	 
2.226399988	  0.155 	  -82.11 	 
2.228599988	  0.153 	  -83.85 	 
2.230799988	  0.152 	  -84.95 	 
2.232999988	  0.151 	  -85.41 	 
2.235199988	  0.151 	  -85.26 	 
2.237399988	  0.151 	  -84.53 	 
2.239599988	  0.152 	  -83.18 	 
2.241799988	  0.153 	  -81.29 	 
2.243999988	  0.154 	  -78.72 	 
2.246199988	  0.156 	  -75.60 	 
2.248399988	  0.159 	  -72.17 	 
2.250599988	  0.162 	  -68.35 	 
