0.000000000	 -0.578 	  -85.43 	 
0.000400000	 -0.579 	  -84.84 	 
0.000800000	 -0.578 	  -83.68 	 
0.001200000	 -0.577 	  -81.95 	 
0.001600000	 -0.576 	  -79.70 	 
0.002000000	 -0.575 	  -76.89 	 
0.002400000	 -0.572 	  -73.25 	 
0.002800000	 -0.570 	  -69.37 	 
0.003200000	 -0.567 	  -65.52 	 
0.003600000	 -0.564 	  -61.48 	 
0.004000000	 -0.561 	  -57.22 	 
0.004400000	 -0.557 	  -52.94 	 
0.004800000	 -0.553 	  -48.95 	 
0.005200000	 -0.549 	  -45.54 	 
0.005600000	 -0.545 	  -42.66 	 
0.006000000	 -0.542 	  -40.42 	 
0.006400000	 -0.539 	  -38.72 	 
0.006800000	 -0.537 	  -37.72 	 
0.007200000	 -0.535 	  -37.55 	 
0.007600000	 -0.535 	  -38.54 	 
0.008000000	 -0.535 	  -40.38 	 
0.008400000	 -0.537 	  -42.66 	 
0.008800000	 -0.539 	  -45.18 	 
0.009200000	 -0.541 	  -48.02 	 
0.009600000	 -0.543 	  -51.45 	 
0.010000000	 -0.546 	  -55.42 	 
0.010400000	 -0.550 	  -59.79 	 
0.010800000	 -0.553 	  -64.27 	 
0.011200000	 -0.558 	  -68.55 	 
0.011600000	 -0.562 	  -72.52 	 
0.012000000	 -0.566 	  -76.16 	 
0.012400000	 -0.569 	  -79.36 	 
0.012800000	 -0.573 	  -81.98 	 
0.013200000	 -0.575 	  -83.84 	 
0.013600000	 -0.576 	  -85.00 	 
0.014000000	 -0.577 	  -85.48 	 
0.014400000	 -0.578 	  -85.33 	 
0.014800000	 -0.579 	  -84.55 	 
0.015200000	 -0.578 	  -83.24 	 
0.015600000	 -0.577 	  -81.34 	 
0.016000000	 -0.576 	  -79.00 	 
0.016400000	 -0.575 	  -76.00 	 
0.016800000	 -0.572 	  -72.16 	 
0.017200000	 -0.570 	  -68.13 	 
0.017600000	 -0.567 	  -64.24 	 
0.018000000	 -0.563 	  -60.18 	 
0.018400000	 -0.560 	  -56.00 	 
0.018800000	 -0.556 	  -51.79 	 
0.019200000	 -0.551 	  -47.94 	 
0.019600000	 -0.548 	  -44.68 	 
0.019999999	 -0.544 	  -42.00 	 
0.020399999	 -0.542 	  -39.91 	 
0.020799999	 -0.539 	  -38.47 	 
0.021199999	 -0.536 	  -37.80 	 
0.021599999	 -0.536 	  -37.88 	 
0.021999999	 -0.535 	  -38.98 	 
0.022399999	 -0.536 	  -40.93 	 
0.022799999	 -0.536 	  -43.36 	 
0.023199999	 -0.539 	  -46.01 	 
0.023599999	 -0.541 	  -49.00 	 
0.023999999	 -0.544 	  -52.55 	 
0.024399999	 -0.547 	  -56.63 	 
0.024799999	 -0.551 	  -61.02 	 
0.025199999	 -0.555 	  -65.48 	 
0.025599999	 -0.560 	  -69.70 	 
0.025999999	 -0.564 	  -73.61 	 
0.026399999	 -0.567 	  -77.15 	 
0.026799999	 -0.570 	  -80.17 	 
0.027199999	 -0.573 	  -82.61 	 
0.027599999	 -0.575 	  -84.36 	 
0.027999999	 -0.578 	  -85.28 	 
0.028399999	 -0.578 	  -85.50 	 
0.028799999	 -0.578 	  -85.12 	 
0.029199999	 -0.579 	  -84.26 	 
0.029599999	 -0.577 	  -82.83 	 
0.029999999	 -0.577 	  -80.79 	 
0.030399999	 -0.575 	  -78.27 	 
0.030799999	 -0.573 	  -75.01 	 
0.031199999	 -0.572 	  -71.22 	 
0.031599999	 -0.569 	  -67.26 	 
0.031999999	 -0.566 	  -63.25 	 
0.032399999	 -0.563 	  -59.10 	 
0.032799999	 -0.558 	  -54.89 	 
0.033199999	 -0.554 	  -50.77 	 
0.033599999	 -0.551 	  -47.08 	 
0.033999999	 -0.546 	  -43.97 	 
0.034399999	 -0.543 	  -41.45 	 
0.034799999	 -0.540 	  -39.57 	 
0.035199999	 -0.539 	  -38.31 	 
0.035599999	 -0.536 	  -37.83 	 
0.035999999	 -0.536 	  -38.21 	 
0.036399999	 -0.536 	  -39.59 	 
0.036799999	 -0.537 	  -41.61 	 
0.037199999	 -0.539 	  -44.13 	 
0.037599999	 -0.540 	  -46.92 	 
0.037999999	 -0.542 	  -50.06 	 
0.038399999	 -0.545 	  -53.77 	 
0.038799999	 -0.548 	  -57.95 	 
0.039199999	 -0.552 	  -62.38 	 
0.039599999	 -0.556 	  -66.79 	 
0.039999999	 -0.560 	  -70.90 	 
0.040399999	 -0.565 	  -74.67 	 
0.040799999	 -0.569 	  -78.04 	 
0.041199999	 -0.571 	  -80.94 	 
0.041599999	 -0.573 	  -83.17 	 
0.041999999	 -0.576 	  -84.69 	 
0.042399999	 -0.578 	  -85.44 	 
0.042799999	 -0.578 	  -85.48 	 
0.043199999	 -0.579 	  -84.94 	 
0.043599999	 -0.578 	  -83.91 	 
0.043999999	 -0.578 	  -82.30 	 
0.044399999	 -0.576 	  -80.09 	 
0.044799999	 -0.576 	  -77.46 	 
0.045199999	 -0.573 	  -73.90 	 
0.045599999	 -0.570 	  -69.94 	 
0.045999999	 -0.568 	  -66.09 	 
0.046399999	 -0.564 	  -62.17 	 
0.046799999	 -0.561 	  -58.00 	 
0.047199999	 -0.558 	  -53.76 	 
0.047599999	 -0.554 	  -49.67 	 
0.047999999	 -0.550 	  -46.14 	 
0.048399999	 -0.546 	  -43.18 	 
0.048799999	 -0.542 	  -40.82 	 
0.049199999	 -0.539 	  -39.11 	 
0.049599999	 -0.538 	  -38.12 	 
0.049999999	 -0.536 	  -37.85 	 
0.050399999	 -0.536 	  -38.46 	 
0.050799999	 -0.535 	  -40.03 	 
0.051199999	 -0.537 	  -42.33 	 
0.051599999	 -0.539 	  -44.89 	 
0.051999999	 -0.541 	  -47.73 	 
0.052399999	 -0.543 	  -51.01 	 
0.052799999	 -0.546 	  -54.86 	 
0.053199999	 -0.550 	  -59.19 	 
0.053599999	 -0.553 	  -63.63 	 
0.053999999	 -0.557 	  -67.98 	 
0.054399999	 -0.562 	  -72.01 	 
0.054799999	 -0.566 	  -75.67 	 
0.055199999	 -0.569 	  -78.93 	 
0.055599999	 -0.572 	  -81.65 	 
0.055999999	 -0.574 	  -83.66 	 
0.056399999	 -0.576 	  -84.90 	 
0.056799999	 -0.578 	  -85.44 	 
0.057199999	 -0.578 	  -85.30 	 
0.057599999	 -0.578 	  -84.67 	 
0.057999999	 -0.578 	  -83.48 	 
0.058399999	 -0.577 	  -81.68 	 
0.058799999	 -0.576 	  -79.36 	 
0.059199999	 -0.575 	  -76.37 	 
0.059599998	 -0.573 	  -72.71 	 
0.059999998	 -0.570 	  -68.83 	 
0.060399998	 -0.567 	  -65.01 	 
0.060799998	 -0.563 	  -60.99 	 
0.061199998	 -0.560 	  -56.68 	 
0.061599998	 -0.556 	  -52.39 	 
0.061999998	 -0.552 	  -48.46 	 
0.062399998	 -0.548 	  -45.09 	 
0.062799998	 -0.545 	  -42.34 	 
0.063199998	 -0.542 	  -40.19 	 
0.063599998	 -0.538 	  -38.65 	 
0.063999998	 -0.536 	  -37.88 	 
0.064399998	 -0.535 	  -37.82 	 
0.064799998	 -0.536 	  -38.75 	 
0.065199998	 -0.536 	  -40.51 	 
0.065599998	 -0.537 	  -42.89 	 
0.065999998	 -0.539 	  -45.68 	 
0.066399998	 -0.541 	  -48.67 	 
0.066799998	 -0.544 	  -52.12 	 
0.067199998	 -0.547 	  -56.06 	 
0.067599998	 -0.551 	  -60.38 	 
0.067999998	 -0.554 	  -64.84 	 
0.068399998	 -0.559 	  -69.13 	 
0.068799998	 -0.563 	  -73.09 	 
0.069199998	 -0.567 	  -76.63 	 
0.069599998	 -0.569 	  -79.75 	 
0.069999998	 -0.572 	  -82.24 	 
0.070399998	 -0.575 	  -84.05 	 
0.070799998	 -0.577 	  -85.12 	 
0.071199998	 -0.578 	  -85.51 	 
0.071599998	 -0.579 	  -85.25 	 
0.071999998	 -0.578 	  -84.39 	 
0.072399998	 -0.578 	  -83.00 	 
0.072799998	 -0.577 	  -81.02 	 
0.073199998	 -0.576 	  -78.61 	 
0.073599998	 -0.574 	  -75.44 	 
0.073999998	 -0.572 	  -71.72 	 
0.074399998	 -0.570 	  -67.77 	 
0.074799998	 -0.567 	  -63.79 	 
0.075199998	 -0.563 	  -59.66 	 
0.075599998	 -0.560 	  -55.39 	 
0.075999998	 -0.555 	  -51.21 	 
0.076399998	 -0.551 	  -47.44 	 
0.076799998	 -0.548 	  -44.24 	 
0.077199998	 -0.544 	  -41.57 	 
0.077599998	 -0.540 	  -39.62 	 
0.077999998	 -0.538 	  -38.35 	 
0.078399998	 -0.536 	  -37.79 	 
0.078799998	 -0.535 	  -38.01 	 
0.079199998	 -0.535 	  -39.17 	 
0.079599998	 -0.536 	  -41.17 	 
0.079999998	 -0.538 	  -43.61 	 
0.080399998	 -0.540 	  -46.32 	 
0.080799998	 -0.542 	  -49.44 	 
0.081199998	 -0.545 	  -53.13 	 
0.081599998	 -0.547 	  -57.33 	 
0.081999998	 -0.551 	  -61.79 	 
0.082399998	 -0.555 	  -66.22 	 
0.082799998	 -0.560 	  -70.36 	 
0.083199998	 -0.563 	  -74.09 	 
0.083599998	 -0.567 	  -77.50 	 
0.083999998	 -0.571 	  -80.48 	 
0.084399998	 -0.574 	  -82.83 	 
0.084799998	 -0.576 	  -84.41 	 
0.085199998	 -0.577 	  -85.28 	 
0.085599998	 -0.579 	  -85.47 	 
0.085999998	 -0.579 	  -85.08 	 
0.086399998	 -0.578 	  -84.06 	 
0.086799998	 -0.577 	  -82.50 	 
0.087199998	 -0.577 	  -80.39 	 
0.087599998	 -0.575 	  -77.83 	 
0.087999998	 -0.574 	  -74.36 	 
0.088399998	 -0.572 	  -70.40 	 
0.088799998	 -0.568 	  -66.56 	 
0.089199998	 -0.565 	  -62.67 	 
0.089599998	 -0.562 	  -58.48 	 
0.089999998	 -0.558 	  -54.17 	 
0.090399998	 -0.554 	  -50.05 	 
0.090799998	 -0.550 	  -46.44 	 
0.091199998	 -0.546 	  -43.45 	 
0.091599998	 -0.543 	  -40.99 	 
0.091999998	 -0.540 	  -39.17 	 
0.092399998	 -0.537 	  -38.03 	 
0.092799998	 -0.537 	  -37.65 	 
0.093199998	 -0.535 	  -38.19 	 
0.093599998	 -0.535 	  -39.69 	 
0.093999998	 -0.536 	  -41.86 	 
0.094399998	 -0.539 	  -44.44 	 
0.094799998	 -0.540 	  -47.27 	 
0.095199998	 -0.543 	  -50.48 	 
0.095599998	 -0.545 	  -54.23 	 
0.095999998	 -0.549 	  -58.45 	 
0.096399998	 -0.553 	  -62.92 	 
0.096799998	 -0.557 	  -67.27 	 
0.097199998	 -0.560 	  -71.34 	 
0.097599998	 -0.564 	  -75.09 	 
0.097999998	 -0.568 	  -78.42 	 
0.098399998	 -0.572 	  -81.27 	 
0.098799998	 -0.574 	  -83.35 	 
0.099199997	 -0.577 	  -84.72 	 
0.099599997	 -0.578 	  -85.41 	 
0.099999997	 -0.578 	  -85.42 	 
0.100399997	 -0.578 	  -84.80 	 
0.100799997	 -0.578 	  -83.67 	 
0.101199997	 -0.578 	  -81.91 	 
0.101599997	 -0.576 	  -79.67 	 
0.101999997	 -0.575 	  -76.87 	 
0.102399997	 -0.573 	  -73.31 	 
0.102799997	 -0.571 	  -69.39 	 
0.103199997	 -0.567 	  -65.40 	 
0.103599997	 -0.565 	  -61.36 	 
0.103999997	 -0.561 	  -57.18 	 
0.104399997	 -0.557 	  -52.96 	 
0.104799997	 -0.553 	  -49.01 	 
0.105199997	 -0.549 	  -45.54 	 
0.105599997	 -0.546 	  -42.66 	 
0.105999997	 -0.542 	  -40.39 	 
0.106399997	 -0.539 	  -38.75 	 
0.106799997	 -0.536 	  -37.88 	 
0.107199997	 -0.536 	  -37.75 	 
0.107599997	 -0.535 	  -38.60 	 
0.107999997	 -0.536 	  -40.29 	 
0.108399997	 -0.537 	  -42.58 	 
0.108799997	 -0.539 	  -45.15 	 
0.109199997	 -0.541 	  -48.00 	 
0.109599997	 -0.543 	  -51.40 	 
0.109999997	 -0.546 	  -55.41 	 
0.110399997	 -0.550 	  -59.84 	 
0.110799997	 -0.554 	  -64.31 	 
0.111199997	 -0.558 	  -68.55 	 
0.111599997	 -0.562 	  -72.48 	 
0.111999997	 -0.566 	  -76.12 	 
0.112399997	 -0.569 	  -79.36 	 
0.112799997	 -0.572 	  -81.97 	 
0.113199997	 -0.574 	  -83.84 	 
0.113599997	 -0.577 	  -85.00 	 
0.113999997	 -0.577 	  -85.50 	 
0.114399997	 -0.578 	  -85.32 	 
0.114799997	 -0.579 	  -84.55 	 
0.115199997	 -0.578 	  -83.22 	 
0.115599997	 -0.577 	  -81.36 	 
0.115999997	 -0.576 	  -79.05 	 
0.116399997	 -0.574 	  -75.99 	 
0.116799997	 -0.572 	  -72.12 	 
0.117199997	 -0.570 	  -68.10 	 
0.117599997	 -0.567 	  -64.24 	 
0.117999997	 -0.563 	  -60.25 	 
0.118399997	 -0.560 	  -56.08 	 
0.118799997	 -0.556 	  -51.87 	 
0.119199997	 -0.552 	  -48.03 	 
0.119599997	 -0.548 	  -44.72 	 
0.119999997	 -0.544 	  -41.99 	 
0.120399997	 -0.541 	  -39.91 	 
0.120799997	 -0.538 	  -38.45 	 
0.121199997	 -0.536 	  -37.80 	 
0.121599997	 -0.535 	  -37.90 	 
0.121999997	 -0.536 	  -38.98 	 
0.122399997	 -0.536 	  -40.88 	 
0.122799997	 -0.537 	  -43.25 	 
0.123199997	 -0.539 	  -45.97 	 
0.123599997	 -0.541 	  -49.02 	 
0.123999997	 -0.544 	  -52.57 	 
0.124399997	 -0.547 	  -56.61 	 
0.124799997	 -0.551 	  -60.98 	 
0.125199997	 -0.555 	  -65.43 	 
0.125599997	 -0.559 	  -69.70 	 
0.125999997	 -0.563 	  -73.61 	 
0.126399997	 -0.567 	  -77.13 	 
0.126799997	 -0.570 	  -80.13 	 
0.127199997	 -0.573 	  -82.56 	 
0.127599997	 -0.576 	  -84.30 	 
0.127999997	 -0.577 	  -85.29 	 
0.128399997	 -0.578 	  -85.56 	 
0.128799997	 -0.578 	  -85.16 	 
0.129199997	 -0.578 	  -84.19 	 
0.129599997	 -0.578 	  -82.72 	 
0.129999997	 -0.577 	  -80.75 	 
0.130399997	 -0.575 	  -78.27 	 
0.130799997	 -0.574 	  -74.91 	 
0.131199997	 -0.572 	  -70.98 	 
0.131599997	 -0.568 	  -67.16 	 
0.131999997	 -0.565 	  -63.28 	 
0.132399997	 -0.562 	  -59.14 	 
0.132799997	 -0.559 	  -54.85 	 
0.133199997	 -0.555 	  -50.68 	 
0.133599997	 -0.551 	  -46.97 	 
0.133999997	 -0.547 	  -43.88 	 
0.134399997	 -0.544 	  -41.32 	 
0.134799997	 -0.541 	  -39.42 	 
0.135199997	 -0.538 	  -38.21 	 
0.135599997	 -0.536 	  -37.77 	 
0.135999997	 -0.536 	  -38.10 	 
0.136399997	 -0.535 	  -39.39 	 
0.136799997	 -0.537 	  -41.43 	 
0.137199997	 -0.538 	  -43.98 	 
0.137599997	 -0.540 	  -46.84 	 
0.137999997	 -0.542 	  -50.02 	 
0.138399997	 -0.545 	  -53.71 	 
0.138799996	 -0.548 	  -57.87 	 
0.139199996	 -0.552 	  -62.29 	 
0.139599996	 -0.556 	  -66.70 	 
0.139999996	 -0.560 	  -70.82 	 
0.140399996	 -0.564 	  -74.60 	 
0.140799996	 -0.568 	  -77.98 	 
0.141199996	 -0.571 	  -80.88 	 
0.141599996	 -0.573 	  -83.11 	 
0.141999996	 -0.576 	  -84.59 	 
0.142399996	 -0.577 	  -85.35 	 
0.142799996	 -0.578 	  -85.45 	 
0.143199996	 -0.578 	  -84.90 	 
0.143599996	 -0.578 	  -83.84 	 
0.143999996	 -0.578 	  -82.19 	 
0.144399996	 -0.576 	  -80.00 	 
0.144799996	 -0.575 	  -77.28 	 
0.145199996	 -0.573 	  -73.82 	 
0.145599996	 -0.571 	  -70.00 	 
0.145999996	 -0.568 	  -66.06 	 
0.146399996	 -0.565 	  -62.01 	 
0.146799996	 -0.561 	  -57.78 	 
0.147199996	 -0.557 	  -53.53 	 
0.147599996	 -0.554 	  -49.54 	 
0.147999996	 -0.550 	  -46.01 	 
0.148399996	 -0.546 	  -43.07 	 
0.148799996	 -0.543 	  -40.70 	 
0.149199996	 -0.540 	  -38.97 	 
0.149599996	 -0.538 	  -37.90 	 
0.149999996	 -0.535 	  -37.63 	 
0.150399996	 -0.535 	  -38.32 	 
0.150799996	 -0.536 	  -39.98 	 
0.151199996	 -0.536 	  -42.27 	 
0.151599996	 -0.539 	  -44.80 	 
0.151999996	 -0.541 	  -47.61 	 
0.152399996	 -0.543 	  -50.90 	 
0.152799996	 -0.546 	  -54.78 	 
0.153199996	 -0.549 	  -59.09 	 
0.153599996	 -0.552 	  -63.56 	 
0.153999996	 -0.557 	  -67.90 	 
0.154399996	 -0.562 	  -71.94 	 
0.154799996	 -0.565 	  -75.61 	 
0.155199996	 -0.569 	  -78.85 	 
0.155599996	 -0.572 	  -81.53 	 
0.155999996	 -0.575 	  -83.56 	 
0.156399996	 -0.576 	  -84.83 	 
0.156799996	 -0.578 	  -85.40 	 
0.157199996	 -0.578 	  -85.27 	 
0.157599996	 -0.578 	  -84.62 	 
0.157999996	 -0.578 	  -83.42 	 
0.158399996	 -0.577 	  -81.62 	 
0.158799996	 -0.576 	  -79.30 	 
0.159199996	 -0.575 	  -76.40 	 
0.159599996	 -0.573 	  -72.72 	 
0.159999996	 -0.570 	  -68.77 	 
0.160399996	 -0.567 	  -64.86 	 
0.160799996	 -0.563 	  -60.84 	 
0.161199996	 -0.560 	  -56.63 	 
0.161599996	 -0.556 	  -52.38 	 
0.161999996	 -0.552 	  -48.46 	 
0.162399996	 -0.549 	  -45.09 	 
0.162799996	 -0.545 	  -42.33 	 
0.163199996	 -0.541 	  -40.14 	 
0.163599996	 -0.539 	  -38.62 	 
0.163999996	 -0.537 	  -37.87 	 
0.164399996	 -0.536 	  -37.82 	 
0.164799996	 -0.536 	  -38.75 	 
0.165199996	 -0.536 	  -40.53 	 
0.165599996	 -0.537 	  -42.90 	 
0.165999996	 -0.539 	  -45.62 	 
0.166399996	 -0.540 	  -48.66 	 
0.166799996	 -0.544 	  -52.11 	 
0.167199996	 -0.546 	  -56.07 	 
0.167599996	 -0.550 	  -60.39 	 
0.167999996	 -0.555 	  -64.84 	 
0.168399996	 -0.559 	  -69.12 	 
0.168799996	 -0.563 	  -73.04 	 
0.169199996	 -0.567 	  -76.63 	 
0.169599996	 -0.570 	  -79.77 	 
0.169999996	 -0.572 	  -82.32 	 
0.170399996	 -0.575 	  -84.10 	 
0.170799996	 -0.577 	  -85.14 	 
0.171199996	 -0.578 	  -85.50 	 
0.171599996	 -0.578 	  -85.21 	 
0.171999996	 -0.578 	  -84.40 	 
0.172399996	 -0.578 	  -83.01 	 
0.172799996	 -0.577 	  -81.05 	 
0.173199996	 -0.576 	  -78.65 	 
0.173599996	 -0.574 	  -75.51 	 
0.173999996	 -0.572 	  -71.78 	 
0.174399996	 -0.569 	  -67.76 	 
0.174799996	 -0.566 	  -63.82 	 
0.175199996	 -0.563 	  -59.71 	 
0.175599996	 -0.559 	  -55.43 	 
0.175999996	 -0.555 	  -51.25 	 
0.176399996	 -0.551 	  -47.46 	 
0.176799996	 -0.548 	  -44.25 	 
0.177199996	 -0.544 	  -41.65 	 
0.177599996	 -0.541 	  -39.70 	 
0.177999996	 -0.538 	  -38.43 	 
0.178399995	 -0.536 	  -37.85 	 
0.178799995	 -0.535 	  -38.07 	 
0.179199995	 -0.535 	  -39.25 	 
0.179599995	 -0.536 	  -41.21 	 
0.179999995	 -0.538 	  -43.67 	 
0.180399995	 -0.540 	  -46.43 	 
0.180799995	 -0.542 	  -49.56 	 
0.181199995	 -0.544 	  -53.17 	 
0.181599995	 -0.548 	  -57.27 	 
0.181999995	 -0.552 	  -61.72 	 
0.182399995	 -0.555 	  -66.16 	 
0.182799995	 -0.559 	  -70.38 	 
0.183199995	 -0.563 	  -74.19 	 
0.183599995	 -0.567 	  -77.62 	 
0.183999995	 -0.570 	  -80.57 	 
0.184399995	 -0.573 	  -82.85 	 
0.184799995	 -0.576 	  -84.45 	 
0.185199995	 -0.576 	  -85.37 	 
0.185599995	 -0.577 	  -85.61 	 
0.185999995	 -0.579 	  -85.17 	 
0.186399995	 -0.578 	  -84.14 	 
0.186799995	 -0.578 	  -82.56 	 
0.187199995	 -0.577 	  -80.44 	 
0.187599995	 -0.576 	  -77.92 	 
0.187999995	 -0.574 	  -74.46 	 
0.188399995	 -0.571 	  -70.50 	 
0.188799995	 -0.568 	  -66.61 	 
0.189199995	 -0.565 	  -62.69 	 
0.189599995	 -0.562 	  -58.56 	 
0.189999995	 -0.558 	  -54.27 	 
0.190399995	 -0.554 	  -50.15 	 
0.190799995	 -0.550 	  -46.50 	 
0.191199995	 -0.547 	  -43.47 	 
0.191599995	 -0.544 	  -41.04 	 
0.191999995	 -0.540 	  -39.20 	 
0.192399995	 -0.538 	  -38.12 	 
0.192799995	 -0.536 	  -37.71 	 
0.193199995	 -0.536 	  -38.25 	 
0.193599995	 -0.535 	  -39.75 	 
0.193999995	 -0.536 	  -41.87 	 
0.194399995	 -0.538 	  -44.45 	 
0.194799995	 -0.540 	  -47.30 	 
0.195199995	 -0.543 	  -50.55 	 
0.195599995	 -0.546 	  -54.31 	 
0.195999995	 -0.549 	  -58.47 	 
0.196399995	 -0.552 	  -62.90 	 
0.196799995	 -0.557 	  -67.28 	 
0.197199995	 -0.561 	  -71.36 	 
0.197599995	 -0.565 	  -75.11 	 
0.197999995	 -0.568 	  -78.46 	 
0.198399995	 -0.571 	  -81.26 	 
0.198799995	 -0.574 	  -83.39 	 
0.199199995	 -0.576 	  -84.74 	 
0.199599995	 -0.578 	  -85.41 	 
0.199999995	 -0.579 	  -85.40 	 
0.200399995	 -0.579 	  -84.78 	 
0.200799995	 -0.578 	  -83.64 	 
0.201199995	 -0.577 	  -81.88 	 
0.201599995	 -0.576 	  -79.67 	 
0.201999995	 -0.575 	  -76.78 	 
0.202399995	 -0.573 	  -73.19 	 
0.202799995	 -0.571 	  -69.35 	 
0.203199995	 -0.568 	  -65.57 	 
0.203599995	 -0.565 	  -61.50 	 
0.203999995	 -0.560 	  -57.17 	 
0.204399995	 -0.557 	  -52.87 	 
0.204799995	 -0.553 	  -48.90 	 
0.205199995	 -0.549 	  -45.51 	 
0.205599995	 -0.545 	  -42.68 	 
0.205999995	 -0.542 	  -40.37 	 
0.206399995	 -0.539 	  -38.74 	 
0.206799995	 -0.537 	  -37.85 	 
0.207199995	 -0.536 	  -37.71 	 
0.207599995	 -0.535 	  -38.50 	 
0.207999995	 -0.536 	  -40.20 	 
0.208399995	 -0.536 	  -42.51 	 
0.208799995	 -0.538 	  -45.13 	 
0.209199995	 -0.541 	  -48.05 	 
0.209599995	 -0.543 	  -51.42 	 
0.209999995	 -0.546 	  -55.36 	 
0.210399995	 -0.550 	  -59.73 	 
0.210799995	 -0.553 	  -64.22 	 
0.211199995	 -0.558 	  -68.50 	 
0.211599995	 -0.562 	  -72.44 	 
0.211999995	 -0.566 	  -76.06 	 
0.212399995	 -0.570 	  -79.29 	 
0.212799995	 -0.572 	  -81.94 	 
0.213199995	 -0.575 	  -83.81 	 
0.213599995	 -0.576 	  -84.95 	 
0.213999995	 -0.577 	  -85.46 	 
0.214399995	 -0.578 	  -85.28 	 
0.214799995	 -0.578 	  -84.51 	 
0.215199995	 -0.578 	  -83.16 	 
0.215599995	 -0.577 	  -81.27 	 
0.215999995	 -0.576 	  -78.92 	 
0.216399995	 -0.574 	  -75.82 	 
0.216799995	 -0.573 	  -72.07 	 
0.217199995	 -0.570 	  -68.16 	 
0.217599995	 -0.566 	  -64.30 	 
0.217999994	 -0.563 	  -60.24 	 
0.218399994	 -0.560 	  -55.99 	 
0.218799994	 -0.556 	  -51.77 	 
0.219199994	 -0.552 	  -47.90 	 
0.219599994	 -0.548 	  -44.64 	 
0.219999994	 -0.544 	  -41.91 	 
0.220399994	 -0.541 	  -39.82 	 
0.220799994	 -0.538 	  -38.38 	 
0.221199994	 -0.536 	  -37.66 	 
0.221599994	 -0.535 	  -37.78 	 
0.221999994	 -0.535 	  -38.91 	 
0.222399994	 -0.536 	  -40.86 	 
0.222799994	 -0.537 	  -43.27 	 
0.223199994	 -0.539 	  -45.97 	 
0.223599994	 -0.541 	  -48.97 	 
0.223999994	 -0.544 	  -52.52 	 
0.224399994	 -0.548 	  -56.59 	 
0.224799994	 -0.550 	  -60.99 	 
0.225199994	 -0.555 	  -65.45 	 
0.225599994	 -0.558 	  -69.68 	 
0.225999994	 -0.563 	  -73.60 	 
0.226399994	 -0.566 	  -77.12 	 
0.226799994	 -0.570 	  -80.17 	 
0.227199994	 -0.574 	  -82.60 	 
0.227599994	 -0.576 	  -84.23 	 
0.227999994	 -0.577 	  -85.17 	 
0.228399994	 -0.578 	  -85.46 	 
0.228799994	 -0.578 	  -85.11 	 
0.229199994	 -0.578 	  -84.22 	 
0.229599994	 -0.578 	  -82.72 	 
0.229999994	 -0.577 	  -80.70 	 
0.230399994	 -0.576 	  -78.22 	 
0.230799994	 -0.574 	  -74.95 	 
0.231199994	 -0.572 	  -71.06 	 
0.231599994	 -0.569 	  -67.03 	 
0.231999994	 -0.566 	  -63.10 	 
0.232399994	 -0.563 	  -59.00 	 
0.232799994	 -0.559 	  -54.80 	 
0.233199994	 -0.554 	  -50.68 	 
0.233599994	 -0.550 	  -46.97 	 
0.233999994	 -0.547 	  -43.85 	 
0.234399994	 -0.543 	  -41.29 	 
0.234799994	 -0.540 	  -39.37 	 
0.235199994	 -0.538 	  -38.17 	 
0.235599994	 -0.537 	  -37.68 	 
0.235999994	 -0.535 	  -38.02 	 
0.236399994	 -0.536 	  -39.32 	 
0.236799994	 -0.536 	  -41.41 	 
0.237199994	 -0.538 	  -43.95 	 
0.237599994	 -0.540 	  -46.73 	 
0.237999994	 -0.542 	  -49.91 	 
0.238399994	 -0.545 	  -53.64 	 
0.238799994	 -0.548 	  -57.90 	 
0.239199994	 -0.552 	  -62.38 	 
0.239599994	 -0.556 	  -66.77 	 
0.239999994	 -0.560 	  -70.84 	 
0.240399994	 -0.564 	  -74.59 	 
0.240799994	 -0.567 	  -77.98 	 
0.241199994	 -0.571 	  -80.91 	 
0.241599994	 -0.574 	  -83.15 	 
0.241999994	 -0.576 	  -84.60 	 
0.242399994	 -0.577 	  -85.35 	 
0.242799994	 -0.578 	  -85.44 	 
0.243199994	 -0.578 	  -84.91 	 
0.243599994	 -0.579 	  -83.81 	 
0.243999994	 -0.578 	  -82.17 	 
0.244399994	 -0.577 	  -80.04 	 
0.244799994	 -0.575 	  -77.32 	 
0.245199994	 -0.573 	  -73.85 	 
0.245599994	 -0.572 	  -69.99 	 
0.245999994	 -0.568 	  -66.04 	 
0.246399994	 -0.565 	  -62.03 	 
0.246799994	 -0.562 	  -57.80 	 
0.247199994	 -0.557 	  -53.57 	 
0.247599994	 -0.553 	  -49.54 	 
0.247999994	 -0.549 	  -46.01 	 
0.248399994	 -0.545 	  -43.03 	 
0.248799994	 -0.542 	  -40.62 	 
0.249199994	 -0.540 	  -38.92 	 
0.249599994	 -0.537 	  -37.92 	 
0.249999994	 -0.536 	  -37.68 	 
0.250399994	 -0.535 	  -38.36 	 
0.250799994	 -0.535 	  -39.91 	 
0.251199994	 -0.536 	  -42.14 	 
0.251599994	 -0.538 	  -44.71 	 
0.251999994	 -0.540 	  -47.54 	 
0.252399994	 -0.543 	  -50.88 	 
0.252799994	 -0.546 	  -54.79 	 
0.253199994	 -0.550 	  -59.18 	 
0.253599994	 -0.554 	  -63.68 	 
0.253999994	 -0.558 	  -67.98 	 
0.254399994	 -0.562 	  -71.96 	 
0.254799994	 -0.565 	  -75.62 	 
0.255199994	 -0.568 	  -78.88 	 
0.255599994	 -0.572 	  -81.62 	 
0.255999994	 -0.574 	  -83.59 	 
0.256399994	 -0.576 	  -84.85 	 
0.256799994	 -0.578 	  -85.44 	 
0.257199994	 -0.578 	  -85.38 	 
0.257599993	 -0.579 	  -84.67 	 
0.257999993	 -0.578 	  -83.42 	 
0.258399993	 -0.578 	  -81.63 	 
0.258799993	 -0.576 	  -79.39 	 
0.259199993	 -0.575 	  -76.41 	 
0.259599993	 -0.572 	  -72.69 	 
0.259999993	 -0.569 	  -68.80 	 
0.260399993	 -0.568 	  -64.92 	 
0.260799993	 -0.564 	  -60.91 	 
0.261199993	 -0.560 	  -56.64 	 
0.261599993	 -0.557 	  -52.39 	 
0.261999993	 -0.553 	  -48.46 	 
0.262399993	 -0.549 	  -45.09 	 
0.262799993	 -0.544 	  -42.30 	 
0.263199993	 -0.541 	  -40.10 	 
0.263599993	 -0.539 	  -38.56 	 
0.263999993	 -0.536 	  -37.80 	 
0.264399993	 -0.536 	  -37.77 	 
0.264799993	 -0.536 	  -38.73 	 
0.265199993	 -0.536 	  -40.53 	 
0.265599993	 -0.536 	  -42.89 	 
0.265999993	 -0.538 	  -45.56 	 
0.266399993	 -0.541 	  -48.54 	 
0.266799993	 -0.545 	  -52.01 	 
0.267199993	 -0.547 	  -56.03 	 
0.267599993	 -0.551 	  -60.44 	 
0.267999993	 -0.555 	  -64.86 	 
0.268399993	 -0.559 	  -69.10 	 
0.268799993	 -0.563 	  -73.03 	 
0.269199993	 -0.567 	  -76.64 	 
0.269599993	 -0.570 	  -79.80 	 
0.269999993	 -0.573 	  -82.36 	 
0.270399993	 -0.575 	  -84.11 	 
0.270799993	 -0.576 	  -85.12 	 
0.271199993	 -0.578 	  -85.46 	 
0.271599993	 -0.578 	  -85.22 	 
0.271999993	 -0.578 	  -84.43 	 
0.272399993	 -0.578 	  -83.02 	 
0.272799993	 -0.577 	  -81.04 	 
0.273199993	 -0.576 	  -78.65 	 
0.273599993	 -0.574 	  -75.44 	 
0.273999993	 -0.571 	  -71.59 	 
0.274399993	 -0.570 	  -67.68 	 
0.274799993	 -0.567 	  -63.82 	 
0.275199993	 -0.562 	  -59.68 	 
0.275599993	 -0.560 	  -55.35 	 
0.275999993	 -0.555 	  -51.17 	 
0.276399993	 -0.551 	  -47.43 	 
0.276799993	 -0.547 	  -44.24 	 
0.277199993	 -0.543 	  -41.61 	 
0.277599993	 -0.541 	  -39.61 	 
0.277999993	 -0.539 	  -38.25 	 
0.278399993	 -0.536 	  -37.69 	 
0.278799993	 -0.536 	  -37.97 	 
0.279199993	 -0.535 	  -39.21 	 
0.279599993	 -0.536 	  -41.23 	 
0.279999993	 -0.538 	  -43.64 	 
0.280399993	 -0.539 	  -46.34 	 
0.280799993	 -0.541 	  -49.43 	 
0.281199993	 -0.545 	  -53.11 	 
0.281599993	 -0.548 	  -57.29 	 
0.281999993	 -0.552 	  -61.75 	 
0.282399993	 -0.556 	  -66.16 	 
0.282799993	 -0.560 	  -70.30 	 
0.283199993	 -0.564 	  -74.13 	 
0.283599993	 -0.567 	  -77.59 	 
0.283999993	 -0.570 	  -80.57 	 
0.284399993	 -0.574 	  -82.90 	 
0.284799993	 -0.576 	  -84.45 	 
0.285199993	 -0.578 	  -85.33 	 
0.285599993	 -0.578 	  -85.54 	 
0.285999993	 -0.578 	  -85.08 	 
0.286399993	 -0.578 	  -84.10 	 
0.286799993	 -0.578 	  -82.54 	 
0.287199993	 -0.577 	  -80.44 	 
0.287599993	 -0.576 	  -77.88 	 
0.287999993	 -0.573 	  -74.37 	 
0.288399993	 -0.571 	  -70.46 	 
0.288799993	 -0.568 	  -66.57 	 
0.289199993	 -0.565 	  -62.67 	 
0.289599993	 -0.561 	  -58.49 	 
0.289999993	 -0.558 	  -54.20 	 
0.290399993	 -0.554 	  -50.12 	 
0.290799993	 -0.551 	  -46.47 	 
0.291199993	 -0.546 	  -43.45 	 
0.291599993	 -0.543 	  -40.97 	 
0.291999993	 -0.540 	  -39.17 	 
0.292399993	 -0.538 	  -38.05 	 
0.292799993	 -0.536 	  -37.68 	 
0.293199993	 -0.536 	  -38.24 	 
0.293599993	 -0.535 	  -39.73 	 
0.293999993	 -0.537 	  -41.87 	 
0.294399993	 -0.538 	  -44.45 	 
0.294799993	 -0.540 	  -47.26 	 
0.295199993	 -0.542 	  -50.49 	 
0.295599993	 -0.546 	  -54.26 	 
0.295999993	 -0.549 	  -58.49 	 
0.296399993	 -0.553 	  -62.95 	 
0.296799993	 -0.556 	  -67.33 	 
0.297199992	 -0.561 	  -71.43 	 
0.297599992	 -0.566 	  -75.19 	 
0.297999992	 -0.569 	  -78.53 	 
0.298399992	 -0.572 	  -81.33 	 
0.298799992	 -0.574 	  -83.49 	 
0.299199992	 -0.576 	  -84.84 	 
0.299599992	 -0.577 	  -85.48 	 
0.299999992	 -0.578 	  -85.44 	 
0.300399992	 -0.579 	  -84.87 	 
0.300799992	 -0.579 	  -83.72 	 
0.301199992	 -0.578 	  -81.99 	 
0.301599992	 -0.577 	  -79.76 	 
0.301999992	 -0.575 	  -76.95 	 
0.302399992	 -0.573 	  -73.34 	 
0.302799992	 -0.571 	  -69.43 	 
0.303199992	 -0.567 	  -65.46 	 
0.303599992	 -0.564 	  -61.42 	 
0.303999992	 -0.561 	  -57.21 	 
0.304399992	 -0.556 	  -53.00 	 
0.304799992	 -0.553 	  -49.06 	 
0.305199992	 -0.550 	  -45.62 	 
0.305599992	 -0.546 	  -42.73 	 
0.305999992	 -0.542 	  -40.43 	 
0.306399992	 -0.540 	  -38.82 	 
0.306799992	 -0.537 	  -37.90 	 
0.307199992	 -0.536 	  -37.77 	 
0.307599992	 -0.536 	  -38.61 	 
0.307999992	 -0.536 	  -40.28 	 
0.308399992	 -0.537 	  -42.55 	 
0.308799992	 -0.538 	  -45.15 	 
0.309199992	 -0.541 	  -48.00 	 
0.309599992	 -0.544 	  -51.47 	 
0.309999992	 -0.546 	  -55.44 	 
0.310399992	 -0.550 	  -59.83 	 
0.310799992	 -0.554 	  -64.33 	 
0.311199992	 -0.558 	  -68.59 	 
0.311599992	 -0.562 	  -72.53 	 
0.311999992	 -0.566 	  -76.14 	 
0.312399992	 -0.570 	  -79.39 	 
0.312799992	 -0.572 	  -82.06 	 
0.313199992	 -0.575 	  -83.92 	 
0.313599992	 -0.576 	  -85.06 	 
0.313999992	 -0.577 	  -85.55 	 
0.314399992	 -0.578 	  -85.37 	 
0.314799992	 -0.579 	  -84.59 	 
0.315199992	 -0.578 	  -83.24 	 
0.315599992	 -0.578 	  -81.36 	 
0.315999992	 -0.576 	  -79.06 	 
0.316399992	 -0.574 	  -76.06 	 
0.316799992	 -0.572 	  -72.24 	 
0.317199992	 -0.570 	  -68.28 	 
0.317599992	 -0.566 	  -64.22 	 
0.317999992	 -0.563 	  -60.17 	 
0.318399992	 -0.560 	  -56.02 	 
0.318799992	 -0.555 	  -51.90 	 
0.319199992	 -0.552 	  -48.05 	 
0.319599992	 -0.548 	  -44.75 	 
0.319999992	 -0.544 	  -41.98 	 
0.320399992	 -0.541 	  -39.85 	 
0.320799992	 -0.538 	  -38.41 	 
0.321199992	 -0.536 	  -37.74 	 
0.321599992	 -0.536 	  -37.90 	 
0.321999992	 -0.536 	  -39.02 	 
0.322399992	 -0.536 	  -40.92 	 
0.322799992	 -0.537 	  -43.32 	 
0.323199992	 -0.538 	  -45.92 	 
0.323599992	 -0.541 	  -48.90 	 
0.323999992	 -0.543 	  -52.49 	 
0.324399992	 -0.547 	  -56.70 	 
0.324799992	 -0.551 	  -61.19 	 
0.325199992	 -0.555 	  -65.60 	 
0.325599992	 -0.559 	  -69.77 	 
0.325999992	 -0.564 	  -73.62 	 
0.326399992	 -0.567 	  -77.17 	 
0.326799992	 -0.571 	  -80.25 	 
0.327199992	 -0.572 	  -82.67 	 
0.327599992	 -0.575 	  -84.31 	 
0.327999992	 -0.577 	  -85.26 	 
0.328399992	 -0.578 	  -85.51 	 
0.328799992	 -0.579 	  -85.15 	 
0.329199992	 -0.579 	  -84.27 	 
0.329599992	 -0.579 	  -82.79 	 
0.329999992	 -0.577 	  -80.78 	 
0.330399992	 -0.576 	  -78.27 	 
0.330799992	 -0.574 	  -74.94 	 
0.331199992	 -0.572 	  -71.02 	 
0.331599992	 -0.569 	  -67.17 	 
0.331999992	 -0.566 	  -63.28 	 
0.332399992	 -0.562 	  -59.14 	 
0.332799992	 -0.559 	  -54.84 	 
0.333199992	 -0.555 	  -50.68 	 
0.333599992	 -0.550 	  -47.00 	 
0.333999992	 -0.547 	  -43.91 	 
0.334399992	 -0.543 	  -41.33 	 
0.334799992	 -0.540 	  -39.41 	 
0.335199992	 -0.538 	  -38.19 	 
0.335599992	 -0.536 	  -37.68 	 
0.335999992	 -0.535 	  -38.09 	 
0.336399992	 -0.535 	  -39.47 	 
0.336799991	 -0.536 	  -41.54 	 
0.337199991	 -0.538 	  -44.01 	 
0.337599991	 -0.540 	  -46.78 	 
0.337999991	 -0.542 	  -49.98 	 
0.338399991	 -0.545 	  -53.72 	 
0.338799991	 -0.548 	  -57.87 	 
0.339199991	 -0.552 	  -62.29 	 
0.339599991	 -0.556 	  -66.70 	 
0.339999991	 -0.560 	  -70.84 	 
0.340399991	 -0.564 	  -74.67 	 
0.340799991	 -0.567 	  -78.07 	 
0.341199991	 -0.572 	  -80.96 	 
0.341599991	 -0.573 	  -83.17 	 
0.341999991	 -0.577 	  -84.67 	 
0.342399991	 -0.578 	  -85.45 	 
0.342799991	 -0.578 	  -85.51 	 
0.343199991	 -0.578 	  -84.97 	 
0.343599991	 -0.578 	  -83.88 	 
0.343999991	 -0.578 	  -82.26 	 
0.344399991	 -0.576 	  -80.12 	 
0.344799991	 -0.575 	  -77.39 	 
0.345199991	 -0.573 	  -73.93 	 
0.345599991	 -0.571 	  -70.09 	 
0.345999991	 -0.568 	  -66.09 	 
0.346399991	 -0.565 	  -62.05 	 
0.346799991	 -0.562 	  -57.84 	 
0.347199991	 -0.558 	  -53.58 	 
0.347599991	 -0.555 	  -49.58 	 
0.347999991	 -0.549 	  -46.06 	 
0.348399991	 -0.546 	  -43.10 	 
0.348799991	 -0.542 	  -40.73 	 
0.349199991	 -0.539 	  -39.00 	 
0.349599991	 -0.538 	  -37.99 	 
0.349999991	 -0.536 	  -37.74 	 
0.350399991	 -0.536 	  -38.39 	 
0.350799991	 -0.536 	  -39.95 	 
0.351199991	 -0.536 	  -42.18 	 
0.351599991	 -0.539 	  -44.83 	 
0.351999991	 -0.541 	  -47.72 	 
0.352399991	 -0.543 	  -51.01 	 
0.352799991	 -0.546 	  -54.85 	 
0.353199991	 -0.550 	  -59.13 	 
0.353599991	 -0.554 	  -63.63 	 
0.353999991	 -0.557 	  -67.98 	 
0.354399991	 -0.561 	  -72.00 	 
0.354799991	 -0.565 	  -75.65 	 
0.355199991	 -0.569 	  -78.87 	 
0.355599991	 -0.572 	  -81.60 	 
0.355999991	 -0.574 	  -83.62 	 
0.356399991	 -0.576 	  -84.87 	 
0.356799991	 -0.578 	  -85.48 	 
0.357199991	 -0.579 	  -85.39 	 
0.357599991	 -0.578 	  -84.69 	 
0.357999991	 -0.578 	  -83.45 	 
0.358399991	 -0.577 	  -81.64 	 
0.358799991	 -0.577 	  -79.40 	 
0.359199991	 -0.575 	  -76.45 	 
0.359599991	 -0.573 	  -72.72 	 
0.359999991	 -0.570 	  -68.80 	 
0.360399991	 -0.567 	  -64.96 	 
0.360799991	 -0.564 	  -60.95 	 
0.361199991	 -0.560 	  -56.70 	 
0.361599991	 -0.556 	  -52.41 	 
0.361999991	 -0.552 	  -48.48 	 
0.362399991	 -0.548 	  -45.11 	 
0.362799991	 -0.545 	  -42.35 	 
0.363199991	 -0.542 	  -40.16 	 
0.363599991	 -0.539 	  -38.61 	 
0.363999991	 -0.536 	  -37.81 	 
0.364399991	 -0.536 	  -37.79 	 
0.364799991	 -0.535 	  -38.80 	 
0.365199991	 -0.536 	  -40.62 	 
0.365599991	 -0.537 	  -42.96 	 
0.365999991	 -0.540 	  -45.59 	 
0.366399991	 -0.541 	  -48.57 	 
0.366799991	 -0.544 	  -52.08 	 
0.367199991	 -0.547 	  -56.05 	 
0.367599991	 -0.550 	  -60.36 	 
0.367999991	 -0.554 	  -64.81 	 
0.368399991	 -0.558 	  -69.14 	 
0.368799991	 -0.563 	  -73.10 	 
0.369199991	 -0.566 	  -76.62 	 
0.369599991	 -0.569 	  -79.67 	 
0.369999991	 -0.572 	  -82.23 	 
0.370399991	 -0.576 	  -84.09 	 
0.370799991	 -0.577 	  -85.18 	 
0.371199991	 -0.579 	  -85.55 	 
0.371599991	 -0.578 	  -85.23 	 
0.371999991	 -0.578 	  -84.38 	 
0.372399991	 -0.578 	  -83.00 	 
0.372799991	 -0.577 	  -81.07 	 
0.373199991	 -0.576 	  -78.64 	 
0.373599991	 -0.574 	  -75.47 	 
0.373999991	 -0.571 	  -71.72 	 
0.374399991	 -0.569 	  -67.71 	 
0.374799991	 -0.567 	  -63.75 	 
0.375199991	 -0.563 	  -59.64 	 
0.375599991	 -0.558 	  -55.37 	 
0.375999991	 -0.554 	  -51.20 	 
0.376399990	 -0.551 	  -47.45 	 
0.376799990	 -0.547 	  -44.26 	 
0.377199990	 -0.544 	  -41.62 	 
0.377599990	 -0.541 	  -39.65 	 
0.377999990	 -0.539 	  -38.37 	 
0.378399990	 -0.537 	  -37.86 	 
0.378799990	 -0.536 	  -38.05 	 
0.379199990	 -0.535 	  -39.17 	 
0.379599990	 -0.536 	  -41.10 	 
0.379999990	 -0.537 	  -43.62 	 
0.380399990	 -0.539 	  -46.47 	 
0.380799990	 -0.541 	  -49.56 	 
0.381199990	 -0.544 	  -53.14 	 
0.381599990	 -0.547 	  -57.21 	 
0.381999990	 -0.551 	  -61.61 	 
0.382399990	 -0.556 	  -66.06 	 
0.382799990	 -0.560 	  -70.27 	 
0.383199990	 -0.563 	  -74.10 	 
0.383599990	 -0.567 	  -77.51 	 
0.383999990	 -0.570 	  -80.48 	 
0.384399990	 -0.573 	  -82.85 	 
0.384799990	 -0.576 	  -84.47 	 
0.385199990	 -0.577 	  -85.35 	 
0.385599990	 -0.578 	  -85.49 	 
0.385999990	 -0.578 	  -85.02 	 
0.386399990	 -0.578 	  -84.04 	 
0.386799990	 -0.578 	  -82.52 	 
0.387199990	 -0.577 	  -80.41 	 
0.387599990	 -0.576 	  -77.85 	 
0.387999990	 -0.573 	  -74.41 	 
0.388399990	 -0.572 	  -70.42 	 
0.388799990	 -0.568 	  -66.48 	 
0.389199990	 -0.565 	  -62.58 	 
0.389599990	 -0.562 	  -58.48 	 
0.389999990	 -0.558 	  -54.21 	 
0.390399990	 -0.554 	  -50.12 	 
0.390799990	 -0.550 	  -46.43 	 
0.391199990	 -0.546 	  -43.40 	 
0.391599990	 -0.543 	  -40.96 	 
0.391999990	 -0.540 	  -39.19 	 
0.392399990	 -0.538 	  -38.14 	 
0.392799990	 -0.536 	  -37.73 	 
0.393199990	 -0.536 	  -38.21 	 
0.393599990	 -0.535 	  -39.66 	 
0.393999990	 -0.537 	  -41.87 	 
0.394399990	 -0.539 	  -44.42 	 
0.394799990	 -0.540 	  -47.21 	 
0.395199990	 -0.542 	  -50.38 	 
0.395599990	 -0.545 	  -54.20 	 
0.395999990	 -0.549 	  -58.51 	 
0.396399990	 -0.552 	  -63.02 	 
0.396799990	 -0.557 	  -67.38 	 
0.397199990	 -0.561 	  -71.41 	 
0.397599990	 -0.565 	  -75.11 	 
0.397999990	 -0.568 	  -78.42 	 
0.398399990	 -0.572 	  -81.26 	 
0.398799990	 -0.574 	  -83.37 	 
0.399199990	 -0.576 	  -84.71 	 
0.399599990	 -0.578 	  -85.37 	 
0.399999990	 -0.578 	  -85.37 	 
0.400399990	 -0.579 	  -84.78 	 
0.400799990	 -0.578 	  -83.65 	 
0.401199990	 -0.577 	  -81.91 	 
0.401599990	 -0.577 	  -79.68 	 
0.401999990	 -0.575 	  -76.88 	 
0.402399990	 -0.572 	  -73.27 	 
0.402799990	 -0.571 	  -69.37 	 
0.403199990	 -0.567 	  -65.37 	 
0.403599990	 -0.564 	  -61.35 	 
0.403999990	 -0.561 	  -57.15 	 
0.404399990	 -0.557 	  -52.98 	 
0.404799990	 -0.553 	  -49.03 	 
0.405199990	 -0.549 	  -45.59 	 
0.405599990	 -0.545 	  -42.72 	 
0.405999990	 -0.542 	  -40.43 	 
0.406399990	 -0.539 	  -38.84 	 
0.406799990	 -0.537 	  -37.87 	 
0.407199990	 -0.536 	  -37.70 	 
0.407599990	 -0.535 	  -38.53 	 
0.407999990	 -0.536 	  -40.24 	 
0.408399990	 -0.537 	  -42.53 	 
0.408799990	 -0.539 	  -45.19 	 
0.409199990	 -0.541 	  -48.09 	 
