0.000000000	 -0.267 	  -85.24 	 
0.000400000	 -0.267 	  -84.31 	 
0.000800000	 -0.266 	  -82.93 	 
0.001200000	 -0.266 	  -81.06 	 
0.001600000	 -0.263 	  -78.86 	 
0.002000000	 -0.261 	  -76.10 	 
0.002400000	 -0.257 	  -72.66 	 
0.002800000	 -0.254 	  -68.74 	 
0.003200000	 -0.249 	  -64.64 	 
0.003600000	 -0.244 	  -60.48 	 
0.004000000	 -0.238 	  -56.25 	 
0.004400000	 -0.231 	  -52.13 	 
0.004800000	 -0.225 	  -48.31 	 
0.005200000	 -0.219 	  -44.93 	 
0.005600000	 -0.213 	  -42.12 	 
0.006000000	 -0.208 	  -39.97 	 
0.006400000	 -0.203 	  -38.53 	 
0.006800000	 -0.200 	  -37.80 	 
0.007200000	 -0.198 	  -37.81 	 
0.007600000	 -0.198 	  -38.75 	 
0.008000000	 -0.198 	  -40.62 	 
0.008400000	 -0.202 	  -43.28 	 
0.008800000	 -0.204 	  -46.31 	 
0.009200000	 -0.208 	  -49.52 	 
0.009600000	 -0.212 	  -52.98 	 
0.010000000	 -0.217 	  -56.71 	 
0.010400000	 -0.223 	  -60.78 	 
0.010800000	 -0.229 	  -65.14 	 
0.011200000	 -0.235 	  -69.47 	 
0.011600000	 -0.242 	  -73.62 	 
0.012000000	 -0.248 	  -77.30 	 
0.012400000	 -0.253 	  -80.44 	 
0.012800000	 -0.258 	  -82.80 	 
0.013200000	 -0.262 	  -84.42 	 
0.013600000	 -0.265 	  -85.33 	 
0.014000000	 -0.266 	  -85.54 	 
0.014400000	 -0.267 	  -85.14 	 
0.014800000	 -0.267 	  -84.19 	 
0.015200000	 -0.266 	  -82.41 	 
0.015600000	 -0.264 	  -80.41 	 
0.016000000	 -0.263 	  -78.12 	 
0.016400000	 -0.260 	  -75.12 	 
0.016800000	 -0.257 	  -71.55 	 
0.017200000	 -0.252 	  -67.61 	 
0.017600000	 -0.247 	  -63.55 	 
0.018000000	 -0.242 	  -59.35 	 
0.018400000	 -0.236 	  -55.10 	 
0.018800000	 -0.230 	  -50.98 	 
0.019200000	 -0.223 	  -47.22 	 
0.019600000	 -0.217 	  -43.95 	 
0.019999999	 -0.210 	  -41.32 	 
0.020399999	 -0.206 	  -39.39 	 
0.020799999	 -0.202 	  -38.18 	 
0.021199999	 -0.200 	  -37.70 	 
0.021599999	 -0.198 	  -38.04 	 
0.021999999	 -0.199 	  -39.29 	 
0.022399999	 -0.199 	  -41.40 	 
0.022799999	 -0.202 	  -44.14 	 
0.023199999	 -0.206 	  -47.16 	 
0.023599999	 -0.210 	  -50.38 	 
0.023999999	 -0.214 	  -53.92 	 
0.024399999	 -0.219 	  -57.80 	 
0.024799999	 -0.224 	  -62.04 	 
0.025199999	 -0.230 	  -66.41 	 
0.025599999	 -0.238 	  -70.73 	 
0.025999999	 -0.244 	  -74.75 	 
0.026399999	 -0.249 	  -78.26 	 
0.026799999	 -0.255 	  -81.15 	 
0.027199999	 -0.259 	  -83.27 	 
0.027599999	 -0.262 	  -84.70 	 
0.027999999	 -0.265 	  -85.44 	 
0.028399999	 -0.267 	  -85.52 	 
0.028799999	 -0.268 	  -84.87 	 
0.029199999	 -0.266 	  -83.57 	 
0.029599999	 -0.266 	  -81.86 	 
0.029999999	 -0.264 	  -79.74 	 
0.030399999	 -0.262 	  -77.27 	 
0.030799999	 -0.259 	  -74.11 	 
0.031199999	 -0.256 	  -70.40 	 
0.031599999	 -0.251 	  -66.37 	 
0.031999999	 -0.245 	  -62.23 	 
0.032399999	 -0.240 	  -58.02 	 
0.032799999	 -0.234 	  -53.84 	 
0.033199999	 -0.228 	  -49.87 	 
0.033599999	 -0.222 	  -46.28 	 
0.033999999	 -0.215 	  -43.26 	 
0.034399999	 -0.209 	  -40.89 	 
0.034799999	 -0.205 	  -39.15 	 
0.035199999	 -0.202 	  -37.92 	 
0.035599999	 -0.199 	  -37.64 	 
0.035999999	 -0.198 	  -38.20 	 
0.036399999	 -0.198 	  -39.69 	 
0.036799999	 -0.200 	  -42.01 	 
0.037199999	 -0.203 	  -44.87 	 
0.037599999	 -0.207 	  -47.98 	 
0.037999999	 -0.210 	  -51.33 	 
0.038399999	 -0.215 	  -54.96 	 
0.038799999	 -0.220 	  -58.94 	 
0.039199999	 -0.226 	  -63.22 	 
0.039599999	 -0.233 	  -67.62 	 
0.039999999	 -0.239 	  -71.87 	 
0.040399999	 -0.245 	  -75.75 	 
0.040799999	 -0.251 	  -79.10 	 
0.041199999	 -0.256 	  -81.80 	 
0.041599999	 -0.260 	  -83.75 	 
0.041999999	 -0.264 	  -84.97 	 
0.042399999	 -0.266 	  -85.46 	 
0.042799999	 -0.267 	  -85.28 	 
0.043199999	 -0.267 	  -84.43 	 
0.043599999	 -0.267 	  -83.09 	 
0.043999999	 -0.266 	  -81.25 	 
0.044399999	 -0.264 	  -79.12 	 
0.044799999	 -0.261 	  -76.52 	 
0.045199999	 -0.258 	  -73.20 	 
0.045599999	 -0.255 	  -69.36 	 
0.045999999	 -0.250 	  -65.20 	 
0.046399999	 -0.244 	  -60.94 	 
0.046799999	 -0.238 	  -56.75 	 
0.047199999	 -0.232 	  -52.64 	 
0.047599999	 -0.226 	  -48.78 	 
0.047999999	 -0.220 	  -45.33 	 
0.048399999	 -0.214 	  -42.42 	 
0.048799999	 -0.208 	  -40.16 	 
0.049199999	 -0.204 	  -38.64 	 
0.049599999	 -0.200 	  -37.87 	 
0.049999999	 -0.199 	  -37.81 	 
0.050399999	 -0.198 	  -38.61 	 
0.050799999	 -0.198 	  -40.31 	 
0.051199999	 -0.201 	  -42.79 	 
0.051599999	 -0.204 	  -45.77 	 
0.051999999	 -0.208 	  -48.96 	 
0.052399999	 -0.212 	  -52.36 	 
0.052799999	 -0.217 	  -56.12 	 
0.053199999	 -0.222 	  -60.20 	 
0.053599999	 -0.228 	  -64.56 	 
0.053999999	 -0.234 	  -68.98 	 
0.054399999	 -0.241 	  -73.25 	 
0.054799999	 -0.247 	  -76.87 	 
0.055199999	 -0.253 	  -79.89 	 
0.055599999	 -0.257 	  -82.33 	 
0.055999999	 -0.261 	  -84.05 	 
0.056399999	 -0.264 	  -85.12 	 
0.056799999	 -0.266 	  -85.48 	 
0.057199999	 -0.268 	  -85.17 	 
0.057599999	 -0.267 	  -84.21 	 
0.057999999	 -0.267 	  -82.67 	 
0.058399999	 -0.265 	  -80.70 	 
0.058799999	 -0.262 	  -78.41 	 
0.059199999	 -0.260 	  -75.60 	 
0.059599998	 -0.257 	  -72.17 	 
0.059999998	 -0.254 	  -68.20 	 
0.060399998	 -0.248 	  -64.05 	 
0.060799998	 -0.243 	  -59.83 	 
0.061199998	 -0.237 	  -55.62 	 
0.061599998	 -0.230 	  -51.53 	 
0.061999998	 -0.224 	  -47.77 	 
0.062399998	 -0.218 	  -44.45 	 
0.062799998	 -0.212 	  -41.69 	 
0.063199998	 -0.207 	  -39.66 	 
0.063599998	 -0.203 	  -38.34 	 
0.063999998	 -0.200 	  -37.77 	 
0.064399998	 -0.198 	  -37.97 	 
0.064799998	 -0.199 	  -39.07 	 
0.065199998	 -0.200 	  -41.05 	 
0.065599998	 -0.202 	  -43.73 	 
0.065999998	 -0.205 	  -46.74 	 
0.066399998	 -0.209 	  -49.95 	 
0.066799998	 -0.213 	  -53.43 	 
0.067199998	 -0.218 	  -57.23 	 
0.067599998	 -0.224 	  -61.40 	 
0.067999998	 -0.230 	  -65.77 	 
0.068399998	 -0.235 	  -70.10 	 
0.068799998	 -0.242 	  -74.17 	 
0.069199998	 -0.249 	  -77.79 	 
0.069599998	 -0.254 	  -80.77 	 
0.069999998	 -0.258 	  -83.03 	 
0.070399998	 -0.262 	  -84.55 	 
0.070799998	 -0.265 	  -85.35 	 
0.071199998	 -0.267 	  -85.48 	 
0.071599998	 -0.267 	  -84.93 	 
0.071999998	 -0.267 	  -83.79 	 
0.072399998	 -0.266 	  -82.17 	 
0.072799998	 -0.265 	  -80.13 	 
0.073199998	 -0.262 	  -77.78 	 
0.073599998	 -0.259 	  -74.73 	 
0.073999998	 -0.256 	  -71.03 	 
0.074399998	 -0.251 	  -67.16 	 
0.074799998	 -0.247 	  -62.91 	 
0.075199998	 -0.241 	  -58.64 	 
0.075599998	 -0.235 	  -54.47 	 
0.075999998	 -0.229 	  -50.42 	 
0.076399998	 -0.223 	  -46.73 	 
0.076799998	 -0.216 	  -43.54 	 
0.077199998	 -0.211 	  -40.99 	 
0.077599998	 -0.206 	  -39.17 	 
0.077999998	 -0.201 	  -38.08 	 
0.078399998	 -0.199 	  -37.73 	 
0.078799998	 -0.198 	  -38.30 	 
0.079199998	 -0.199 	  -39.70 	 
0.079599998	 -0.200 	  -41.78 	 
0.079999998	 -0.203 	  -44.49 	 
0.080399998	 -0.206 	  -47.57 	 
0.080799998	 -0.210 	  -50.83 	 
0.081199998	 -0.215 	  -54.40 	 
0.081599998	 -0.219 	  -58.35 	 
0.081999998	 -0.226 	  -62.61 	 
0.082399998	 -0.231 	  -67.00 	 
0.082799998	 -0.238 	  -71.30 	 
0.083199998	 -0.244 	  -75.23 	 
0.083599998	 -0.250 	  -78.64 	 
0.083999998	 -0.255 	  -81.44 	 
0.084399998	 -0.260 	  -83.55 	 
0.084799998	 -0.263 	  -84.87 	 
0.085199998	 -0.265 	  -85.48 	 
0.085599998	 -0.267 	  -85.39 	 
0.085999998	 -0.267 	  -84.65 	 
0.086399998	 -0.267 	  -83.36 	 
0.086799998	 -0.266 	  -81.60 	 
0.087199998	 -0.264 	  -79.47 	 
0.087599998	 -0.261 	  -76.89 	 
0.087999998	 -0.259 	  -73.64 	 
0.088399998	 -0.255 	  -69.99 	 
0.088799998	 -0.251 	  -65.80 	 
0.089199998	 -0.245 	  -61.68 	 
0.089599998	 -0.240 	  -57.47 	 
0.089999998	 -0.233 	  -53.25 	 
0.090399998	 -0.227 	  -49.25 	 
0.090799998	 -0.220 	  -45.70 	 
0.091199998	 -0.214 	  -42.68 	 
0.091599998	 -0.209 	  -40.34 	 
0.091999998	 -0.204 	  -38.71 	 
0.092399998	 -0.201 	  -37.88 	 
0.092799998	 -0.199 	  -37.76 	 
0.093199998	 -0.199 	  -38.48 	 
0.093599998	 -0.198 	  -40.05 	 
0.093999998	 -0.201 	  -42.46 	 
0.094399998	 -0.203 	  -45.51 	 
0.094799998	 -0.207 	  -48.42 	 
0.095199998	 -0.211 	  -51.75 	 
0.095599998	 -0.216 	  -55.43 	 
0.095999998	 -0.221 	  -59.62 	 
0.096399998	 -0.227 	  -63.94 	 
0.096799998	 -0.233 	  -68.20 	 
0.097199998	 -0.240 	  -72.40 	 
0.097599998	 -0.246 	  -76.24 	 
0.097999998	 -0.252 	  -79.47 	 
0.098399998	 -0.256 	  -82.04 	 
0.098799998	 -0.261 	  -83.89 	 
0.099199997	 -0.264 	  -85.04 	 
0.099599997	 -0.265 	  -85.45 	 
0.099999997	 -0.267 	  -85.15 	 
0.100399997	 -0.267 	  -84.24 	 
0.100799997	 -0.267 	  -82.85 	 
0.101199997	 -0.265 	  -81.01 	 
0.101599997	 -0.263 	  -78.84 	 
0.101999997	 -0.260 	  -76.06 	 
0.102399997	 -0.257 	  -72.62 	 
0.102799997	 -0.254 	  -68.67 	 
0.103199997	 -0.249 	  -64.53 	 
0.103599997	 -0.243 	  -60.34 	 
0.103999997	 -0.238 	  -56.32 	 
0.104399997	 -0.231 	  -52.26 	 
0.104799997	 -0.225 	  -48.46 	 
0.105199997	 -0.219 	  -45.09 	 
0.105599997	 -0.213 	  -42.22 	 
0.105999997	 -0.207 	  -39.90 	 
0.106399997	 -0.203 	  -38.32 	 
0.106799997	 -0.199 	  -37.73 	 
0.107199997	 -0.198 	  -37.81 	 
0.107599997	 -0.198 	  -38.82 	 
0.107999997	 -0.199 	  -40.58 	 
0.108399997	 -0.201 	  -43.21 	 
0.108799997	 -0.204 	  -46.19 	 
0.109199997	 -0.208 	  -49.36 	 
0.109599997	 -0.212 	  -52.76 	 
0.109999997	 -0.217 	  -56.51 	 
0.110399997	 -0.222 	  -60.66 	 
0.110799997	 -0.229 	  -65.06 	 
0.111199997	 -0.235 	  -69.43 	 
0.111599997	 -0.241 	  -73.58 	 
0.111999997	 -0.248 	  -77.24 	 
0.112399997	 -0.254 	  -80.33 	 
0.112799997	 -0.258 	  -82.72 	 
0.113199997	 -0.262 	  -84.38 	 
0.113599997	 -0.265 	  -85.33 	 
0.113999997	 -0.266 	  -85.57 	 
0.114399997	 -0.267 	  -85.22 	 
0.114799997	 -0.267 	  -84.08 	 
0.115199997	 -0.266 	  -82.50 	 
0.115599997	 -0.265 	  -80.49 	 
0.115999997	 -0.263 	  -78.18 	 
0.116399997	 -0.260 	  -75.23 	 
0.116799997	 -0.256 	  -71.45 	 
0.117199997	 -0.252 	  -67.46 	 
0.117599997	 -0.247 	  -63.31 	 
0.117999997	 -0.242 	  -59.09 	 
0.118399997	 -0.235 	  -54.89 	 
0.118799997	 -0.229 	  -50.83 	 
0.119199997	 -0.223 	  -47.11 	 
0.119599997	 -0.217 	  -43.93 	 
0.119999997	 -0.211 	  -41.21 	 
0.120399997	 -0.206 	  -39.29 	 
0.120799997	 -0.203 	  -38.09 	 
0.121199997	 -0.200 	  -37.62 	 
0.121599997	 -0.198 	  -37.95 	 
0.121999997	 -0.198 	  -39.17 	 
0.122399997	 -0.199 	  -41.25 	 
0.122799997	 -0.202 	  -44.00 	 
0.123199997	 -0.205 	  -47.03 	 
0.123599997	 -0.208 	  -50.33 	 
0.123999997	 -0.213 	  -53.98 	 
0.124399997	 -0.219 	  -57.76 	 
0.124799997	 -0.224 	  -62.11 	 
0.125199997	 -0.231 	  -66.55 	 
0.125599997	 -0.236 	  -70.80 	 
0.125999997	 -0.243 	  -74.86 	 
0.126399997	 -0.250 	  -78.35 	 
0.126799997	 -0.254 	  -81.04 	 
0.127199997	 -0.259 	  -83.20 	 
0.127599997	 -0.263 	  -84.62 	 
0.127999997	 -0.265 	  -85.30 	 
0.128399997	 -0.266 	  -85.33 	 
0.128799997	 -0.267 	  -84.72 	 
0.129199997	 -0.267 	  -83.53 	 
0.129599997	 -0.265 	  -81.84 	 
0.129999997	 -0.264 	  -79.74 	 
0.130399997	 -0.262 	  -77.24 	 
0.130799997	 -0.259 	  -74.13 	 
0.131199997	 -0.256 	  -70.38 	 
0.131599997	 -0.251 	  -66.39 	 
0.131999997	 -0.245 	  -62.25 	 
0.132399997	 -0.240 	  -58.01 	 
0.132799997	 -0.233 	  -53.80 	 
0.133199997	 -0.228 	  -49.80 	 
0.133599997	 -0.221 	  -46.19 	 
0.133999997	 -0.214 	  -43.14 	 
0.134399997	 -0.209 	  -40.81 	 
0.134799997	 -0.205 	  -38.87 	 
0.135199997	 -0.201 	  -37.84 	 
0.135599997	 -0.199 	  -37.57 	 
0.135999997	 -0.198 	  -38.14 	 
0.136399997	 -0.198 	  -39.66 	 
0.136799997	 -0.200 	  -42.01 	 
0.137199997	 -0.202 	  -44.91 	 
0.137599997	 -0.206 	  -48.01 	 
0.137999997	 -0.210 	  -51.34 	 
0.138399997	 -0.215 	  -54.92 	 
0.138799996	 -0.220 	  -58.87 	 
0.139199996	 -0.226 	  -63.13 	 
0.139599996	 -0.233 	  -67.60 	 
0.139999996	 -0.238 	  -71.84 	 
0.140399996	 -0.245 	  -75.77 	 
0.140799996	 -0.251 	  -79.14 	 
0.141199996	 -0.256 	  -81.82 	 
0.141599996	 -0.260 	  -83.77 	 
0.141999996	 -0.264 	  -84.99 	 
0.142399996	 -0.266 	  -85.47 	 
0.142799996	 -0.266 	  -85.26 	 
0.143199996	 -0.267 	  -84.45 	 
0.143599996	 -0.267 	  -83.09 	 
0.143999996	 -0.266 	  -81.27 	 
0.144399996	 -0.264 	  -79.15 	 
0.144799996	 -0.261 	  -76.55 	 
0.145199996	 -0.258 	  -73.25 	 
0.145599996	 -0.254 	  -69.34 	 
0.145999996	 -0.250 	  -65.21 	 
0.146399996	 -0.244 	  -61.02 	 
0.146799996	 -0.239 	  -56.80 	 
0.147199996	 -0.233 	  -52.65 	 
0.147599996	 -0.226 	  -48.75 	 
0.147999996	 -0.220 	  -45.29 	 
0.148399996	 -0.213 	  -42.37 	 
0.148799996	 -0.208 	  -40.10 	 
0.149199996	 -0.204 	  -38.58 	 
0.149599996	 -0.201 	  -37.80 	 
0.149999996	 -0.198 	  -37.77 	 
0.150399996	 -0.197 	  -38.62 	 
0.150799996	 -0.198 	  -40.35 	 
0.151199996	 -0.201 	  -42.84 	 
0.151599996	 -0.203 	  -45.76 	 
0.151999996	 -0.207 	  -48.93 	 
0.152399996	 -0.212 	  -52.31 	 
0.152799996	 -0.217 	  -56.07 	 
0.153199996	 -0.222 	  -60.16 	 
0.153599996	 -0.227 	  -64.60 	 
0.153999996	 -0.234 	  -69.02 	 
0.154399996	 -0.240 	  -73.07 	 
0.154799996	 -0.247 	  -76.73 	 
0.155199996	 -0.253 	  -79.88 	 
0.155599996	 -0.257 	  -82.37 	 
0.155999996	 -0.262 	  -84.09 	 
0.156399996	 -0.264 	  -85.13 	 
0.156799996	 -0.266 	  -85.46 	 
0.157199996	 -0.267 	  -85.14 	 
0.157599996	 -0.267 	  -84.20 	 
0.157999996	 -0.266 	  -82.73 	 
0.158399996	 -0.265 	  -80.86 	 
0.158799996	 -0.263 	  -78.41 	 
0.159199996	 -0.260 	  -75.53 	 
0.159599996	 -0.257 	  -72.02 	 
0.159999996	 -0.253 	  -68.14 	 
0.160399996	 -0.248 	  -64.07 	 
0.160799996	 -0.243 	  -59.86 	 
0.161199996	 -0.236 	  -55.63 	 
0.161599996	 -0.231 	  -51.49 	 
0.161999996	 -0.224 	  -47.67 	 
0.162399996	 -0.218 	  -44.35 	 
0.162799996	 -0.211 	  -41.61 	 
0.163199996	 -0.207 	  -39.57 	 
0.163599996	 -0.203 	  -38.22 	 
0.163999996	 -0.200 	  -37.64 	 
0.164399996	 -0.199 	  -37.86 	 
0.164799996	 -0.198 	  -39.02 	 
0.165199996	 -0.199 	  -41.01 	 
0.165599996	 -0.202 	  -43.80 	 
0.165999996	 -0.205 	  -46.84 	 
0.166399996	 -0.209 	  -50.01 	 
0.166799996	 -0.213 	  -53.36 	 
0.167199996	 -0.218 	  -57.16 	 
0.167599996	 -0.223 	  -61.32 	 
0.167999996	 -0.229 	  -65.71 	 
0.168399996	 -0.235 	  -70.07 	 
0.168799996	 -0.243 	  -74.13 	 
0.169199996	 -0.249 	  -77.74 	 
0.169599996	 -0.254 	  -80.74 	 
0.169999996	 -0.258 	  -83.02 	 
0.170399996	 -0.263 	  -84.54 	 
0.170799996	 -0.265 	  -85.34 	 
0.171199996	 -0.266 	  -85.44 	 
0.171599996	 -0.267 	  -84.87 	 
0.171999996	 -0.266 	  -83.77 	 
0.172399996	 -0.266 	  -82.17 	 
0.172799996	 -0.265 	  -80.11 	 
0.173199996	 -0.263 	  -77.76 	 
0.173599996	 -0.260 	  -74.78 	 
0.173999996	 -0.256 	  -71.10 	 
0.174399996	 -0.252 	  -67.05 	 
0.174799996	 -0.246 	  -62.81 	 
0.175199996	 -0.242 	  -58.59 	 
0.175599996	 -0.235 	  -54.38 	 
0.175999996	 -0.228 	  -50.34 	 
0.176399996	 -0.222 	  -46.69 	 
0.176799996	 -0.216 	  -43.56 	 
0.177199996	 -0.210 	  -41.01 	 
0.177599996	 -0.205 	  -39.15 	 
0.177999996	 -0.202 	  -37.99 	 
0.178399995	 -0.199 	  -37.62 	 
0.178799995	 -0.198 	  -38.08 	 
0.179199995	 -0.198 	  -39.48 	 
0.179599995	 -0.200 	  -41.73 	 
0.179999995	 -0.202 	  -44.53 	 
0.180399995	 -0.205 	  -47.58 	 
0.180799995	 -0.210 	  -50.83 	 
0.181199995	 -0.214 	  -54.40 	 
0.181599995	 -0.220 	  -58.33 	 
0.181999995	 -0.225 	  -62.56 	 
0.182399995	 -0.231 	  -66.96 	 
0.182799995	 -0.238 	  -71.26 	 
0.183199995	 -0.244 	  -75.24 	 
0.183599995	 -0.250 	  -78.69 	 
0.183999995	 -0.255 	  -81.47 	 
0.184399995	 -0.259 	  -83.55 	 
0.184799995	 -0.264 	  -84.91 	 
0.185199995	 -0.266 	  -85.52 	 
0.185599995	 -0.267 	  -85.44 	 
0.185999995	 -0.268 	  -84.65 	 
0.186399995	 -0.266 	  -83.32 	 
0.186799995	 -0.266 	  -81.58 	 
0.187199995	 -0.264 	  -79.50 	 
0.187599995	 -0.262 	  -76.94 	 
0.187999995	 -0.259 	  -73.64 	 
0.188399995	 -0.255 	  -69.83 	 
0.188799995	 -0.251 	  -65.84 	 
0.189199995	 -0.246 	  -61.72 	 
0.189599995	 -0.239 	  -57.49 	 
0.189999995	 -0.234 	  -53.32 	 
0.190399995	 -0.227 	  -49.34 	 
0.190799995	 -0.220 	  -45.79 	 
0.191199995	 -0.214 	  -42.79 	 
0.191599995	 -0.209 	  -40.38 	 
0.191999995	 -0.205 	  -38.73 	 
0.192399995	 -0.201 	  -37.84 	 
0.192799995	 -0.199 	  -37.70 	 
0.193199995	 -0.198 	  -38.43 	 
0.193599995	 -0.198 	  -40.11 	 
0.193999995	 -0.201 	  -42.60 	 
0.194399995	 -0.204 	  -45.54 	 
0.194799995	 -0.207 	  -48.53 	 
0.195199995	 -0.211 	  -51.84 	 
0.195599995	 -0.216 	  -55.44 	 
0.195999995	 -0.221 	  -59.44 	 
0.196399995	 -0.227 	  -63.72 	 
0.196799995	 -0.233 	  -68.19 	 
0.197199995	 -0.239 	  -72.44 	 
0.197599995	 -0.246 	  -76.28 	 
0.197999995	 -0.252 	  -79.55 	 
0.198399995	 -0.256 	  -82.12 	 
0.198799995	 -0.261 	  -83.95 	 
0.199199995	 -0.263 	  -85.05 	 
0.199599995	 -0.266 	  -85.49 	 
0.199999995	 -0.267 	  -85.23 	 
0.200399995	 -0.267 	  -84.33 	 
0.200799995	 -0.266 	  -82.87 	 
0.201199995	 -0.265 	  -80.97 	 
0.201599995	 -0.263 	  -78.77 	 
0.201999995	 -0.261 	  -76.03 	 
0.202399995	 -0.258 	  -72.59 	 
0.202799995	 -0.253 	  -68.70 	 
0.203199995	 -0.249 	  -64.62 	 
0.203599995	 -0.243 	  -60.43 	 
0.203999995	 -0.238 	  -56.22 	 
0.204399995	 -0.231 	  -52.13 	 
0.204799995	 -0.225 	  -48.33 	 
0.205199995	 -0.219 	  -44.96 	 
0.205599995	 -0.213 	  -42.12 	 
0.205999995	 -0.208 	  -39.96 	 
0.206399995	 -0.204 	  -38.47 	 
0.206799995	 -0.201 	  -37.79 	 
0.207199995	 -0.199 	  -37.84 	 
0.207599995	 -0.198 	  -38.76 	 
0.207999995	 -0.199 	  -40.62 	 
0.208399995	 -0.201 	  -43.25 	 
0.208799995	 -0.204 	  -46.28 	 
0.209199995	 -0.208 	  -49.48 	 
0.209599995	 -0.212 	  -52.87 	 
0.209999995	 -0.217 	  -56.60 	 
0.210399995	 -0.223 	  -60.68 	 
0.210799995	 -0.229 	  -65.05 	 
0.211199995	 -0.235 	  -69.42 	 
0.211599995	 -0.242 	  -73.58 	 
0.211999995	 -0.247 	  -77.27 	 
0.212399995	 -0.254 	  -80.35 	 
0.212799995	 -0.259 	  -82.70 	 
0.213199995	 -0.262 	  -84.36 	 
0.213599995	 -0.265 	  -85.36 	 
0.213999995	 -0.266 	  -85.69 	 
0.214399995	 -0.267 	  -85.18 	 
0.214799995	 -0.267 	  -83.96 	 
0.215199995	 -0.267 	  -82.35 	 
0.215599995	 -0.264 	  -80.29 	 
0.215999995	 -0.262 	  -77.99 	 
0.216399995	 -0.260 	  -75.07 	 
0.216799995	 -0.257 	  -71.45 	 
0.217199995	 -0.253 	  -67.44 	 
0.217599995	 -0.247 	  -63.39 	 
0.217999994	 -0.242 	  -59.25 	 
0.218399994	 -0.236 	  -55.11 	 
0.218799994	 -0.230 	  -51.04 	 
0.219199994	 -0.223 	  -47.28 	 
0.219599994	 -0.217 	  -44.01 	 
0.219999994	 -0.211 	  -41.33 	 
0.220399994	 -0.206 	  -39.36 	 
0.220799994	 -0.202 	  -38.09 	 
0.221199994	 -0.200 	  -37.60 	 
0.221599994	 -0.199 	  -37.96 	 
0.221999994	 -0.198 	  -39.28 	 
0.222399994	 -0.200 	  -41.41 	 
0.222799994	 -0.202 	  -44.14 	 
0.223199994	 -0.206 	  -47.14 	 
0.223599994	 -0.209 	  -50.32 	 
0.223999994	 -0.214 	  -53.80 	 
0.224399994	 -0.219 	  -57.65 	 
0.224799994	 -0.224 	  -61.85 	 
0.225199994	 -0.230 	  -66.27 	 
0.225599994	 -0.237 	  -70.62 	 
0.225999994	 -0.243 	  -74.61 	 
0.226399994	 -0.250 	  -78.08 	 
0.226799994	 -0.255 	  -80.91 	 
0.227199994	 -0.259 	  -83.06 	 
0.227599994	 -0.262 	  -84.54 	 
0.227999994	 -0.265 	  -85.30 	 
0.228399994	 -0.266 	  -85.32 	 
0.228799994	 -0.267 	  -84.65 	 
0.229199994	 -0.267 	  -83.39 	 
0.229599994	 -0.266 	  -81.66 	 
0.229999994	 -0.263 	  -79.61 	 
0.230399994	 -0.262 	  -77.11 	 
0.230799994	 -0.259 	  -74.02 	 
0.231199994	 -0.255 	  -70.29 	 
0.231599994	 -0.251 	  -66.33 	 
0.231999994	 -0.245 	  -62.18 	 
0.232399994	 -0.240 	  -57.95 	 
0.232799994	 -0.234 	  -53.74 	 
0.233199994	 -0.228 	  -49.76 	 
0.233599994	 -0.222 	  -46.16 	 
0.233999994	 -0.215 	  -43.12 	 
0.234399994	 -0.209 	  -40.64 	 
0.234799994	 -0.205 	  -38.89 	 
0.235199994	 -0.201 	  -37.87 	 
0.235599994	 -0.198 	  -37.57 	 
0.235999994	 -0.198 	  -38.16 	 
0.236399994	 -0.199 	  -39.63 	 
0.236799994	 -0.200 	  -42.01 	 
0.237199994	 -0.203 	  -44.89 	 
0.237599994	 -0.207 	  -48.02 	 
0.237999994	 -0.210 	  -51.29 	 
0.238399994	 -0.215 	  -54.86 	 
0.238799994	 -0.220 	  -58.83 	 
0.239199994	 -0.226 	  -63.07 	 
0.239599994	 -0.232 	  -67.43 	 
0.239999994	 -0.238 	  -71.66 	 
0.240399994	 -0.245 	  -75.59 	 
0.240799994	 -0.251 	  -78.95 	 
0.241199994	 -0.256 	  -81.63 	 
0.241599994	 -0.259 	  -83.57 	 
0.241999994	 -0.263 	  -84.77 	 
0.242399994	 -0.266 	  -85.28 	 
0.242799994	 -0.267 	  -85.10 	 
0.243199994	 -0.267 	  -84.28 	 
0.243599994	 -0.266 	  -82.94 	 
0.243999994	 -0.266 	  -81.12 	 
0.244399994	 -0.263 	  -79.01 	 
0.244799994	 -0.261 	  -76.33 	 
0.245199994	 -0.258 	  -73.00 	 
0.245599994	 -0.254 	  -69.15 	 
0.245999994	 -0.250 	  -65.13 	 
0.246399994	 -0.244 	  -60.98 	 
0.246799994	 -0.239 	  -56.78 	 
0.247199994	 -0.232 	  -52.61 	 
0.247599994	 -0.226 	  -48.71 	 
0.247999994	 -0.220 	  -45.27 	 
0.248399994	 -0.214 	  -42.35 	 
0.248799994	 -0.208 	  -40.07 	 
0.249199994	 -0.203 	  -38.54 	 
0.249599994	 -0.201 	  -37.75 	 
0.249999994	 -0.199 	  -37.72 	 
0.250399994	 -0.197 	  -38.58 	 
0.250799994	 -0.198 	  -40.33 	 
0.251199994	 -0.201 	  -42.85 	 
0.251599994	 -0.204 	  -45.79 	 
0.251999994	 -0.207 	  -48.92 	 
0.252399994	 -0.211 	  -52.28 	 
0.252799994	 -0.216 	  -56.01 	 
0.253199994	 -0.222 	  -60.09 	 
0.253599994	 -0.228 	  -64.44 	 
0.253999994	 -0.234 	  -68.84 	 
0.254399994	 -0.241 	  -73.00 	 
0.254799994	 -0.247 	  -76.71 	 
0.255199994	 -0.252 	  -79.83 	 
0.255599994	 -0.256 	  -82.29 	 
0.255999994	 -0.261 	  -84.05 	 
0.256399994	 -0.265 	  -85.13 	 
0.256799994	 -0.266 	  -85.45 	 
0.257199994	 -0.267 	  -85.08 	 
0.257599993	 -0.266 	  -84.06 	 
0.257999993	 -0.267 	  -82.56 	 
0.258399993	 -0.265 	  -80.67 	 
0.258799993	 -0.263 	  -78.40 	 
0.259199993	 -0.260 	  -75.52 	 
0.259599993	 -0.257 	  -72.03 	 
0.259999993	 -0.254 	  -68.19 	 
0.260399993	 -0.248 	  -64.15 	 
0.260799993	 -0.243 	  -59.94 	 
0.261199993	 -0.236 	  -55.63 	 
0.261599993	 -0.231 	  -51.54 	 
0.261999993	 -0.224 	  -47.78 	 
0.262399993	 -0.218 	  -44.48 	 
0.262799993	 -0.212 	  -41.72 	 
0.263199993	 -0.207 	  -39.68 	 
0.263599993	 -0.203 	  -38.35 	 
0.263999993	 -0.200 	  -37.78 	 
0.264399993	 -0.199 	  -37.99 	 
0.264799993	 -0.198 	  -39.06 	 
0.265199993	 -0.199 	  -41.04 	 
0.265599993	 -0.202 	  -43.77 	 
0.265999993	 -0.205 	  -46.78 	 
0.266399993	 -0.209 	  -50.00 	 
0.266799993	 -0.213 	  -53.41 	 
0.267199993	 -0.218 	  -57.17 	 
0.267599993	 -0.224 	  -61.30 	 
0.267999993	 -0.230 	  -65.67 	 
0.268399993	 -0.236 	  -70.07 	 
0.268799993	 -0.243 	  -74.18 	 
0.269199993	 -0.249 	  -77.79 	 
0.269599993	 -0.253 	  -80.77 	 
0.269999993	 -0.259 	  -83.01 	 
0.270399993	 -0.261 	  -84.51 	 
0.270799993	 -0.265 	  -85.33 	 
0.271199993	 -0.266 	  -85.48 	 
0.271599993	 -0.267 	  -84.97 	 
0.271999993	 -0.267 	  -83.85 	 
0.272399993	 -0.266 	  -82.18 	 
0.272799993	 -0.265 	  -80.09 	 
0.273199993	 -0.262 	  -77.69 	 
0.273599993	 -0.259 	  -74.62 	 
0.273999993	 -0.256 	  -70.91 	 
0.274399993	 -0.251 	  -66.93 	 
0.274799993	 -0.247 	  -62.82 	 
0.275199993	 -0.241 	  -58.67 	 
0.275599993	 -0.235 	  -54.50 	 
0.275999993	 -0.229 	  -50.49 	 
0.276399993	 -0.222 	  -46.85 	 
0.276799993	 -0.217 	  -43.65 	 
0.277199993	 -0.210 	  -41.06 	 
0.277599993	 -0.205 	  -39.19 	 
0.277999993	 -0.202 	  -38.05 	 
0.278399993	 -0.199 	  -37.68 	 
0.278799993	 -0.198 	  -38.17 	 
0.279199993	 -0.198 	  -39.55 	 
0.279599993	 -0.200 	  -41.78 	 
0.279999993	 -0.202 	  -44.61 	 
0.280399993	 -0.206 	  -47.70 	 
0.280799993	 -0.210 	  -50.92 	 
0.281199993	 -0.214 	  -54.45 	 
0.281599993	 -0.220 	  -58.30 	 
0.281999993	 -0.225 	  -62.51 	 
0.282399993	 -0.231 	  -66.92 	 
0.282799993	 -0.239 	  -71.22 	 
0.283199993	 -0.244 	  -75.22 	 
0.283599993	 -0.250 	  -78.69 	 
0.283999993	 -0.255 	  -81.49 	 
0.284399993	 -0.259 	  -83.54 	 
0.284799993	 -0.263 	  -84.87 	 
0.285199993	 -0.265 	  -85.50 	 
0.285599993	 -0.267 	  -85.41 	 
0.285999993	 -0.267 	  -84.65 	 
0.286399993	 -0.267 	  -83.33 	 
0.286799993	 -0.266 	  -81.58 	 
0.287199993	 -0.264 	  -79.45 	 
0.287599993	 -0.262 	  -76.80 	 
0.287999993	 -0.258 	  -73.56 	 
0.288399993	 -0.255 	  -69.81 	 
0.288799993	 -0.250 	  -65.86 	 
0.289199993	 -0.245 	  -61.70 	 
0.289599993	 -0.240 	  -57.52 	 
0.289999993	 -0.233 	  -53.31 	 
0.290399993	 -0.227 	  -49.32 	 
0.290799993	 -0.221 	  -45.74 	 
0.291199993	 -0.215 	  -42.71 	 
0.291599993	 -0.208 	  -40.36 	 
0.291999993	 -0.204 	  -38.71 	 
0.292399993	 -0.201 	  -37.83 	 
0.292799993	 -0.198 	  -37.72 	 
0.293199993	 -0.198 	  -38.47 	 
0.293599993	 -0.199 	  -40.12 	 
0.293999993	 -0.201 	  -42.52 	 
0.294399993	 -0.203 	  -45.40 	 
0.294799993	 -0.207 	  -48.47 	 
0.295199993	 -0.211 	  -51.80 	 
0.295599993	 -0.216 	  -55.41 	 
0.295999993	 -0.221 	  -59.42 	 
0.296399993	 -0.226 	  -63.72 	 
0.296799993	 -0.233 	  -68.15 	 
0.297199992	 -0.239 	  -72.43 	 
0.297599992	 -0.247 	  -76.30 	 
0.297999992	 -0.252 	  -79.58 	 
0.298399992	 -0.257 	  -82.16 	 
0.298799992	 -0.261 	  -83.96 	 
0.299199992	 -0.264 	  -85.08 	 
0.299599992	 -0.266 	  -85.47 	 
0.299999992	 -0.267 	  -85.18 	 
0.300399992	 -0.267 	  -84.27 	 
0.300799992	 -0.266 	  -82.87 	 
0.301199992	 -0.265 	  -81.01 	 
0.301599992	 -0.263 	  -78.84 	 
0.301999992	 -0.261 	  -76.03 	 
0.302399992	 -0.258 	  -72.57 	 
0.302799992	 -0.253 	  -68.66 	 
0.303199992	 -0.249 	  -64.59 	 
0.303599992	 -0.243 	  -60.41 	 
0.303999992	 -0.238 	  -56.23 	 
0.304399992	 -0.232 	  -52.12 	 
0.304799992	 -0.225 	  -48.30 	 
0.305199992	 -0.219 	  -44.91 	 
0.305599992	 -0.213 	  -42.07 	 
0.305999992	 -0.207 	  -39.88 	 
0.306399992	 -0.203 	  -38.43 	 
0.306799992	 -0.200 	  -37.73 	 
0.307199992	 -0.199 	  -37.79 	 
0.307599992	 -0.198 	  -38.75 	 
0.307999992	 -0.199 	  -40.63 	 
0.308399992	 -0.201 	  -43.23 	 
0.308799992	 -0.204 	  -46.25 	 
0.309199992	 -0.208 	  -49.46 	 
0.309599992	 -0.212 	  -52.90 	 
0.309999992	 -0.217 	  -56.63 	 
0.310399992	 -0.223 	  -60.71 	 
0.310799992	 -0.228 	  -65.05 	 
0.311199992	 -0.235 	  -69.42 	 
0.311599992	 -0.241 	  -73.58 	 
0.311999992	 -0.248 	  -77.30 	 
0.312399992	 -0.253 	  -80.40 	 
0.312799992	 -0.258 	  -82.82 	 
0.313199992	 -0.262 	  -84.41 	 
0.313599992	 -0.265 	  -85.26 	 
0.313999992	 -0.266 	  -85.42 	 
0.314399992	 -0.267 	  -84.93 	 
0.314799992	 -0.267 	  -83.88 	 
0.315199992	 -0.266 	  -82.36 	 
0.315599992	 -0.265 	  -80.39 	 
0.315999992	 -0.262 	  -78.09 	 
0.316399992	 -0.260 	  -75.11 	 
0.316799992	 -0.257 	  -71.46 	 
0.317199992	 -0.252 	  -67.54 	 
0.317599992	 -0.248 	  -63.46 	 
0.317999992	 -0.242 	  -59.27 	 
0.318399992	 -0.236 	  -55.06 	 
0.318799992	 -0.230 	  -50.98 	 
0.319199992	 -0.223 	  -47.24 	 
0.319599992	 -0.217 	  -43.99 	 
0.319999992	 -0.211 	  -41.31 	 
0.320399992	 -0.206 	  -39.37 	 
0.320799992	 -0.203 	  -38.19 	 
0.321199992	 -0.200 	  -37.73 	 
0.321599992	 -0.198 	  -38.06 	 
0.321999992	 -0.198 	  -39.28 	 
0.322399992	 -0.200 	  -41.34 	 
0.322799992	 -0.202 	  -44.05 	 
0.323199992	 -0.206 	  -47.10 	 
0.323599992	 -0.210 	  -50.37 	 
0.323999992	 -0.213 	  -53.89 	 
0.324399992	 -0.219 	  -57.82 	 
0.324799992	 -0.225 	  -62.03 	 
0.325199992	 -0.231 	  -66.41 	 
0.325599992	 -0.238 	  -70.71 	 
0.325999992	 -0.244 	  -74.70 	 
0.326399992	 -0.249 	  -78.20 	 
0.326799992	 -0.255 	  -81.11 	 
0.327199992	 -0.259 	  -83.31 	 
0.327599992	 -0.263 	  -84.71 	 
0.327999992	 -0.265 	  -85.39 	 
0.328399992	 -0.266 	  -85.35 	 
0.328799992	 -0.268 	  -84.69 	 
0.329199992	 -0.267 	  -83.52 	 
0.329599992	 -0.266 	  -81.84 	 
0.329999992	 -0.264 	  -79.79 	 
0.330399992	 -0.262 	  -77.32 	 
0.330799992	 -0.259 	  -74.10 	 
0.331199992	 -0.256 	  -70.40 	 
0.331599992	 -0.252 	  -66.34 	 
0.331999992	 -0.246 	  -62.17 	 
0.332399992	 -0.240 	  -58.01 	 
0.332799992	 -0.234 	  -53.87 	 
0.333199992	 -0.228 	  -49.94 	 
0.333599992	 -0.222 	  -46.32 	 
0.333999992	 -0.216 	  -43.21 	 
0.334399992	 -0.209 	  -40.71 	 
0.334799992	 -0.205 	  -38.96 	 
0.335199992	 -0.201 	  -37.97 	 
0.335599992	 -0.199 	  -37.70 	 
0.335999992	 -0.198 	  -38.27 	 
0.336399992	 -0.199 	  -39.72 	 
0.336799991	 -0.200 	  -42.05 	 
0.337199991	 -0.203 	  -44.96 	 
0.337599991	 -0.206 	  -48.05 	 
0.337999991	 -0.210 	  -51.36 	 
0.338399991	 -0.215 	  -54.95 	 
0.338799991	 -0.221 	  -58.95 	 
0.339199991	 -0.226 	  -63.24 	 
0.339599991	 -0.232 	  -67.61 	 
0.339999991	 -0.239 	  -71.87 	 
0.340399991	 -0.245 	  -75.77 	 
0.340799991	 -0.251 	  -79.13 	 
0.341199991	 -0.256 	  -81.86 	 
0.341599991	 -0.260 	  -83.79 	 
0.341999991	 -0.264 	  -84.98 	 
0.342399991	 -0.265 	  -85.45 	 
0.342799991	 -0.267 	  -85.25 	 
0.343199991	 -0.267 	  -84.45 	 
0.343599991	 -0.267 	  -83.10 	 
0.343999991	 -0.265 	  -81.32 	 
0.344399991	 -0.263 	  -79.18 	 
0.344799991	 -0.261 	  -76.47 	 
0.345199991	 -0.258 	  -73.08 	 
0.345599991	 -0.254 	  -69.24 	 
0.345999991	 -0.250 	  -65.23 	 
0.346399991	 -0.244 	  -61.07 	 
0.346799991	 -0.238 	  -56.89 	 
0.347199991	 -0.233 	  -52.69 	 
0.347599991	 -0.226 	  -48.75 	 
0.347999991	 -0.220 	  -45.26 	 
0.348399991	 -0.213 	  -42.33 	 
0.348799991	 -0.207 	  -40.05 	 
0.349199991	 -0.203 	  -38.52 	 
0.349599991	 -0.200 	  -37.77 	 
0.349999991	 -0.198 	  -37.75 	 
0.350399991	 -0.199 	  -38.62 	 
0.350799991	 -0.199 	  -40.36 	 
0.351199991	 -0.201 	  -42.85 	 
0.351599991	 -0.204 	  -45.80 	 
0.351999991	 -0.207 	  -48.95 	 
0.352399991	 -0.212 	  -52.32 	 
0.352799991	 -0.216 	  -56.05 	 
0.353199991	 -0.222 	  -60.10 	 
0.353599991	 -0.229 	  -64.45 	 
0.353999991	 -0.234 	  -68.85 	 
0.354399991	 -0.241 	  -73.00 	 
0.354799991	 -0.246 	  -76.76 	 
0.355199991	 -0.252 	  -79.93 	 
0.355599991	 -0.257 	  -82.45 	 
0.355999991	 -0.261 	  -84.23 	 
0.356399991	 -0.264 	  -85.24 	 
0.356799991	 -0.267 	  -85.48 	 
0.357199991	 -0.268 	  -85.11 	 
0.357599991	 -0.267 	  -84.12 	 
0.357999991	 -0.267 	  -82.65 	 
0.358399991	 -0.265 	  -80.71 	 
0.358799991	 -0.263 	  -78.47 	 
0.359199991	 -0.261 	  -75.55 	 
0.359599991	 -0.257 	  -72.00 	 
0.359999991	 -0.253 	  -68.12 	 
0.360399991	 -0.249 	  -64.07 	 
0.360799991	 -0.243 	  -59.86 	 
0.361199991	 -0.237 	  -55.64 	 
0.361599991	 -0.230 	  -51.51 	 
0.361999991	 -0.224 	  -47.69 	 
0.362399991	 -0.218 	  -44.34 	 
0.362799991	 -0.212 	  -41.59 	 
0.363199991	 -0.207 	  -39.55 	 
0.363599991	 -0.203 	  -38.29 	 
0.363999991	 -0.200 	  -37.77 	 
0.364399991	 -0.198 	  -37.97 	 
0.364799991	 -0.198 	  -39.02 	 
0.365199991	 -0.199 	  -40.97 	 
0.365599991	 -0.201 	  -43.62 	 
0.365999991	 -0.205 	  -46.66 	 
0.366399991	 -0.209 	  -49.90 	 
0.366799991	 -0.212 	  -53.38 	 
0.367199991	 -0.218 	  -57.14 	 
0.367599991	 -0.224 	  -61.28 	 
0.367999991	 -0.230 	  -65.71 	 
0.368399991	 -0.236 	  -70.12 	 
0.368799991	 -0.243 	  -74.23 	 
0.369199991	 -0.249 	  -77.84 	 
0.369599991	 -0.255 	  -80.81 	 
0.369999991	 -0.259 	  -83.04 	 
0.370399991	 -0.263 	  -84.52 	 
0.370799991	 -0.265 	  -85.28 	 
0.371199991	 -0.267 	  -85.39 	 
0.371599991	 -0.268 	  -84.87 	 
0.371999991	 -0.267 	  -83.81 	 
0.372399991	 -0.266 	  -82.19 	 
0.372799991	 -0.264 	  -80.15 	 
0.373199991	 -0.263 	  -77.70 	 
0.373599991	 -0.260 	  -74.62 	 
0.373999991	 -0.256 	  -70.92 	 
0.374399991	 -0.251 	  -66.96 	 
0.374799991	 -0.247 	  -62.85 	 
0.375199991	 -0.241 	  -58.64 	 
0.375599991	 -0.235 	  -54.43 	 
0.375999991	 -0.228 	  -50.39 	 
0.376399990	 -0.222 	  -46.74 	 
0.376799990	 -0.216 	  -43.58 	 
0.377199990	 -0.210 	  -41.01 	 
0.377599990	 -0.206 	  -39.19 	 
0.377999990	 -0.202 	  -38.08 	 
0.378399990	 -0.199 	  -37.70 	 
0.378799990	 -0.198 	  -38.12 	 
0.379199990	 -0.198 	  -39.46 	 
0.379599990	 -0.200 	  -41.64 	 
0.379999990	 -0.203 	  -44.48 	 
0.380399990	 -0.206 	  -47.60 	 
0.380799990	 -0.209 	  -50.89 	 
0.381199990	 -0.214 	  -54.43 	 
0.381599990	 -0.219 	  -58.35 	 
0.381999990	 -0.225 	  -62.60 	 
0.382399990	 -0.231 	  -66.96 	 
0.382799990	 -0.238 	  -71.29 	 
0.383199990	 -0.245 	  -75.25 	 
0.383599990	 -0.250 	  -78.69 	 
0.383999990	 -0.255 	  -81.47 	 
0.384399990	 -0.260 	  -83.54 	 
0.384799990	 -0.264 	  -84.85 	 
0.385199990	 -0.266 	  -85.48 	 
0.385599990	 -0.267 	  -85.40 	 
0.385999990	 -0.267 	  -84.65 	 
0.386399990	 -0.267 	  -83.38 	 
0.386799990	 -0.266 	  -81.60 	 
0.387199990	 -0.265 	  -79.47 	 
0.387599990	 -0.262 	  -76.93 	 
0.387999990	 -0.258 	  -73.67 	 
0.388399990	 -0.255 	  -69.88 	 
0.388799990	 -0.251 	  -65.80 	 
0.389199990	 -0.245 	  -61.63 	 
0.389599990	 -0.239 	  -57.42 	 
0.389999990	 -0.233 	  -53.29 	 
0.390399990	 -0.226 	  -49.32 	 
0.390799990	 -0.220 	  -45.78 	 
0.391199990	 -0.215 	  -42.76 	 
0.391599990	 -0.209 	  -40.39 	 
0.391999990	 -0.205 	  -38.72 	 
0.392399990	 -0.201 	  -37.87 	 
0.392799990	 -0.199 	  -37.74 	 
0.393199990	 -0.198 	  -38.47 	 
0.393599990	 -0.199 	  -40.09 	 
0.393999990	 -0.201 	  -42.48 	 
0.394399990	 -0.203 	  -45.35 	 
0.394799990	 -0.207 	  -48.44 	 
0.395199990	 -0.211 	  -51.78 	 
0.395599990	 -0.217 	  -55.44 	 
0.395999990	 -0.221 	  -59.47 	 
0.396399990	 -0.227 	  -63.87 	 
0.396799990	 -0.234 	  -68.28 	 
0.397199990	 -0.240 	  -72.52 	 
0.397599990	 -0.246 	  -76.33 	 
0.397999990	 -0.252 	  -79.56 	 
0.398399990	 -0.257 	  -82.13 	 
0.398799990	 -0.261 	  -83.97 	 
0.399199990	 -0.264 	  -85.07 	 
0.399599990	 -0.266 	  -85.48 	 
0.399999990	 -0.267 	  -85.21 	 
0.400399990	 -0.268 	  -84.31 	 
0.400799990	 -0.267 	  -82.87 	 
0.401199990	 -0.266 	  -80.99 	 
0.401599990	 -0.263 	  -78.76 	 
0.401999990	 -0.260 	  -75.98 	 
0.402399990	 -0.257 	  -72.59 	 
0.402799990	 -0.254 	  -68.69 	 
0.403199990	 -0.249 	  -64.57 	 
0.403599990	 -0.244 	  -60.43 	 
0.403999990	 -0.238 	  -56.23 	 
0.404399990	 -0.231 	  -52.13 	 
0.404799990	 -0.225 	  -48.28 	 
0.405199990	 -0.219 	  -44.87 	 
0.405599990	 -0.213 	  -42.04 	 
0.405999990	 -0.208 	  -39.85 	 
0.406399990	 -0.203 	  -38.41 	 
0.406799990	 -0.200 	  -37.76 	 
0.407199990	 -0.198 	  -37.83 	 
0.407599990	 -0.198 	  -38.76 	 
0.407999990	 -0.199 	  -40.59 	 
0.408399990	 -0.201 	  -43.18 	 
0.408799990	 -0.205 	  -46.20 	 
0.409199990	 -0.208 	  -49.40 	 
