0.000000000	  0.146 	  -84.62 	 
0.000400000	  0.147 	  -83.16 	 
0.000800000	  0.147 	  -81.34 	 
0.001200000	  0.149 	  -79.19 	 
0.001600000	  0.150 	  -76.13 	 
0.002000000	  0.153 	  -72.23 	 
0.002400000	  0.155 	  -68.34 	 
0.002800000	  0.157 	  -64.63 	 
0.003200000	  0.159 	  -60.76 	 
0.003600000	  0.163 	  -56.51 	 
0.004000000	  0.167 	  -52.07 	 
0.004400000	  0.170 	  -47.95 	 
0.004800000	  0.174 	  -44.61 	 
0.005200000	  0.176 	  -42.09 	 
0.005600000	  0.179 	  -40.19 	 
0.006000000	  0.180 	  -38.69 	 
0.006400000	  0.182 	  -37.75 	 
0.006800000	  0.182 	  -37.79 	 
0.007200000	  0.183 	  -39.08 	 
0.007600000	  0.181 	  -41.14 	 
0.008000000	  0.180 	  -43.32 	 
0.008400000	  0.178 	  -45.64 	 
0.008800000	  0.176 	  -48.49 	 
0.009200000	  0.174 	  -52.14 	 
0.009600000	  0.170 	  -56.49 	 
0.010000000	  0.168 	  -60.90 	 
0.010400000	  0.164 	  -65.03 	 
0.010800000	  0.161 	  -68.87 	 
0.011200000	  0.158 	  -72.68 	 
0.011600000	  0.155 	  -76.48 	 
0.012000000	  0.153 	  -79.81 	 
0.012400000	  0.150 	  -82.21 	 
0.012800000	  0.149 	  -83.80 	 
0.013200000	  0.147 	  -84.86 	 
0.013600000	  0.146 	  -85.47 	 
0.014000000	  0.146 	  -85.33 	 
0.014400000	  0.146 	  -84.32 	 
0.014800000	  0.146 	  -82.67 	 
0.015200000	  0.148 	  -80.73 	 
0.015600000	  0.150 	  -78.36 	 
0.016000000	  0.151 	  -75.00 	 
0.016400000	  0.153 	  -71.06 	 
0.016800000	  0.155 	  -67.18 	 
0.017200000	  0.158 	  -63.52 	 
0.017600000	  0.161 	  -59.59 	 
0.018000000	  0.164 	  -55.26 	 
0.018400000	  0.167 	  -50.85 	 
0.018800000	  0.171 	  -46.89 	 
0.019200000	  0.174 	  -43.82 	 
0.019600000	  0.177 	  -41.53 	 
0.019999999	  0.179 	  -39.79 	 
0.020399999	  0.181 	  -38.38 	 
0.020799999	  0.182 	  -37.73 	 
0.021199999	  0.183 	  -38.10 	 
0.021599999	  0.182 	  -39.65 	 
0.021999999	  0.181 	  -41.76 	 
0.022399999	  0.179 	  -43.99 	 
0.022799999	  0.177 	  -46.38 	 
0.023199999	  0.175 	  -49.44 	 
0.023599999	  0.173 	  -53.33 	 
0.023999999	  0.170 	  -57.67 	 
0.024399999	  0.167 	  -62.04 	 
0.024799999	  0.164 	  -66.17 	 
0.025199999	  0.160 	  -70.07 	 
0.025599999	  0.158 	  -73.86 	 
0.025999999	  0.154 	  -77.48 	 
0.026399999	  0.152 	  -80.55 	 
0.026799999	  0.149 	  -82.73 	 
0.027199999	  0.148 	  -84.19 	 
0.027599999	  0.146 	  -85.17 	 
0.027999999	  0.146 	  -85.54 	 
0.028399999	  0.146 	  -85.02 	 
0.028799999	  0.146 	  -83.78 	 
0.029199999	  0.147 	  -82.15 	 
0.029599999	  0.148 	  -80.19 	 
0.029999999	  0.150 	  -77.54 	 
0.030399999	  0.151 	  -73.84 	 
0.030799999	  0.154 	  -69.99 	 
0.031199999	  0.157 	  -66.10 	 
0.031599999	  0.159 	  -62.30 	 
0.031999999	  0.162 	  -58.27 	 
0.032399999	  0.165 	  -53.97 	 
0.032799999	  0.168 	  -49.68 	 
0.033199999	  0.172 	  -45.97 	 
0.033599999	  0.175 	  -43.07 	 
0.033999999	  0.177 	  -40.94 	 
0.034399999	  0.180 	  -39.33 	 
0.034799999	  0.181 	  -38.16 	 
0.035199999	  0.182 	  -37.70 	 
0.035599999	  0.183 	  -38.38 	 
0.035999999	  0.182 	  -40.11 	 
0.036399999	  0.180 	  -42.27 	 
0.036799999	  0.179 	  -44.59 	 
0.037199999	  0.177 	  -47.19 	 
0.037599999	  0.174 	  -50.52 	 
0.037999999	  0.172 	  -54.58 	 
0.038399999	  0.169 	  -58.96 	 
0.038799999	  0.166 	  -63.19 	 
0.039199999	  0.162 	  -67.19 	 
0.039599999	  0.160 	  -71.07 	 
0.039999999	  0.157 	  -74.97 	 
0.040399999	  0.154 	  -78.49 	 
0.040799999	  0.151 	  -81.27 	 
0.041199999	  0.148 	  -83.22 	 
0.041599999	  0.148 	  -84.51 	 
0.041999999	  0.146 	  -85.30 	 
0.042399999	  0.146 	  -85.51 	 
0.042799999	  0.145 	  -84.82 	 
0.043199999	  0.146 	  -83.40 	 
0.043599999	  0.147 	  -81.53 	 
0.043999999	  0.149 	  -79.40 	 
0.044399999	  0.150 	  -76.55 	 
0.044799999	  0.152 	  -72.81 	 
0.045199999	  0.154 	  -68.79 	 
0.045599999	  0.157 	  -65.03 	 
0.045999999	  0.160 	  -61.23 	 
0.046399999	  0.162 	  -57.10 	 
0.046799999	  0.166 	  -52.69 	 
0.047199999	  0.170 	  -48.50 	 
0.047599999	  0.173 	  -45.00 	 
0.047999999	  0.175 	  -42.35 	 
0.048399999	  0.179 	  -40.38 	 
0.048799999	  0.180 	  -38.86 	 
0.049199999	  0.182 	  -37.86 	 
0.049599999	  0.183 	  -37.73 	 
0.049999999	  0.182 	  -38.80 	 
0.050399999	  0.182 	  -40.76 	 
0.050799999	  0.180 	  -42.93 	 
0.051199999	  0.179 	  -45.20 	 
0.051599999	  0.176 	  -47.96 	 
0.051999999	  0.174 	  -51.53 	 
0.052399999	  0.171 	  -55.78 	 
0.052799999	  0.168 	  -60.20 	 
0.053199999	  0.164 	  -64.40 	 
0.053599999	  0.162 	  -68.32 	 
0.053999999	  0.159 	  -72.15 	 
0.054399999	  0.156 	  -75.93 	 
0.054799999	  0.153 	  -79.34 	 
0.055199999	  0.150 	  -81.91 	 
0.055599999	  0.148 	  -83.59 	 
0.055999999	  0.147 	  -84.72 	 
0.056399999	  0.146 	  -85.39 	 
0.056799999	  0.146 	  -85.33 	 
0.057199999	  0.146 	  -84.40 	 
0.057599999	  0.147 	  -82.87 	 
0.057999999	  0.147 	  -80.99 	 
0.058399999	  0.149 	  -78.77 	 
0.058799999	  0.151 	  -75.57 	 
0.059199999	  0.153 	  -71.64 	 
0.059599998	  0.156 	  -67.83 	 
0.059999998	  0.158 	  -64.07 	 
0.060399998	  0.161 	  -60.09 	 
0.060799998	  0.163 	  -55.78 	 
0.061199998	  0.167 	  -51.42 	 
0.061599998	  0.170 	  -47.41 	 
0.061999998	  0.174 	  -44.20 	 
0.062399998	  0.176 	  -41.78 	 
0.062799998	  0.179 	  -39.93 	 
0.063199998	  0.181 	  -38.49 	 
0.063599998	  0.182 	  -37.70 	 
0.063999998	  0.182 	  -37.90 	 
0.064399998	  0.182 	  -39.29 	 
0.064799998	  0.181 	  -41.35 	 
0.065199998	  0.180 	  -43.60 	 
0.065599998	  0.178 	  -45.99 	 
0.065999998	  0.176 	  -48.94 	 
0.066399998	  0.174 	  -52.65 	 
0.066799998	  0.170 	  -56.97 	 
0.067199998	  0.167 	  -61.44 	 
0.067599998	  0.164 	  -65.64 	 
0.067999998	  0.161 	  -69.48 	 
0.068399998	  0.158 	  -73.25 	 
0.068799998	  0.155 	  -76.93 	 
0.069199998	  0.152 	  -80.15 	 
0.069599998	  0.150 	  -82.54 	 
0.069999998	  0.148 	  -84.03 	 
0.070399998	  0.147 	  -84.98 	 
0.070799998	  0.146 	  -85.41 	 
0.071199998	  0.146 	  -85.11 	 
0.071599998	  0.147 	  -84.03 	 
0.071999998	  0.147 	  -82.41 	 
0.072399998	  0.149 	  -80.37 	 
0.072799998	  0.150 	  -77.81 	 
0.073199998	  0.151 	  -74.39 	 
0.073599998	  0.154 	  -70.51 	 
0.073999998	  0.155 	  -66.82 	 
0.074399998	  0.159 	  -63.04 	 
0.074799998	  0.161 	  -58.92 	 
0.075199998	  0.165 	  -54.51 	 
0.075599998	  0.168 	  -50.20 	 
0.075999998	  0.172 	  -46.40 	 
0.076399998	  0.174 	  -43.45 	 
0.076799998	  0.178 	  -41.20 	 
0.077199998	  0.180 	  -39.44 	 
0.077599998	  0.181 	  -38.18 	 
0.077999998	  0.183 	  -37.68 	 
0.078399998	  0.182 	  -38.25 	 
0.078799998	  0.182 	  -39.90 	 
0.079199998	  0.181 	  -42.00 	 
0.079599998	  0.179 	  -44.21 	 
0.079999998	  0.177 	  -46.76 	 
0.080399998	  0.175 	  -49.96 	 
0.080799998	  0.172 	  -53.92 	 
0.081199998	  0.169 	  -58.30 	 
0.081599998	  0.166 	  -62.62 	 
0.081999998	  0.163 	  -66.68 	 
0.082399998	  0.159 	  -70.57 	 
0.082799998	  0.157 	  -74.41 	 
0.083199998	  0.154 	  -78.04 	 
0.083599998	  0.152 	  -80.99 	 
0.083999998	  0.149 	  -83.00 	 
0.084399998	  0.148 	  -84.29 	 
0.084799998	  0.146 	  -85.15 	 
0.085199998	  0.146 	  -85.46 	 
0.085599998	  0.146 	  -84.97 	 
0.085999998	  0.147 	  -83.73 	 
0.086399998	  0.147 	  -81.86 	 
0.086799998	  0.148 	  -79.74 	 
0.087199998	  0.150 	  -76.98 	 
0.087599998	  0.152 	  -73.33 	 
0.087999998	  0.154 	  -69.38 	 
0.088399998	  0.157 	  -65.63 	 
0.088799998	  0.159 	  -61.83 	 
0.089199998	  0.162 	  -57.70 	 
0.089599998	  0.165 	  -53.33 	 
0.089999998	  0.169 	  -49.12 	 
0.090399998	  0.173 	  -45.49 	 
0.090799998	  0.175 	  -42.70 	 
0.091199998	  0.178 	  -40.60 	 
0.091599998	  0.180 	  -39.00 	 
0.091999998	  0.182 	  -37.88 	 
0.092399998	  0.182 	  -37.58 	 
0.092799998	  0.183 	  -38.56 	 
0.093199998	  0.182 	  -40.53 	 
0.093599998	  0.180 	  -42.72 	 
0.093999998	  0.179 	  -44.92 	 
0.094399998	  0.176 	  -47.55 	 
0.094799998	  0.174 	  -50.99 	 
0.095199998	  0.171 	  -55.20 	 
0.095599998	  0.169 	  -59.68 	 
0.095999998	  0.166 	  -63.90 	 
0.096399998	  0.162 	  -67.80 	 
0.096799998	  0.159 	  -71.59 	 
0.097199998	  0.156 	  -75.42 	 
0.097599998	  0.153 	  -78.97 	 
0.097999998	  0.151 	  -81.69 	 
0.098399998	  0.149 	  -83.44 	 
0.098799998	  0.147 	  -84.57 	 
0.099199997	  0.146 	  -85.33 	 
0.099599997	  0.146 	  -85.42 	 
0.099999997	  0.145 	  -84.65 	 
0.100399997	  0.147 	  -83.22 	 
0.100799997	  0.147 	  -81.34 	 
0.101199997	  0.149 	  -79.08 	 
0.101599997	  0.150 	  -75.97 	 
0.101999997	  0.153 	  -72.22 	 
0.102399997	  0.155 	  -68.51 	 
0.102799997	  0.157 	  -64.79 	 
0.103199997	  0.160 	  -60.76 	 
0.103599997	  0.163 	  -56.40 	 
0.103999997	  0.166 	  -52.01 	 
0.104399997	  0.169 	  -47.98 	 
0.104799997	  0.174 	  -44.69 	 
0.105199997	  0.176 	  -42.16 	 
0.105599997	  0.179 	  -40.18 	 
0.105999997	  0.180 	  -38.62 	 
0.106399997	  0.182 	  -37.70 	 
0.106799997	  0.183 	  -37.81 	 
0.107199997	  0.182 	  -39.14 	 
0.107599997	  0.181 	  -41.15 	 
0.107999997	  0.180 	  -43.34 	 
0.108399997	  0.178 	  -45.63 	 
0.108799997	  0.176 	  -48.48 	 
0.109199997	  0.173 	  -52.17 	 
0.109599997	  0.171 	  -56.50 	 
0.109999997	  0.168 	  -60.90 	 
0.110399997	  0.164 	  -65.03 	 
0.110799997	  0.161 	  -68.89 	 
0.111199997	  0.158 	  -72.71 	 
0.111599997	  0.156 	  -76.52 	 
0.111999997	  0.152 	  -79.84 	 
0.112399997	  0.150 	  -82.26 	 
0.112799997	  0.148 	  -83.82 	 
0.113199997	  0.147 	  -84.87 	 
0.113599997	  0.146 	  -85.50 	 
0.113999997	  0.145 	  -85.36 	 
0.114399997	  0.146 	  -84.33 	 
0.114799997	  0.147 	  -82.67 	 
0.115199997	  0.147 	  -80.72 	 
0.115599997	  0.149 	  -78.31 	 
0.115999997	  0.151 	  -75.07 	 
0.116399997	  0.153 	  -71.26 	 
0.116799997	  0.155 	  -67.27 	 
0.117199997	  0.158 	  -63.42 	 
0.117599997	  0.161 	  -59.44 	 
0.117999997	  0.164 	  -55.24 	 
0.118399997	  0.167 	  -50.98 	 
0.118799997	  0.171 	  -47.03 	 
0.119199997	  0.175 	  -43.80 	 
0.119599997	  0.177 	  -41.42 	 
0.119999997	  0.179 	  -39.68 	 
0.120399997	  0.181 	  -38.41 	 
0.120799997	  0.182 	  -37.78 	 
0.121199997	  0.182 	  -38.14 	 
0.121599997	  0.182 	  -39.63 	 
0.121999997	  0.180 	  -41.74 	 
0.122399997	  0.179 	  -43.99 	 
0.122799997	  0.177 	  -46.40 	 
0.123199997	  0.175 	  -49.49 	 
0.123599997	  0.173 	  -53.40 	 
0.123999997	  0.170 	  -57.76 	 
0.124399997	  0.167 	  -62.06 	 
0.124799997	  0.164 	  -66.10 	 
0.125199997	  0.161 	  -70.02 	 
0.125599997	  0.157 	  -73.92 	 
0.125999997	  0.154 	  -77.59 	 
0.126399997	  0.151 	  -80.63 	 
0.126799997	  0.149 	  -82.75 	 
0.127199997	  0.148 	  -84.16 	 
0.127599997	  0.147 	  -85.12 	 
0.127999997	  0.146 	  -85.54 	 
0.128399997	  0.146 	  -85.16 	 
0.128799997	  0.146 	  -83.92 	 
0.129199997	  0.147 	  -82.17 	 
0.129599997	  0.148 	  -80.11 	 
0.129999997	  0.150 	  -77.53 	 
0.130399997	  0.151 	  -73.95 	 
0.130799997	  0.153 	  -69.90 	 
0.131199997	  0.157 	  -66.16 	 
0.131599997	  0.159 	  -62.41 	 
0.131999997	  0.162 	  -58.36 	 
0.132399997	  0.165 	  -53.99 	 
0.132799997	  0.168 	  -49.69 	 
0.133199997	  0.172 	  -46.01 	 
0.133599997	  0.175 	  -43.17 	 
0.133999997	  0.178 	  -41.01 	 
0.134399997	  0.179 	  -39.38 	 
0.134799997	  0.181 	  -38.21 	 
0.135199997	  0.182 	  -37.79 	 
0.135599997	  0.182 	  -38.48 	 
0.135999997	  0.181 	  -40.20 	 
0.136399997	  0.180 	  -42.38 	 
0.136799997	  0.179 	  -44.67 	 
0.137199997	  0.176 	  -47.27 	 
0.137599997	  0.175 	  -50.55 	 
0.137999997	  0.172 	  -54.57 	 
0.138399997	  0.169 	  -58.97 	 
0.138799996	  0.166 	  -63.29 	 
0.139199996	  0.162 	  -67.31 	 
0.139599996	  0.159 	  -71.14 	 
0.139999996	  0.157 	  -74.92 	 
0.140399996	  0.154 	  -78.50 	 
0.140799996	  0.151 	  -81.36 	 
0.141199996	  0.149 	  -83.29 	 
0.141599996	  0.147 	  -84.53 	 
0.141999996	  0.146 	  -85.34 	 
0.142399996	  0.146 	  -85.50 	 
0.142799996	  0.145 	  -84.79 	 
0.143199996	  0.146 	  -83.42 	 
0.143599996	  0.147 	  -81.61 	 
0.143999996	  0.149 	  -79.50 	 
0.144399996	  0.150 	  -76.60 	 
0.144799996	  0.152 	  -72.79 	 
0.145199996	  0.154 	  -68.91 	 
0.145599996	  0.158 	  -65.22 	 
0.145999996	  0.159 	  -61.39 	 
0.146399996	  0.163 	  -57.16 	 
0.146799996	  0.166 	  -52.72 	 
0.147199996	  0.169 	  -48.53 	 
0.147599996	  0.173 	  -45.07 	 
0.147999996	  0.176 	  -42.48 	 
0.148399996	  0.178 	  -40.53 	 
0.148799996	  0.180 	  -39.00 	 
0.149199996	  0.181 	  -37.96 	 
0.149599996	  0.183 	  -37.77 	 
0.149999996	  0.182 	  -38.81 	 
0.150399996	  0.181 	  -40.81 	 
0.150799996	  0.180 	  -43.06 	 
0.151199996	  0.178 	  -45.35 	 
0.151599996	  0.176 	  -48.03 	 
0.151999996	  0.173 	  -51.51 	 
0.152399996	  0.172 	  -55.75 	 
0.152799996	  0.168 	  -60.23 	 
0.153199996	  0.165 	  -64.56 	 
0.153599996	  0.161 	  -68.50 	 
0.153999996	  0.158 	  -72.22 	 
0.154399996	  0.155 	  -75.87 	 
0.154799996	  0.153 	  -79.32 	 
0.155199996	  0.151 	  -82.00 	 
0.155599996	  0.148 	  -83.74 	 
0.155999996	  0.146 	  -84.79 	 
0.156399996	  0.146 	  -85.36 	 
0.156799996	  0.145 	  -85.29 	 
0.157199996	  0.147 	  -84.43 	 
0.157599996	  0.146 	  -82.95 	 
0.157999996	  0.147 	  -81.05 	 
0.158399996	  0.149 	  -78.70 	 
0.158799996	  0.151 	  -75.38 	 
0.159199996	  0.153 	  -71.57 	 
0.159599996	  0.155 	  -67.82 	 
0.159999996	  0.158 	  -64.17 	 
0.160399996	  0.161 	  -60.18 	 
0.160799996	  0.164 	  -55.82 	 
0.161199996	  0.167 	  -51.42 	 
0.161599996	  0.171 	  -47.45 	 
0.161999996	  0.174 	  -44.26 	 
0.162399996	  0.176 	  -41.85 	 
0.162799996	  0.179 	  -39.97 	 
0.163199996	  0.181 	  -38.48 	 
0.163599996	  0.182 	  -37.73 	 
0.163999996	  0.182 	  -37.93 	 
0.164399996	  0.182 	  -39.30 	 
0.164799996	  0.181 	  -41.36 	 
0.165199996	  0.179 	  -43.58 	 
0.165599996	  0.178 	  -45.99 	 
0.165999996	  0.175 	  -48.92 	 
0.166399996	  0.173 	  -52.70 	 
0.166799996	  0.170 	  -57.04 	 
0.167199996	  0.167 	  -61.47 	 
0.167599996	  0.164 	  -65.59 	 
0.167999996	  0.161 	  -69.43 	 
0.168399996	  0.158 	  -73.25 	 
0.168799996	  0.155 	  -76.97 	 
0.169199996	  0.152 	  -80.24 	 
0.169599996	  0.150 	  -82.54 	 
0.169999996	  0.147 	  -83.99 	 
0.170399996	  0.147 	  -84.91 	 
0.170799996	  0.146 	  -85.39 	 
0.171199996	  0.146 	  -85.19 	 
0.171599996	  0.147 	  -84.16 	 
0.171999996	  0.147 	  -82.46 	 
0.172399996	  0.148 	  -80.38 	 
0.172799996	  0.150 	  -77.79 	 
0.173199996	  0.152 	  -74.32 	 
0.173599996	  0.154 	  -70.53 	 
0.173999996	  0.155 	  -66.90 	 
0.174399996	  0.159 	  -63.09 	 
0.174799996	  0.161 	  -58.86 	 
0.175199996	  0.165 	  -54.43 	 
0.175599996	  0.168 	  -50.15 	 
0.175999996	  0.171 	  -46.47 	 
0.176399996	  0.175 	  -43.54 	 
0.176799996	  0.177 	  -41.25 	 
0.177199996	  0.180 	  -39.44 	 
0.177599996	  0.181 	  -38.12 	 
0.177999996	  0.182 	  -37.61 	 
0.178399995	  0.183 	  -38.25 	 
0.178799995	  0.181 	  -39.98 	 
0.179199995	  0.181 	  -42.04 	 
0.179599995	  0.179 	  -44.21 	 
0.179999995	  0.177 	  -46.69 	 
0.180399995	  0.175 	  -49.93 	 
0.180799995	  0.173 	  -53.99 	 
0.181199995	  0.169 	  -58.45 	 
0.181599995	  0.166 	  -62.79 	 
0.181999995	  0.163 	  -66.71 	 
0.182399995	  0.159 	  -70.49 	 
0.182799995	  0.158 	  -74.32 	 
0.183199995	  0.154 	  -78.06 	 
0.183599995	  0.151 	  -81.10 	 
0.183999995	  0.149 	  -83.06 	 
0.184399995	  0.147 	  -84.28 	 
0.184799995	  0.147 	  -85.17 	 
0.185199995	  0.145 	  -85.54 	 
0.185599995	  0.145 	  -85.08 	 
0.185999995	  0.146 	  -83.75 	 
0.186399995	  0.148 	  -81.87 	 
0.186799995	  0.148 	  -79.76 	 
0.187199995	  0.150 	  -76.95 	 
0.187599995	  0.151 	  -73.40 	 
0.187999995	  0.154 	  -69.53 	 
0.188399995	  0.157 	  -65.82 	 
0.188799995	  0.159 	  -61.94 	 
0.189199995	  0.162 	  -57.73 	 
0.189599995	  0.166 	  -53.32 	 
0.189999995	  0.169 	  -49.09 	 
0.190399995	  0.172 	  -45.50 	 
0.190799995	  0.176 	  -42.73 	 
0.191199995	  0.178 	  -40.64 	 
0.191599995	  0.180 	  -39.04 	 
0.191999995	  0.181 	  -37.99 	 
0.192399995	  0.182 	  -37.77 	 
0.192799995	  0.182 	  -38.63 	 
0.193199995	  0.182 	  -40.44 	 
0.193599995	  0.180 	  -42.64 	 
0.193999995	  0.178 	  -44.94 	 
0.194399995	  0.177 	  -47.67 	 
0.194799995	  0.174 	  -51.07 	 
0.195199995	  0.171 	  -55.17 	 
0.195599995	  0.168 	  -59.59 	 
0.195999995	  0.165 	  -63.90 	 
0.196399995	  0.162 	  -67.93 	 
0.196799995	  0.159 	  -71.80 	 
0.197199995	  0.155 	  -75.51 	 
0.197599995	  0.153 	  -78.94 	 
0.197999995	  0.151 	  -81.64 	 
0.198399995	  0.149 	  -83.44 	 
0.198799995	  0.147 	  -84.71 	 
0.199199995	  0.146 	  -85.48 	 
0.199599995	  0.146 	  -85.51 	 
0.199999995	  0.145 	  -84.67 	 
0.200399995	  0.147 	  -83.19 	 
0.200799995	  0.147 	  -81.40 	 
0.201199995	  0.148 	  -79.24 	 
0.201599995	  0.151 	  -76.15 	 
0.201999995	  0.152 	  -72.35 	 
0.202399995	  0.155 	  -68.35 	 
0.202799995	  0.157 	  -64.58 	 
0.203199995	  0.159 	  -60.74 	 
0.203599995	  0.163 	  -56.57 	 
0.203999995	  0.166 	  -52.18 	 
0.204399995	  0.170 	  -48.01 	 
0.204799995	  0.173 	  -44.56 	 
0.205199995	  0.176 	  -42.03 	 
0.205599995	  0.179 	  -40.15 	 
0.205999995	  0.181 	  -38.73 	 
0.206399995	  0.182 	  -37.83 	 
0.206799995	  0.183 	  -37.83 	 
0.207199995	  0.182 	  -39.04 	 
0.207599995	  0.182 	  -41.06 	 
0.207999995	  0.179 	  -43.28 	 
0.208399995	  0.178 	  -45.66 	 
0.208799995	  0.176 	  -48.55 	 
0.209199995	  0.174 	  -52.21 	 
0.209599995	  0.171 	  -56.47 	 
0.209999995	  0.168 	  -60.79 	 
0.210399995	  0.164 	  -64.91 	 
0.210799995	  0.162 	  -68.87 	 
0.211199995	  0.158 	  -72.80 	 
0.211599995	  0.155 	  -76.57 	 
0.211999995	  0.153 	  -79.81 	 
0.212399995	  0.150 	  -82.24 	 
0.212799995	  0.148 	  -83.83 	 
0.213199995	  0.147 	  -84.89 	 
0.213599995	  0.146 	  -85.46 	 
0.213999995	  0.146 	  -85.35 	 
0.214399995	  0.147 	  -84.34 	 
0.214799995	  0.146 	  -82.73 	 
0.215199995	  0.147 	  -80.72 	 
0.215599995	  0.149 	  -78.28 	 
0.215999995	  0.151 	  -74.91 	 
0.216399995	  0.153 	  -71.06 	 
0.216799995	  0.155 	  -67.30 	 
0.217199995	  0.158 	  -63.54 	 
0.217599995	  0.161 	  -59.49 	 
0.217999994	  0.164 	  -55.09 	 
0.218399994	  0.168 	  -50.77 	 
0.218799994	  0.171 	  -46.91 	 
0.219199994	  0.174 	  -43.84 	 
0.219599994	  0.176 	  -41.47 	 
0.219999994	  0.179 	  -39.65 	 
0.220399994	  0.181 	  -38.30 	 
0.220799994	  0.182 	  -37.66 	 
0.221199994	  0.182 	  -38.04 	 
0.221599994	  0.182 	  -39.59 	 
0.221999994	  0.181 	  -41.69 	 
0.222399994	  0.180 	  -43.88 	 
0.222799994	  0.177 	  -46.30 	 
0.223199994	  0.175 	  -49.39 	 
0.223599994	  0.173 	  -53.30 	 
0.223999994	  0.171 	  -57.69 	 
0.224399994	  0.166 	  -62.07 	 
0.224799994	  0.164 	  -66.14 	 
0.225199994	  0.160 	  -69.96 	 
0.225599994	  0.158 	  -73.78 	 
0.225999994	  0.154 	  -77.50 	 
0.226399994	  0.152 	  -80.61 	 
0.226799994	  0.149 	  -82.76 	 
0.227199994	  0.147 	  -84.15 	 
0.227599994	  0.146 	  -85.06 	 
0.227999994	  0.146 	  -85.50 	 
0.228399994	  0.146 	  -85.09 	 
0.228799994	  0.146 	  -83.89 	 
0.229199994	  0.147 	  -82.15 	 
0.229599994	  0.148 	  -80.07 	 
0.229999994	  0.150 	  -77.39 	 
0.230399994	  0.151 	  -73.80 	 
0.230799994	  0.154 	  -69.92 	 
0.231199994	  0.156 	  -66.24 	 
0.231599994	  0.159 	  -62.43 	 
0.231999994	  0.162 	  -58.26 	 
0.232399994	  0.165 	  -53.86 	 
0.232799994	  0.169 	  -49.57 	 
0.233199994	  0.172 	  -45.94 	 
0.233599994	  0.175 	  -43.08 	 
0.233999994	  0.178 	  -40.89 	 
0.234399994	  0.179 	  -39.22 	 
0.234799994	  0.181 	  -38.00 	 
0.235199994	  0.182 	  -37.61 	 
0.235599994	  0.182 	  -38.36 	 
0.235999994	  0.181 	  -40.15 	 
0.236399994	  0.180 	  -42.32 	 
0.236799994	  0.179 	  -44.58 	 
0.237199994	  0.177 	  -47.19 	 
0.237599994	  0.175 	  -50.46 	 
0.237999994	  0.172 	  -54.51 	 
0.238399994	  0.169 	  -58.90 	 
0.238799994	  0.166 	  -63.21 	 
0.239199994	  0.163 	  -67.22 	 
0.239599994	  0.159 	  -71.10 	 
0.239999994	  0.156 	  -74.93 	 
0.240399994	  0.153 	  -78.50 	 
0.240799994	  0.151 	  -81.32 	 
0.241199994	  0.149 	  -83.22 	 
0.241599994	  0.147 	  -84.49 	 
0.241999994	  0.146 	  -85.35 	 
0.242399994	  0.146 	  -85.53 	 
0.242799994	  0.146 	  -84.79 	 
0.243199994	  0.147 	  -83.38 	 
0.243599994	  0.148 	  -81.53 	 
0.243999994	  0.149 	  -79.46 	 
0.244399994	  0.150 	  -76.55 	 
0.244799994	  0.152 	  -72.88 	 
0.245199994	  0.155 	  -68.89 	 
0.245599994	  0.156 	  -65.05 	 
0.245999994	  0.160 	  -61.18 	 
0.246399994	  0.163 	  -57.06 	 
0.246799994	  0.166 	  -52.74 	 
0.247199994	  0.169 	  -48.58 	 
0.247599994	  0.173 	  -45.05 	 
0.247999994	  0.176 	  -42.34 	 
0.248399994	  0.178 	  -40.34 	 
0.248799994	  0.180 	  -38.87 	 
0.249199994	  0.182 	  -37.97 	 
0.249599994	  0.182 	  -37.84 	 
0.249999994	  0.183 	  -38.80 	 
0.250399994	  0.181 	  -40.64 	 
0.250799994	  0.180 	  -42.84 	 
0.251199994	  0.178 	  -45.25 	 
0.251599994	  0.176 	  -48.07 	 
0.251999994	  0.174 	  -51.60 	 
0.252399994	  0.171 	  -55.76 	 
0.252799994	  0.168 	  -60.16 	 
0.253199994	  0.165 	  -64.41 	 
0.253599994	  0.162 	  -68.41 	 
0.253999994	  0.158 	  -72.26 	 
0.254399994	  0.155 	  -75.97 	 
0.254799994	  0.153 	  -79.32 	 
0.255199994	  0.150 	  -81.90 	 
0.255599994	  0.149 	  -83.64 	 
0.255999994	  0.146 	  -84.83 	 
0.256399994	  0.146 	  -85.48 	 
0.256799994	  0.146 	  -85.35 	 
0.257199994	  0.146 	  -84.40 	 
0.257599993	  0.147 	  -82.87 	 
0.257999993	  0.148 	  -81.03 	 
0.258399993	  0.149 	  -78.79 	 
0.258799993	  0.151 	  -75.49 	 
0.259199993	  0.153 	  -71.58 	 
0.259599993	  0.155 	  -67.74 	 
0.259999993	  0.158 	  -64.09 	 
0.260399993	  0.160 	  -60.23 	 
0.260799993	  0.163 	  -55.93 	 
0.261199993	  0.167 	  -51.45 	 
0.261599993	  0.171 	  -47.37 	 
0.261999993	  0.174 	  -44.17 	 
0.262399993	  0.176 	  -41.80 	 
0.262799993	  0.180 	  -40.00 	 
0.263199993	  0.181 	  -38.56 	 
0.263599993	  0.182 	  -37.70 	 
0.263999993	  0.182 	  -37.84 	 
0.264399993	  0.182 	  -39.22 	 
0.264799993	  0.181 	  -41.37 	 
0.265199993	  0.179 	  -43.65 	 
0.265599993	  0.178 	  -46.03 	 
0.265999993	  0.176 	  -48.88 	 
0.266399993	  0.174 	  -52.58 	 
0.266799993	  0.170 	  -56.96 	 
0.267199993	  0.167 	  -61.46 	 
0.267599993	  0.164 	  -65.67 	 
0.267999993	  0.160 	  -69.53 	 
0.268399993	  0.158 	  -73.21 	 
0.268799993	  0.155 	  -76.87 	 
0.269199993	  0.152 	  -80.15 	 
0.269599993	  0.150 	  -82.55 	 
0.269999993	  0.148 	  -84.06 	 
0.270399993	  0.147 	  -85.00 	 
0.270799993	  0.146 	  -85.37 	 
0.271199993	  0.146 	  -85.06 	 
0.271599993	  0.146 	  -84.02 	 
0.271999993	  0.147 	  -82.43 	 
0.272399993	  0.148 	  -80.42 	 
0.272799993	  0.150 	  -77.81 	 
0.273199993	  0.151 	  -74.32 	 
0.273599993	  0.154 	  -70.47 	 
0.273999993	  0.156 	  -66.67 	 
0.274399993	  0.158 	  -62.93 	 
0.274799993	  0.161 	  -58.92 	 
0.275199993	  0.165 	  -54.54 	 
0.275599993	  0.168 	  -50.18 	 
0.275999993	  0.172 	  -46.32 	 
0.276399993	  0.175 	  -43.36 	 
0.276799993	  0.178 	  -41.14 	 
0.277199993	  0.179 	  -39.45 	 
0.277599993	  0.181 	  -38.16 	 
0.277999993	  0.182 	  -37.59 	 
0.278399993	  0.183 	  -38.10 	 
0.278799993	  0.182 	  -39.74 	 
0.279199993	  0.181 	  -41.94 	 
0.279599993	  0.179 	  -44.24 	 
0.279999993	  0.177 	  -46.71 	 
0.280399993	  0.176 	  -49.89 	 
0.280799993	  0.173 	  -53.86 	 
0.281199993	  0.169 	  -58.30 	 
0.281599993	  0.166 	  -62.62 	 
0.281999993	  0.163 	  -66.66 	 
0.282399993	  0.160 	  -70.50 	 
0.282799993	  0.157 	  -74.34 	 
0.283199993	  0.154 	  -77.96 	 
0.283599993	  0.152 	  -80.92 	 
0.283999993	  0.149 	  -83.02 	 
0.284399993	  0.147 	  -84.32 	 
0.284799993	  0.146 	  -85.12 	 
0.285199993	  0.146 	  -85.37 	 
0.285599993	  0.146 	  -84.91 	 
0.285999993	  0.147 	  -83.68 	 
0.286399993	  0.147 	  -81.91 	 
0.286799993	  0.148 	  -79.74 	 
0.287199993	  0.149 	  -76.95 	 
0.287599993	  0.152 	  -73.22 	 
0.287999993	  0.154 	  -69.33 	 
0.288399993	  0.157 	  -65.67 	 
0.288799993	  0.159 	  -61.88 	 
0.289199993	  0.162 	  -57.67 	 
0.289599993	  0.165 	  -53.19 	 
0.289999993	  0.169 	  -48.95 	 
0.290399993	  0.173 	  -45.40 	 
0.290799993	  0.175 	  -42.68 	 
0.291199993	  0.179 	  -40.60 	 
0.291599993	  0.180 	  -38.99 	 
0.291999993	  0.182 	  -37.88 	 
0.292399993	  0.182 	  -37.61 	 
0.292799993	  0.183 	  -38.56 	 
0.293199993	  0.182 	  -40.44 	 
0.293599993	  0.180 	  -42.61 	 
0.293999993	  0.178 	  -44.87 	 
0.294399993	  0.176 	  -47.52 	 
0.294799993	  0.175 	  -50.94 	 
0.295199993	  0.172 	  -55.15 	 
0.295599993	  0.169 	  -59.62 	 
0.295999993	  0.165 	  -63.91 	 
0.296399993	  0.162 	  -67.84 	 
0.296799993	  0.159 	  -71.61 	 
0.297199992	  0.156 	  -75.40 	 
0.297599992	  0.153 	  -78.96 	 
0.297999992	  0.150 	  -81.73 	 
0.298399992	  0.148 	  -83.49 	 
0.298799992	  0.147 	  -84.60 	 
0.299199992	  0.146 	  -85.35 	 
0.299599992	  0.146 	  -85.48 	 
0.299999992	  0.146 	  -84.76 	 
0.300399992	  0.146 	  -83.27 	 
0.300799992	  0.148 	  -81.34 	 
0.301199992	  0.149 	  -79.13 	 
0.301599992	  0.150 	  -76.06 	 
0.301999992	  0.152 	  -72.24 	 
0.302399992	  0.154 	  -68.43 	 
0.302799992	  0.157 	  -64.75 	 
0.303199992	  0.160 	  -60.79 	 
0.303599992	  0.163 	  -56.49 	 
0.303999992	  0.166 	  -52.06 	 
0.304399992	  0.170 	  -47.98 	 
0.304799992	  0.173 	  -44.67 	 
0.305199992	  0.176 	  -42.12 	 
0.305599992	  0.178 	  -40.18 	 
0.305999992	  0.181 	  -38.71 	 
0.306399992	  0.182 	  -37.81 	 
0.306799992	  0.182 	  -37.87 	 
0.307199992	  0.182 	  -39.09 	 
0.307599992	  0.181 	  -41.08 	 
0.307999992	  0.179 	  -43.28 	 
0.308399992	  0.178 	  -45.67 	 
0.308799992	  0.176 	  -48.60 	 
0.309199992	  0.173 	  -52.26 	 
0.309599992	  0.171 	  -56.44 	 
0.309999992	  0.167 	  -60.82 	 
0.310399992	  0.165 	  -65.01 	 
0.310799992	  0.161 	  -69.02 	 
0.311199992	  0.159 	  -72.89 	 
0.311599992	  0.155 	  -76.60 	 
0.311999992	  0.152 	  -79.84 	 
0.312399992	  0.149 	  -82.26 	 
0.312799992	  0.148 	  -83.85 	 
0.313199992	  0.147 	  -85.01 	 
0.313599992	  0.146 	  -85.68 	 
0.313999992	  0.145 	  -85.41 	 
0.314399992	  0.146 	  -84.30 	 
0.314799992	  0.146 	  -82.65 	 
0.315199992	  0.147 	  -80.79 	 
0.315599992	  0.149 	  -78.50 	 
0.315999992	  0.151 	  -75.04 	 
0.316399992	  0.153 	  -71.08 	 
0.316799992	  0.156 	  -67.27 	 
0.317199992	  0.158 	  -63.57 	 
0.317599992	  0.161 	  -59.62 	 
0.317999992	  0.164 	  -55.28 	 
0.318399992	  0.168 	  -50.88 	 
0.318799992	  0.171 	  -46.91 	 
0.319199992	  0.175 	  -43.81 	 
0.319599992	  0.177 	  -41.51 	 
0.319999992	  0.179 	  -39.81 	 
0.320399992	  0.181 	  -38.41 	 
0.320799992	  0.183 	  -37.70 	 
0.321199992	  0.182 	  -38.11 	 
0.321599992	  0.182 	  -39.68 	 
0.321999992	  0.181 	  -41.78 	 
0.322399992	  0.179 	  -43.95 	 
0.322799992	  0.177 	  -46.37 	 
0.323199992	  0.175 	  -49.43 	 
0.323599992	  0.173 	  -53.29 	 
0.323999992	  0.170 	  -57.73 	 
0.324399992	  0.167 	  -62.16 	 
0.324799992	  0.163 	  -66.22 	 
0.325199992	  0.161 	  -70.01 	 
0.325599992	  0.158 	  -73.77 	 
0.325999992	  0.154 	  -77.48 	 
0.326399992	  0.152 	  -80.64 	 
0.326799992	  0.149 	  -82.83 	 
0.327199992	  0.148 	  -84.20 	 
0.327599992	  0.146 	  -85.06 	 
0.327999992	  0.146 	  -85.41 	 
0.328399992	  0.145 	  -85.03 	 
0.328799992	  0.146 	  -83.91 	 
0.329199992	  0.147 	  -82.18 	 
0.329599992	  0.149 	  -80.08 	 
0.329999992	  0.150 	  -77.35 	 
0.330399992	  0.151 	  -73.72 	 
0.330799992	  0.154 	  -69.90 	 
0.331199992	  0.156 	  -66.26 	 
0.331599992	  0.159 	  -62.51 	 
0.331999992	  0.162 	  -58.31 	 
0.332399992	  0.165 	  -53.82 	 
0.332799992	  0.169 	  -49.56 	 
0.333199992	  0.172 	  -45.93 	 
0.333599992	  0.175 	  -43.14 	 
0.333999992	  0.177 	  -41.01 	 
0.334399992	  0.179 	  -39.27 	 
0.334799992	  0.181 	  -38.01 	 
0.335199992	  0.182 	  -37.63 	 
0.335599992	  0.182 	  -38.42 	 
0.335999992	  0.181 	  -40.20 	 
0.336399992	  0.180 	  -42.38 	 
0.336799991	  0.179 	  -44.56 	 
0.337199991	  0.176 	  -47.11 	 
0.337599991	  0.174 	  -50.42 	 
0.337999991	  0.172 	  -54.49 	 
0.338399991	  0.169 	  -58.94 	 
0.338799991	  0.165 	  -63.26 	 
0.339199991	  0.163 	  -67.27 	 
0.339599991	  0.159 	  -71.09 	 
0.339999991	  0.157 	  -74.89 	 
0.340399991	  0.153 	  -78.43 	 
0.340799991	  0.152 	  -81.28 	 
0.341199991	  0.149 	  -83.18 	 
0.341599991	  0.147 	  -84.43 	 
0.341999991	  0.146 	  -85.28 	 
0.342399991	  0.146 	  -85.43 	 
0.342799991	  0.146 	  -84.74 	 
0.343199991	  0.147 	  -83.35 	 
0.343599991	  0.148 	  -81.53 	 
0.343999991	  0.149 	  -79.40 	 
0.344399991	  0.150 	  -76.49 	 
0.344799991	  0.153 	  -72.82 	 
0.345199991	  0.155 	  -68.87 	 
0.345599991	  0.157 	  -65.05 	 
0.345999991	  0.159 	  -61.21 	 
0.346399991	  0.162 	  -57.06 	 
0.346799991	  0.166 	  -52.72 	 
0.347199991	  0.170 	  -48.53 	 
0.347599991	  0.173 	  -45.00 	 
0.347999991	  0.176 	  -42.35 	 
0.348399991	  0.179 	  -40.38 	 
0.348799991	  0.180 	  -38.88 	 
0.349199991	  0.182 	  -37.91 	 
0.349599991	  0.182 	  -37.78 	 
0.349999991	  0.182 	  -38.71 	 
0.350399991	  0.182 	  -40.63 	 
0.350799991	  0.180 	  -42.89 	 
0.351199991	  0.178 	  -45.31 	 
0.351599991	  0.177 	  -48.12 	 
0.351999991	  0.173 	  -51.60 	 
0.352399991	  0.171 	  -55.74 	 
0.352799991	  0.168 	  -60.15 	 
0.353199991	  0.165 	  -64.42 	 
0.353599991	  0.161 	  -68.42 	 
0.353999991	  0.158 	  -72.25 	 
0.354399991	  0.156 	  -76.00 	 
0.354799991	  0.152 	  -79.32 	 
0.355199991	  0.150 	  -81.87 	 
0.355599991	  0.148 	  -83.63 	 
0.355999991	  0.147 	  -84.79 	 
0.356399991	  0.146 	  -85.43 	 
0.356799991	  0.145 	  -85.35 	 
0.357199991	  0.146 	  -84.47 	 
0.357599991	  0.147 	  -82.98 	 
0.357999991	  0.148 	  -81.04 	 
0.358399991	  0.149 	  -78.74 	 
0.358799991	  0.151 	  -75.51 	 
0.359199991	  0.153 	  -71.62 	 
0.359599991	  0.155 	  -67.81 	 
0.359999991	  0.158 	  -64.14 	 
0.360399991	  0.160 	  -60.19 	 
0.360799991	  0.163 	  -55.87 	 
0.361199991	  0.166 	  -51.48 	 
0.361599991	  0.171 	  -47.48 	 
0.361999991	  0.174 	  -44.30 	 
0.362399991	  0.176 	  -41.87 	 
0.362799991	  0.179 	  -39.98 	 
0.363199991	  0.181 	  -38.55 	 
0.363599991	  0.182 	  -37.79 	 
0.363999991	  0.183 	  -37.96 	 
0.364399991	  0.182 	  -39.34 	 
0.364799991	  0.181 	  -41.39 	 
0.365199991	  0.179 	  -43.62 	 
0.365599991	  0.177 	  -46.02 	 
0.365999991	  0.176 	  -48.98 	 
0.366399991	  0.173 	  -52.76 	 
0.366799991	  0.170 	  -57.08 	 
0.367199991	  0.167 	  -61.51 	 
0.367599991	  0.163 	  -65.66 	 
0.367999991	  0.161 	  -69.50 	 
0.368399991	  0.158 	  -73.29 	 
0.368799991	  0.155 	  -76.99 	 
0.369199991	  0.152 	  -80.26 	 
0.369599991	  0.150 	  -82.58 	 
0.369999991	  0.148 	  -84.01 	 
0.370399991	  0.147 	  -84.97 	 
0.370799991	  0.146 	  -85.44 	 
0.371199991	  0.145 	  -85.18 	 
0.371599991	  0.146 	  -84.11 	 
0.371999991	  0.147 	  -82.45 	 
0.372399991	  0.148 	  -80.42 	 
0.372799991	  0.149 	  -77.89 	 
0.373199991	  0.151 	  -74.44 	 
0.373599991	  0.153 	  -70.55 	 
0.373999991	  0.156 	  -66.87 	 
0.374399991	  0.158 	  -63.10 	 
0.374799991	  0.161 	  -58.96 	 
0.375199991	  0.164 	  -54.55 	 
0.375599991	  0.168 	  -50.22 	 
0.375999991	  0.172 	  -46.45 	 
0.376399990	  0.175 	  -43.51 	 
0.376799990	  0.177 	  -41.28 	 
0.377199990	  0.180 	  -39.55 	 
0.377599990	  0.181 	  -38.22 	 
0.377999990	  0.182 	  -37.66 	 
0.378399990	  0.182 	  -38.22 	 
0.378799990	  0.182 	  -39.90 	 
0.379199990	  0.181 	  -42.09 	 
0.379599990	  0.178 	  -44.34 	 
0.379999990	  0.177 	  -46.83 	 
0.380399990	  0.175 	  -49.97 	 
0.380799990	  0.172 	  -53.93 	 
0.381199990	  0.169 	  -58.38 	 
0.381599990	  0.165 	  -62.74 	 
0.381999990	  0.163 	  -66.80 	 
0.382399990	  0.160 	  -70.61 	 
0.382799990	  0.157 	  -74.36 	 
0.383199990	  0.154 	  -77.98 	 
0.383599990	  0.151 	  -81.01 	 
0.383999990	  0.149 	  -83.07 	 
0.384399990	  0.147 	  -84.41 	 
0.384799990	  0.146 	  -85.26 	 
0.385199990	  0.146 	  -85.50 	 
0.385599990	  0.146 	  -84.94 	 
0.385999990	  0.146 	  -83.68 	 
0.386399990	  0.147 	  -81.91 	 
0.386799990	  0.149 	  -79.87 	 
0.387199990	  0.150 	  -77.06 	 
0.387599990	  0.152 	  -73.35 	 
0.387999990	  0.154 	  -69.39 	 
0.388399990	  0.157 	  -65.73 	 
0.388799990	  0.159 	  -61.95 	 
0.389199990	  0.162 	  -57.79 	 
0.389599990	  0.165 	  -53.32 	 
0.389999990	  0.169 	  -49.05 	 
0.390399990	  0.173 	  -45.45 	 
0.390799990	  0.175 	  -42.74 	 
0.391199990	  0.179 	  -40.69 	 
0.391599990	  0.180 	  -39.11 	 
0.391999990	  0.181 	  -37.90 	 
0.392399990	  0.181 	  -37.60 	 
0.392799990	  0.183 	  -38.62 	 
0.393199990	  0.182 	  -40.62 	 
0.393599990	  0.180 	  -42.77 	 
0.393999990	  0.178 	  -44.92 	 
0.394399990	  0.177 	  -47.51 	 
0.394799990	  0.174 	  -51.01 	 
0.395199990	  0.172 	  -55.29 	 
0.395599990	  0.168 	  -59.73 	 
0.395999990	  0.165 	  -63.94 	 
0.396399990	  0.162 	  -67.79 	 
0.396799990	  0.159 	  -71.64 	 
0.397199990	  0.157 	  -75.49 	 
0.397599990	  0.153 	  -79.08 	 
0.397999990	  0.151 	  -81.78 	 
0.398399990	  0.149 	  -83.46 	 
0.398799990	  0.147 	  -84.60 	 
0.399199990	  0.146 	  -85.32 	 
0.399599990	  0.146 	  -85.46 	 
0.399999990	  0.146 	  -84.78 	 
0.400399990	  0.147 	  -83.34 	 
0.400799990	  0.147 	  -81.39 	 
0.401199990	  0.149 	  -79.08 	 
0.401599990	  0.151 	  -75.92 	 
0.401999990	  0.153 	  -72.16 	 
0.402399990	  0.155 	  -68.52 	 
0.402799990	  0.157 	  -64.86 	 
0.403199990	  0.160 	  -60.80 	 
0.403599990	  0.163 	  -56.37 	 
0.403999990	  0.167 	  -51.96 	 
0.404399990	  0.169 	  -48.00 	 
0.404799990	  0.173 	  -44.80 	 
0.405199990	  0.176 	  -42.26 	 
0.405599990	  0.178 	  -40.20 	 
0.405999990	  0.180 	  -38.62 	 
0.406399990	  0.182 	  -37.68 	 
0.406799990	  0.183 	  -37.84 	 
0.407199990	  0.182 	  -39.22 	 
0.407599990	  0.181 	  -41.23 	 
0.407999990	  0.179 	  -43.34 	 
0.408399990	  0.177 	  -45.61 	 
0.408799990	  0.176 	  -48.47 	 
0.409199990	  0.173 	  -52.22 	 
