0.000000000	 -0.205 	  -84.99 	 
0.000400000	 -0.205 	  -83.84 	 
0.000800000	 -0.203 	  -81.94 	 
0.001200000	 -0.203 	  -79.57 	 
0.001600000	 -0.201 	  -76.67 	 
0.002000000	 -0.200 	  -73.10 	 
0.002400000	 -0.198 	  -69.24 	 
0.002800000	 -0.195 	  -65.43 	 
0.003200000	 -0.192 	  -61.37 	 
0.003600000	 -0.189 	  -56.98 	 
0.004000000	 -0.185 	  -52.63 	 
0.004400000	 -0.181 	  -48.73 	 
0.004800000	 -0.178 	  -45.40 	 
0.005200000	 -0.174 	  -42.53 	 
0.005600000	 -0.172 	  -40.19 	 
0.006000000	 -0.169 	  -38.52 	 
0.006400000	 -0.167 	  -37.62 	 
0.006800000	 -0.166 	  -37.64 	 
0.007200000	 -0.165 	  -38.69 	 
0.007600000	 -0.166 	  -40.48 	 
0.008000000	 -0.167 	  -42.64 	 
0.008400000	 -0.169 	  -45.00 	 
0.008800000	 -0.170 	  -47.96 	 
0.009200000	 -0.173 	  -51.57 	 
0.009600000	 -0.175 	  -55.62 	 
0.010000000	 -0.180 	  -59.89 	 
0.010400000	 -0.182 	  -64.22 	 
0.010800000	 -0.186 	  -68.44 	 
0.011200000	 -0.190 	  -72.51 	 
0.011600000	 -0.193 	  -76.24 	 
0.012000000	 -0.196 	  -79.47 	 
0.012400000	 -0.199 	  -82.08 	 
0.012800000	 -0.202 	  -83.90 	 
0.013200000	 -0.203 	  -84.95 	 
0.013600000	 -0.204 	  -85.43 	 
0.014000000	 -0.204 	  -85.35 	 
0.014400000	 -0.205 	  -84.66 	 
0.014800000	 -0.204 	  -83.32 	 
0.015200000	 -0.204 	  -81.26 	 
0.015600000	 -0.203 	  -78.78 	 
0.016000000	 -0.201 	  -75.76 	 
0.016400000	 -0.199 	  -72.24 	 
0.016800000	 -0.197 	  -68.23 	 
0.017200000	 -0.195 	  -64.15 	 
0.017600000	 -0.191 	  -59.97 	 
0.018000000	 -0.188 	  -55.71 	 
0.018400000	 -0.184 	  -51.62 	 
0.018800000	 -0.181 	  -47.88 	 
0.019200000	 -0.177 	  -44.59 	 
0.019600000	 -0.174 	  -41.73 	 
0.019999999	 -0.170 	  -39.57 	 
0.020399999	 -0.168 	  -38.21 	 
0.020799999	 -0.166 	  -37.72 	 
0.021199999	 -0.166 	  -38.01 	 
0.021599999	 -0.166 	  -39.15 	 
0.021999999	 -0.167 	  -40.99 	 
0.022399999	 -0.168 	  -43.31 	 
0.022799999	 -0.169 	  -45.96 	 
0.023199999	 -0.171 	  -49.05 	 
0.023599999	 -0.174 	  -52.67 	 
0.023999999	 -0.177 	  -56.77 	 
0.024399999	 -0.180 	  -61.12 	 
0.024799999	 -0.184 	  -65.53 	 
0.025199999	 -0.187 	  -69.76 	 
0.025599999	 -0.191 	  -73.71 	 
0.025999999	 -0.195 	  -77.29 	 
0.026399999	 -0.198 	  -80.33 	 
0.026799999	 -0.200 	  -82.67 	 
0.027199999	 -0.202 	  -84.29 	 
0.027599999	 -0.203 	  -85.13 	 
0.027999999	 -0.204 	  -85.40 	 
0.028399999	 -0.205 	  -85.17 	 
0.028799999	 -0.205 	  -84.41 	 
0.029199999	 -0.204 	  -82.91 	 
0.029599999	 -0.203 	  -80.72 	 
0.029999999	 -0.202 	  -78.14 	 
0.030399999	 -0.200 	  -74.78 	 
0.030799999	 -0.198 	  -70.96 	 
0.031199999	 -0.195 	  -67.18 	 
0.031599999	 -0.193 	  -63.25 	 
0.031999999	 -0.190 	  -58.98 	 
0.032399999	 -0.187 	  -54.59 	 
0.032799999	 -0.183 	  -50.46 	 
0.033199999	 -0.180 	  -46.87 	 
0.033599999	 -0.176 	  -43.79 	 
0.033999999	 -0.174 	  -41.21 	 
0.034399999	 -0.171 	  -39.33 	 
0.034799999	 -0.168 	  -38.16 	 
0.035199999	 -0.167 	  -37.75 	 
0.035599999	 -0.166 	  -38.30 	 
0.035999999	 -0.167 	  -39.76 	 
0.036399999	 -0.167 	  -41.81 	 
0.036799999	 -0.169 	  -44.17 	 
0.037199999	 -0.170 	  -46.86 	 
0.037599999	 -0.172 	  -50.10 	 
0.037999999	 -0.175 	  -53.90 	 
0.038399999	 -0.178 	  -58.16 	 
0.038799999	 -0.180 	  -62.53 	 
0.039199999	 -0.185 	  -66.81 	 
0.039599999	 -0.188 	  -70.91 	 
0.039999999	 -0.192 	  -74.69 	 
0.040399999	 -0.196 	  -78.17 	 
0.040799999	 -0.198 	  -81.14 	 
0.041199999	 -0.201 	  -83.36 	 
0.041599999	 -0.203 	  -84.69 	 
0.041999999	 -0.204 	  -85.32 	 
0.042399999	 -0.205 	  -85.52 	 
0.042799999	 -0.205 	  -85.17 	 
0.043199999	 -0.205 	  -84.15 	 
0.043599999	 -0.204 	  -82.30 	 
0.043999999	 -0.203 	  -79.96 	 
0.044399999	 -0.202 	  -77.18 	 
0.044799999	 -0.200 	  -73.79 	 
0.045199999	 -0.197 	  -70.02 	 
0.045599999	 -0.195 	  -66.13 	 
0.045999999	 -0.193 	  -62.01 	 
0.046399999	 -0.189 	  -57.65 	 
0.046799999	 -0.185 	  -53.33 	 
0.047199999	 -0.182 	  -49.41 	 
0.047599999	 -0.178 	  -45.97 	 
0.047999999	 -0.175 	  -43.00 	 
0.048399999	 -0.172 	  -40.53 	 
0.048799999	 -0.169 	  -38.84 	 
0.049199999	 -0.168 	  -37.97 	 
0.049599999	 -0.166 	  -37.87 	 
0.049999999	 -0.166 	  -38.62 	 
0.050399999	 -0.166 	  -40.22 	 
0.050799999	 -0.167 	  -42.39 	 
0.051199999	 -0.169 	  -44.85 	 
0.051599999	 -0.171 	  -47.72 	 
0.051999999	 -0.173 	  -51.14 	 
0.052399999	 -0.176 	  -55.10 	 
0.052799999	 -0.179 	  -59.36 	 
0.053199999	 -0.182 	  -63.68 	 
0.053599999	 -0.186 	  -67.97 	 
0.053999999	 -0.190 	  -72.02 	 
0.054399999	 -0.193 	  -75.78 	 
0.054799999	 -0.197 	  -79.08 	 
0.055199999	 -0.199 	  -81.76 	 
0.055599999	 -0.201 	  -83.74 	 
0.055999999	 -0.203 	  -84.97 	 
0.056399999	 -0.205 	  -85.49 	 
0.056799999	 -0.204 	  -85.45 	 
0.057199999	 -0.204 	  -84.87 	 
0.057599999	 -0.204 	  -83.61 	 
0.057999999	 -0.204 	  -81.70 	 
0.058399999	 -0.203 	  -79.35 	 
0.058799999	 -0.201 	  -76.27 	 
0.059199999	 -0.200 	  -72.57 	 
0.059599998	 -0.197 	  -68.76 	 
0.059999998	 -0.194 	  -64.99 	 
0.060399998	 -0.192 	  -60.85 	 
0.060799998	 -0.188 	  -56.43 	 
0.061199998	 -0.185 	  -52.13 	 
0.061599998	 -0.181 	  -48.33 	 
0.061999998	 -0.177 	  -45.08 	 
0.062399998	 -0.175 	  -42.28 	 
0.062799998	 -0.171 	  -40.04 	 
0.063199998	 -0.169 	  -38.46 	 
0.063599998	 -0.168 	  -37.69 	 
0.063999998	 -0.166 	  -37.86 	 
0.064399998	 -0.166 	  -39.02 	 
0.064799998	 -0.167 	  -40.90 	 
0.065199998	 -0.168 	  -43.14 	 
0.065599998	 -0.169 	  -45.60 	 
0.065999998	 -0.171 	  -48.53 	 
0.066399998	 -0.173 	  -52.08 	 
0.066799998	 -0.176 	  -56.20 	 
0.067199998	 -0.180 	  -60.58 	 
0.067599998	 -0.183 	  -64.94 	 
0.067999998	 -0.187 	  -69.13 	 
0.068399998	 -0.190 	  -73.05 	 
0.068799998	 -0.194 	  -76.69 	 
0.069199998	 -0.197 	  -79.96 	 
0.069599998	 -0.200 	  -82.55 	 
0.069999998	 -0.202 	  -84.25 	 
0.070399998	 -0.203 	  -85.06 	 
0.070799998	 -0.204 	  -85.37 	 
0.071199998	 -0.204 	  -85.28 	 
0.071599998	 -0.204 	  -84.62 	 
0.071999998	 -0.204 	  -83.14 	 
0.072399998	 -0.203 	  -80.94 	 
0.072799998	 -0.203 	  -78.48 	 
0.073199998	 -0.201 	  -75.38 	 
0.073599998	 -0.199 	  -71.72 	 
0.073999998	 -0.197 	  -67.66 	 
0.074399998	 -0.194 	  -63.59 	 
0.074799998	 -0.191 	  -59.42 	 
0.075199998	 -0.188 	  -55.17 	 
0.075599998	 -0.184 	  -51.10 	 
0.075999998	 -0.180 	  -47.43 	 
0.076399998	 -0.177 	  -44.24 	 
0.076799998	 -0.173 	  -41.52 	 
0.077199998	 -0.170 	  -39.48 	 
0.077599998	 -0.169 	  -38.31 	 
0.077999998	 -0.167 	  -37.95 	 
0.078399998	 -0.166 	  -38.24 	 
0.078799998	 -0.166 	  -39.42 	 
0.079199998	 -0.167 	  -41.28 	 
0.079599998	 -0.168 	  -43.67 	 
0.079999998	 -0.170 	  -46.44 	 
0.080399998	 -0.172 	  -49.63 	 
0.080799998	 -0.174 	  -53.32 	 
0.081199998	 -0.177 	  -57.44 	 
0.081599998	 -0.180 	  -61.81 	 
0.081999998	 -0.185 	  -66.17 	 
0.082399998	 -0.188 	  -70.40 	 
0.082799998	 -0.192 	  -74.26 	 
0.083199998	 -0.195 	  -77.75 	 
0.083599998	 -0.198 	  -80.73 	 
0.083999998	 -0.200 	  -83.07 	 
0.084399998	 -0.203 	  -84.62 	 
0.084799998	 -0.204 	  -85.41 	 
0.085199998	 -0.204 	  -85.62 	 
0.085599998	 -0.205 	  -85.28 	 
0.085999998	 -0.204 	  -84.30 	 
0.086399998	 -0.205 	  -82.65 	 
0.086799998	 -0.203 	  -80.41 	 
0.087199998	 -0.202 	  -77.66 	 
0.087599998	 -0.201 	  -74.30 	 
0.087999998	 -0.198 	  -70.47 	 
0.088399998	 -0.196 	  -66.64 	 
0.088799998	 -0.193 	  -62.69 	 
0.089199998	 -0.190 	  -58.39 	 
0.089599998	 -0.187 	  -54.01 	 
0.089999998	 -0.183 	  -49.93 	 
0.090399998	 -0.179 	  -46.40 	 
0.090799998	 -0.176 	  -43.42 	 
0.091199998	 -0.172 	  -40.94 	 
0.091599998	 -0.170 	  -39.12 	 
0.091999998	 -0.167 	  -38.01 	 
0.092399998	 -0.167 	  -37.77 	 
0.092799998	 -0.166 	  -38.47 	 
0.093199998	 -0.166 	  -40.05 	 
0.093599998	 -0.167 	  -42.14 	 
0.093999998	 -0.169 	  -44.56 	 
0.094399998	 -0.171 	  -47.25 	 
0.094799998	 -0.172 	  -50.54 	 
0.095199998	 -0.176 	  -54.49 	 
0.095599998	 -0.178 	  -58.79 	 
0.095999998	 -0.182 	  -63.21 	 
0.096399998	 -0.185 	  -67.48 	 
0.096799998	 -0.190 	  -71.56 	 
0.097199998	 -0.193 	  -75.35 	 
0.097599998	 -0.196 	  -78.73 	 
0.097999998	 -0.199 	  -81.54 	 
0.098399998	 -0.201 	  -83.64 	 
0.098799998	 -0.203 	  -84.91 	 
0.099199997	 -0.204 	  -85.49 	 
0.099599997	 -0.205 	  -85.54 	 
0.099999997	 -0.205 	  -85.06 	 
0.100399997	 -0.204 	  -83.94 	 
0.100799997	 -0.204 	  -82.08 	 
0.101199997	 -0.203 	  -79.76 	 
0.101599997	 -0.202 	  -76.90 	 
0.101999997	 -0.200 	  -73.27 	 
0.102399997	 -0.198 	  -69.35 	 
0.102799997	 -0.194 	  -65.52 	 
0.103199997	 -0.192 	  -61.49 	 
0.103599997	 -0.189 	  -57.16 	 
0.103999997	 -0.185 	  -52.82 	 
0.104399997	 -0.182 	  -48.92 	 
0.104799997	 -0.178 	  -45.55 	 
0.105199997	 -0.174 	  -42.64 	 
0.105599997	 -0.171 	  -40.33 	 
0.105999997	 -0.169 	  -38.72 	 
0.106399997	 -0.167 	  -37.87 	 
0.106799997	 -0.166 	  -37.84 	 
0.107199997	 -0.166 	  -38.76 	 
0.107599997	 -0.167 	  -40.50 	 
0.107999997	 -0.168 	  -42.72 	 
0.108399997	 -0.169 	  -45.27 	 
0.108799997	 -0.171 	  -48.20 	 
0.109199997	 -0.173 	  -51.67 	 
0.109599997	 -0.176 	  -55.63 	 
0.109999997	 -0.179 	  -59.96 	 
0.110399997	 -0.183 	  -64.35 	 
0.110799997	 -0.186 	  -68.60 	 
0.111199997	 -0.190 	  -72.66 	 
0.111599997	 -0.193 	  -76.32 	 
0.111999997	 -0.197 	  -79.53 	 
0.112399997	 -0.199 	  -82.17 	 
0.112799997	 -0.202 	  -84.02 	 
0.113199997	 -0.204 	  -85.07 	 
0.113599997	 -0.204 	  -85.48 	 
0.113999997	 -0.205 	  -85.39 	 
0.114399997	 -0.204 	  -84.73 	 
0.114799997	 -0.204 	  -83.39 	 
0.115199997	 -0.204 	  -81.36 	 
0.115599997	 -0.203 	  -78.88 	 
0.115999997	 -0.201 	  -75.77 	 
0.116399997	 -0.199 	  -72.11 	 
0.116799997	 -0.197 	  -68.31 	 
0.117199997	 -0.194 	  -64.29 	 
0.117599997	 -0.191 	  -60.12 	 
0.117999997	 -0.188 	  -55.79 	 
0.118399997	 -0.185 	  -51.63 	 
0.118799997	 -0.180 	  -47.89 	 
0.119199997	 -0.177 	  -44.64 	 
0.119599997	 -0.174 	  -41.88 	 
0.119999997	 -0.170 	  -39.72 	 
0.120399997	 -0.168 	  -38.34 	 
0.120799997	 -0.167 	  -37.72 	 
0.121199997	 -0.166 	  -37.97 	 
0.121599997	 -0.165 	  -39.18 	 
0.121999997	 -0.167 	  -41.08 	 
0.122399997	 -0.168 	  -43.42 	 
0.122799997	 -0.170 	  -46.02 	 
0.123199997	 -0.172 	  -49.03 	 
0.123599997	 -0.174 	  -52.67 	 
0.123999997	 -0.177 	  -56.84 	 
0.124399997	 -0.180 	  -61.22 	 
0.124799997	 -0.184 	  -65.57 	 
0.125199997	 -0.188 	  -69.72 	 
0.125599997	 -0.191 	  -73.62 	 
0.125999997	 -0.195 	  -77.24 	 
0.126399997	 -0.198 	  -80.38 	 
0.126799997	 -0.200 	  -82.80 	 
0.127199997	 -0.202 	  -84.34 	 
0.127599997	 -0.204 	  -85.12 	 
0.127999997	 -0.204 	  -85.36 	 
0.128399997	 -0.205 	  -85.18 	 
0.128799997	 -0.204 	  -84.43 	 
0.129199997	 -0.205 	  -82.91 	 
0.129599997	 -0.204 	  -80.70 	 
0.129999997	 -0.202 	  -78.06 	 
0.130399997	 -0.201 	  -74.72 	 
0.130799997	 -0.198 	  -70.97 	 
0.131199997	 -0.196 	  -67.24 	 
0.131599997	 -0.193 	  -63.24 	 
0.131999997	 -0.191 	  -58.90 	 
0.132399997	 -0.187 	  -54.49 	 
0.132799997	 -0.183 	  -50.42 	 
0.133199997	 -0.180 	  -46.84 	 
0.133599997	 -0.176 	  -43.77 	 
0.133999997	 -0.172 	  -41.15 	 
0.134399997	 -0.170 	  -39.24 	 
0.134799997	 -0.168 	  -38.00 	 
0.135199997	 -0.167 	  -37.62 	 
0.135599997	 -0.166 	  -38.25 	 
0.135999997	 -0.166 	  -39.81 	 
0.136399997	 -0.167 	  -41.83 	 
0.136799997	 -0.168 	  -44.09 	 
0.137199997	 -0.170 	  -46.75 	 
0.137599997	 -0.172 	  -50.02 	 
0.137999997	 -0.175 	  -53.90 	 
0.138399997	 -0.177 	  -58.11 	 
0.138799996	 -0.181 	  -62.47 	 
0.139199996	 -0.185 	  -66.79 	 
0.139599996	 -0.189 	  -70.95 	 
0.139999996	 -0.192 	  -74.79 	 
0.140399996	 -0.196 	  -78.26 	 
0.140799996	 -0.198 	  -81.18 	 
0.141199996	 -0.201 	  -83.37 	 
0.141599996	 -0.203 	  -84.73 	 
0.141999996	 -0.204 	  -85.35 	 
0.142399996	 -0.204 	  -85.48 	 
0.142799996	 -0.205 	  -85.11 	 
0.143199996	 -0.204 	  -84.12 	 
0.143599996	 -0.204 	  -82.37 	 
0.143999996	 -0.203 	  -80.02 	 
0.144399996	 -0.202 	  -77.17 	 
0.144799996	 -0.200 	  -73.83 	 
0.145199996	 -0.198 	  -70.14 	 
0.145599996	 -0.196 	  -66.27 	 
0.145999996	 -0.192 	  -62.03 	 
0.146399996	 -0.188 	  -57.61 	 
0.146799996	 -0.186 	  -53.25 	 
0.147199996	 -0.182 	  -49.35 	 
0.147599996	 -0.179 	  -45.97 	 
0.147999996	 -0.175 	  -42.99 	 
0.148399996	 -0.172 	  -40.50 	 
0.148799996	 -0.169 	  -38.75 	 
0.149199996	 -0.167 	  -37.86 	 
0.149599996	 -0.166 	  -37.81 	 
0.149999996	 -0.166 	  -38.63 	 
0.150399996	 -0.166 	  -40.25 	 
0.150799996	 -0.167 	  -42.36 	 
0.151199996	 -0.169 	  -44.78 	 
0.151599996	 -0.170 	  -47.64 	 
0.151999996	 -0.173 	  -51.11 	 
0.152399996	 -0.175 	  -55.15 	 
0.152799996	 -0.179 	  -59.46 	 
0.153199996	 -0.182 	  -63.70 	 
0.153599996	 -0.186 	  -67.90 	 
0.153999996	 -0.189 	  -71.99 	 
0.154399996	 -0.193 	  -75.83 	 
0.154799996	 -0.196 	  -79.22 	 
0.155199996	 -0.199 	  -81.93 	 
0.155599996	 -0.202 	  -83.85 	 
0.155999996	 -0.203 	  -85.00 	 
0.156399996	 -0.204 	  -85.57 	 
0.156799996	 -0.205 	  -85.63 	 
0.157199996	 -0.205 	  -85.03 	 
0.157599996	 -0.204 	  -83.73 	 
0.157999996	 -0.204 	  -81.75 	 
0.158399996	 -0.203 	  -79.30 	 
0.158799996	 -0.201 	  -76.39 	 
0.159199996	 -0.199 	  -72.78 	 
0.159599996	 -0.198 	  -68.90 	 
0.159999996	 -0.194 	  -64.96 	 
0.160399996	 -0.191 	  -60.81 	 
0.160799996	 -0.188 	  -56.42 	 
0.161199996	 -0.184 	  -52.17 	 
0.161599996	 -0.181 	  -48.33 	 
0.161999996	 -0.177 	  -45.05 	 
0.162399996	 -0.174 	  -42.17 	 
0.162799996	 -0.171 	  -39.93 	 
0.163199996	 -0.168 	  -38.42 	 
0.163599996	 -0.166 	  -37.81 	 
0.163999996	 -0.166 	  -37.97 	 
0.164399996	 -0.166 	  -38.95 	 
0.164799996	 -0.166 	  -40.72 	 
0.165199996	 -0.168 	  -42.98 	 
0.165599996	 -0.169 	  -45.57 	 
0.165999996	 -0.171 	  -48.57 	 
0.166399996	 -0.174 	  -52.17 	 
0.166799996	 -0.177 	  -56.20 	 
0.167199996	 -0.179 	  -60.49 	 
0.167599996	 -0.183 	  -64.86 	 
0.167999996	 -0.187 	  -69.11 	 
0.168399996	 -0.191 	  -73.14 	 
0.168799996	 -0.194 	  -76.77 	 
0.169199996	 -0.197 	  -79.93 	 
0.169599996	 -0.200 	  -82.41 	 
0.169999996	 -0.202 	  -84.15 	 
0.170399996	 -0.203 	  -85.15 	 
0.170799996	 -0.204 	  -85.51 	 
0.171199996	 -0.205 	  -85.32 	 
0.171599996	 -0.205 	  -84.54 	 
0.171999996	 -0.204 	  -83.08 	 
0.172399996	 -0.203 	  -80.99 	 
0.172799996	 -0.202 	  -78.50 	 
0.173199996	 -0.201 	  -75.35 	 
0.173599996	 -0.199 	  -71.67 	 
0.173999996	 -0.196 	  -67.65 	 
0.174399996	 -0.193 	  -63.54 	 
0.174799996	 -0.190 	  -59.36 	 
0.175199996	 -0.187 	  -55.10 	 
0.175599996	 -0.183 	  -51.00 	 
0.175999996	 -0.180 	  -47.33 	 
0.176399996	 -0.176 	  -44.13 	 
0.176799996	 -0.173 	  -41.45 	 
0.177199996	 -0.170 	  -39.44 	 
0.177599996	 -0.168 	  -38.12 	 
0.177999996	 -0.166 	  -37.64 	 
0.178399995	 -0.166 	  -38.06 	 
0.178799995	 -0.166 	  -39.38 	 
0.179199995	 -0.166 	  -41.35 	 
0.179599995	 -0.168 	  -43.70 	 
0.179999995	 -0.170 	  -46.34 	 
0.180399995	 -0.172 	  -49.47 	 
0.180799995	 -0.174 	  -53.20 	 
0.181199995	 -0.177 	  -57.38 	 
0.181599995	 -0.180 	  -61.75 	 
0.181999995	 -0.184 	  -66.11 	 
0.182399995	 -0.188 	  -70.25 	 
0.182799995	 -0.191 	  -74.15 	 
0.183199995	 -0.194 	  -77.69 	 
0.183599995	 -0.198 	  -80.65 	 
0.183999995	 -0.201 	  -82.94 	 
0.184399995	 -0.202 	  -84.47 	 
0.184799995	 -0.203 	  -85.28 	 
0.185199995	 -0.204 	  -85.50 	 
0.185599995	 -0.204 	  -85.13 	 
0.185999995	 -0.204 	  -84.15 	 
0.186399995	 -0.204 	  -82.50 	 
0.186799995	 -0.203 	  -80.29 	 
0.187199995	 -0.202 	  -77.61 	 
0.187599995	 -0.200 	  -74.22 	 
0.187999995	 -0.198 	  -70.40 	 
0.188399995	 -0.195 	  -66.51 	 
0.188799995	 -0.193 	  -62.48 	 
0.189199995	 -0.189 	  -58.23 	 
0.189599995	 -0.186 	  -53.91 	 
0.189999995	 -0.182 	  -49.87 	 
0.190399995	 -0.179 	  -46.32 	 
0.190799995	 -0.176 	  -43.26 	 
0.191199995	 -0.172 	  -40.72 	 
0.191599995	 -0.169 	  -38.94 	 
0.191999995	 -0.167 	  -37.88 	 
0.192399995	 -0.166 	  -37.60 	 
0.192799995	 -0.166 	  -38.35 	 
0.193199995	 -0.166 	  -39.94 	 
0.193599995	 -0.167 	  -42.02 	 
0.193999995	 -0.169 	  -44.41 	 
0.194399995	 -0.170 	  -47.13 	 
0.194799995	 -0.172 	  -50.42 	 
0.195199995	 -0.175 	  -54.32 	 
0.195599995	 -0.178 	  -58.63 	 
0.195999995	 -0.182 	  -63.06 	 
0.196399995	 -0.185 	  -67.38 	 
0.196799995	 -0.188 	  -71.46 	 
0.197199995	 -0.193 	  -75.21 	 
0.197599995	 -0.196 	  -78.60 	 
0.197999995	 -0.199 	  -81.43 	 
0.198399995	 -0.201 	  -83.53 	 
0.198799995	 -0.203 	  -84.77 	 
0.199199995	 -0.203 	  -85.35 	 
0.199599995	 -0.205 	  -85.44 	 
0.199999995	 -0.205 	  -84.96 	 
0.200399995	 -0.205 	  -83.84 	 
0.200799995	 -0.203 	  -81.95 	 
0.201199995	 -0.203 	  -79.60 	 
0.201599995	 -0.201 	  -76.72 	 
0.201999995	 -0.200 	  -73.10 	 
0.202399995	 -0.198 	  -69.26 	 
0.202799995	 -0.195 	  -65.45 	 
0.203199995	 -0.192 	  -61.37 	 
0.203599995	 -0.188 	  -57.04 	 
0.203999995	 -0.185 	  -52.70 	 
0.204399995	 -0.182 	  -48.78 	 
0.204799995	 -0.178 	  -45.45 	 
0.205199995	 -0.175 	  -42.57 	 
0.205599995	 -0.171 	  -40.20 	 
0.205999995	 -0.169 	  -38.56 	 
0.206399995	 -0.167 	  -37.78 	 
0.206799995	 -0.166 	  -37.79 	 
0.207199995	 -0.166 	  -38.69 	 
0.207599995	 -0.167 	  -40.38 	 
0.207999995	 -0.167 	  -42.58 	 
0.208399995	 -0.169 	  -45.16 	 
0.208799995	 -0.171 	  -48.09 	 
0.209199995	 -0.173 	  -51.60 	 
0.209599995	 -0.176 	  -55.61 	 
0.209999995	 -0.179 	  -59.92 	 
0.210399995	 -0.183 	  -64.27 	 
0.210799995	 -0.187 	  -68.52 	 
0.211199995	 -0.189 	  -72.55 	 
0.211599995	 -0.193 	  -76.24 	 
0.211999995	 -0.197 	  -79.50 	 
0.212399995	 -0.200 	  -82.10 	 
0.212799995	 -0.202 	  -83.94 	 
0.213199995	 -0.203 	  -84.99 	 
0.213599995	 -0.204 	  -85.45 	 
0.213999995	 -0.205 	  -85.35 	 
0.214399995	 -0.205 	  -84.68 	 
0.214799995	 -0.205 	  -83.31 	 
0.215199995	 -0.203 	  -81.29 	 
0.215599995	 -0.202 	  -78.82 	 
0.215999995	 -0.201 	  -75.73 	 
0.216399995	 -0.199 	  -72.09 	 
0.216799995	 -0.197 	  -68.25 	 
0.217199995	 -0.194 	  -64.24 	 
0.217599995	 -0.191 	  -60.04 	 
0.217999994	 -0.188 	  -55.78 	 
0.218399994	 -0.184 	  -51.63 	 
0.218799994	 -0.180 	  -47.87 	 
0.219199994	 -0.177 	  -44.61 	 
0.219599994	 -0.173 	  -41.82 	 
0.219999994	 -0.171 	  -39.70 	 
0.220399994	 -0.169 	  -38.30 	 
0.220799994	 -0.167 	  -37.75 	 
0.221199994	 -0.166 	  -37.95 	 
0.221599994	 -0.167 	  -39.10 	 
0.221999994	 -0.167 	  -40.97 	 
0.222399994	 -0.168 	  -43.38 	 
0.222799994	 -0.170 	  -46.06 	 
0.223199994	 -0.172 	  -49.08 	 
0.223599994	 -0.174 	  -52.66 	 
0.223999994	 -0.177 	  -56.70 	 
0.224399994	 -0.180 	  -61.08 	 
0.224799994	 -0.184 	  -65.49 	 
0.225199994	 -0.187 	  -69.79 	 
0.225599994	 -0.191 	  -73.73 	 
0.225999994	 -0.195 	  -77.26 	 
0.226399994	 -0.198 	  -80.22 	 
0.226799994	 -0.201 	  -82.62 	 
0.227199994	 -0.202 	  -84.32 	 
0.227599994	 -0.203 	  -85.23 	 
0.227999994	 -0.205 	  -85.52 	 
0.228399994	 -0.205 	  -85.24 	 
0.228799994	 -0.205 	  -84.39 	 
0.229199994	 -0.204 	  -82.85 	 
0.229599994	 -0.203 	  -80.70 	 
0.229999994	 -0.202 	  -78.18 	 
0.230399994	 -0.201 	  -74.83 	 
0.230799994	 -0.198 	  -70.93 	 
0.231199994	 -0.196 	  -67.07 	 
0.231599994	 -0.193 	  -63.15 	 
0.231999994	 -0.190 	  -58.94 	 
0.232399994	 -0.187 	  -54.58 	 
0.232799994	 -0.183 	  -50.44 	 
0.233199994	 -0.180 	  -46.82 	 
0.233599994	 -0.176 	  -43.73 	 
0.233999994	 -0.172 	  -41.15 	 
0.234399994	 -0.170 	  -39.24 	 
0.234799994	 -0.168 	  -38.05 	 
0.235199994	 -0.166 	  -37.66 	 
0.235599994	 -0.166 	  -38.21 	 
0.235999994	 -0.166 	  -39.71 	 
0.236399994	 -0.167 	  -41.77 	 
0.236799994	 -0.168 	  -44.13 	 
0.237199994	 -0.170 	  -46.79 	 
0.237599994	 -0.172 	  -50.02 	 
0.237999994	 -0.175 	  -53.83 	 
0.238399994	 -0.178 	  -58.07 	 
0.238799994	 -0.181 	  -62.50 	 
0.239199994	 -0.184 	  -66.80 	 
0.239599994	 -0.188 	  -70.86 	 
0.239999994	 -0.192 	  -74.65 	 
0.240399994	 -0.196 	  -78.11 	 
0.240799994	 -0.198 	  -81.11 	 
0.241199994	 -0.201 	  -83.39 	 
0.241599994	 -0.203 	  -84.72 	 
0.241999994	 -0.204 	  -85.30 	 
0.242399994	 -0.204 	  -85.48 	 
0.242799994	 -0.205 	  -85.15 	 
0.243199994	 -0.205 	  -84.14 	 
0.243599994	 -0.204 	  -82.33 	 
0.243999994	 -0.203 	  -79.96 	 
0.244399994	 -0.202 	  -77.19 	 
0.244799994	 -0.201 	  -73.71 	 
0.245199994	 -0.198 	  -69.90 	 
0.245599994	 -0.195 	  -66.07 	 
0.245999994	 -0.192 	  -62.01 	 
0.246399994	 -0.190 	  -57.64 	 
0.246799994	 -0.185 	  -53.26 	 
0.247199994	 -0.182 	  -49.29 	 
0.247599994	 -0.178 	  -45.88 	 
0.247999994	 -0.175 	  -42.94 	 
0.248399994	 -0.172 	  -40.51 	 
0.248799994	 -0.169 	  -38.84 	 
0.249199994	 -0.167 	  -37.90 	 
0.249599994	 -0.166 	  -37.77 	 
0.249999994	 -0.167 	  -38.58 	 
0.250399994	 -0.167 	  -40.21 	 
0.250799994	 -0.168 	  -42.37 	 
0.251199994	 -0.169 	  -44.76 	 
0.251599994	 -0.170 	  -47.58 	 
0.251999994	 -0.172 	  -51.07 	 
0.252399994	 -0.175 	  -55.08 	 
0.252799994	 -0.179 	  -59.33 	 
0.253199994	 -0.182 	  -63.65 	 
0.253599994	 -0.186 	  -67.93 	 
0.253999994	 -0.189 	  -72.04 	 
0.254399994	 -0.193 	  -75.80 	 
0.254799994	 -0.196 	  -79.09 	 
0.255199994	 -0.199 	  -81.80 	 
0.255599994	 -0.201 	  -83.77 	 
0.255999994	 -0.203 	  -84.95 	 
0.256399994	 -0.204 	  -85.49 	 
0.256799994	 -0.204 	  -85.48 	 
0.257199994	 -0.205 	  -84.91 	 
0.257599993	 -0.205 	  -83.64 	 
0.257999993	 -0.204 	  -81.68 	 
0.258399993	 -0.202 	  -79.30 	 
0.258799993	 -0.202 	  -76.36 	 
0.259199993	 -0.200 	  -72.72 	 
0.259599993	 -0.198 	  -68.82 	 
0.259999993	 -0.195 	  -64.86 	 
0.260399993	 -0.192 	  -60.74 	 
0.260799993	 -0.188 	  -56.45 	 
0.261199993	 -0.185 	  -52.19 	 
0.261599993	 -0.181 	  -48.38 	 
0.261999993	 -0.177 	  -45.08 	 
0.262399993	 -0.174 	  -42.22 	 
0.262799993	 -0.171 	  -39.98 	 
0.263199993	 -0.169 	  -38.45 	 
0.263599993	 -0.167 	  -37.79 	 
0.263999993	 -0.166 	  -37.95 	 
0.264399993	 -0.166 	  -38.99 	 
0.264799993	 -0.167 	  -40.82 	 
0.265199993	 -0.168 	  -43.07 	 
0.265599993	 -0.170 	  -45.64 	 
0.265999993	 -0.172 	  -48.60 	 
0.266399993	 -0.174 	  -52.15 	 
0.266799993	 -0.177 	  -56.20 	 
0.267199993	 -0.180 	  -60.54 	 
0.267599993	 -0.184 	  -64.93 	 
0.267999993	 -0.187 	  -69.15 	 
0.268399993	 -0.191 	  -73.16 	 
0.268799993	 -0.194 	  -76.73 	 
0.269199993	 -0.197 	  -79.94 	 
0.269599993	 -0.200 	  -82.55 	 
0.269999993	 -0.202 	  -84.27 	 
0.270399993	 -0.203 	  -85.11 	 
0.270799993	 -0.205 	  -85.41 	 
0.271199993	 -0.205 	  -85.31 	 
0.271599993	 -0.205 	  -84.64 	 
0.271999993	 -0.204 	  -83.18 	 
0.272399993	 -0.203 	  -81.01 	 
0.272799993	 -0.202 	  -78.51 	 
0.273199993	 -0.201 	  -75.46 	 
0.273599993	 -0.199 	  -71.80 	 
0.273999993	 -0.197 	  -67.68 	 
0.274399993	 -0.194 	  -63.54 	 
0.274799993	 -0.191 	  -59.38 	 
0.275199993	 -0.187 	  -55.19 	 
0.275599993	 -0.183 	  -51.14 	 
0.275999993	 -0.180 	  -47.43 	 
0.276399993	 -0.176 	  -44.20 	 
0.276799993	 -0.173 	  -41.48 	 
0.277199993	 -0.170 	  -39.51 	 
0.277599993	 -0.168 	  -38.23 	 
0.277999993	 -0.166 	  -37.79 	 
0.278399993	 -0.166 	  -38.14 	 
0.278799993	 -0.166 	  -39.46 	 
0.279199993	 -0.167 	  -41.41 	 
0.279599993	 -0.168 	  -43.73 	 
0.279999993	 -0.170 	  -46.39 	 
0.280399993	 -0.172 	  -49.54 	 
0.280799993	 -0.174 	  -53.31 	 
0.281199993	 -0.177 	  -57.44 	 
0.281599993	 -0.181 	  -61.79 	 
0.281999993	 -0.184 	  -66.19 	 
0.282399993	 -0.188 	  -70.40 	 
0.282799993	 -0.191 	  -74.27 	 
0.283199993	 -0.195 	  -77.77 	 
0.283599993	 -0.198 	  -80.73 	 
0.283999993	 -0.200 	  -83.04 	 
0.284399993	 -0.203 	  -84.60 	 
0.284799993	 -0.204 	  -85.39 	 
0.285199993	 -0.205 	  -85.61 	 
0.285599993	 -0.205 	  -85.23 	 
0.285999993	 -0.205 	  -84.27 	 
0.286399993	 -0.205 	  -82.65 	 
0.286799993	 -0.203 	  -80.39 	 
0.287199993	 -0.202 	  -77.64 	 
0.287599993	 -0.201 	  -74.23 	 
0.287999993	 -0.198 	  -70.51 	 
0.288399993	 -0.196 	  -66.62 	 
0.288799993	 -0.192 	  -62.60 	 
0.289199993	 -0.190 	  -58.27 	 
0.289599993	 -0.186 	  -53.91 	 
0.289999993	 -0.183 	  -49.88 	 
0.290399993	 -0.179 	  -46.37 	 
0.290799993	 -0.176 	  -43.34 	 
0.291199993	 -0.172 	  -40.82 	 
0.291599993	 -0.170 	  -39.04 	 
0.291999993	 -0.168 	  -38.05 	 
0.292399993	 -0.166 	  -37.80 	 
0.292799993	 -0.166 	  -38.38 	 
0.293199993	 -0.166 	  -39.83 	 
0.293599993	 -0.167 	  -41.92 	 
0.293999993	 -0.169 	  -44.40 	 
0.294399993	 -0.169 	  -47.22 	 
0.294799993	 -0.172 	  -50.57 	 
0.295199993	 -0.175 	  -54.45 	 
0.295599993	 -0.179 	  -58.70 	 
0.295999993	 -0.182 	  -63.07 	 
0.296399993	 -0.185 	  -67.38 	 
0.296799993	 -0.188 	  -71.52 	 
0.297199992	 -0.192 	  -75.35 	 
0.297599992	 -0.196 	  -78.73 	 
0.297999992	 -0.199 	  -81.49 	 
0.298399992	 -0.201 	  -83.55 	 
0.298799992	 -0.203 	  -84.87 	 
0.299199992	 -0.204 	  -85.48 	 
0.299599992	 -0.205 	  -85.54 	 
0.299999992	 -0.205 	  -84.99 	 
0.300399992	 -0.204 	  -83.86 	 
0.300799992	 -0.204 	  -82.02 	 
0.301199992	 -0.203 	  -79.71 	 
0.301599992	 -0.201 	  -76.81 	 
0.301999992	 -0.200 	  -73.20 	 
0.302399992	 -0.198 	  -69.33 	 
0.302799992	 -0.194 	  -65.56 	 
0.303199992	 -0.192 	  -61.46 	 
0.303599992	 -0.188 	  -57.08 	 
0.303999992	 -0.185 	  -52.70 	 
0.304399992	 -0.182 	  -48.81 	 
0.304799992	 -0.178 	  -45.46 	 
0.305199992	 -0.175 	  -42.60 	 
0.305599992	 -0.171 	  -40.26 	 
0.305999992	 -0.169 	  -38.60 	 
0.306399992	 -0.167 	  -37.73 	 
0.306799992	 -0.166 	  -37.68 	 
0.307199992	 -0.166 	  -38.68 	 
0.307599992	 -0.166 	  -40.46 	 
0.307999992	 -0.167 	  -42.71 	 
0.308399992	 -0.169 	  -45.18 	 
0.308799992	 -0.170 	  -48.03 	 
0.309199992	 -0.173 	  -51.53 	 
0.309599992	 -0.175 	  -55.57 	 
0.309999992	 -0.179 	  -59.91 	 
0.310399992	 -0.182 	  -64.30 	 
0.310799992	 -0.186 	  -68.54 	 
0.311199992	 -0.190 	  -72.53 	 
0.311599992	 -0.193 	  -76.27 	 
0.311999992	 -0.197 	  -79.56 	 
0.312399992	 -0.199 	  -82.24 	 
0.312799992	 -0.202 	  -84.00 	 
0.313199992	 -0.203 	  -84.91 	 
0.313599992	 -0.204 	  -85.31 	 
0.313999992	 -0.205 	  -85.29 	 
0.314399992	 -0.205 	  -84.73 	 
0.314799992	 -0.204 	  -83.38 	 
0.315199992	 -0.203 	  -81.27 	 
0.315599992	 -0.202 	  -78.76 	 
0.315999992	 -0.201 	  -75.76 	 
0.316399992	 -0.199 	  -72.15 	 
0.316799992	 -0.196 	  -68.31 	 
0.317199992	 -0.194 	  -64.33 	 
0.317599992	 -0.191 	  -60.04 	 
0.317999992	 -0.187 	  -55.68 	 
0.318399992	 -0.184 	  -51.51 	 
0.318799992	 -0.180 	  -47.77 	 
0.319199992	 -0.177 	  -44.51 	 
0.319599992	 -0.173 	  -41.70 	 
0.319999992	 -0.171 	  -39.56 	 
0.320399992	 -0.168 	  -38.15 	 
0.320799992	 -0.166 	  -37.63 	 
0.321199992	 -0.166 	  -37.93 	 
0.321599992	 -0.166 	  -39.09 	 
0.321999992	 -0.166 	  -40.93 	 
0.322399992	 -0.168 	  -43.20 	 
0.322799992	 -0.169 	  -45.86 	 
0.323199992	 -0.171 	  -49.00 	 
0.323599992	 -0.174 	  -52.65 	 
0.323999992	 -0.176 	  -56.75 	 
0.324399992	 -0.180 	  -61.11 	 
0.324799992	 -0.184 	  -65.49 	 
0.325199992	 -0.187 	  -69.67 	 
0.325599992	 -0.191 	  -73.62 	 
0.325999992	 -0.194 	  -77.17 	 
0.326399992	 -0.197 	  -80.22 	 
0.326799992	 -0.200 	  -82.66 	 
0.327199992	 -0.202 	  -84.32 	 
0.327599992	 -0.203 	  -85.19 	 
0.327999992	 -0.204 	  -85.49 	 
0.328399992	 -0.204 	  -85.24 	 
0.328799992	 -0.204 	  -84.37 	 
0.329199992	 -0.205 	  -82.80 	 
0.329599992	 -0.203 	  -80.65 	 
0.329999992	 -0.202 	  -78.11 	 
0.330399992	 -0.201 	  -74.74 	 
0.330799992	 -0.198 	  -70.85 	 
0.331199992	 -0.196 	  -67.00 	 
0.331599992	 -0.193 	  -63.09 	 
0.331999992	 -0.190 	  -58.90 	 
0.332399992	 -0.187 	  -54.50 	 
0.332799992	 -0.183 	  -50.33 	 
0.333199992	 -0.179 	  -46.69 	 
0.333599992	 -0.175 	  -43.62 	 
0.333999992	 -0.173 	  -41.04 	 
0.334399992	 -0.169 	  -39.10 	 
0.334799992	 -0.168 	  -37.94 	 
0.335199992	 -0.167 	  -37.62 	 
0.335599992	 -0.166 	  -38.17 	 
0.335999992	 -0.165 	  -39.58 	 
0.336399992	 -0.167 	  -41.63 	 
0.336799991	 -0.169 	  -44.02 	 
0.337199991	 -0.170 	  -46.72 	 
0.337599991	 -0.172 	  -49.93 	 
0.337999991	 -0.174 	  -53.77 	 
0.338399991	 -0.177 	  -58.02 	 
0.338799991	 -0.181 	  -62.41 	 
0.339199991	 -0.184 	  -66.68 	 
0.339599991	 -0.188 	  -70.77 	 
0.339999991	 -0.192 	  -74.65 	 
0.340399991	 -0.195 	  -78.14 	 
0.340799991	 -0.198 	  -81.08 	 
0.341199991	 -0.200 	  -83.31 	 
0.341599991	 -0.203 	  -84.65 	 
0.341999991	 -0.203 	  -85.28 	 
0.342399991	 -0.205 	  -85.46 	 
0.342799991	 -0.205 	  -85.14 	 
0.343199991	 -0.205 	  -84.10 	 
0.343599991	 -0.204 	  -82.26 	 
0.343999991	 -0.204 	  -79.90 	 
0.344399991	 -0.202 	  -77.17 	 
0.344799991	 -0.200 	  -73.79 	 
0.345199991	 -0.198 	  -69.93 	 
0.345599991	 -0.195 	  -65.87 	 
0.345999991	 -0.192 	  -61.83 	 
0.346399991	 -0.189 	  -57.56 	 
0.346799991	 -0.186 	  -53.28 	 
0.347199991	 -0.182 	  -49.28 	 
0.347599991	 -0.178 	  -45.80 	 
0.347999991	 -0.175 	  -42.86 	 
0.348399991	 -0.172 	  -40.42 	 
0.348799991	 -0.169 	  -38.76 	 
0.349199991	 -0.167 	  -37.88 	 
0.349599991	 -0.167 	  -37.77 	 
0.349999991	 -0.166 	  -38.52 	 
0.350399991	 -0.166 	  -40.09 	 
0.350799991	 -0.167 	  -42.25 	 
0.351199991	 -0.168 	  -44.71 	 
0.351599991	 -0.171 	  -47.55 	 
0.351999991	 -0.172 	  -51.03 	 
0.352399991	 -0.175 	  -55.04 	 
0.352799991	 -0.179 	  -59.29 	 
0.353199991	 -0.182 	  -63.61 	 
0.353599991	 -0.186 	  -67.88 	 
0.353999991	 -0.189 	  -72.00 	 
0.354399991	 -0.193 	  -75.73 	 
0.354799991	 -0.197 	  -79.04 	 
0.355199991	 -0.199 	  -81.73 	 
0.355599991	 -0.202 	  -83.72 	 
0.355999991	 -0.203 	  -84.95 	 
0.356399991	 -0.205 	  -85.49 	 
0.356799991	 -0.205 	  -85.42 	 
0.357199991	 -0.205 	  -84.82 	 
0.357599991	 -0.204 	  -83.59 	 
0.357999991	 -0.203 	  -81.70 	 
0.358399991	 -0.203 	  -79.32 	 
0.358799991	 -0.202 	  -76.25 	 
0.359199991	 -0.199 	  -72.55 	 
0.359599991	 -0.197 	  -68.70 	 
0.359999991	 -0.195 	  -64.89 	 
0.360399991	 -0.191 	  -60.79 	 
0.360799991	 -0.188 	  -56.40 	 
0.361199991	 -0.185 	  -52.06 	 
0.361599991	 -0.180 	  -48.21 	 
0.361999991	 -0.177 	  -44.96 	 
0.362399991	 -0.174 	  -42.15 	 
0.362799991	 -0.172 	  -39.93 	 
0.363199991	 -0.168 	  -38.42 	 
0.363599991	 -0.167 	  -37.73 	 
0.363999991	 -0.166 	  -37.80 	 
0.364399991	 -0.166 	  -38.87 	 
0.364799991	 -0.167 	  -40.71 	 
0.365199991	 -0.168 	  -43.03 	 
0.365599991	 -0.170 	  -45.59 	 
0.365999991	 -0.171 	  -48.48 	 
0.366399991	 -0.174 	  -51.99 	 
0.366799991	 -0.176 	  -56.08 	 
0.367199991	 -0.180 	  -60.46 	 
0.367599991	 -0.183 	  -64.88 	 
0.367999991	 -0.187 	  -69.13 	 
0.368399991	 -0.191 	  -73.07 	 
0.368799991	 -0.194 	  -76.69 	 
0.369199991	 -0.197 	  -79.82 	 
0.369599991	 -0.200 	  -82.40 	 
0.369999991	 -0.202 	  -84.18 	 
0.370399991	 -0.204 	  -85.08 	 
0.370799991	 -0.205 	  -85.40 	 
0.371199991	 -0.204 	  -85.26 	 
0.371599991	 -0.205 	  -84.55 	 
0.371999991	 -0.204 	  -83.10 	 
0.372399991	 -0.204 	  -80.95 	 
0.372799991	 -0.203 	  -78.40 	 
0.373199991	 -0.201 	  -75.21 	 
0.373599991	 -0.198 	  -71.47 	 
0.373999991	 -0.196 	  -67.66 	 
0.374399991	 -0.193 	  -63.74 	 
0.374799991	 -0.191 	  -59.44 	 
0.375199991	 -0.187 	  -55.02 	 
0.375599991	 -0.183 	  -50.90 	 
0.375999991	 -0.180 	  -47.28 	 
0.376399990	 -0.176 	  -44.14 	 
0.376799990	 -0.174 	  -41.41 	 
0.377199990	 -0.170 	  -39.33 	 
0.377599990	 -0.168 	  -38.05 	 
0.377999990	 -0.166 	  -37.57 	 
0.378399990	 -0.166 	  -38.01 	 
0.378799990	 -0.166 	  -39.38 	 
0.379199990	 -0.167 	  -41.34 	 
0.379599990	 -0.168 	  -43.62 	 
0.379999990	 -0.170 	  -46.23 	 
0.380399990	 -0.171 	  -49.39 	 
0.380799990	 -0.174 	  -53.17 	 
0.381199990	 -0.177 	  -57.36 	 
0.381599990	 -0.181 	  -61.77 	 
0.381999990	 -0.184 	  -66.09 	 
0.382399990	 -0.187 	  -70.25 	 
0.382799990	 -0.191 	  -74.15 	 
0.383199990	 -0.195 	  -77.63 	 
0.383599990	 -0.198 	  -80.66 	 
0.383999990	 -0.200 	  -82.98 	 
0.384399990	 -0.203 	  -84.49 	 
0.384799990	 -0.203 	  -85.25 	 
0.385199990	 -0.204 	  -85.48 	 
0.385599990	 -0.204 	  -85.16 	 
0.385999990	 -0.205 	  -84.21 	 
0.386399990	 -0.204 	  -82.52 	 
0.386799990	 -0.203 	  -80.26 	 
0.387199990	 -0.201 	  -77.55 	 
0.387599990	 -0.200 	  -74.17 	 
0.387999990	 -0.198 	  -70.39 	 
0.388399990	 -0.194 	  -66.53 	 
0.388799990	 -0.193 	  -62.47 	 
0.389199990	 -0.189 	  -58.17 	 
0.389599990	 -0.186 	  -53.81 	 
0.389999990	 -0.183 	  -49.79 	 
0.390399990	 -0.178 	  -46.30 	 
0.390799990	 -0.175 	  -43.27 	 
0.391199990	 -0.172 	  -40.71 	 
0.391599990	 -0.170 	  -38.90 	 
0.391999990	 -0.167 	  -37.92 	 
0.392399990	 -0.166 	  -37.70 	 
0.392799990	 -0.165 	  -38.32 	 
0.393199990	 -0.166 	  -39.82 	 
0.393599990	 -0.167 	  -41.90 	 
0.393999990	 -0.168 	  -44.38 	 
0.394399990	 -0.170 	  -47.13 	 
0.394799990	 -0.172 	  -50.44 	 
0.395199990	 -0.175 	  -54.34 	 
0.395599990	 -0.177 	  -58.63 	 
0.395999990	 -0.181 	  -62.99 	 
0.396399990	 -0.186 	  -67.28 	 
0.396799990	 -0.188 	  -71.42 	 
0.397199990	 -0.192 	  -75.25 	 
0.397599990	 -0.196 	  -78.65 	 
0.397999990	 -0.198 	  -81.42 	 
0.398399990	 -0.201 	  -83.46 	 
0.398799990	 -0.203 	  -84.76 	 
0.399199990	 -0.204 	  -85.37 	 
0.399599990	 -0.205 	  -85.44 	 
0.399999990	 -0.205 	  -84.93 	 
0.400399990	 -0.204 	  -83.79 	 
0.400799990	 -0.204 	  -81.93 	 
0.401199990	 -0.203 	  -79.63 	 
0.401599990	 -0.201 	  -76.74 	 
0.401999990	 -0.200 	  -73.14 	 
0.402399990	 -0.197 	  -69.29 	 
0.402799990	 -0.195 	  -65.51 	 
0.403199990	 -0.192 	  -61.41 	 
0.403599990	 -0.189 	  -57.03 	 
0.403999990	 -0.185 	  -52.67 	 
0.404399990	 -0.182 	  -48.77 	 
0.404799990	 -0.178 	  -45.46 	 
0.405199990	 -0.175 	  -42.60 	 
0.405599990	 -0.172 	  -40.25 	 
0.405999990	 -0.169 	  -38.60 	 
0.406399990	 -0.167 	  -37.75 	 
0.406799990	 -0.166 	  -37.73 	 
0.407199990	 -0.166 	  -38.71 	 
0.407599990	 -0.166 	  -40.47 	 
0.407999990	 -0.167 	  -42.70 	 
0.408399990	 -0.169 	  -45.22 	 
0.408799990	 -0.171 	  -48.11 	 
0.409199990	 -0.173 	  -51.54 	 
