0.000000000	  0.035 	  -84.68 	 
0.000400000	  0.036 	  -83.45 	 
0.000800000	  0.036 	  -81.61 	 
0.001200000	  0.037 	  -79.20 	 
0.001600000	  0.038 	  -75.98 	 
0.002000000	  0.040 	  -72.33 	 
0.002400000	  0.041 	  -68.83 	 
0.002800000	  0.043 	  -65.06 	 
0.003200000	  0.046 	  -60.58 	 
0.003600000	  0.048 	  -55.93 	 
0.004000000	  0.051 	  -51.68 	 
0.004400000	  0.053 	  -48.08 	 
0.004800000	  0.055 	  -44.86 	 
0.005200000	  0.057 	  -41.79 	 
0.005600000	  0.059 	  -39.50 	 
0.006000000	  0.061 	  -38.36 	 
0.006400000	  0.062 	  -37.84 	 
0.006800000	  0.062 	  -37.68 	 
0.007200000	  0.062 	  -38.32 	 
0.007600000	  0.062 	  -39.95 	 
0.008000000	  0.061 	  -42.16 	 
0.008400000	  0.061 	  -44.76 	 
0.008800000	  0.059 	  -47.70 	 
0.009200000	  0.057 	  -51.25 	 
0.009600000	  0.055 	  -55.42 	 
0.010000000	  0.053 	  -59.70 	 
0.010400000	  0.050 	  -63.91 	 
0.010800000	  0.049 	  -68.20 	 
0.011200000	  0.045 	  -72.46 	 
0.011600000	  0.043 	  -76.24 	 
0.012000000	  0.040 	  -79.26 	 
0.012400000	  0.039 	  -81.56 	 
0.012800000	  0.037 	  -83.42 	 
0.013200000	  0.037 	  -84.88 	 
0.013600000	  0.036 	  -85.50 	 
0.014000000	  0.036 	  -85.19 	 
0.014400000	  0.036 	  -84.29 	 
0.014800000	  0.036 	  -82.94 	 
0.015200000	  0.037 	  -81.07 	 
0.015600000	  0.038 	  -78.60 	 
0.016000000	  0.039 	  -74.98 	 
0.016400000	  0.040 	  -71.10 	 
0.016800000	  0.042 	  -67.68 	 
0.017200000	  0.044 	  -63.89 	 
0.017600000	  0.046 	  -59.33 	 
0.018000000	  0.048 	  -54.65 	 
0.018400000	  0.052 	  -50.51 	 
0.018800000	  0.054 	  -47.10 	 
0.019200000	  0.057 	  -44.03 	 
0.019600000	  0.058 	  -41.09 	 
0.019999999	  0.060 	  -39.01 	 
0.020399999	  0.061 	  -38.10 	 
0.020799999	  0.062 	  -37.79 	 
0.021199999	  0.062 	  -37.78 	 
0.021599999	  0.062 	  -38.63 	 
0.021999999	  0.062 	  -40.44 	 
0.022399999	  0.061 	  -42.85 	 
0.022799999	  0.060 	  -45.55 	 
0.023199999	  0.059 	  -48.62 	 
0.023599999	  0.057 	  -52.44 	 
0.023999999	  0.055 	  -56.72 	 
0.024399999	  0.053 	  -60.98 	 
0.024799999	  0.050 	  -65.12 	 
0.025199999	  0.048 	  -69.42 	 
0.025599999	  0.045 	  -73.60 	 
0.025999999	  0.042 	  -77.20 	 
0.026399999	  0.040 	  -79.99 	 
0.026799999	  0.038 	  -82.13 	 
0.027199999	  0.038 	  -83.85 	 
0.027599999	  0.037 	  -85.12 	 
0.027999999	  0.036 	  -85.55 	 
0.028399999	  0.035 	  -85.04 	 
0.028799999	  0.036 	  -83.99 	 
0.029199999	  0.036 	  -82.41 	 
0.029599999	  0.037 	  -80.35 	 
0.029999999	  0.038 	  -77.64 	 
0.030399999	  0.039 	  -74.06 	 
0.030799999	  0.040 	  -70.23 	 
0.031199999	  0.043 	  -66.50 	 
0.031599999	  0.044 	  -62.52 	 
0.031999999	  0.047 	  -58.05 	 
0.032399999	  0.049 	  -53.58 	 
0.032799999	  0.053 	  -49.56 	 
0.033199999	  0.054 	  -46.10 	 
0.033599999	  0.057 	  -43.10 	 
0.033999999	  0.058 	  -40.44 	 
0.034399999	  0.061 	  -38.76 	 
0.034799999	  0.061 	  -37.91 	 
0.035199999	  0.062 	  -37.66 	 
0.035599999	  0.062 	  -38.02 	 
0.035999999	  0.062 	  -39.24 	 
0.036399999	  0.061 	  -41.15 	 
0.036799999	  0.061 	  -43.54 	 
0.037199999	  0.060 	  -46.32 	 
0.037599999	  0.058 	  -49.69 	 
0.037999999	  0.057 	  -53.75 	 
0.038399999	  0.054 	  -57.95 	 
0.038799999	  0.052 	  -62.10 	 
0.039199999	  0.049 	  -66.33 	 
0.039599999	  0.047 	  -70.70 	 
0.039999999	  0.043 	  -74.77 	 
0.040399999	  0.042 	  -78.03 	 
0.040799999	  0.039 	  -80.59 	 
0.041199999	  0.038 	  -82.67 	 
0.041599999	  0.037 	  -84.30 	 
0.041999999	  0.036 	  -85.28 	 
0.042399999	  0.036 	  -85.37 	 
0.042799999	  0.036 	  -84.76 	 
0.043199999	  0.036 	  -83.67 	 
0.043599999	  0.036 	  -81.95 	 
0.043999999	  0.037 	  -79.66 	 
0.044399999	  0.038 	  -76.59 	 
0.044799999	  0.040 	  -72.86 	 
0.045199999	  0.041 	  -69.19 	 
0.045599999	  0.043 	  -65.56 	 
0.045999999	  0.045 	  -61.32 	 
0.046399999	  0.048 	  -56.68 	 
0.046799999	  0.050 	  -52.31 	 
0.047199999	  0.052 	  -48.52 	 
0.047599999	  0.055 	  -45.24 	 
0.047999999	  0.058 	  -42.25 	 
0.048399999	  0.060 	  -39.83 	 
0.048799999	  0.061 	  -38.45 	 
0.049199999	  0.061 	  -37.90 	 
0.049599999	  0.062 	  -37.70 	 
0.049999999	  0.062 	  -38.18 	 
0.050399999	  0.063 	  -39.65 	 
0.050799999	  0.062 	  -41.86 	 
0.051199999	  0.061 	  -44.42 	 
0.051599999	  0.059 	  -47.26 	 
0.051999999	  0.058 	  -50.78 	 
0.052399999	  0.056 	  -54.93 	 
0.052799999	  0.053 	  -59.19 	 
0.053199999	  0.051 	  -63.37 	 
0.053599999	  0.048 	  -67.60 	 
0.053999999	  0.046 	  -71.87 	 
0.054399999	  0.043 	  -75.78 	 
0.054799999	  0.041 	  -78.85 	 
0.055199999	  0.039 	  -81.28 	 
0.055599999	  0.037 	  -83.23 	 
0.055999999	  0.037 	  -84.71 	 
0.056399999	  0.036 	  -85.46 	 
0.056799999	  0.035 	  -85.35 	 
0.057199999	  0.036 	  -84.53 	 
0.057599999	  0.036 	  -83.26 	 
0.057999999	  0.036 	  -81.41 	 
0.058399999	  0.038 	  -78.97 	 
0.058799999	  0.038 	  -75.62 	 
0.059199999	  0.040 	  -71.80 	 
0.059599998	  0.041 	  -68.28 	 
0.059999998	  0.043 	  -64.52 	 
0.060399998	  0.046 	  -60.02 	 
0.060799998	  0.049 	  -55.37 	 
0.061199998	  0.051 	  -51.13 	 
0.061599998	  0.054 	  -47.59 	 
0.061999998	  0.056 	  -44.39 	 
0.062399998	  0.058 	  -41.43 	 
0.062799998	  0.060 	  -39.30 	 
0.063199998	  0.061 	  -38.28 	 
0.063599998	  0.062 	  -37.92 	 
0.063999998	  0.062 	  -37.78 	 
0.064399998	  0.062 	  -38.49 	 
0.064799998	  0.062 	  -40.22 	 
0.065199998	  0.061 	  -42.59 	 
0.065599998	  0.060 	  -45.22 	 
0.065999998	  0.059 	  -48.19 	 
0.066399998	  0.057 	  -51.90 	 
0.066799998	  0.055 	  -56.20 	 
0.067199998	  0.053 	  -60.43 	 
0.067599998	  0.051 	  -64.54 	 
0.067999998	  0.048 	  -68.82 	 
0.068399998	  0.045 	  -73.11 	 
0.068799998	  0.042 	  -76.80 	 
0.069199998	  0.041 	  -79.63 	 
0.069599998	  0.038 	  -81.84 	 
0.069999998	  0.038 	  -83.70 	 
0.070399998	  0.037 	  -85.06 	 
0.070799998	  0.036 	  -85.61 	 
0.071199998	  0.035 	  -85.19 	 
0.071599998	  0.036 	  -84.22 	 
0.071999998	  0.036 	  -82.82 	 
0.072399998	  0.037 	  -80.80 	 
0.072799998	  0.038 	  -78.22 	 
0.073199998	  0.039 	  -74.57 	 
0.073599998	  0.040 	  -70.67 	 
0.073999998	  0.042 	  -67.09 	 
0.074399998	  0.044 	  -63.30 	 
0.074799998	  0.046 	  -58.75 	 
0.075199998	  0.049 	  -54.12 	 
0.075599998	  0.052 	  -50.06 	 
0.075999998	  0.055 	  -46.65 	 
0.076399998	  0.057 	  -43.61 	 
0.076799998	  0.058 	  -40.79 	 
0.077199998	  0.061 	  -38.90 	 
0.077599998	  0.061 	  -38.03 	 
0.077999998	  0.062 	  -37.82 	 
0.078399998	  0.062 	  -37.91 	 
0.078799998	  0.061 	  -38.89 	 
0.079199998	  0.062 	  -40.82 	 
0.079599998	  0.061 	  -43.32 	 
0.079999998	  0.060 	  -46.01 	 
0.080399998	  0.059 	  -49.11 	 
0.080799998	  0.056 	  -53.02 	 
0.081199998	  0.055 	  -57.39 	 
0.081599998	  0.052 	  -61.60 	 
0.081999998	  0.050 	  -65.67 	 
0.082399998	  0.047 	  -69.95 	 
0.082799998	  0.044 	  -74.14 	 
0.083199998	  0.042 	  -77.67 	 
0.083599998	  0.040 	  -80.37 	 
0.083999998	  0.038 	  -82.40 	 
0.084399998	  0.037 	  -84.03 	 
0.084799998	  0.036 	  -85.25 	 
0.085199998	  0.036 	  -85.53 	 
0.085599998	  0.036 	  -84.90 	 
0.085999998	  0.036 	  -83.77 	 
0.086399998	  0.036 	  -82.19 	 
0.086799998	  0.037 	  -80.08 	 
0.087199998	  0.038 	  -77.13 	 
0.087599998	  0.039 	  -73.38 	 
0.087999998	  0.041 	  -69.66 	 
0.088399998	  0.043 	  -65.94 	 
0.088799998	  0.045 	  -61.90 	 
0.089199998	  0.047 	  -57.31 	 
0.089599998	  0.050 	  -52.77 	 
0.089999998	  0.053 	  -48.93 	 
0.090399998	  0.055 	  -45.69 	 
0.090799998	  0.057 	  -42.69 	 
0.091199998	  0.059 	  -40.09 	 
0.091599998	  0.061 	  -38.54 	 
0.091999998	  0.062 	  -37.89 	 
0.092399998	  0.062 	  -37.75 	 
0.092799998	  0.062 	  -38.12 	 
0.093199998	  0.062 	  -39.39 	 
0.093599998	  0.061 	  -41.41 	 
0.093999998	  0.061 	  -43.97 	 
0.094399998	  0.059 	  -46.80 	 
0.094799998	  0.058 	  -50.16 	 
0.095199998	  0.057 	  -54.18 	 
0.095599998	  0.054 	  -58.51 	 
0.095999998	  0.051 	  -62.75 	 
0.096399998	  0.049 	  -66.93 	 
0.096799998	  0.046 	  -71.17 	 
0.097199998	  0.043 	  -75.13 	 
0.097599998	  0.041 	  -78.41 	 
0.097999998	  0.039 	  -80.95 	 
0.098399998	  0.038 	  -82.94 	 
0.098799998	  0.037 	  -84.45 	 
0.099199997	  0.036 	  -85.37 	 
0.099599997	  0.036 	  -85.42 	 
0.099999997	  0.035 	  -84.67 	 
0.100399997	  0.036 	  -83.33 	 
0.100799997	  0.036 	  -81.59 	 
0.101199997	  0.037 	  -79.30 	 
0.101599997	  0.038 	  -76.04 	 
0.101999997	  0.039 	  -72.32 	 
0.102399997	  0.042 	  -68.62 	 
0.102799997	  0.043 	  -64.87 	 
0.103199997	  0.046 	  -60.61 	 
0.103599997	  0.048 	  -55.96 	 
0.103999997	  0.051 	  -51.66 	 
0.104399997	  0.053 	  -48.00 	 
0.104799997	  0.056 	  -44.83 	 
0.105199997	  0.058 	  -41.85 	 
0.105599997	  0.059 	  -39.48 	 
0.105999997	  0.061 	  -38.26 	 
0.106399997	  0.062 	  -37.85 	 
0.106799997	  0.062 	  -37.70 	 
0.107199997	  0.062 	  -38.29 	 
0.107599997	  0.062 	  -39.87 	 
0.107999997	  0.061 	  -42.13 	 
0.108399997	  0.060 	  -44.72 	 
0.108799997	  0.059 	  -47.63 	 
0.109199997	  0.057 	  -51.21 	 
0.109599997	  0.056 	  -55.39 	 
0.109999997	  0.053 	  -59.73 	 
0.110399997	  0.051 	  -63.92 	 
0.110799997	  0.048 	  -68.16 	 
0.111199997	  0.045 	  -72.39 	 
0.111599997	  0.043 	  -76.14 	 
0.111999997	  0.041 	  -79.19 	 
0.112399997	  0.039 	  -81.60 	 
0.112799997	  0.038 	  -83.42 	 
0.113199997	  0.037 	  -84.78 	 
0.113599997	  0.036 	  -85.46 	 
0.113999997	  0.036 	  -85.23 	 
0.114399997	  0.035 	  -84.30 	 
0.114799997	  0.036 	  -82.87 	 
0.115199997	  0.037 	  -80.93 	 
0.115599997	  0.038 	  -78.46 	 
0.115999997	  0.039 	  -74.92 	 
0.116399997	  0.040 	  -71.14 	 
0.116799997	  0.042 	  -67.68 	 
0.117199997	  0.044 	  -63.82 	 
0.117599997	  0.046 	  -59.25 	 
0.117999997	  0.049 	  -54.56 	 
0.118399997	  0.051 	  -50.47 	 
0.118799997	  0.054 	  -47.05 	 
0.119199997	  0.057 	  -43.94 	 
0.119599997	  0.059 	  -41.04 	 
0.119999997	  0.060 	  -38.95 	 
0.120399997	  0.061 	  -38.08 	 
0.120799997	  0.062 	  -37.80 	 
0.121199997	  0.062 	  -37.68 	 
0.121599997	  0.062 	  -38.53 	 
0.121999997	  0.062 	  -40.41 	 
0.122399997	  0.061 	  -42.83 	 
0.122799997	  0.060 	  -45.45 	 
0.123199997	  0.059 	  -48.49 	 
0.123599997	  0.057 	  -52.30 	 
0.123999997	  0.055 	  -56.64 	 
0.124399997	  0.052 	  -60.94 	 
0.124799997	  0.051 	  -65.08 	 
0.125199997	  0.048 	  -69.31 	 
0.125599997	  0.045 	  -73.45 	 
0.125999997	  0.042 	  -77.12 	 
0.126399997	  0.041 	  -79.96 	 
0.126799997	  0.039 	  -82.10 	 
0.127199997	  0.038 	  -83.77 	 
0.127599997	  0.036 	  -85.06 	 
0.127999997	  0.037 	  -85.52 	 
0.128399997	  0.036 	  -85.02 	 
0.128799997	  0.037 	  -83.88 	 
0.129199997	  0.036 	  -82.35 	 
0.129599997	  0.037 	  -80.36 	 
0.129999997	  0.038 	  -77.54 	 
0.130399997	  0.040 	  -73.83 	 
0.130799997	  0.041 	  -70.11 	 
0.131199997	  0.042 	  -66.66 	 
0.131599997	  0.045 	  -62.60 	 
0.131999997	  0.048 	  -57.89 	 
0.132399997	  0.050 	  -53.31 	 
0.132799997	  0.052 	  -49.45 	 
0.133199997	  0.055 	  -46.16 	 
0.133599997	  0.057 	  -43.07 	 
0.133999997	  0.058 	  -40.31 	 
0.134399997	  0.061 	  -38.58 	 
0.134799997	  0.062 	  -37.88 	 
0.135199997	  0.062 	  -37.71 	 
0.135599997	  0.063 	  -37.90 	 
0.135999997	  0.062 	  -39.04 	 
0.136399997	  0.062 	  -41.08 	 
0.136799997	  0.061 	  -43.55 	 
0.137199997	  0.060 	  -46.30 	 
0.137599997	  0.058 	  -49.55 	 
0.137999997	  0.057 	  -53.55 	 
0.138399997	  0.054 	  -57.87 	 
0.138799996	  0.052 	  -62.11 	 
0.139199996	  0.050 	  -66.30 	 
0.139599996	  0.047 	  -70.59 	 
0.139999996	  0.044 	  -74.64 	 
0.140399996	  0.042 	  -77.97 	 
0.140799996	  0.039 	  -80.57 	 
0.141199996	  0.039 	  -82.58 	 
0.141599996	  0.037 	  -84.14 	 
0.141999996	  0.036 	  -85.22 	 
0.142399996	  0.036 	  -85.45 	 
0.142799996	  0.035 	  -84.78 	 
0.143199996	  0.036 	  -83.51 	 
0.143599996	  0.036 	  -81.82 	 
0.143999996	  0.037 	  -79.68 	 
0.144399996	  0.038 	  -76.55 	 
0.144799996	  0.040 	  -72.77 	 
0.145199996	  0.041 	  -69.07 	 
0.145599996	  0.043 	  -65.50 	 
0.145999996	  0.045 	  -61.32 	 
0.146399996	  0.048 	  -56.57 	 
0.146799996	  0.051 	  -52.13 	 
0.147199996	  0.053 	  -48.40 	 
0.147599996	  0.055 	  -45.20 	 
0.147999996	  0.057 	  -42.20 	 
0.148399996	  0.060 	  -39.72 	 
0.148799996	  0.061 	  -38.36 	 
0.149199996	  0.061 	  -37.79 	 
0.149599996	  0.062 	  -37.60 	 
0.149999996	  0.062 	  -38.12 	 
0.150399996	  0.062 	  -39.61 	 
0.150799996	  0.062 	  -41.83 	 
0.151199996	  0.060 	  -44.35 	 
0.151599996	  0.059 	  -47.18 	 
0.151999996	  0.058 	  -50.68 	 
0.152399996	  0.056 	  -54.84 	 
0.152799996	  0.054 	  -59.12 	 
0.153199996	  0.051 	  -63.27 	 
0.153599996	  0.048 	  -67.48 	 
0.153999996	  0.045 	  -71.80 	 
0.154399996	  0.044 	  -75.74 	 
0.154799996	  0.041 	  -78.79 	 
0.155199996	  0.039 	  -81.16 	 
0.155599996	  0.038 	  -83.09 	 
0.155999996	  0.037 	  -84.60 	 
0.156399996	  0.035 	  -85.42 	 
0.156799996	  0.035 	  -85.30 	 
0.157199996	  0.036 	  -84.41 	 
0.157599996	  0.036 	  -83.12 	 
0.157999996	  0.036 	  -81.27 	 
0.158399996	  0.037 	  -78.87 	 
0.158799996	  0.038 	  -75.45 	 
0.159199996	  0.040 	  -71.61 	 
0.159599996	  0.041 	  -68.18 	 
0.159999996	  0.043 	  -64.51 	 
0.160399996	  0.046 	  -59.91 	 
0.160799996	  0.048 	  -55.14 	 
0.161199996	  0.051 	  -50.95 	 
0.161599996	  0.054 	  -47.52 	 
0.161999996	  0.056 	  -44.41 	 
0.162399996	  0.058 	  -41.38 	 
0.162799996	  0.060 	  -39.11 	 
0.163199996	  0.061 	  -38.13 	 
0.163599996	  0.062 	  -37.87 	 
0.163999996	  0.062 	  -37.73 	 
0.164399996	  0.062 	  -38.35 	 
0.164799996	  0.061 	  -40.13 	 
0.165199996	  0.061 	  -42.59 	 
0.165599996	  0.060 	  -45.16 	 
0.165999996	  0.059 	  -48.01 	 
0.166399996	  0.058 	  -51.70 	 
0.166799996	  0.055 	  -56.07 	 
0.167199996	  0.053 	  -60.41 	 
0.167599996	  0.050 	  -64.49 	 
0.167999996	  0.048 	  -68.71 	 
0.168399996	  0.045 	  -72.97 	 
0.168799996	  0.043 	  -76.68 	 
0.169199996	  0.040 	  -79.56 	 
0.169599996	  0.039 	  -81.73 	 
0.169999996	  0.038 	  -83.53 	 
0.170399996	  0.036 	  -84.97 	 
0.170799996	  0.036 	  -85.57 	 
0.171199996	  0.036 	  -85.17 	 
0.171599996	  0.035 	  -84.11 	 
0.171999996	  0.036 	  -82.69 	 
0.172399996	  0.037 	  -80.72 	 
0.172799996	  0.038 	  -78.13 	 
0.173199996	  0.039 	  -74.43 	 
0.173599996	  0.041 	  -70.51 	 
0.173999996	  0.042 	  -67.07 	 
0.174399996	  0.044 	  -63.28 	 
0.174799996	  0.046 	  -58.66 	 
0.175199996	  0.049 	  -53.97 	 
0.175599996	  0.052 	  -49.96 	 
0.175999996	  0.054 	  -46.64 	 
0.176399996	  0.056 	  -43.58 	 
0.176799996	  0.058 	  -40.75 	 
0.177199996	  0.060 	  -38.82 	 
0.177599996	  0.061 	  -37.93 	 
0.177999996	  0.062 	  -37.76 	 
0.178399995	  0.062 	  -37.96 	 
0.178799995	  0.062 	  -38.95 	 
0.179199995	  0.061 	  -40.81 	 
0.179599995	  0.061 	  -43.31 	 
0.179999995	  0.060 	  -46.03 	 
0.180399995	  0.058 	  -49.14 	 
0.180799995	  0.056 	  -52.96 	 
0.181199995	  0.055 	  -57.27 	 
0.181599995	  0.052 	  -61.53 	 
0.181999995	  0.050 	  -65.69 	 
0.182399995	  0.047 	  -70.01 	 
0.182799995	  0.044 	  -74.13 	 
0.183199995	  0.042 	  -77.59 	 
0.183599995	  0.040 	  -80.30 	 
0.183999995	  0.038 	  -82.40 	 
0.184399995	  0.037 	  -84.03 	 
0.184799995	  0.036 	  -85.12 	 
0.185199995	  0.035 	  -85.52 	 
0.185599995	  0.035 	  -84.95 	 
0.185999995	  0.036 	  -83.76 	 
0.186399995	  0.037 	  -82.10 	 
0.186799995	  0.037 	  -80.02 	 
0.187199995	  0.038 	  -77.22 	 
0.187599995	  0.039 	  -73.45 	 
0.187999995	  0.041 	  -69.74 	 
0.188399995	  0.043 	  -66.08 	 
0.188799995	  0.045 	  -61.88 	 
0.189199995	  0.048 	  -57.24 	 
0.189599995	  0.050 	  -52.77 	 
0.189999995	  0.053 	  -48.98 	 
0.190399995	  0.055 	  -45.75 	 
0.190799995	  0.058 	  -42.71 	 
0.191199995	  0.059 	  -40.11 	 
0.191599995	  0.061 	  -38.55 	 
0.191999995	  0.061 	  -37.97 	 
0.192399995	  0.062 	  -37.78 	 
0.192799995	  0.063 	  -38.06 	 
0.193199995	  0.062 	  -39.40 	 
0.193599995	  0.061 	  -41.50 	 
0.193999995	  0.061 	  -43.99 	 
0.194399995	  0.060 	  -46.77 	 
0.194799995	  0.058 	  -50.15 	 
0.195199995	  0.056 	  -54.21 	 
0.195599995	  0.054 	  -58.55 	 
0.195999995	  0.052 	  -62.75 	 
0.196399995	  0.049 	  -66.94 	 
0.196799995	  0.046 	  -71.21 	 
0.197199995	  0.043 	  -75.13 	 
0.197599995	  0.041 	  -78.37 	 
0.197999995	  0.040 	  -80.94 	 
0.198399995	  0.038 	  -82.94 	 
0.198799995	  0.037 	  -84.39 	 
0.199199995	  0.036 	  -85.31 	 
0.199599995	  0.035 	  -85.46 	 
0.199999995	  0.036 	  -84.68 	 
0.200399995	  0.036 	  -83.34 	 
0.200799995	  0.036 	  -81.51 	 
0.201199995	  0.037 	  -79.31 	 
0.201599995	  0.038 	  -76.13 	 
0.201999995	  0.040 	  -72.24 	 
0.202399995	  0.041 	  -68.47 	 
0.202799995	  0.043 	  -64.87 	 
0.203199995	  0.045 	  -60.67 	 
0.203599995	  0.049 	  -55.98 	 
0.203999995	  0.051 	  -51.58 	 
0.204399995	  0.053 	  -47.91 	 
0.204799995	  0.056 	  -44.80 	 
0.205199995	  0.058 	  -41.92 	 
0.205599995	  0.060 	  -39.52 	 
0.205999995	  0.061 	  -38.16 	 
0.206399995	  0.062 	  -37.69 	 
0.206799995	  0.062 	  -37.70 	 
0.207199995	  0.063 	  -38.40 	 
0.207599995	  0.062 	  -39.88 	 
0.207999995	  0.062 	  -42.12 	 
0.208399995	  0.060 	  -44.72 	 
0.208799995	  0.059 	  -47.71 	 
0.209199995	  0.058 	  -51.24 	 
0.209599995	  0.055 	  -55.37 	 
0.209999995	  0.054 	  -59.65 	 
0.210399995	  0.051 	  -63.91 	 
0.210799995	  0.048 	  -68.19 	 
0.211199995	  0.046 	  -72.43 	 
0.211599995	  0.043 	  -76.22 	 
0.211999995	  0.041 	  -79.23 	 
0.212399995	  0.039 	  -81.59 	 
0.212799995	  0.038 	  -83.37 	 
0.213199995	  0.037 	  -84.71 	 
0.213599995	  0.036 	  -85.46 	 
0.213999995	  0.036 	  -85.26 	 
0.214399995	  0.036 	  -84.31 	 
0.214799995	  0.036 	  -82.87 	 
0.215199995	  0.038 	  -80.95 	 
0.215599995	  0.037 	  -78.52 	 
0.215999995	  0.039 	  -75.07 	 
0.216399995	  0.040 	  -71.20 	 
0.216799995	  0.042 	  -67.67 	 
0.217199995	  0.045 	  -63.78 	 
0.217599995	  0.046 	  -59.20 	 
0.217999994	  0.049 	  -54.58 	 
0.218399994	  0.052 	  -50.46 	 
0.218799994	  0.054 	  -47.02 	 
0.219199994	  0.056 	  -43.94 	 
0.219599994	  0.059 	  -41.08 	 
0.219999994	  0.060 	  -39.02 	 
0.220399994	  0.061 	  -38.07 	 
0.220799994	  0.062 	  -37.82 	 
0.221199994	  0.062 	  -37.76 	 
0.221599994	  0.063 	  -38.52 	 
0.221999994	  0.062 	  -40.38 	 
0.222399994	  0.061 	  -42.88 	 
0.222799994	  0.060 	  -45.56 	 
0.223199994	  0.059 	  -48.56 	 
0.223599994	  0.057 	  -52.32 	 
0.223999994	  0.055 	  -56.66 	 
0.224399994	  0.053 	  -60.98 	 
0.224799994	  0.050 	  -65.09 	 
0.225199994	  0.048 	  -69.35 	 
0.225599994	  0.045 	  -73.57 	 
0.225999994	  0.042 	  -77.16 	 
0.226399994	  0.040 	  -79.96 	 
0.226799994	  0.039 	  -82.07 	 
0.227199994	  0.038 	  -83.82 	 
0.227599994	  0.037 	  -85.11 	 
0.227999994	  0.035 	  -85.54 	 
0.228399994	  0.036 	  -85.04 	 
0.228799994	  0.035 	  -83.93 	 
0.229199994	  0.036 	  -82.41 	 
0.229599994	  0.037 	  -80.37 	 
0.229999994	  0.037 	  -77.65 	 
0.230399994	  0.040 	  -74.04 	 
0.230799994	  0.041 	  -70.33 	 
0.231199994	  0.042 	  -66.66 	 
0.231599994	  0.045 	  -62.53 	 
0.231999994	  0.047 	  -57.89 	 
0.232399994	  0.049 	  -53.41 	 
0.232799994	  0.053 	  -49.53 	 
0.233199994	  0.055 	  -46.19 	 
0.233599994	  0.056 	  -43.11 	 
0.233999994	  0.059 	  -40.39 	 
0.234399994	  0.060 	  -38.68 	 
0.234799994	  0.062 	  -37.92 	 
0.235199994	  0.061 	  -37.74 	 
0.235599994	  0.062 	  -37.98 	 
0.235999994	  0.062 	  -39.17 	 
0.236399994	  0.061 	  -41.16 	 
0.236799994	  0.061 	  -43.62 	 
0.237199994	  0.060 	  -46.34 	 
0.237599994	  0.058 	  -49.64 	 
0.237999994	  0.056 	  -53.63 	 
0.238399994	  0.054 	  -57.91 	 
0.238799994	  0.052 	  -62.14 	 
0.239199994	  0.049 	  -66.41 	 
0.239599994	  0.047 	  -70.69 	 
0.239999994	  0.043 	  -74.70 	 
0.240399994	  0.042 	  -77.97 	 
0.240799994	  0.040 	  -80.58 	 
0.241199994	  0.039 	  -82.67 	 
0.241599994	  0.037 	  -84.27 	 
0.241999994	  0.036 	  -85.26 	 
0.242399994	  0.036 	  -85.44 	 
0.242799994	  0.035 	  -84.78 	 
0.243199994	  0.036 	  -83.59 	 
0.243599994	  0.036 	  -81.88 	 
0.243999994	  0.037 	  -79.69 	 
0.244399994	  0.039 	  -76.55 	 
0.244799994	  0.039 	  -72.82 	 
0.245199994	  0.041 	  -69.22 	 
0.245599994	  0.043 	  -65.60 	 
0.245999994	  0.045 	  -61.32 	 
0.246399994	  0.048 	  -56.62 	 
0.246799994	  0.051 	  -52.23 	 
0.247199994	  0.053 	  -48.51 	 
0.247599994	  0.056 	  -45.29 	 
0.247999994	  0.057 	  -42.27 	 
0.248399994	  0.059 	  -39.79 	 
0.248799994	  0.061 	  -38.44 	 
0.249199994	  0.062 	  -37.84 	 
0.249599994	  0.062 	  -37.66 	 
0.249999994	  0.062 	  -38.18 	 
0.250399994	  0.062 	  -39.68 	 
0.250799994	  0.062 	  -41.89 	 
0.251199994	  0.061 	  -44.39 	 
0.251599994	  0.059 	  -47.22 	 
0.251999994	  0.058 	  -50.77 	 
0.252399994	  0.056 	  -54.89 	 
0.252799994	  0.054 	  -59.16 	 
0.253199994	  0.051 	  -63.29 	 
0.253599994	  0.048 	  -67.60 	 
0.253999994	  0.046 	  -71.93 	 
0.254399994	  0.043 	  -75.77 	 
0.254799994	  0.041 	  -78.80 	 
0.255199994	  0.039 	  -81.21 	 
0.255599994	  0.038 	  -83.22 	 
0.255999994	  0.037 	  -84.71 	 
0.256399994	  0.036 	  -85.45 	 
0.256799994	  0.035 	  -85.28 	 
0.257199994	  0.036 	  -84.51 	 
0.257599993	  0.036 	  -83.24 	 
0.257999993	  0.037 	  -81.35 	 
0.258399993	  0.038 	  -78.88 	 
0.258799993	  0.039 	  -75.53 	 
0.259199993	  0.040 	  -71.79 	 
0.259599993	  0.041 	  -68.32 	 
0.259999993	  0.044 	  -64.46 	 
0.260399993	  0.046 	  -59.93 	 
0.260799993	  0.048 	  -55.24 	 
0.261199993	  0.051 	  -51.09 	 
0.261599993	  0.053 	  -47.54 	 
0.261999993	  0.057 	  -44.36 	 
0.262399993	  0.058 	  -41.41 	 
0.262799993	  0.061 	  -39.24 	 
0.263199993	  0.061 	  -38.21 	 
0.263599993	  0.062 	  -37.87 	 
0.263999993	  0.063 	  -37.73 	 
0.264399993	  0.062 	  -38.44 	 
0.264799993	  0.062 	  -40.19 	 
0.265199993	  0.061 	  -42.60 	 
0.265599993	  0.061 	  -45.17 	 
0.265999993	  0.059 	  -48.07 	 
0.266399993	  0.057 	  -51.79 	 
0.266799993	  0.055 	  -56.12 	 
0.267199993	  0.053 	  -60.43 	 
0.267599993	  0.050 	  -64.49 	 
0.267999993	  0.048 	  -68.69 	 
0.268399993	  0.045 	  -73.08 	 
0.268799993	  0.043 	  -76.83 	 
0.269199993	  0.041 	  -79.61 	 
0.269599993	  0.039 	  -81.75 	 
0.269999993	  0.038 	  -83.59 	 
0.270399993	  0.037 	  -85.04 	 
0.270799993	  0.036 	  -85.65 	 
0.271199993	  0.035 	  -85.23 	 
0.271599993	  0.036 	  -84.15 	 
0.271999993	  0.036 	  -82.76 	 
0.272399993	  0.037 	  -80.80 	 
0.272799993	  0.038 	  -78.07 	 
0.273199993	  0.039 	  -74.44 	 
0.273599993	  0.041 	  -70.75 	 
0.273999993	  0.042 	  -67.18 	 
0.274399993	  0.044 	  -63.25 	 
0.274799993	  0.047 	  -58.61 	 
0.275199993	  0.049 	  -53.99 	 
0.275599993	  0.052 	  -50.02 	 
0.275999993	  0.055 	  -46.65 	 
0.276399993	  0.057 	  -43.53 	 
0.276799993	  0.059 	  -40.69 	 
0.277199993	  0.061 	  -38.85 	 
0.277599993	  0.062 	  -37.99 	 
0.277999993	  0.062 	  -37.75 	 
0.278399993	  0.062 	  -37.84 	 
0.278799993	  0.063 	  -38.85 	 
0.279199993	  0.062 	  -40.80 	 
0.279599993	  0.061 	  -43.32 	 
0.279999993	  0.060 	  -45.97 	 
0.280399993	  0.059 	  -49.07 	 
0.280799993	  0.057 	  -52.91 	 
0.281199993	  0.055 	  -57.27 	 
0.281599993	  0.053 	  -61.55 	 
0.281999993	  0.049 	  -65.68 	 
0.282399993	  0.047 	  -69.90 	 
0.282799993	  0.044 	  -74.07 	 
0.283199993	  0.042 	  -77.63 	 
0.283599993	  0.040 	  -80.32 	 
0.283999993	  0.039 	  -82.32 	 
0.284399993	  0.037 	  -83.93 	 
0.284799993	  0.036 	  -85.11 	 
0.285199993	  0.036 	  -85.37 	 
0.285599993	  0.035 	  -84.81 	 
0.285999993	  0.036 	  -83.64 	 
0.286399993	  0.036 	  -82.11 	 
0.286799993	  0.037 	  -80.02 	 
0.287199993	  0.038 	  -76.94 	 
0.287599993	  0.039 	  -73.27 	 
0.287999993	  0.041 	  -69.70 	 
0.288399993	  0.043 	  -66.11 	 
0.288799993	  0.045 	  -61.92 	 
0.289199993	  0.048 	  -57.20 	 
0.289599993	  0.050 	  -52.72 	 
0.289999993	  0.053 	  -48.93 	 
0.290399993	  0.055 	  -45.69 	 
0.290799993	  0.057 	  -42.60 	 
0.291199993	  0.059 	  -40.01 	 
0.291599993	  0.061 	  -38.52 	 
0.291999993	  0.061 	  -38.00 	 
0.292399993	  0.062 	  -37.76 	 
0.292799993	  0.062 	  -37.95 	 
0.293199993	  0.062 	  -39.20 	 
0.293599993	  0.062 	  -41.40 	 
0.293999993	  0.061 	  -44.01 	 
0.294399993	  0.060 	  -46.79 	 
0.294799993	  0.058 	  -50.04 	 
0.295199993	  0.056 	  -54.07 	 
0.295599993	  0.054 	  -58.51 	 
0.295999993	  0.051 	  -62.71 	 
0.296399993	  0.049 	  -66.84 	 
0.296799993	  0.046 	  -71.04 	 
0.297199992	  0.043 	  -75.05 	 
0.297599992	  0.041 	  -78.42 	 
0.297999992	  0.039 	  -80.93 	 
0.298399992	  0.038 	  -82.78 	 
0.298799992	  0.037 	  -84.30 	 
0.299199992	  0.036 	  -85.33 	 
0.299599992	  0.036 	  -85.35 	 
0.299999992	  0.035 	  -84.52 	 
0.300399992	  0.036 	  -83.19 	 
0.300799992	  0.036 	  -81.52 	 
0.301199992	  0.037 	  -79.24 	 
0.301599992	  0.039 	  -76.00 	 
0.301999992	  0.040 	  -72.29 	 
0.302399992	  0.042 	  -68.51 	 
0.302799992	  0.043 	  -64.79 	 
0.303199992	  0.045 	  -60.58 	 
0.303599992	  0.048 	  -55.96 	 
0.303999992	  0.051 	  -51.60 	 
0.304399992	  0.053 	  -47.90 	 
0.304799992	  0.056 	  -44.73 	 
0.305199992	  0.057 	  -41.83 	 
0.305599992	  0.060 	  -39.49 	 
0.305999992	  0.061 	  -38.18 	 
0.306399992	  0.062 	  -37.69 	 
0.306799992	  0.062 	  -37.69 	 
0.307199992	  0.063 	  -38.41 	 
0.307599992	  0.062 	  -39.84 	 
0.307999992	  0.062 	  -42.02 	 
0.308399992	  0.060 	  -44.70 	 
0.308799992	  0.059 	  -47.67 	 
0.309199992	  0.057 	  -51.26 	 
0.309599992	  0.055 	  -55.38 	 
0.309999992	  0.053 	  -59.62 	 
0.310399992	  0.050 	  -63.86 	 
0.310799992	  0.049 	  -68.16 	 
0.311199992	  0.045 	  -72.39 	 
0.311599992	  0.043 	  -76.12 	 
0.311999992	  0.040 	  -79.11 	 
0.312399992	  0.039 	  -81.49 	 
0.312799992	  0.037 	  -83.38 	 
0.313199992	  0.036 	  -84.73 	 
0.313599992	  0.036 	  -85.34 	 
0.313999992	  0.036 	  -85.15 	 
0.314399992	  0.035 	  -84.26 	 
0.314799992	  0.036 	  -82.86 	 
0.315199992	  0.036 	  -80.94 	 
0.315599992	  0.037 	  -78.43 	 
0.315999992	  0.039 	  -74.89 	 
0.316399992	  0.041 	  -71.10 	 
0.316799992	  0.042 	  -67.59 	 
0.317199992	  0.044 	  -63.74 	 
0.317599992	  0.047 	  -59.25 	 
0.317999992	  0.048 	  -54.60 	 
0.318399992	  0.051 	  -50.47 	 
0.318799992	  0.054 	  -47.03 	 
0.319199992	  0.056 	  -43.90 	 
0.319599992	  0.059 	  -41.01 	 
0.319999992	  0.060 	  -39.02 	 
0.320399992	  0.061 	  -38.02 	 
0.320799992	  0.062 	  -37.73 	 
0.321199992	  0.062 	  -37.69 	 
0.321599992	  0.063 	  -38.55 	 
0.321999992	  0.062 	  -40.40 	 
0.322399992	  0.061 	  -42.79 	 
0.322799992	  0.060 	  -45.44 	 
0.323199992	  0.059 	  -48.53 	 
0.323599992	  0.057 	  -52.34 	 
0.323999992	  0.055 	  -56.68 	 
0.324399992	  0.053 	  -60.91 	 
0.324799992	  0.050 	  -65.01 	 
0.325199992	  0.047 	  -69.26 	 
0.325599992	  0.045 	  -73.48 	 
0.325999992	  0.043 	  -77.09 	 
0.326399992	  0.041 	  -79.91 	 
0.326799992	  0.039 	  -82.04 	 
0.327199992	  0.038 	  -83.74 	 
0.327599992	  0.037 	  -85.00 	 
0.327999992	  0.036 	  -85.46 	 
0.328399992	  0.035 	  -84.95 	 
0.328799992	  0.036 	  -83.88 	 
0.329199992	  0.037 	  -82.35 	 
0.329599992	  0.037 	  -80.30 	 
0.329999992	  0.038 	  -77.55 	 
0.330399992	  0.040 	  -73.91 	 
0.330799992	  0.041 	  -70.09 	 
0.331199992	  0.043 	  -66.45 	 
0.331599992	  0.044 	  -62.53 	 
0.331999992	  0.047 	  -57.96 	 
0.332399992	  0.050 	  -53.39 	 
0.332799992	  0.052 	  -49.45 	 
0.333199992	  0.055 	  -46.10 	 
0.333599992	  0.057 	  -43.05 	 
0.333999992	  0.059 	  -40.34 	 
0.334399992	  0.061 	  -38.60 	 
0.334799992	  0.061 	  -37.86 	 
0.335199992	  0.062 	  -37.68 	 
0.335599992	  0.062 	  -37.94 	 
0.335999992	  0.062 	  -39.06 	 
0.336399992	  0.062 	  -41.06 	 
0.336799991	  0.061 	  -43.57 	 
0.337199991	  0.060 	  -46.33 	 
0.337599991	  0.058 	  -49.58 	 
0.337999991	  0.057 	  -53.51 	 
0.338399991	  0.055 	  -57.86 	 
0.338799991	  0.052 	  -62.10 	 
0.339199991	  0.050 	  -66.34 	 
0.339599991	  0.047 	  -70.64 	 
0.339999991	  0.044 	  -74.66 	 
0.340399991	  0.042 	  -77.93 	 
0.340799991	  0.040 	  -80.52 	 
0.341199991	  0.038 	  -82.61 	 
0.341599991	  0.037 	  -84.19 	 
0.341999991	  0.036 	  -85.18 	 
0.342399991	  0.036 	  -85.44 	 
0.342799991	  0.035 	  -84.79 	 
0.343199991	  0.036 	  -83.57 	 
0.343599991	  0.036 	  -81.85 	 
0.343999991	  0.038 	  -79.66 	 
0.344399991	  0.039 	  -76.60 	 
0.344799991	  0.039 	  -72.73 	 
0.345199991	  0.041 	  -69.06 	 
0.345599991	  0.043 	  -65.51 	 
0.345999991	  0.046 	  -61.35 	 
0.346399991	  0.048 	  -56.62 	 
0.346799991	  0.051 	  -52.15 	 
0.347199991	  0.053 	  -48.40 	 
0.347599991	  0.055 	  -45.26 	 
0.347999991	  0.057 	  -42.31 	 
0.348399991	  0.060 	  -39.76 	 
0.348799991	  0.061 	  -38.34 	 
0.349199991	  0.062 	  -37.92 	 
0.349599991	  0.062 	  -37.76 	 
0.349999991	  0.062 	  -38.10 	 
0.350399991	  0.062 	  -39.52 	 
0.350799991	  0.061 	  -41.85 	 
0.351199991	  0.060 	  -44.42 	 
0.351599991	  0.060 	  -47.21 	 
0.351999991	  0.058 	  -50.64 	 
0.352399991	  0.056 	  -54.80 	 
0.352799991	  0.054 	  -59.18 	 
0.353199991	  0.051 	  -63.32 	 
0.353599991	  0.049 	  -67.55 	 
0.353999991	  0.046 	  -71.80 	 
0.354399991	  0.044 	  -75.73 	 
0.354799991	  0.041 	  -78.82 	 
0.355199991	  0.039 	  -81.21 	 
0.355599991	  0.038 	  -83.11 	 
0.355999991	  0.037 	  -84.58 	 
0.356399991	  0.036 	  -85.41 	 
0.356799991	  0.036 	  -85.33 	 
0.357199991	  0.036 	  -84.49 	 
0.357599991	  0.036 	  -83.14 	 
0.357999991	  0.037 	  -81.25 	 
0.358399991	  0.037 	  -78.90 	 
0.358799991	  0.038 	  -75.68 	 
0.359199991	  0.040 	  -71.78 	 
0.359599991	  0.042 	  -68.04 	 
0.359999991	  0.044 	  -64.31 	 
0.360399991	  0.046 	  -59.98 	 
0.360799991	  0.048 	  -55.28 	 
0.361199991	  0.051 	  -50.99 	 
0.361599991	  0.054 	  -47.43 	 
0.361999991	  0.056 	  -44.38 	 
0.362399991	  0.059 	  -41.49 	 
0.362799991	  0.060 	  -39.25 	 
0.363199991	  0.061 	  -38.12 	 
0.363599991	  0.062 	  -37.84 	 
0.363999991	  0.062 	  -37.77 	 
0.364399991	  0.063 	  -38.47 	 
0.364799991	  0.062 	  -40.14 	 
0.365199991	  0.061 	  -42.49 	 
0.365599991	  0.060 	  -45.15 	 
0.365999991	  0.060 	  -48.11 	 
0.366399991	  0.057 	  -51.77 	 
0.366799991	  0.056 	  -56.04 	 
0.367199991	  0.053 	  -60.34 	 
0.367599991	  0.050 	  -64.55 	 
0.367999991	  0.048 	  -68.80 	 
0.368399991	  0.045 	  -72.97 	 
0.368799991	  0.043 	  -76.60 	 
0.369199991	  0.040 	  -79.54 	 
0.369599991	  0.040 	  -81.82 	 
0.369999991	  0.037 	  -83.62 	 
0.370399991	  0.036 	  -84.93 	 
0.370799991	  0.036 	  -85.52 	 
0.371199991	  0.036 	  -85.16 	 
0.371599991	  0.036 	  -84.15 	 
0.371999991	  0.036 	  -82.71 	 
0.372399991	  0.037 	  -80.68 	 
0.372799991	  0.038 	  -78.08 	 
0.373199991	  0.039 	  -74.40 	 
0.373599991	  0.040 	  -70.62 	 
0.373999991	  0.042 	  -67.10 	 
0.374399991	  0.044 	  -63.21 	 
0.374799991	  0.047 	  -58.61 	 
0.375199991	  0.049 	  -53.96 	 
0.375599991	  0.052 	  -49.91 	 
0.375999991	  0.054 	  -46.58 	 
0.376399990	  0.056 	  -43.53 	 
0.376799990	  0.059 	  -40.68 	 
0.377199990	  0.061 	  -38.80 	 
0.377599990	  0.061 	  -37.97 	 
0.377999990	  0.061 	  -37.73 	 
0.378399990	  0.063 	  -37.83 	 
0.378799990	  0.062 	  -38.83 	 
0.379199990	  0.062 	  -40.77 	 
0.379599990	  0.061 	  -43.23 	 
0.379999990	  0.060 	  -45.90 	 
0.380399990	  0.059 	  -49.05 	 
0.380799990	  0.057 	  -52.93 	 
0.381199990	  0.055 	  -57.27 	 
0.381599990	  0.052 	  -61.48 	 
0.381999990	  0.050 	  -65.69 	 
0.382399990	  0.047 	  -69.99 	 
0.382799990	  0.045 	  -74.11 	 
0.383199990	  0.042 	  -77.56 	 
0.383599990	  0.041 	  -80.25 	 
0.383999990	  0.038 	  -82.37 	 
0.384399990	  0.037 	  -84.03 	 
0.384799990	  0.036 	  -85.17 	 
0.385199990	  0.036 	  -85.50 	 
0.385599990	  0.035 	  -84.91 	 
0.385999990	  0.036 	  -83.73 	 
0.386399990	  0.036 	  -82.12 	 
0.386799990	  0.037 	  -80.02 	 
0.387199990	  0.038 	  -77.09 	 
0.387599990	  0.039 	  -73.28 	 
0.387999990	  0.040 	  -69.61 	 
0.388399990	  0.043 	  -66.11 	 
0.388799990	  0.045 	  -61.94 	 
0.389199990	  0.047 	  -57.21 	 
0.389599990	  0.050 	  -52.70 	 
0.389999990	  0.053 	  -48.95 	 
0.390399990	  0.055 	  -45.74 	 
0.390799990	  0.058 	  -42.67 	 
0.391199990	  0.059 	  -39.98 	 
0.391599990	  0.061 	  -38.45 	 
0.391999990	  0.061 	  -38.03 	 
0.392399990	  0.062 	  -37.86 	 
0.392799990	  0.062 	  -37.92 	 
0.393199990	  0.062 	  -39.13 	 
0.393599990	  0.062 	  -41.36 	 
0.393999990	  0.061 	  -44.03 	 
0.394399990	  0.060 	  -46.76 	 
0.394799990	  0.058 	  -50.00 	 
0.395199990	  0.057 	  -54.08 	 
0.395599990	  0.054 	  -58.62 	 
0.395999990	  0.052 	  -62.82 	 
0.396399990	  0.049 	  -66.87 	 
0.396799990	  0.047 	  -71.05 	 
0.397199990	  0.044 	  -75.16 	 
0.397599990	  0.041 	  -78.52 	 
0.397999990	  0.039 	  -80.96 	 
0.398399990	  0.038 	  -82.78 	 
0.398799990	  0.037 	  -84.36 	 
0.399199990	  0.036 	  -85.44 	 
0.399599990	  0.035 	  -85.46 	 
0.399999990	  0.035 	  -84.57 	 
0.400399990	  0.035 	  -83.24 	 
0.400799990	  0.037 	  -81.58 	 
0.401199990	  0.037 	  -79.36 	 
0.401599990	  0.039 	  -76.02 	 
0.401999990	  0.040 	  -72.20 	 
0.402399990	  0.042 	  -68.55 	 
0.402799990	  0.043 	  -64.94 	 
0.403199990	  0.045 	  -60.67 	 
0.403599990	  0.048 	  -55.94 	 
0.403999990	  0.051 	  -51.57 	 
0.404399990	  0.053 	  -47.97 	 
0.404799990	  0.056 	  -44.82 	 
0.405199990	  0.058 	  -41.85 	 
0.405599990	  0.060 	  -39.44 	 
0.405999990	  0.061 	  -38.17 	 
0.406399990	  0.062 	  -37.85 	 
0.406799990	  0.062 	  -37.79 	 
0.407199990	  0.062 	  -38.29 	 
0.407599990	  0.062 	  -39.77 	 
0.407999990	  0.061 	  -42.10 	 
0.408399990	  0.061 	  -44.76 	 
0.408799990	  0.060 	  -47.64 	 
0.409199990	  0.058 	  -51.14 	 
