0.000000000	 -0.306 	  -84.61 	 
0.000400000	 -0.306 	  -83.27 	 
0.000800000	 -0.305 	  -81.38 	 
0.001200000	 -0.304 	  -79.04 	 
0.001600000	 -0.303 	  -75.89 	 
0.002000000	 -0.300 	  -72.13 	 
0.002400000	 -0.298 	  -68.34 	 
0.002800000	 -0.295 	  -64.59 	 
0.003200000	 -0.292 	  -60.48 	 
0.003600000	 -0.289 	  -56.07 	 
0.004000000	 -0.284 	  -51.55 	 
0.004400000	 -0.281 	  -47.58 	 
0.004800000	 -0.278 	  -44.43 	 
0.005200000	 -0.275 	  -41.98 	 
0.005600000	 -0.273 	  -40.09 	 
0.006000000	 -0.270 	  -38.59 	 
0.006400000	 -0.268 	  -37.87 	 
0.006800000	 -0.268 	  -37.93 	 
0.007200000	 -0.268 	  -39.03 	 
0.007600000	 -0.268 	  -40.94 	 
0.008000000	 -0.270 	  -43.21 	 
0.008400000	 -0.271 	  -45.70 	 
0.008800000	 -0.274 	  -48.64 	 
0.009200000	 -0.276 	  -52.32 	 
0.009600000	 -0.279 	  -56.59 	 
0.010000000	 -0.282 	  -60.87 	 
0.010400000	 -0.286 	  -65.14 	 
0.010800000	 -0.289 	  -69.27 	 
0.011200000	 -0.293 	  -73.21 	 
0.011600000	 -0.296 	  -76.84 	 
0.012000000	 -0.299 	  -80.02 	 
0.012400000	 -0.302 	  -82.59 	 
0.012800000	 -0.304 	  -84.34 	 
0.013200000	 -0.305 	  -85.23 	 
0.013600000	 -0.306 	  -85.48 	 
0.014000000	 -0.306 	  -85.08 	 
0.014400000	 -0.306 	  -84.19 	 
0.014800000	 -0.306 	  -82.76 	 
0.015200000	 -0.305 	  -80.66 	 
0.015600000	 -0.304 	  -78.07 	 
0.016000000	 -0.302 	  -74.70 	 
0.016400000	 -0.299 	  -70.91 	 
0.016800000	 -0.297 	  -67.19 	 
0.017200000	 -0.294 	  -63.39 	 
0.017600000	 -0.291 	  -59.13 	 
0.018000000	 -0.287 	  -54.57 	 
0.018400000	 -0.283 	  -50.12 	 
0.018800000	 -0.280 	  -46.43 	 
0.019200000	 -0.277 	  -43.57 	 
0.019600000	 -0.274 	  -41.30 	 
0.019999999	 -0.272 	  -39.46 	 
0.020399999	 -0.269 	  -38.10 	 
0.020799999	 -0.268 	  -37.55 	 
0.021199999	 -0.268 	  -38.03 	 
0.021599999	 -0.268 	  -39.53 	 
0.021999999	 -0.269 	  -41.56 	 
0.022399999	 -0.270 	  -43.82 	 
0.022799999	 -0.272 	  -46.35 	 
0.023199999	 -0.275 	  -49.52 	 
0.023599999	 -0.277 	  -53.42 	 
0.023999999	 -0.280 	  -57.72 	 
0.024399999	 -0.283 	  -62.05 	 
0.024799999	 -0.286 	  -66.31 	 
0.025199999	 -0.290 	  -70.41 	 
0.025599999	 -0.294 	  -74.26 	 
0.025999999	 -0.297 	  -77.75 	 
0.026399999	 -0.300 	  -80.79 	 
0.026799999	 -0.303 	  -83.15 	 
0.027199999	 -0.304 	  -84.65 	 
0.027599999	 -0.306 	  -85.35 	 
0.027999999	 -0.306 	  -85.34 	 
0.028399999	 -0.306 	  -84.83 	 
0.028799999	 -0.307 	  -83.85 	 
0.029199999	 -0.305 	  -82.21 	 
0.029599999	 -0.304 	  -79.99 	 
0.029999999	 -0.304 	  -77.12 	 
0.030399999	 -0.302 	  -73.65 	 
0.030799999	 -0.299 	  -69.94 	 
0.031199999	 -0.297 	  -66.11 	 
0.031599999	 -0.294 	  -62.05 	 
0.031999999	 -0.291 	  -57.82 	 
0.032399999	 -0.287 	  -53.38 	 
0.032799999	 -0.282 	  -49.15 	 
0.033199999	 -0.279 	  -45.65 	 
0.033599999	 -0.276 	  -42.83 	 
0.033999999	 -0.273 	  -40.63 	 
0.034399999	 -0.271 	  -38.96 	 
0.034799999	 -0.269 	  -37.95 	 
0.035199999	 -0.269 	  -37.70 	 
0.035599999	 -0.268 	  -38.41 	 
0.035999999	 -0.268 	  -40.01 	 
0.036399999	 -0.270 	  -42.13 	 
0.036799999	 -0.271 	  -44.52 	 
0.037199999	 -0.273 	  -47.28 	 
0.037599999	 -0.275 	  -50.70 	 
0.037999999	 -0.278 	  -54.74 	 
0.038399999	 -0.280 	  -59.02 	 
0.038799999	 -0.284 	  -63.34 	 
0.039199999	 -0.287 	  -67.55 	 
0.039599999	 -0.291 	  -71.57 	 
0.039999999	 -0.294 	  -75.35 	 
0.040399999	 -0.298 	  -78.74 	 
0.040799999	 -0.302 	  -81.60 	 
0.041199999	 -0.303 	  -83.73 	 
0.041599999	 -0.305 	  -84.97 	 
0.041999999	 -0.306 	  -85.50 	 
0.042399999	 -0.307 	  -85.41 	 
0.042799999	 -0.307 	  -84.78 	 
0.043199999	 -0.306 	  -83.57 	 
0.043599999	 -0.305 	  -81.72 	 
0.043999999	 -0.304 	  -79.39 	 
0.044399999	 -0.302 	  -76.38 	 
0.044799999	 -0.301 	  -72.70 	 
0.045199999	 -0.299 	  -68.87 	 
0.045599999	 -0.296 	  -65.13 	 
0.045999999	 -0.293 	  -61.14 	 
0.046399999	 -0.289 	  -56.74 	 
0.046799999	 -0.286 	  -52.15 	 
0.047199999	 -0.281 	  -48.05 	 
0.047599999	 -0.279 	  -44.76 	 
0.047999999	 -0.275 	  -42.25 	 
0.048399999	 -0.273 	  -40.29 	 
0.048799999	 -0.271 	  -38.79 	 
0.049199999	 -0.269 	  -37.88 	 
0.049599999	 -0.268 	  -37.81 	 
0.049999999	 -0.267 	  -38.88 	 
0.050399999	 -0.269 	  -40.75 	 
0.050799999	 -0.270 	  -42.99 	 
0.051199999	 -0.272 	  -45.38 	 
0.051599999	 -0.273 	  -48.20 	 
0.051999999	 -0.275 	  -51.83 	 
0.052399999	 -0.278 	  -56.05 	 
0.052799999	 -0.282 	  -60.38 	 
0.053199999	 -0.285 	  -64.64 	 
0.053599999	 -0.288 	  -68.78 	 
0.053999999	 -0.292 	  -72.69 	 
0.054399999	 -0.296 	  -76.35 	 
0.054799999	 -0.299 	  -79.61 	 
0.055199999	 -0.302 	  -82.29 	 
0.055599999	 -0.304 	  -84.20 	 
0.055999999	 -0.305 	  -85.21 	 
0.056399999	 -0.306 	  -85.52 	 
0.056799999	 -0.307 	  -85.24 	 
0.057199999	 -0.307 	  -84.47 	 
0.057599999	 -0.306 	  -83.11 	 
0.057999999	 -0.305 	  -81.12 	 
0.058399999	 -0.304 	  -78.60 	 
0.058799999	 -0.302 	  -75.34 	 
0.059199999	 -0.300 	  -71.61 	 
0.059599998	 -0.298 	  -67.93 	 
0.059999998	 -0.295 	  -64.09 	 
0.060399998	 -0.292 	  -59.84 	 
0.060799998	 -0.289 	  -55.33 	 
0.061199998	 -0.284 	  -50.87 	 
0.061599998	 -0.281 	  -47.08 	 
0.061999998	 -0.278 	  -44.07 	 
0.062399998	 -0.274 	  -41.64 	 
0.062799998	 -0.272 	  -39.76 	 
0.063199998	 -0.270 	  -38.40 	 
0.063599998	 -0.268 	  -37.83 	 
0.063999998	 -0.269 	  -38.11 	 
0.064399998	 -0.268 	  -39.44 	 
0.064799998	 -0.269 	  -41.38 	 
0.065199998	 -0.271 	  -43.61 	 
0.065599998	 -0.272 	  -46.10 	 
0.065999998	 -0.274 	  -49.16 	 
0.066399998	 -0.276 	  -52.99 	 
0.066799998	 -0.280 	  -57.27 	 
0.067199998	 -0.283 	  -61.54 	 
0.067599998	 -0.286 	  -65.76 	 
0.067999998	 -0.289 	  -69.88 	 
0.068399998	 -0.293 	  -73.82 	 
0.068799998	 -0.296 	  -77.41 	 
0.069199998	 -0.301 	  -80.51 	 
0.069599998	 -0.302 	  -82.94 	 
0.069999998	 -0.304 	  -84.51 	 
0.070399998	 -0.306 	  -85.39 	 
0.070799998	 -0.307 	  -85.54 	 
0.071199998	 -0.306 	  -85.13 	 
0.071599998	 -0.307 	  -84.14 	 
0.071999998	 -0.305 	  -82.59 	 
0.072399998	 -0.304 	  -80.39 	 
0.072799998	 -0.304 	  -77.78 	 
0.073199998	 -0.302 	  -74.39 	 
0.073599998	 -0.299 	  -70.63 	 
0.073999998	 -0.298 	  -66.84 	 
0.074399998	 -0.294 	  -62.82 	 
0.074799998	 -0.290 	  -58.47 	 
0.075199998	 -0.287 	  -53.97 	 
0.075599998	 -0.282 	  -49.68 	 
0.075999998	 -0.280 	  -46.14 	 
0.076399998	 -0.276 	  -43.32 	 
0.076799998	 -0.273 	  -41.05 	 
0.077199998	 -0.271 	  -39.30 	 
0.077599998	 -0.270 	  -38.12 	 
0.077999998	 -0.268 	  -37.71 	 
0.078399998	 -0.269 	  -38.33 	 
0.078799998	 -0.268 	  -39.91 	 
0.079199998	 -0.269 	  -41.98 	 
0.079599998	 -0.272 	  -44.28 	 
0.079999998	 -0.272 	  -46.91 	 
0.080399998	 -0.275 	  -50.19 	 
0.080799998	 -0.277 	  -54.18 	 
0.081199998	 -0.280 	  -58.44 	 
0.081599998	 -0.283 	  -62.71 	 
0.081999998	 -0.287 	  -66.98 	 
0.082399998	 -0.291 	  -71.06 	 
0.082799998	 -0.294 	  -74.92 	 
0.083199998	 -0.298 	  -78.38 	 
0.083599998	 -0.301 	  -81.32 	 
0.083999998	 -0.304 	  -83.52 	 
0.084399998	 -0.305 	  -84.84 	 
0.084799998	 -0.306 	  -85.40 	 
0.085199998	 -0.307 	  -85.36 	 
0.085599998	 -0.307 	  -84.86 	 
0.085999998	 -0.306 	  -83.78 	 
0.086399998	 -0.306 	  -82.02 	 
0.086799998	 -0.304 	  -79.69 	 
0.087199998	 -0.303 	  -76.83 	 
0.087599998	 -0.301 	  -73.29 	 
0.087999998	 -0.299 	  -69.42 	 
0.088399998	 -0.296 	  -65.64 	 
0.088799998	 -0.293 	  -61.70 	 
0.089199998	 -0.290 	  -57.36 	 
0.089599998	 -0.286 	  -52.80 	 
0.089999998	 -0.282 	  -48.59 	 
0.090399998	 -0.279 	  -45.21 	 
0.090799998	 -0.276 	  -42.60 	 
0.091199998	 -0.273 	  -40.51 	 
0.091599998	 -0.271 	  -38.95 	 
0.091999998	 -0.269 	  -37.99 	 
0.092399998	 -0.269 	  -37.80 	 
0.092799998	 -0.268 	  -38.70 	 
0.093199998	 -0.269 	  -40.44 	 
0.093599998	 -0.270 	  -42.57 	 
0.093999998	 -0.271 	  -44.97 	 
0.094399998	 -0.273 	  -47.72 	 
0.094799998	 -0.276 	  -51.23 	 
0.095199998	 -0.278 	  -55.37 	 
0.095599998	 -0.281 	  -59.67 	 
0.095999998	 -0.285 	  -63.99 	 
0.096399998	 -0.287 	  -68.22 	 
0.096799998	 -0.292 	  -72.21 	 
0.097199998	 -0.295 	  -75.92 	 
0.097599998	 -0.298 	  -79.23 	 
0.097999998	 -0.302 	  -81.96 	 
0.098399998	 -0.304 	  -83.99 	 
0.098799998	 -0.305 	  -85.15 	 
0.099199997	 -0.306 	  -85.57 	 
0.099599997	 -0.307 	  -85.35 	 
0.099999997	 -0.307 	  -84.61 	 
0.100399997	 -0.306 	  -83.33 	 
0.100799997	 -0.305 	  -81.44 	 
0.101199997	 -0.305 	  -79.01 	 
0.101599997	 -0.303 	  -75.86 	 
0.101999997	 -0.300 	  -72.25 	 
0.102399997	 -0.298 	  -68.43 	 
0.102799997	 -0.296 	  -64.57 	 
0.103199997	 -0.292 	  -60.43 	 
0.103599997	 -0.289 	  -56.00 	 
0.103999997	 -0.285 	  -51.56 	 
0.104399997	 -0.280 	  -47.64 	 
0.104799997	 -0.278 	  -44.50 	 
0.105199997	 -0.274 	  -41.99 	 
0.105599997	 -0.272 	  -40.01 	 
0.105999997	 -0.271 	  -38.59 	 
0.106399997	 -0.269 	  -37.89 	 
0.106799997	 -0.268 	  -37.99 	 
0.107199997	 -0.268 	  -39.11 	 
0.107599997	 -0.269 	  -40.98 	 
0.107999997	 -0.270 	  -43.23 	 
0.108399997	 -0.272 	  -45.72 	 
0.108799997	 -0.274 	  -48.70 	 
0.109199997	 -0.276 	  -52.40 	 
0.109599997	 -0.278 	  -56.56 	 
0.109999997	 -0.282 	  -60.89 	 
0.110399997	 -0.285 	  -65.24 	 
0.110799997	 -0.289 	  -69.46 	 
0.111199997	 -0.293 	  -73.38 	 
0.111599997	 -0.296 	  -76.91 	 
0.111999997	 -0.299 	  -80.04 	 
0.112399997	 -0.302 	  -82.64 	 
0.112799997	 -0.304 	  -84.49 	 
0.113199997	 -0.305 	  -85.38 	 
0.113599997	 -0.307 	  -85.60 	 
0.113999997	 -0.307 	  -85.19 	 
0.114399997	 -0.307 	  -84.32 	 
0.114799997	 -0.306 	  -82.90 	 
0.115199997	 -0.305 	  -80.79 	 
0.115599997	 -0.304 	  -78.20 	 
0.115999997	 -0.302 	  -74.83 	 
0.116399997	 -0.299 	  -71.00 	 
0.116799997	 -0.297 	  -67.27 	 
0.117199997	 -0.295 	  -63.53 	 
0.117599997	 -0.291 	  -59.33 	 
0.117999997	 -0.288 	  -54.75 	 
0.118399997	 -0.284 	  -50.26 	 
0.118799997	 -0.280 	  -46.51 	 
0.119199997	 -0.277 	  -43.64 	 
0.119599997	 -0.274 	  -41.38 	 
0.119999997	 -0.271 	  -39.59 	 
0.120399997	 -0.270 	  -38.23 	 
0.120799997	 -0.268 	  -37.65 	 
0.121199997	 -0.268 	  -38.12 	 
0.121599997	 -0.268 	  -39.64 	 
0.121999997	 -0.269 	  -41.68 	 
0.122399997	 -0.271 	  -43.89 	 
0.122799997	 -0.273 	  -46.45 	 
0.123199997	 -0.274 	  -49.62 	 
0.123599997	 -0.277 	  -53.57 	 
0.123999997	 -0.279 	  -57.84 	 
0.124399997	 -0.283 	  -62.15 	 
0.124799997	 -0.287 	  -66.39 	 
0.125199997	 -0.290 	  -70.45 	 
0.125599997	 -0.294 	  -74.30 	 
0.125999997	 -0.297 	  -77.85 	 
0.126399997	 -0.300 	  -80.88 	 
0.126799997	 -0.303 	  -83.22 	 
0.127199997	 -0.305 	  -84.69 	 
0.127599997	 -0.306 	  -85.38 	 
0.127999997	 -0.308 	  -85.44 	 
0.128399997	 -0.307 	  -84.93 	 
0.128799997	 -0.306 	  -83.91 	 
0.129199997	 -0.306 	  -82.26 	 
0.129599997	 -0.304 	  -80.02 	 
0.129999997	 -0.303 	  -77.15 	 
0.130399997	 -0.301 	  -73.69 	 
0.130799997	 -0.299 	  -70.04 	 
0.131199997	 -0.297 	  -66.15 	 
0.131599997	 -0.293 	  -62.11 	 
0.131999997	 -0.289 	  -57.81 	 
0.132399997	 -0.287 	  -53.40 	 
0.132799997	 -0.282 	  -49.21 	 
0.133199997	 -0.279 	  -45.67 	 
0.133599997	 -0.276 	  -42.85 	 
0.133999997	 -0.273 	  -40.62 	 
0.134399997	 -0.271 	  -38.98 	 
0.134799997	 -0.269 	  -38.02 	 
0.135199997	 -0.268 	  -37.68 	 
0.135599997	 -0.268 	  -38.38 	 
0.135999997	 -0.269 	  -39.98 	 
0.136399997	 -0.270 	  -42.13 	 
0.136799997	 -0.271 	  -44.54 	 
0.137199997	 -0.273 	  -47.29 	 
0.137599997	 -0.275 	  -50.64 	 
0.137999997	 -0.278 	  -54.67 	 
0.138399997	 -0.280 	  -58.93 	 
0.138799996	 -0.284 	  -63.28 	 
0.139199996	 -0.287 	  -67.57 	 
0.139599996	 -0.291 	  -71.63 	 
0.139999996	 -0.294 	  -75.40 	 
0.140399996	 -0.298 	  -78.68 	 
0.140799996	 -0.301 	  -81.48 	 
0.141199996	 -0.304 	  -83.63 	 
0.141599996	 -0.305 	  -84.98 	 
0.141999996	 -0.306 	  -85.52 	 
0.142399996	 -0.306 	  -85.33 	 
0.142799996	 -0.306 	  -84.67 	 
0.143199996	 -0.306 	  -83.45 	 
0.143599996	 -0.305 	  -81.67 	 
0.143999996	 -0.304 	  -79.36 	 
0.144399996	 -0.303 	  -76.36 	 
0.144799996	 -0.301 	  -72.69 	 
0.145199996	 -0.298 	  -68.85 	 
0.145599996	 -0.296 	  -65.03 	 
0.145999996	 -0.292 	  -61.02 	 
0.146399996	 -0.289 	  -56.62 	 
0.146799996	 -0.286 	  -52.07 	 
0.147199996	 -0.282 	  -47.98 	 
0.147599996	 -0.278 	  -44.72 	 
0.147999996	 -0.275 	  -42.18 	 
0.148399996	 -0.273 	  -40.19 	 
0.148799996	 -0.270 	  -38.67 	 
0.149199996	 -0.268 	  -37.80 	 
0.149599996	 -0.268 	  -37.68 	 
0.149999996	 -0.268 	  -38.71 	 
0.150399996	 -0.269 	  -40.60 	 
0.150799996	 -0.270 	  -42.88 	 
0.151199996	 -0.272 	  -45.27 	 
0.151599996	 -0.273 	  -48.11 	 
0.151999996	 -0.276 	  -51.69 	 
0.152399996	 -0.278 	  -55.89 	 
0.152799996	 -0.281 	  -60.23 	 
0.153199996	 -0.285 	  -64.58 	 
0.153599996	 -0.288 	  -68.76 	 
0.153999996	 -0.292 	  -72.65 	 
0.154399996	 -0.296 	  -76.23 	 
0.154799996	 -0.299 	  -79.49 	 
0.155199996	 -0.302 	  -82.24 	 
0.155599996	 -0.304 	  -84.18 	 
0.155999996	 -0.305 	  -85.20 	 
0.156399996	 -0.307 	  -85.46 	 
0.156799996	 -0.307 	  -85.16 	 
0.157199996	 -0.306 	  -84.38 	 
0.157599996	 -0.306 	  -83.08 	 
0.157999996	 -0.305 	  -81.07 	 
0.158399996	 -0.304 	  -78.49 	 
0.158799996	 -0.302 	  -75.18 	 
0.159199996	 -0.300 	  -71.42 	 
0.159599996	 -0.297 	  -67.84 	 
0.159999996	 -0.295 	  -64.10 	 
0.160399996	 -0.291 	  -59.84 	 
0.160799996	 -0.288 	  -55.22 	 
0.161199996	 -0.284 	  -50.68 	 
0.161599996	 -0.280 	  -46.91 	 
0.161999996	 -0.278 	  -43.98 	 
0.162399996	 -0.275 	  -41.61 	 
0.162799996	 -0.272 	  -39.71 	 
0.163199996	 -0.270 	  -38.32 	 
0.163599996	 -0.269 	  -37.65 	 
0.163999996	 -0.268 	  -37.94 	 
0.164399996	 -0.269 	  -39.30 	 
0.164799996	 -0.268 	  -41.29 	 
0.165199996	 -0.271 	  -43.53 	 
0.165599996	 -0.273 	  -46.05 	 
0.165999996	 -0.274 	  -49.08 	 
0.166399996	 -0.276 	  -52.85 	 
0.166799996	 -0.279 	  -57.06 	 
0.167199996	 -0.282 	  -61.39 	 
0.167599996	 -0.286 	  -65.73 	 
0.167999996	 -0.290 	  -69.92 	 
0.168399996	 -0.293 	  -73.84 	 
0.168799996	 -0.297 	  -77.31 	 
0.169199996	 -0.300 	  -80.33 	 
0.169599996	 -0.303 	  -82.82 	 
0.169999996	 -0.304 	  -84.53 	 
0.170399996	 -0.305 	  -85.37 	 
0.170799996	 -0.307 	  -85.47 	 
0.171199996	 -0.307 	  -85.00 	 
0.171599996	 -0.306 	  -84.04 	 
0.171999996	 -0.306 	  -82.56 	 
0.172399996	 -0.305 	  -80.42 	 
0.172799996	 -0.304 	  -77.66 	 
0.173199996	 -0.302 	  -74.18 	 
0.173599996	 -0.299 	  -70.46 	 
0.173999996	 -0.297 	  -66.81 	 
0.174399996	 -0.294 	  -62.85 	 
0.174799996	 -0.290 	  -58.46 	 
0.175199996	 -0.287 	  -53.88 	 
0.175599996	 -0.283 	  -49.58 	 
0.175999996	 -0.279 	  -46.05 	 
0.176399996	 -0.277 	  -43.23 	 
0.176799996	 -0.273 	  -40.97 	 
0.177199996	 -0.271 	  -39.22 	 
0.177599996	 -0.269 	  -37.97 	 
0.177999996	 -0.268 	  -37.57 	 
0.178399995	 -0.268 	  -38.26 	 
0.178799995	 -0.268 	  -39.88 	 
0.179199995	 -0.269 	  -41.93 	 
0.179599995	 -0.271 	  -44.19 	 
0.179999995	 -0.273 	  -46.76 	 
0.180399995	 -0.275 	  -50.04 	 
0.180799995	 -0.277 	  -54.12 	 
0.181199995	 -0.280 	  -58.45 	 
0.181599995	 -0.283 	  -62.75 	 
0.181999995	 -0.287 	  -66.90 	 
0.182399995	 -0.290 	  -70.88 	 
0.182799995	 -0.294 	  -74.76 	 
0.183199995	 -0.298 	  -78.28 	 
0.183599995	 -0.300 	  -81.27 	 
0.183999995	 -0.303 	  -83.52 	 
0.184399995	 -0.305 	  -84.83 	 
0.184799995	 -0.305 	  -85.44 	 
0.185199995	 -0.306 	  -85.41 	 
0.185599995	 -0.306 	  -84.90 	 
0.185999995	 -0.306 	  -83.81 	 
0.186399995	 -0.305 	  -82.00 	 
0.186799995	 -0.305 	  -79.60 	 
0.187199995	 -0.303 	  -76.68 	 
0.187599995	 -0.301 	  -73.16 	 
0.187999995	 -0.299 	  -69.44 	 
0.188399995	 -0.296 	  -65.69 	 
0.188799995	 -0.293 	  -61.70 	 
0.189199995	 -0.289 	  -57.23 	 
0.189599995	 -0.286 	  -52.63 	 
0.189999995	 -0.282 	  -48.50 	 
0.190399995	 -0.278 	  -45.20 	 
0.190799995	 -0.276 	  -42.61 	 
0.191199995	 -0.273 	  -40.48 	 
0.191599995	 -0.271 	  -38.86 	 
0.191999995	 -0.270 	  -37.90 	 
0.192399995	 -0.268 	  -37.73 	 
0.192799995	 -0.268 	  -38.65 	 
0.193199995	 -0.269 	  -40.38 	 
0.193599995	 -0.270 	  -42.49 	 
0.193999995	 -0.271 	  -44.87 	 
0.194399995	 -0.273 	  -47.70 	 
0.194799995	 -0.275 	  -51.20 	 
0.195199995	 -0.278 	  -55.32 	 
0.195599995	 -0.281 	  -59.59 	 
0.195999995	 -0.284 	  -63.87 	 
0.196399995	 -0.288 	  -68.14 	 
0.196799995	 -0.292 	  -72.17 	 
0.197199995	 -0.295 	  -75.90 	 
0.197599995	 -0.299 	  -79.15 	 
0.197999995	 -0.301 	  -81.89 	 
0.198399995	 -0.304 	  -83.88 	 
0.198799995	 -0.305 	  -85.08 	 
0.199199995	 -0.306 	  -85.54 	 
0.199599995	 -0.307 	  -85.30 	 
0.199999995	 -0.306 	  -84.51 	 
0.200399995	 -0.306 	  -83.24 	 
0.200799995	 -0.305 	  -81.37 	 
0.201199995	 -0.304 	  -78.95 	 
0.201599995	 -0.302 	  -75.79 	 
0.201999995	 -0.301 	  -72.14 	 
0.202399995	 -0.298 	  -68.29 	 
0.202799995	 -0.295 	  -64.48 	 
0.203199995	 -0.292 	  -60.43 	 
0.203599995	 -0.288 	  -56.04 	 
0.203999995	 -0.285 	  -51.57 	 
0.204399995	 -0.281 	  -47.56 	 
0.204799995	 -0.278 	  -44.35 	 
0.205199995	 -0.274 	  -41.87 	 
0.205599995	 -0.273 	  -39.95 	 
0.205999995	 -0.270 	  -38.54 	 
0.206399995	 -0.269 	  -37.81 	 
0.206799995	 -0.268 	  -37.88 	 
0.207199995	 -0.268 	  -39.01 	 
0.207599995	 -0.269 	  -40.92 	 
0.207999995	 -0.270 	  -43.20 	 
0.208399995	 -0.272 	  -45.72 	 
0.208799995	 -0.274 	  -48.67 	 
0.209199995	 -0.276 	  -52.32 	 
0.209599995	 -0.279 	  -56.51 	 
0.209999995	 -0.282 	  -60.85 	 
0.210399995	 -0.285 	  -65.18 	 
0.210799995	 -0.289 	  -69.34 	 
0.211199995	 -0.293 	  -73.23 	 
0.211599995	 -0.296 	  -76.80 	 
0.211999995	 -0.300 	  -79.96 	 
0.212399995	 -0.302 	  -82.61 	 
0.212799995	 -0.304 	  -84.38 	 
0.213199995	 -0.306 	  -85.27 	 
0.213599995	 -0.306 	  -85.48 	 
0.213999995	 -0.307 	  -85.13 	 
0.214399995	 -0.306 	  -84.26 	 
0.214799995	 -0.305 	  -82.82 	 
0.215199995	 -0.305 	  -80.71 	 
0.215599995	 -0.304 	  -78.10 	 
0.215999995	 -0.302 	  -74.82 	 
0.216399995	 -0.300 	  -71.10 	 
0.216799995	 -0.297 	  -67.18 	 
0.217199995	 -0.294 	  -63.26 	 
0.217599995	 -0.291 	  -59.09 	 
0.217999994	 -0.287 	  -54.67 	 
0.218399994	 -0.284 	  -50.30 	 
0.218799994	 -0.280 	  -46.56 	 
0.219199994	 -0.277 	  -43.56 	 
0.219599994	 -0.274 	  -41.23 	 
0.219999994	 -0.272 	  -39.50 	 
0.220399994	 -0.271 	  -38.30 	 
0.220799994	 -0.269 	  -37.75 	 
0.221199994	 -0.267 	  -38.13 	 
0.221599994	 -0.268 	  -39.49 	 
0.221999994	 -0.269 	  -41.52 	 
0.222399994	 -0.270 	  -43.85 	 
0.222799994	 -0.273 	  -46.49 	 
0.223199994	 -0.274 	  -49.69 	 
0.223599994	 -0.277 	  -53.53 	 
0.223999994	 -0.280 	  -57.75 	 
0.224399994	 -0.283 	  -62.10 	 
0.224799994	 -0.286 	  -66.37 	 
0.225199994	 -0.291 	  -70.48 	 
0.225599994	 -0.294 	  -74.30 	 
0.225999994	 -0.297 	  -77.78 	 
0.226399994	 -0.301 	  -80.79 	 
0.226799994	 -0.302 	  -83.18 	 
0.227199994	 -0.305 	  -84.67 	 
0.227599994	 -0.306 	  -85.40 	 
0.227999994	 -0.306 	  -85.42 	 
0.228399994	 -0.307 	  -84.91 	 
0.228799994	 -0.306 	  -83.84 	 
0.229199994	 -0.305 	  -82.19 	 
0.229599994	 -0.304 	  -80.02 	 
0.229999994	 -0.304 	  -77.27 	 
0.230399994	 -0.301 	  -73.82 	 
0.230799994	 -0.299 	  -69.99 	 
0.231199994	 -0.296 	  -66.12 	 
0.231599994	 -0.294 	  -62.12 	 
0.231999994	 -0.290 	  -57.89 	 
0.232399994	 -0.286 	  -53.44 	 
0.232799994	 -0.283 	  -49.20 	 
0.233199994	 -0.279 	  -45.62 	 
0.233599994	 -0.276 	  -42.80 	 
0.233999994	 -0.273 	  -40.64 	 
0.234399994	 -0.271 	  -39.04 	 
0.234799994	 -0.269 	  -38.03 	 
0.235199994	 -0.269 	  -37.75 	 
0.235599994	 -0.268 	  -38.42 	 
0.235999994	 -0.268 	  -40.01 	 
0.236399994	 -0.270 	  -42.16 	 
0.236799994	 -0.271 	  -44.56 	 
0.237199994	 -0.273 	  -47.33 	 
0.237599994	 -0.275 	  -50.69 	 
0.237999994	 -0.277 	  -54.69 	 
0.238399994	 -0.281 	  -58.97 	 
0.238799994	 -0.284 	  -63.31 	 
0.239199994	 -0.287 	  -67.58 	 
0.239599994	 -0.292 	  -71.57 	 
0.239999994	 -0.294 	  -75.31 	 
0.240399994	 -0.298 	  -78.66 	 
0.240799994	 -0.301 	  -81.55 	 
0.241199994	 -0.303 	  -83.68 	 
0.241599994	 -0.305 	  -84.95 	 
0.241999994	 -0.306 	  -85.46 	 
0.242399994	 -0.307 	  -85.35 	 
0.242799994	 -0.306 	  -84.69 	 
0.243199994	 -0.307 	  -83.51 	 
0.243599994	 -0.305 	  -81.69 	 
0.243999994	 -0.304 	  -79.34 	 
0.244399994	 -0.303 	  -76.34 	 
0.244799994	 -0.301 	  -72.64 	 
0.245199994	 -0.299 	  -68.83 	 
0.245599994	 -0.296 	  -65.12 	 
0.245999994	 -0.293 	  -61.09 	 
0.246399994	 -0.289 	  -56.62 	 
0.246799994	 -0.286 	  -52.03 	 
0.247199994	 -0.282 	  -47.94 	 
0.247599994	 -0.278 	  -44.74 	 
0.247999994	 -0.275 	  -42.22 	 
0.248399994	 -0.273 	  -40.23 	 
0.248799994	 -0.270 	  -38.67 	 
0.249199994	 -0.269 	  -37.76 	 
0.249599994	 -0.268 	  -37.73 	 
0.249999994	 -0.268 	  -38.82 	 
0.250399994	 -0.269 	  -40.70 	 
0.250799994	 -0.270 	  -42.90 	 
0.251199994	 -0.272 	  -45.20 	 
0.251599994	 -0.273 	  -48.09 	 
0.251999994	 -0.276 	  -51.80 	 
0.252399994	 -0.279 	  -56.00 	 
0.252799994	 -0.282 	  -60.26 	 
0.253199994	 -0.285 	  -64.47 	 
0.253599994	 -0.289 	  -68.62 	 
0.253999994	 -0.292 	  -72.64 	 
0.254399994	 -0.296 	  -76.36 	 
0.254799994	 -0.299 	  -79.59 	 
0.255199994	 -0.302 	  -82.25 	 
0.255599994	 -0.304 	  -84.11 	 
0.255999994	 -0.305 	  -85.17 	 
0.256399994	 -0.306 	  -85.48 	 
0.256799994	 -0.307 	  -85.23 	 
0.257199994	 -0.306 	  -84.41 	 
0.257599993	 -0.306 	  -83.03 	 
0.257999993	 -0.305 	  -81.03 	 
0.258399993	 -0.303 	  -78.50 	 
0.258799993	 -0.302 	  -75.31 	 
0.259199993	 -0.300 	  -71.56 	 
0.259599993	 -0.297 	  -67.84 	 
0.259999993	 -0.295 	  -64.00 	 
0.260399993	 -0.292 	  -59.79 	 
0.260799993	 -0.288 	  -55.29 	 
0.261199993	 -0.284 	  -50.79 	 
0.261599993	 -0.281 	  -46.97 	 
0.261999993	 -0.277 	  -43.94 	 
0.262399993	 -0.275 	  -41.56 	 
0.262799993	 -0.272 	  -39.73 	 
0.263199993	 -0.270 	  -38.40 	 
0.263599993	 -0.269 	  -37.74 	 
0.263999993	 -0.268 	  -38.00 	 
0.264399993	 -0.269 	  -39.30 	 
0.264799993	 -0.269 	  -41.30 	 
0.265199993	 -0.271 	  -43.51 	 
0.265599993	 -0.272 	  -46.04 	 
0.265999993	 -0.274 	  -49.13 	 
0.266399993	 -0.276 	  -52.94 	 
0.266799993	 -0.279 	  -57.19 	 
0.267199993	 -0.282 	  -61.48 	 
0.267599993	 -0.286 	  -65.76 	 
0.267999993	 -0.289 	  -69.90 	 
0.268399993	 -0.293 	  -73.84 	 
0.268799993	 -0.297 	  -77.35 	 
0.269199993	 -0.300 	  -80.41 	 
0.269599993	 -0.302 	  -82.82 	 
0.269999993	 -0.305 	  -84.53 	 
0.270399993	 -0.306 	  -85.39 	 
0.270799993	 -0.306 	  -85.53 	 
0.271199993	 -0.307 	  -85.08 	 
0.271599993	 -0.307 	  -84.10 	 
0.271999993	 -0.306 	  -82.56 	 
0.272399993	 -0.305 	  -80.42 	 
0.272799993	 -0.303 	  -77.68 	 
0.273199993	 -0.302 	  -74.26 	 
0.273599993	 -0.299 	  -70.53 	 
0.273999993	 -0.296 	  -66.74 	 
0.274399993	 -0.294 	  -62.81 	 
0.274799993	 -0.291 	  -58.53 	 
0.275199993	 -0.287 	  -54.03 	 
0.275599993	 -0.283 	  -49.65 	 
0.275999993	 -0.280 	  -46.11 	 
0.276399993	 -0.276 	  -43.34 	 
0.276799993	 -0.274 	  -41.07 	 
0.277199993	 -0.271 	  -39.31 	 
0.277599993	 -0.269 	  -38.14 	 
0.277999993	 -0.269 	  -37.74 	 
0.278399993	 -0.268 	  -38.31 	 
0.278799993	 -0.268 	  -39.83 	 
0.279199993	 -0.269 	  -41.96 	 
0.279599993	 -0.271 	  -44.29 	 
0.279999993	 -0.273 	  -46.92 	 
0.280399993	 -0.275 	  -50.15 	 
0.280799993	 -0.277 	  -54.12 	 
0.281199993	 -0.280 	  -58.41 	 
0.281599993	 -0.283 	  -62.73 	 
0.281999993	 -0.287 	  -66.97 	 
0.282399993	 -0.291 	  -71.08 	 
0.282799993	 -0.294 	  -74.95 	 
0.283199993	 -0.298 	  -78.38 	 
0.283599993	 -0.302 	  -81.29 	 
0.283999993	 -0.303 	  -83.44 	 
0.284399993	 -0.305 	  -84.82 	 
0.284799993	 -0.306 	  -85.46 	 
0.285199993	 -0.307 	  -85.41 	 
0.285599993	 -0.307 	  -84.82 	 
0.285999993	 -0.306 	  -83.73 	 
0.286399993	 -0.305 	  -82.02 	 
0.286799993	 -0.305 	  -79.74 	 
0.287199993	 -0.303 	  -76.74 	 
0.287599993	 -0.301 	  -73.21 	 
0.287999993	 -0.299 	  -69.53 	 
0.288399993	 -0.296 	  -65.79 	 
0.288799993	 -0.293 	  -61.76 	 
0.289199993	 -0.290 	  -57.32 	 
0.289599993	 -0.286 	  -52.69 	 
0.289999993	 -0.283 	  -48.55 	 
0.290399993	 -0.279 	  -45.22 	 
0.290799993	 -0.276 	  -42.63 	 
0.291199993	 -0.273 	  -40.50 	 
0.291599993	 -0.271 	  -38.92 	 
0.291999993	 -0.270 	  -37.95 	 
0.292399993	 -0.268 	  -37.79 	 
0.292799993	 -0.268 	  -38.67 	 
0.293199993	 -0.268 	  -40.44 	 
0.293599993	 -0.270 	  -42.59 	 
0.293999993	 -0.271 	  -44.85 	 
0.294399993	 -0.273 	  -47.61 	 
0.294799993	 -0.275 	  -51.26 	 
0.295199993	 -0.278 	  -55.45 	 
0.295599993	 -0.281 	  -59.71 	 
0.295999993	 -0.284 	  -63.96 	 
0.296399993	 -0.288 	  -68.14 	 
0.296799993	 -0.292 	  -72.17 	 
0.297199992	 -0.295 	  -75.93 	 
0.297599992	 -0.299 	  -79.19 	 
0.297999992	 -0.302 	  -81.93 	 
0.298399992	 -0.304 	  -83.93 	 
0.298799992	 -0.305 	  -85.11 	 
0.299199992	 -0.306 	  -85.54 	 
0.299599992	 -0.307 	  -85.33 	 
0.299999992	 -0.307 	  -84.59 	 
0.300399992	 -0.305 	  -83.30 	 
0.300799992	 -0.305 	  -81.38 	 
0.301199992	 -0.304 	  -78.93 	 
0.301599992	 -0.302 	  -75.82 	 
0.301999992	 -0.301 	  -72.22 	 
0.302399992	 -0.298 	  -68.40 	 
0.302799992	 -0.296 	  -64.55 	 
0.303199992	 -0.292 	  -60.41 	 
0.303599992	 -0.288 	  -55.98 	 
0.303999992	 -0.285 	  -51.52 	 
0.304399992	 -0.282 	  -47.59 	 
0.304799992	 -0.277 	  -44.44 	 
0.305199992	 -0.275 	  -41.96 	 
0.305599992	 -0.273 	  -39.96 	 
0.305999992	 -0.270 	  -38.49 	 
0.306399992	 -0.269 	  -37.75 	 
0.306799992	 -0.268 	  -37.88 	 
0.307199992	 -0.268 	  -39.12 	 
0.307599992	 -0.269 	  -41.02 	 
0.307999992	 -0.270 	  -43.23 	 
0.308399992	 -0.272 	  -45.65 	 
0.308799992	 -0.274 	  -48.60 	 
0.309199992	 -0.276 	  -52.36 	 
0.309599992	 -0.279 	  -56.61 	 
0.309999992	 -0.282 	  -60.87 	 
0.310399992	 -0.286 	  -65.14 	 
0.310799992	 -0.289 	  -69.37 	 
0.311199992	 -0.293 	  -73.36 	 
0.311599992	 -0.296 	  -76.97 	 
0.311999992	 -0.299 	  -80.09 	 
0.312399992	 -0.302 	  -82.57 	 
0.312799992	 -0.305 	  -84.32 	 
0.313199992	 -0.306 	  -85.24 	 
0.313599992	 -0.306 	  -85.47 	 
0.313999992	 -0.306 	  -85.11 	 
0.314399992	 -0.306 	  -84.24 	 
0.314799992	 -0.305 	  -82.81 	 
0.315199992	 -0.305 	  -80.76 	 
0.315599992	 -0.304 	  -78.23 	 
0.315999992	 -0.302 	  -74.81 	 
0.316399992	 -0.300 	  -70.99 	 
0.316799992	 -0.297 	  -67.27 	 
0.317199992	 -0.294 	  -63.48 	 
0.317599992	 -0.292 	  -59.28 	 
0.317999992	 -0.287 	  -54.72 	 
0.318399992	 -0.284 	  -50.22 	 
0.318799992	 -0.280 	  -46.49 	 
0.319199992	 -0.276 	  -43.60 	 
0.319599992	 -0.274 	  -41.32 	 
0.319999992	 -0.272 	  -39.54 	 
0.320399992	 -0.270 	  -38.30 	 
0.320799992	 -0.268 	  -37.73 	 
0.321199992	 -0.268 	  -38.11 	 
0.321599992	 -0.268 	  -39.54 	 
0.321999992	 -0.270 	  -41.60 	 
0.322399992	 -0.271 	  -43.90 	 
0.322799992	 -0.273 	  -46.43 	 
0.323199992	 -0.275 	  -49.60 	 
0.323599992	 -0.276 	  -53.59 	 
0.323999992	 -0.280 	  -57.88 	 
0.324399992	 -0.283 	  -62.16 	 
0.324799992	 -0.286 	  -66.39 	 
0.325199992	 -0.291 	  -70.50 	 
0.325599992	 -0.293 	  -74.37 	 
0.325999992	 -0.297 	  -77.86 	 
0.326399992	 -0.301 	  -80.85 	 
0.326799992	 -0.303 	  -83.20 	 
0.327199992	 -0.304 	  -84.73 	 
0.327599992	 -0.306 	  -85.44 	 
0.327999992	 -0.306 	  -85.48 	 
0.328399992	 -0.307 	  -84.97 	 
0.328799992	 -0.307 	  -83.92 	 
0.329199992	 -0.305 	  -82.30 	 
0.329599992	 -0.305 	  -80.11 	 
0.329999992	 -0.304 	  -77.30 	 
0.330399992	 -0.301 	  -73.84 	 
0.330799992	 -0.299 	  -70.02 	 
0.331199992	 -0.297 	  -66.24 	 
0.331599992	 -0.294 	  -62.27 	 
0.331999992	 -0.291 	  -57.95 	 
0.332399992	 -0.287 	  -53.41 	 
0.332799992	 -0.283 	  -49.12 	 
0.333199992	 -0.279 	  -45.66 	 
0.333599992	 -0.276 	  -42.90 	 
0.333999992	 -0.274 	  -40.70 	 
0.334399992	 -0.271 	  -39.03 	 
0.334799992	 -0.269 	  -38.00 	 
0.335199992	 -0.268 	  -37.76 	 
0.335599992	 -0.267 	  -38.51 	 
0.335999992	 -0.269 	  -40.16 	 
0.336399992	 -0.270 	  -42.26 	 
0.336799991	 -0.271 	  -44.59 	 
0.337199991	 -0.273 	  -47.29 	 
0.337599991	 -0.274 	  -50.71 	 
0.337999991	 -0.278 	  -54.73 	 
0.338399991	 -0.280 	  -59.00 	 
0.338799991	 -0.283 	  -63.35 	 
0.339199991	 -0.288 	  -67.64 	 
0.339599991	 -0.291 	  -71.70 	 
0.339999991	 -0.295 	  -75.44 	 
0.340399991	 -0.298 	  -78.74 	 
0.340799991	 -0.301 	  -81.55 	 
0.341199991	 -0.304 	  -83.72 	 
0.341599991	 -0.305 	  -85.02 	 
0.341999991	 -0.306 	  -85.56 	 
0.342399991	 -0.307 	  -85.48 	 
0.342799991	 -0.307 	  -84.80 	 
0.343199991	 -0.306 	  -83.57 	 
0.343599991	 -0.306 	  -81.74 	 
0.343999991	 -0.304 	  -79.39 	 
0.344399991	 -0.303 	  -76.32 	 
0.344799991	 -0.301 	  -72.68 	 
0.345199991	 -0.299 	  -68.91 	 
0.345599991	 -0.296 	  -65.16 	 
0.345999991	 -0.293 	  -61.15 	 
0.346399991	 -0.289 	  -56.68 	 
0.346799991	 -0.285 	  -52.08 	 
0.347199991	 -0.282 	  -47.99 	 
0.347599991	 -0.278 	  -44.79 	 
0.347999991	 -0.276 	  -42.26 	 
0.348399991	 -0.272 	  -40.25 	 
0.348799991	 -0.270 	  -38.71 	 
0.349199991	 -0.269 	  -37.79 	 
0.349599991	 -0.268 	  -37.81 	 
0.349999991	 -0.268 	  -38.90 	 
0.350399991	 -0.269 	  -40.76 	 
0.350799991	 -0.271 	  -42.92 	 
0.351199991	 -0.272 	  -45.25 	 
0.351599991	 -0.274 	  -48.11 	 
0.351999991	 -0.275 	  -51.85 	 
0.352399991	 -0.279 	  -56.03 	 
0.352799991	 -0.282 	  -60.29 	 
0.353199991	 -0.285 	  -64.51 	 
0.353599991	 -0.288 	  -68.65 	 
0.353999991	 -0.292 	  -72.64 	 
0.354399991	 -0.296 	  -76.40 	 
0.354799991	 -0.299 	  -79.62 	 
0.355199991	 -0.302 	  -82.29 	 
0.355599991	 -0.304 	  -84.14 	 
0.355999991	 -0.306 	  -85.17 	 
0.356399991	 -0.306 	  -85.52 	 
0.356799991	 -0.307 	  -85.27 	 
0.357199991	 -0.307 	  -84.45 	 
0.357599991	 -0.306 	  -83.04 	 
0.357999991	 -0.305 	  -81.04 	 
0.358399991	 -0.304 	  -78.49 	 
0.358799991	 -0.302 	  -75.32 	 
0.359199991	 -0.301 	  -71.61 	 
0.359599991	 -0.298 	  -67.86 	 
0.359999991	 -0.295 	  -63.97 	 
0.360399991	 -0.292 	  -59.75 	 
0.360799991	 -0.288 	  -55.24 	 
0.361199991	 -0.285 	  -50.79 	 
0.361599991	 -0.281 	  -47.02 	 
0.361999991	 -0.277 	  -44.00 	 
0.362399991	 -0.274 	  -41.58 	 
0.362799991	 -0.272 	  -39.66 	 
0.363199991	 -0.270 	  -38.27 	 
0.363599991	 -0.269 	  -37.72 	 
0.363999991	 -0.268 	  -38.04 	 
0.364399991	 -0.268 	  -39.35 	 
0.364799991	 -0.270 	  -41.27 	 
0.365199991	 -0.271 	  -43.48 	 
0.365599991	 -0.272 	  -45.96 	 
0.365999991	 -0.274 	  -49.05 	 
0.366399991	 -0.276 	  -52.87 	 
0.366799991	 -0.279 	  -57.12 	 
0.367199991	 -0.282 	  -61.44 	 
0.367599991	 -0.286 	  -65.72 	 
0.367999991	 -0.290 	  -69.93 	 
0.368399991	 -0.294 	  -73.86 	 
0.368799991	 -0.296 	  -77.37 	 
0.369199991	 -0.300 	  -80.37 	 
0.369599991	 -0.303 	  -82.81 	 
0.369999991	 -0.304 	  -84.51 	 
0.370399991	 -0.306 	  -85.37 	 
0.370799991	 -0.307 	  -85.56 	 
0.371199991	 -0.307 	  -85.08 	 
0.371599991	 -0.307 	  -84.10 	 
0.371999991	 -0.306 	  -82.52 	 
0.372399991	 -0.305 	  -80.35 	 
0.372799991	 -0.304 	  -77.63 	 
0.373199991	 -0.301 	  -74.24 	 
0.373599991	 -0.299 	  -70.47 	 
0.373999991	 -0.297 	  -66.55 	 
0.374399991	 -0.294 	  -62.60 	 
0.374799991	 -0.291 	  -58.44 	 
0.375199991	 -0.287 	  -54.03 	 
0.375599991	 -0.283 	  -49.72 	 
0.375999991	 -0.280 	  -46.07 	 
0.376399990	 -0.277 	  -43.23 	 
0.376799990	 -0.274 	  -40.97 	 
0.377199990	 -0.271 	  -39.28 	 
0.377599990	 -0.269 	  -38.14 	 
0.377999990	 -0.269 	  -37.70 	 
0.378399990	 -0.268 	  -38.20 	 
0.378799990	 -0.268 	  -39.72 	 
0.379199990	 -0.270 	  -41.84 	 
0.379599990	 -0.271 	  -44.25 	 
0.379999990	 -0.273 	  -46.88 	 
0.380399990	 -0.275 	  -50.08 	 
0.380799990	 -0.277 	  -53.99 	 
0.381199990	 -0.280 	  -58.26 	 
0.381599990	 -0.283 	  -62.66 	 
0.381999990	 -0.287 	  -66.96 	 
0.382399990	 -0.291 	  -71.05 	 
0.382799990	 -0.294 	  -74.89 	 
0.383199990	 -0.298 	  -78.27 	 
0.383599990	 -0.301 	  -81.17 	 
0.383999990	 -0.303 	  -83.40 	 
0.384399990	 -0.305 	  -84.83 	 
0.384799990	 -0.306 	  -85.39 	 
0.385199990	 -0.306 	  -85.29 	 
0.385599990	 -0.307 	  -84.71 	 
0.385999990	 -0.306 	  -83.66 	 
0.386399990	 -0.305 	  -81.99 	 
0.386799990	 -0.304 	  -79.71 	 
0.387199990	 -0.303 	  -76.71 	 
0.387599990	 -0.301 	  -73.08 	 
0.387999990	 -0.299 	  -69.37 	 
0.388399990	 -0.296 	  -65.69 	 
0.388799990	 -0.293 	  -61.70 	 
0.389199990	 -0.290 	  -57.24 	 
0.389599990	 -0.286 	  -52.60 	 
0.389999990	 -0.283 	  -48.42 	 
0.390399990	 -0.279 	  -45.13 	 
0.390799990	 -0.276 	  -42.53 	 
0.391199990	 -0.274 	  -40.45 	 
0.391599990	 -0.271 	  -38.81 	 
0.391999990	 -0.269 	  -37.84 	 
0.392399990	 -0.269 	  -37.66 	 
0.392799990	 -0.268 	  -38.56 	 
0.393199990	 -0.269 	  -40.31 	 
0.393599990	 -0.270 	  -42.46 	 
0.393999990	 -0.271 	  -44.79 	 
0.394399990	 -0.273 	  -47.54 	 
0.394799990	 -0.275 	  -51.12 	 
0.395199990	 -0.278 	  -55.30 	 
0.395599990	 -0.281 	  -59.63 	 
0.395999990	 -0.285 	  -63.90 	 
0.396399990	 -0.289 	  -68.06 	 
0.396799990	 -0.292 	  -72.07 	 
0.397199990	 -0.295 	  -75.82 	 
0.397599990	 -0.298 	  -79.11 	 
0.397999990	 -0.302 	  -81.86 	 
0.398399990	 -0.304 	  -83.85 	 
0.398799990	 -0.305 	  -85.02 	 
0.399199990	 -0.306 	  -85.45 	 
0.399599990	 -0.307 	  -85.26 	 
0.399999990	 -0.307 	  -84.51 	 
0.400399990	 -0.306 	  -83.22 	 
0.400799990	 -0.305 	  -81.30 	 
0.401199990	 -0.304 	  -78.81 	 
0.401599990	 -0.302 	  -75.67 	 
0.401999990	 -0.300 	  -72.09 	 
0.402399990	 -0.298 	  -68.37 	 
0.402799990	 -0.295 	  -64.44 	 
0.403199990	 -0.293 	  -60.30 	 
0.403599990	 -0.289 	  -55.87 	 
0.403999990	 -0.284 	  -51.47 	 
0.404399990	 -0.281 	  -47.59 	 
0.404799990	 -0.278 	  -44.40 	 
0.405199990	 -0.275 	  -41.85 	 
0.405599990	 -0.272 	  -39.85 	 
0.405999990	 -0.270 	  -38.43 	 
0.406399990	 -0.268 	  -37.76 	 
0.406799990	 -0.268 	  -37.90 	 
0.407199990	 -0.268 	  -39.06 	 
0.407599990	 -0.269 	  -40.88 	 
0.407999990	 -0.270 	  -43.09 	 
0.408399990	 -0.272 	  -45.59 	 
0.408799990	 -0.274 	  -48.60 	 
0.409199990	 -0.276 	  -52.33 	 
