0.000000000	 -0.659 	  -83.64 	 
0.000400000	 -0.658 	  -82.09 	 
0.000800000	 -0.657 	  -80.20 	 
0.001200000	 -0.655 	  -78.11 	 
0.001600000	 -0.652 	  -75.53 	 
0.002000000	 -0.648 	  -72.24 	 
0.002400000	 -0.644 	  -68.34 	 
0.002800000	 -0.638 	  -64.19 	 
0.003200000	 -0.632 	  -59.93 	 
0.003600000	 -0.625 	  -55.67 	 
0.004000000	 -0.618 	  -51.56 	 
0.004400000	 -0.610 	  -47.74 	 
0.004800000	 -0.602 	  -44.36 	 
0.005200000	 -0.595 	  -41.58 	 
0.005600000	 -0.589 	  -39.51 	 
0.006000000	 -0.584 	  -38.16 	 
0.006400000	 -0.581 	  -37.61 	 
0.006800000	 -0.579 	  -37.86 	 
0.007200000	 -0.580 	  -39.04 	 
0.007600000	 -0.582 	  -41.09 	 
0.008000000	 -0.586 	  -43.88 	 
0.008400000	 -0.590 	  -47.13 	 
0.008800000	 -0.595 	  -50.61 	 
0.009200000	 -0.601 	  -54.21 	 
0.009600000	 -0.607 	  -57.94 	 
0.010000000	 -0.614 	  -61.82 	 
0.010400000	 -0.622 	  -65.85 	 
0.010800000	 -0.628 	  -69.92 	 
0.011200000	 -0.635 	  -73.86 	 
0.011600000	 -0.641 	  -77.46 	 
0.012000000	 -0.647 	  -80.55 	 
0.012400000	 -0.652 	  -82.96 	 
0.012800000	 -0.656 	  -84.60 	 
0.013200000	 -0.658 	  -85.38 	 
0.013600000	 -0.660 	  -85.37 	 
0.014000000	 -0.660 	  -84.57 	 
0.014400000	 -0.659 	  -83.24 	 
0.014800000	 -0.658 	  -81.55 	 
0.015200000	 -0.656 	  -79.61 	 
0.015600000	 -0.653 	  -77.41 	 
0.016000000	 -0.652 	  -74.62 	 
0.016400000	 -0.648 	  -71.15 	 
0.016800000	 -0.642 	  -67.21 	 
0.017200000	 -0.636 	  -63.04 	 
0.017600000	 -0.630 	  -58.79 	 
0.018000000	 -0.623 	  -54.51 	 
0.018400000	 -0.615 	  -50.42 	 
0.018800000	 -0.608 	  -46.69 	 
0.019200000	 -0.600 	  -43.46 	 
0.019600000	 -0.593 	  -40.86 	 
0.019999999	 -0.587 	  -39.00 	 
0.020399999	 -0.583 	  -37.93 	 
0.020799999	 -0.580 	  -37.64 	 
0.021199999	 -0.580 	  -38.18 	 
0.021599999	 -0.581 	  -39.61 	 
0.021999999	 -0.582 	  -41.87 	 
0.022399999	 -0.586 	  -44.79 	 
0.022799999	 -0.592 	  -48.09 	 
0.023199999	 -0.597 	  -51.60 	 
0.023599999	 -0.603 	  -55.26 	 
0.023999999	 -0.609 	  -59.03 	 
0.024399999	 -0.616 	  -62.96 	 
0.024799999	 -0.622 	  -67.00 	 
0.025199999	 -0.629 	  -71.05 	 
0.025599999	 -0.636 	  -74.96 	 
0.025999999	 -0.643 	  -78.44 	 
0.026399999	 -0.648 	  -81.33 	 
0.026799999	 -0.653 	  -83.50 	 
0.027199999	 -0.656 	  -84.91 	 
0.027599999	 -0.658 	  -85.47 	 
0.027999999	 -0.660 	  -85.23 	 
0.028399999	 -0.660 	  -84.28 	 
0.028799999	 -0.659 	  -82.85 	 
0.029199999	 -0.658 	  -81.12 	 
0.029599999	 -0.656 	  -79.10 	 
0.029999999	 -0.653 	  -76.73 	 
0.030399999	 -0.650 	  -73.75 	 
0.030799999	 -0.646 	  -70.12 	 
0.031199999	 -0.640 	  -66.06 	 
0.031599999	 -0.635 	  -61.81 	 
0.031999999	 -0.628 	  -57.47 	 
0.032399999	 -0.620 	  -53.29 	 
0.032799999	 -0.614 	  -49.35 	 
0.033199999	 -0.605 	  -45.83 	 
0.033599999	 -0.598 	  -42.81 	 
0.033999999	 -0.592 	  -40.47 	 
0.034399999	 -0.586 	  -38.80 	 
0.034799999	 -0.583 	  -37.90 	 
0.035199999	 -0.580 	  -37.76 	 
0.035599999	 -0.579 	  -38.47 	 
0.035999999	 -0.581 	  -40.14 	 
0.036399999	 -0.584 	  -42.61 	 
0.036799999	 -0.588 	  -45.73 	 
0.037199999	 -0.593 	  -49.18 	 
0.037599999	 -0.598 	  -52.73 	 
0.037999999	 -0.605 	  -56.40 	 
0.038399999	 -0.611 	  -60.18 	 
0.038799999	 -0.618 	  -64.13 	 
0.039199999	 -0.624 	  -68.17 	 
0.039599999	 -0.631 	  -72.22 	 
0.039999999	 -0.639 	  -76.03 	 
0.040399999	 -0.645 	  -79.37 	 
0.040799999	 -0.649 	  -82.06 	 
0.041199999	 -0.655 	  -84.00 	 
0.041599999	 -0.657 	  -85.13 	 
0.041999999	 -0.660 	  -85.46 	 
0.042399999	 -0.660 	  -85.02 	 
0.042799999	 -0.660 	  -83.94 	 
0.043199999	 -0.659 	  -82.42 	 
0.043599999	 -0.657 	  -80.55 	 
0.043999999	 -0.655 	  -78.44 	 
0.044399999	 -0.652 	  -75.95 	 
0.044799999	 -0.649 	  -72.81 	 
0.045199999	 -0.645 	  -69.08 	 
0.045599999	 -0.639 	  -64.91 	 
0.045999999	 -0.633 	  -60.56 	 
0.046399999	 -0.626 	  -56.22 	 
0.046799999	 -0.618 	  -52.04 	 
0.047199999	 -0.611 	  -48.20 	 
0.047599999	 -0.603 	  -44.85 	 
0.047999999	 -0.596 	  -42.01 	 
0.048399999	 -0.589 	  -39.87 	 
0.048799999	 -0.585 	  -38.47 	 
0.049199999	 -0.581 	  -37.80 	 
0.049599999	 -0.580 	  -37.94 	 
0.049999999	 -0.580 	  -38.95 	 
0.050399999	 -0.582 	  -40.84 	 
0.050799999	 -0.585 	  -43.50 	 
0.051199999	 -0.590 	  -46.66 	 
0.051599999	 -0.594 	  -50.06 	 
0.051999999	 -0.601 	  -53.68 	 
0.052399999	 -0.607 	  -57.41 	 
0.052799999	 -0.614 	  -61.29 	 
0.053199999	 -0.620 	  -65.30 	 
0.053599999	 -0.627 	  -69.40 	 
0.053999999	 -0.634 	  -73.38 	 
0.054399999	 -0.640 	  -77.06 	 
0.054799999	 -0.646 	  -80.23 	 
0.055199999	 -0.651 	  -82.73 	 
0.055599999	 -0.655 	  -84.45 	 
0.055999999	 -0.658 	  -85.35 	 
0.056399999	 -0.660 	  -85.45 	 
0.056799999	 -0.660 	  -84.82 	 
0.057199999	 -0.660 	  -83.60 	 
0.057599999	 -0.658 	  -81.95 	 
0.057999999	 -0.657 	  -80.00 	 
0.058399999	 -0.654 	  -77.81 	 
0.058799999	 -0.651 	  -75.09 	 
0.059199999	 -0.647 	  -71.64 	 
0.059599998	 -0.644 	  -67.70 	 
0.059999998	 -0.637 	  -63.48 	 
0.060399998	 -0.631 	  -59.22 	 
0.060799998	 -0.623 	  -55.05 	 
0.061199998	 -0.616 	  -51.05 	 
0.061599998	 -0.609 	  -47.35 	 
0.061999998	 -0.601 	  -44.12 	 
0.062399998	 -0.594 	  -41.45 	 
0.062799998	 -0.588 	  -39.43 	 
0.063199998	 -0.584 	  -38.16 	 
0.063599998	 -0.581 	  -37.70 	 
0.063999998	 -0.579 	  -38.04 	 
0.064399998	 -0.579 	  -39.29 	 
0.064799998	 -0.583 	  -41.47 	 
0.065199998	 -0.586 	  -44.35 	 
0.065599998	 -0.591 	  -47.67 	 
0.065999998	 -0.597 	  -51.17 	 
0.066399998	 -0.602 	  -54.81 	 
0.066799998	 -0.608 	  -58.57 	 
0.067199998	 -0.615 	  -62.47 	 
0.067599998	 -0.621 	  -66.48 	 
0.067999998	 -0.629 	  -70.53 	 
0.068399998	 -0.636 	  -74.46 	 
0.068799998	 -0.642 	  -78.01 	 
0.069199998	 -0.648 	  -80.98 	 
0.069599998	 -0.652 	  -83.30 	 
0.069999998	 -0.656 	  -84.84 	 
0.070399998	 -0.659 	  -85.54 	 
0.070799998	 -0.660 	  -85.40 	 
0.071199998	 -0.661 	  -84.53 	 
0.071599998	 -0.659 	  -83.13 	 
0.071999998	 -0.658 	  -81.36 	 
0.072399998	 -0.656 	  -79.36 	 
0.072799998	 -0.653 	  -77.18 	 
0.073199998	 -0.651 	  -74.30 	 
0.073599998	 -0.647 	  -70.71 	 
0.073999998	 -0.641 	  -66.63 	 
0.074399998	 -0.636 	  -62.36 	 
0.074799998	 -0.629 	  -58.06 	 
0.075199998	 -0.622 	  -53.88 	 
0.075599998	 -0.614 	  -49.91 	 
0.075999998	 -0.607 	  -46.32 	 
0.076399998	 -0.599 	  -43.22 	 
0.076799998	 -0.593 	  -40.76 	 
0.077199998	 -0.587 	  -38.99 	 
0.077599998	 -0.583 	  -37.96 	 
0.077999998	 -0.580 	  -37.71 	 
0.078399998	 -0.579 	  -38.33 	 
0.078799998	 -0.581 	  -39.87 	 
0.079199998	 -0.583 	  -42.24 	 
0.079599998	 -0.588 	  -45.25 	 
0.079999998	 -0.593 	  -48.59 	 
0.080399998	 -0.597 	  -52.11 	 
0.080799998	 -0.603 	  -55.79 	 
0.081199998	 -0.610 	  -59.61 	 
0.081599998	 -0.617 	  -63.59 	 
0.081999998	 -0.624 	  -67.66 	 
0.082399998	 -0.632 	  -71.69 	 
0.082799998	 -0.637 	  -75.53 	 
0.083199998	 -0.644 	  -78.91 	 
0.083599998	 -0.649 	  -81.72 	 
0.083999998	 -0.654 	  -83.81 	 
0.084399998	 -0.657 	  -85.07 	 
0.084799998	 -0.659 	  -85.53 	 
0.085199998	 -0.660 	  -85.17 	 
0.085599998	 -0.661 	  -84.14 	 
0.085999998	 -0.659 	  -82.61 	 
0.086399998	 -0.657 	  -80.77 	 
0.086799998	 -0.656 	  -78.71 	 
0.087199998	 -0.653 	  -76.34 	 
0.087599998	 -0.649 	  -73.27 	 
0.087999998	 -0.646 	  -69.56 	 
0.088399998	 -0.640 	  -65.43 	 
0.088799998	 -0.634 	  -61.17 	 
0.089199998	 -0.627 	  -56.91 	 
0.089599998	 -0.620 	  -52.76 	 
0.089999998	 -0.612 	  -48.86 	 
0.090399998	 -0.604 	  -45.36 	 
0.090799998	 -0.597 	  -42.42 	 
0.091199998	 -0.591 	  -40.14 	 
0.091599998	 -0.585 	  -38.55 	 
0.091999998	 -0.582 	  -37.77 	 
0.092399998	 -0.580 	  -37.77 	 
0.092799998	 -0.579 	  -38.66 	 
0.093199998	 -0.581 	  -40.45 	 
0.093599998	 -0.584 	  -43.02 	 
0.093999998	 -0.589 	  -46.16 	 
0.094399998	 -0.594 	  -49.61 	 
0.094799998	 -0.599 	  -53.20 	 
0.095199998	 -0.606 	  -56.90 	 
0.095599998	 -0.612 	  -60.76 	 
0.095999998	 -0.619 	  -64.75 	 
0.096399998	 -0.626 	  -68.81 	 
0.096799998	 -0.634 	  -72.81 	 
0.097199998	 -0.639 	  -76.52 	 
0.097599998	 -0.646 	  -79.76 	 
0.097999998	 -0.650 	  -82.35 	 
0.098399998	 -0.655 	  -84.20 	 
0.098799998	 -0.657 	  -85.24 	 
0.099199997	 -0.660 	  -85.45 	 
0.099599997	 -0.661 	  -84.87 	 
0.099999997	 -0.660 	  -83.70 	 
0.100399997	 -0.658 	  -82.12 	 
0.100799997	 -0.657 	  -80.24 	 
0.101199997	 -0.655 	  -78.12 	 
0.101599997	 -0.652 	  -75.53 	 
0.101999997	 -0.649 	  -72.26 	 
0.102399997	 -0.644 	  -68.40 	 
0.102799997	 -0.639 	  -64.25 	 
0.103199997	 -0.632 	  -59.99 	 
0.103599997	 -0.625 	  -55.70 	 
0.103999997	 -0.618 	  -51.59 	 
0.104399997	 -0.610 	  -47.76 	 
0.104799997	 -0.602 	  -44.40 	 
0.105199997	 -0.595 	  -41.63 	 
0.105599997	 -0.589 	  -39.57 	 
0.105999997	 -0.585 	  -38.27 	 
0.106399997	 -0.581 	  -37.70 	 
0.106799997	 -0.579 	  -37.95 	 
0.107199997	 -0.580 	  -39.09 	 
0.107599997	 -0.581 	  -41.10 	 
0.107999997	 -0.586 	  -43.90 	 
0.108399997	 -0.590 	  -47.16 	 
0.108799997	 -0.595 	  -50.66 	 
0.109199997	 -0.601 	  -54.27 	 
0.109599997	 -0.608 	  -58.00 	 
0.109999997	 -0.614 	  -61.90 	 
0.110399997	 -0.621 	  -65.91 	 
0.110799997	 -0.628 	  -69.98 	 
0.111199997	 -0.635 	  -73.90 	 
0.111599997	 -0.641 	  -77.52 	 
0.111999997	 -0.647 	  -80.57 	 
0.112399997	 -0.652 	  -83.01 	 
0.112799997	 -0.656 	  -84.63 	 
0.113199997	 -0.658 	  -85.45 	 
0.113599997	 -0.660 	  -85.41 	 
0.113999997	 -0.661 	  -84.67 	 
0.114399997	 -0.660 	  -83.32 	 
0.114799997	 -0.658 	  -81.64 	 
0.115199997	 -0.656 	  -79.69 	 
0.115599997	 -0.654 	  -77.50 	 
0.115999997	 -0.651 	  -74.68 	 
0.116399997	 -0.647 	  -71.15 	 
0.116799997	 -0.642 	  -67.19 	 
0.117199997	 -0.637 	  -63.06 	 
0.117599997	 -0.630 	  -58.84 	 
0.117999997	 -0.623 	  -54.63 	 
0.118399997	 -0.615 	  -50.55 	 
0.118799997	 -0.608 	  -46.78 	 
0.119199997	 -0.600 	  -43.55 	 
0.119599997	 -0.593 	  -40.91 	 
0.119999997	 -0.587 	  -39.06 	 
0.120399997	 -0.583 	  -37.93 	 
0.120799997	 -0.580 	  -37.61 	 
0.121199997	 -0.580 	  -38.17 	 
0.121599997	 -0.580 	  -39.63 	 
0.121999997	 -0.583 	  -41.98 	 
0.122399997	 -0.587 	  -44.93 	 
0.122799997	 -0.592 	  -48.24 	 
0.123199997	 -0.597 	  -51.71 	 
0.123599997	 -0.602 	  -55.28 	 
0.123999997	 -0.609 	  -59.03 	 
0.124399997	 -0.616 	  -62.95 	 
0.124799997	 -0.622 	  -67.02 	 
0.125199997	 -0.630 	  -71.11 	 
0.125599997	 -0.636 	  -75.05 	 
0.125999997	 -0.643 	  -78.55 	 
0.126399997	 -0.649 	  -81.44 	 
0.126799997	 -0.653 	  -83.61 	 
0.127199997	 -0.657 	  -84.96 	 
0.127599997	 -0.659 	  -85.50 	 
0.127999997	 -0.660 	  -85.24 	 
0.128399997	 -0.660 	  -84.30 	 
0.128799997	 -0.659 	  -82.91 	 
0.129199997	 -0.658 	  -81.16 	 
0.129599997	 -0.656 	  -79.15 	 
0.129999997	 -0.653 	  -76.82 	 
0.130399997	 -0.651 	  -73.84 	 
0.130799997	 -0.646 	  -70.16 	 
0.131199997	 -0.641 	  -66.07 	 
0.131599997	 -0.635 	  -61.79 	 
0.131999997	 -0.628 	  -57.51 	 
0.132399997	 -0.621 	  -53.32 	 
0.132799997	 -0.614 	  -49.39 	 
0.133199997	 -0.606 	  -45.83 	 
0.133599997	 -0.598 	  -42.79 	 
0.133999997	 -0.593 	  -40.42 	 
0.134399997	 -0.586 	  -38.78 	 
0.134799997	 -0.582 	  -37.87 	 
0.135199997	 -0.580 	  -37.76 	 
0.135599997	 -0.579 	  -38.51 	 
0.135999997	 -0.581 	  -40.18 	 
0.136399997	 -0.583 	  -42.70 	 
0.136799997	 -0.588 	  -45.79 	 
0.137199997	 -0.593 	  -49.21 	 
0.137599997	 -0.599 	  -52.76 	 
0.137999997	 -0.605 	  -56.42 	 
0.138399997	 -0.611 	  -60.19 	 
0.138799996	 -0.618 	  -64.12 	 
0.139199996	 -0.625 	  -68.17 	 
0.139599996	 -0.632 	  -72.20 	 
0.139999996	 -0.638 	  -75.99 	 
0.140399996	 -0.645 	  -79.39 	 
0.140799996	 -0.650 	  -82.13 	 
0.141199996	 -0.654 	  -84.14 	 
0.141599996	 -0.659 	  -85.27 	 
0.141999996	 -0.659 	  -85.56 	 
0.142399996	 -0.660 	  -85.05 	 
0.142799996	 -0.660 	  -83.94 	 
0.143199996	 -0.658 	  -82.42 	 
0.143599996	 -0.657 	  -80.59 	 
0.143999996	 -0.655 	  -78.51 	 
0.144399996	 -0.652 	  -76.03 	 
0.144799996	 -0.650 	  -72.82 	 
0.145199996	 -0.645 	  -69.04 	 
0.145599996	 -0.640 	  -64.88 	 
0.145999996	 -0.633 	  -60.61 	 
0.146399996	 -0.626 	  -56.35 	 
0.146799996	 -0.619 	  -52.22 	 
0.147199996	 -0.610 	  -48.37 	 
0.147599996	 -0.604 	  -44.93 	 
0.147999996	 -0.597 	  -42.11 	 
0.148399996	 -0.590 	  -39.97 	 
0.148799996	 -0.585 	  -38.56 	 
0.149199996	 -0.581 	  -37.88 	 
0.149599996	 -0.580 	  -38.01 	 
0.149999996	 -0.580 	  -39.02 	 
0.150399996	 -0.582 	  -40.90 	 
0.150799996	 -0.585 	  -43.54 	 
0.151199996	 -0.589 	  -46.72 	 
0.151599996	 -0.595 	  -50.17 	 
0.151999996	 -0.600 	  -53.78 	 
0.152399996	 -0.606 	  -57.51 	 
0.152799996	 -0.613 	  -61.37 	 
0.153199996	 -0.620 	  -65.42 	 
0.153599996	 -0.627 	  -69.48 	 
0.153999996	 -0.634 	  -73.43 	 
0.154399996	 -0.640 	  -77.11 	 
0.154799996	 -0.646 	  -80.23 	 
0.155199996	 -0.651 	  -82.75 	 
0.155599996	 -0.656 	  -84.48 	 
0.155999996	 -0.658 	  -85.39 	 
0.156399996	 -0.660 	  -85.50 	 
0.156799996	 -0.660 	  -84.85 	 
0.157199996	 -0.660 	  -83.61 	 
0.157599996	 -0.658 	  -81.97 	 
0.157999996	 -0.656 	  -80.04 	 
0.158399996	 -0.655 	  -77.87 	 
0.158799996	 -0.651 	  -75.16 	 
0.159199996	 -0.648 	  -71.80 	 
0.159599996	 -0.643 	  -67.86 	 
0.159999996	 -0.637 	  -63.61 	 
0.160399996	 -0.631 	  -59.34 	 
0.160799996	 -0.624 	  -55.13 	 
0.161199996	 -0.617 	  -51.10 	 
0.161599996	 -0.609 	  -47.36 	 
0.161999996	 -0.601 	  -44.10 	 
0.162399996	 -0.595 	  -41.43 	 
0.162799996	 -0.589 	  -39.44 	 
0.163199996	 -0.584 	  -38.21 	 
0.163599996	 -0.581 	  -37.77 	 
0.163999996	 -0.580 	  -38.13 	 
0.164399996	 -0.580 	  -39.37 	 
0.164799996	 -0.583 	  -41.51 	 
0.165199996	 -0.586 	  -44.36 	 
0.165599996	 -0.591 	  -47.68 	 
0.165999996	 -0.596 	  -51.19 	 
0.166399996	 -0.602 	  -54.83 	 
0.166799996	 -0.608 	  -58.56 	 
0.167199996	 -0.616 	  -62.47 	 
0.167599996	 -0.621 	  -66.48 	 
0.167999996	 -0.629 	  -70.55 	 
0.168399996	 -0.636 	  -74.45 	 
0.168799996	 -0.642 	  -78.02 	 
0.169199996	 -0.648 	  -81.03 	 
0.169599996	 -0.653 	  -83.35 	 
0.169999996	 -0.656 	  -84.85 	 
0.170399996	 -0.659 	  -85.49 	 
0.170799996	 -0.660 	  -85.36 	 
0.171199996	 -0.660 	  -84.49 	 
0.171599996	 -0.660 	  -83.11 	 
0.171999996	 -0.658 	  -81.39 	 
0.172399996	 -0.656 	  -79.38 	 
0.172799996	 -0.654 	  -77.15 	 
0.173199996	 -0.651 	  -74.25 	 
0.173599996	 -0.647 	  -70.66 	 
0.173999996	 -0.642 	  -66.61 	 
0.174399996	 -0.636 	  -62.38 	 
0.174799996	 -0.629 	  -58.10 	 
0.175199996	 -0.622 	  -53.92 	 
0.175599996	 -0.614 	  -49.93 	 
0.175999996	 -0.606 	  -46.30 	 
0.176399996	 -0.599 	  -43.18 	 
0.176799996	 -0.593 	  -40.68 	 
0.177199996	 -0.587 	  -38.91 	 
0.177599996	 -0.583 	  -37.88 	 
0.177999996	 -0.580 	  -37.65 	 
0.178399995	 -0.579 	  -38.30 	 
0.178799995	 -0.580 	  -39.83 	 
0.179199995	 -0.583 	  -42.20 	 
0.179599995	 -0.588 	  -45.24 	 
0.179999995	 -0.593 	  -48.60 	 
0.180399995	 -0.598 	  -52.12 	 
0.180799995	 -0.604 	  -55.79 	 
0.181199995	 -0.610 	  -59.61 	 
0.181599995	 -0.617 	  -63.59 	 
0.181999995	 -0.624 	  -67.67 	 
0.182399995	 -0.632 	  -71.71 	 
0.182799995	 -0.637 	  -75.53 	 
0.183199995	 -0.644 	  -78.88 	 
0.183599995	 -0.650 	  -81.67 	 
0.183999995	 -0.653 	  -83.75 	 
0.184399995	 -0.657 	  -85.06 	 
0.184799995	 -0.659 	  -85.53 	 
0.185199995	 -0.660 	  -85.19 	 
0.185599995	 -0.660 	  -84.14 	 
0.185999995	 -0.659 	  -82.62 	 
0.186399995	 -0.657 	  -80.79 	 
0.186799995	 -0.656 	  -78.74 	 
0.187199995	 -0.653 	  -76.30 	 
0.187599995	 -0.649 	  -73.22 	 
0.187999995	 -0.646 	  -69.52 	 
0.188399995	 -0.640 	  -65.49 	 
0.188799995	 -0.635 	  -61.27 	 
0.189199995	 -0.627 	  -57.01 	 
0.189599995	 -0.621 	  -52.79 	 
0.189999995	 -0.612 	  -48.84 	 
0.190399995	 -0.605 	  -45.31 	 
0.190799995	 -0.597 	  -42.33 	 
0.191199995	 -0.591 	  -40.05 	 
0.191599995	 -0.586 	  -38.52 	 
0.191999995	 -0.582 	  -37.76 	 
0.192399995	 -0.580 	  -37.77 	 
0.192799995	 -0.580 	  -38.65 	 
0.193199995	 -0.581 	  -40.42 	 
0.193599995	 -0.584 	  -43.05 	 
0.193999995	 -0.589 	  -46.19 	 
0.194399995	 -0.594 	  -49.60 	 
0.194799995	 -0.600 	  -53.18 	 
0.195199995	 -0.605 	  -56.86 	 
0.195599995	 -0.612 	  -60.72 	 
0.195999995	 -0.619 	  -64.71 	 
0.196399995	 -0.625 	  -68.78 	 
0.196799995	 -0.633 	  -72.84 	 
0.197199995	 -0.640 	  -76.58 	 
0.197599995	 -0.646 	  -79.83 	 
0.197999995	 -0.651 	  -82.41 	 
0.198399995	 -0.655 	  -84.24 	 
0.198799995	 -0.657 	  -85.21 	 
0.199199995	 -0.659 	  -85.39 	 
0.199599995	 -0.660 	  -84.84 	 
0.199999995	 -0.660 	  -83.68 	 
0.200399995	 -0.658 	  -82.15 	 
0.200799995	 -0.657 	  -80.31 	 
0.201199995	 -0.656 	  -78.18 	 
0.201599995	 -0.652 	  -75.55 	 
0.201999995	 -0.648 	  -72.23 	 
0.202399995	 -0.644 	  -68.36 	 
0.202799995	 -0.639 	  -64.22 	 
0.203199995	 -0.632 	  -60.00 	 
0.203599995	 -0.626 	  -55.78 	 
0.203999995	 -0.617 	  -51.65 	 
0.204399995	 -0.610 	  -47.81 	 
0.204799995	 -0.602 	  -44.43 	 
0.205199995	 -0.595 	  -41.63 	 
0.205599995	 -0.588 	  -39.57 	 
0.205999995	 -0.584 	  -38.21 	 
0.206399995	 -0.582 	  -37.59 	 
0.206799995	 -0.579 	  -37.86 	 
0.207199995	 -0.580 	  -39.05 	 
0.207599995	 -0.582 	  -41.14 	 
0.207999995	 -0.586 	  -44.00 	 
0.208399995	 -0.591 	  -47.28 	 
0.208799995	 -0.596 	  -50.74 	 
0.209199995	 -0.602 	  -54.31 	 
0.209599995	 -0.607 	  -58.00 	 
0.209999995	 -0.614 	  -61.81 	 
0.210399995	 -0.620 	  -65.80 	 
0.210799995	 -0.627 	  -69.90 	 
0.211199995	 -0.635 	  -73.88 	 
0.211599995	 -0.641 	  -77.52 	 
0.211999995	 -0.647 	  -80.64 	 
0.212399995	 -0.652 	  -83.06 	 
0.212799995	 -0.656 	  -84.68 	 
0.213199995	 -0.658 	  -85.45 	 
0.213599995	 -0.660 	  -85.39 	 
0.213999995	 -0.660 	  -84.60 	 
0.214399995	 -0.660 	  -83.27 	 
0.214799995	 -0.658 	  -81.61 	 
0.215199995	 -0.656 	  -79.69 	 
0.215599995	 -0.654 	  -77.50 	 
0.215999995	 -0.651 	  -74.67 	 
0.216399995	 -0.647 	  -71.19 	 
0.216799995	 -0.643 	  -67.27 	 
0.217199995	 -0.636 	  -63.08 	 
0.217599995	 -0.631 	  -58.84 	 
0.217999994	 -0.623 	  -54.56 	 
0.218399994	 -0.615 	  -50.45 	 
0.218799994	 -0.608 	  -46.73 	 
0.219199994	 -0.600 	  -43.49 	 
0.219599994	 -0.593 	  -40.92 	 
0.219999994	 -0.588 	  -39.10 	 
0.220399994	 -0.583 	  -38.02 	 
0.220799994	 -0.581 	  -37.72 	 
0.221199994	 -0.579 	  -38.26 	 
0.221599994	 -0.581 	  -39.66 	 
0.221999994	 -0.583 	  -41.94 	 
0.222399994	 -0.587 	  -44.87 	 
0.222799994	 -0.592 	  -48.15 	 
0.223199994	 -0.597 	  -51.65 	 
0.223599994	 -0.603 	  -55.27 	 
0.223999994	 -0.609 	  -59.03 	 
0.224399994	 -0.616 	  -62.98 	 
0.224799994	 -0.623 	  -67.05 	 
0.225199994	 -0.630 	  -71.15 	 
0.225599994	 -0.636 	  -75.02 	 
0.225999994	 -0.643 	  -78.45 	 
0.226399994	 -0.649 	  -81.35 	 
0.226799994	 -0.653 	  -83.53 	 
0.227199994	 -0.656 	  -84.93 	 
0.227599994	 -0.659 	  -85.48 	 
0.227999994	 -0.660 	  -85.24 	 
0.228399994	 -0.660 	  -84.31 	 
0.228799994	 -0.659 	  -82.88 	 
0.229199994	 -0.657 	  -81.12 	 
0.229599994	 -0.656 	  -79.12 	 
0.229999994	 -0.653 	  -76.76 	 
0.230399994	 -0.649 	  -73.79 	 
0.230799994	 -0.646 	  -70.16 	 
0.231199994	 -0.641 	  -66.09 	 
0.231599994	 -0.635 	  -61.83 	 
0.231999994	 -0.628 	  -57.55 	 
0.232399994	 -0.620 	  -53.35 	 
0.232799994	 -0.614 	  -49.42 	 
0.233199994	 -0.606 	  -45.88 	 
0.233599994	 -0.599 	  -42.89 	 
0.233999994	 -0.592 	  -40.50 	 
0.234399994	 -0.587 	  -38.84 	 
0.234799994	 -0.583 	  -37.95 	 
0.235199994	 -0.580 	  -37.81 	 
0.235599994	 -0.580 	  -38.58 	 
0.235999994	 -0.581 	  -40.22 	 
0.236399994	 -0.584 	  -42.71 	 
0.236799994	 -0.588 	  -45.80 	 
0.237199994	 -0.593 	  -49.22 	 
0.237599994	 -0.599 	  -52.79 	 
0.237999994	 -0.604 	  -56.44 	 
0.238399994	 -0.612 	  -60.21 	 
0.238799994	 -0.618 	  -64.12 	 
0.239199994	 -0.625 	  -68.17 	 
0.239599994	 -0.631 	  -72.21 	 
0.239999994	 -0.638 	  -76.01 	 
0.240399994	 -0.645 	  -79.36 	 
0.240799994	 -0.650 	  -82.10 	 
0.241199994	 -0.655 	  -84.08 	 
0.241599994	 -0.657 	  -85.22 	 
0.241999994	 -0.660 	  -85.52 	 
0.242399994	 -0.660 	  -85.04 	 
0.242799994	 -0.660 	  -83.91 	 
0.243199994	 -0.659 	  -82.36 	 
0.243599994	 -0.657 	  -80.55 	 
0.243999994	 -0.655 	  -78.49 	 
0.244399994	 -0.653 	  -76.01 	 
0.244799994	 -0.649 	  -72.76 	 
0.245199994	 -0.644 	  -68.94 	 
0.245599994	 -0.640 	  -64.82 	 
0.245999994	 -0.632 	  -60.63 	 
0.246399994	 -0.626 	  -56.40 	 
0.246799994	 -0.618 	  -52.30 	 
0.247199994	 -0.612 	  -48.38 	 
0.247599994	 -0.604 	  -44.96 	 
0.247999994	 -0.596 	  -42.09 	 
0.248399994	 -0.590 	  -39.92 	 
0.248799994	 -0.585 	  -38.49 	 
0.249199994	 -0.582 	  -37.81 	 
0.249599994	 -0.580 	  -37.97 	 
0.249999994	 -0.580 	  -38.98 	 
0.250399994	 -0.583 	  -40.88 	 
0.250799994	 -0.585 	  -43.56 	 
0.251199994	 -0.590 	  -46.73 	 
0.251599994	 -0.595 	  -50.16 	 
0.251999994	 -0.601 	  -53.76 	 
0.252399994	 -0.607 	  -57.46 	 
0.252799994	 -0.613 	  -61.30 	 
0.253199994	 -0.620 	  -65.32 	 
0.253599994	 -0.626 	  -69.38 	 
0.253999994	 -0.635 	  -73.36 	 
0.254399994	 -0.640 	  -77.02 	 
0.254799994	 -0.646 	  -80.20 	 
0.255199994	 -0.651 	  -82.74 	 
0.255599994	 -0.656 	  -84.47 	 
0.255999994	 -0.659 	  -85.37 	 
0.256399994	 -0.659 	  -85.45 	 
0.256799994	 -0.661 	  -84.78 	 
0.257199994	 -0.659 	  -83.52 	 
0.257599993	 -0.658 	  -81.89 	 
0.257999993	 -0.657 	  -79.96 	 
0.258399993	 -0.654 	  -77.81 	 
0.258799993	 -0.652 	  -75.06 	 
0.259199993	 -0.647 	  -71.68 	 
0.259599993	 -0.643 	  -67.77 	 
0.259999993	 -0.638 	  -63.60 	 
0.260399993	 -0.631 	  -59.33 	 
0.260799993	 -0.625 	  -55.13 	 
0.261199993	 -0.617 	  -51.07 	 
0.261599993	 -0.609 	  -47.33 	 
0.261999993	 -0.602 	  -44.05 	 
0.262399993	 -0.594 	  -41.38 	 
0.262799993	 -0.589 	  -39.40 	 
0.263199993	 -0.584 	  -38.16 	 
0.263599993	 -0.581 	  -37.66 	 
0.263999993	 -0.579 	  -38.01 	 
0.264399993	 -0.580 	  -39.26 	 
0.264799993	 -0.582 	  -41.47 	 
0.265199993	 -0.587 	  -44.39 	 
0.265599993	 -0.591 	  -47.74 	 
0.265999993	 -0.596 	  -51.25 	 
0.266399993	 -0.603 	  -54.84 	 
0.266799993	 -0.608 	  -58.55 	 
0.267199993	 -0.616 	  -62.40 	 
0.267599993	 -0.622 	  -66.41 	 
0.267999993	 -0.629 	  -70.48 	 
0.268399993	 -0.635 	  -74.42 	 
0.268799993	 -0.642 	  -78.01 	 
0.269199993	 -0.648 	  -81.01 	 
0.269599993	 -0.653 	  -83.31 	 
0.269999993	 -0.656 	  -84.83 	 
0.270399993	 -0.659 	  -85.49 	 
0.270799993	 -0.660 	  -85.32 	 
0.271199993	 -0.661 	  -84.43 	 
0.271599993	 -0.659 	  -83.05 	 
0.271999993	 -0.657 	  -81.33 	 
0.272399993	 -0.656 	  -79.36 	 
0.272799993	 -0.654 	  -77.15 	 
0.273199993	 -0.651 	  -74.26 	 
0.273599993	 -0.647 	  -70.61 	 
0.273999993	 -0.642 	  -66.61 	 
0.274399993	 -0.636 	  -62.41 	 
0.274799993	 -0.630 	  -58.17 	 
0.275199993	 -0.622 	  -53.99 	 
0.275599993	 -0.615 	  -49.98 	 
0.275999993	 -0.607 	  -46.30 	 
0.276399993	 -0.599 	  -43.16 	 
0.276799993	 -0.593 	  -40.68 	 
0.277199993	 -0.587 	  -38.95 	 
0.277599993	 -0.583 	  -37.95 	 
0.277999993	 -0.581 	  -37.73 	 
0.278399993	 -0.579 	  -38.35 	 
0.278799993	 -0.581 	  -39.86 	 
0.279199993	 -0.583 	  -42.24 	 
0.279599993	 -0.588 	  -45.24 	 
0.279999993	 -0.593 	  -48.62 	 
0.280399993	 -0.598 	  -52.17 	 
0.280799993	 -0.604 	  -55.85 	 
0.281199993	 -0.611 	  -59.66 	 
0.281599993	 -0.616 	  -63.61 	 
0.281999993	 -0.624 	  -67.63 	 
0.282399993	 -0.631 	  -71.65 	 
0.282799993	 -0.638 	  -75.49 	 
0.283199993	 -0.644 	  -78.86 	 
0.283599993	 -0.649 	  -81.67 	 
0.283999993	 -0.654 	  -83.77 	 
0.284399993	 -0.657 	  -85.10 	 
0.284799993	 -0.659 	  -85.57 	 
0.285199993	 -0.661 	  -85.17 	 
0.285599993	 -0.660 	  -84.10 	 
0.285999993	 -0.659 	  -82.58 	 
0.286399993	 -0.657 	  -80.77 	 
0.286799993	 -0.656 	  -78.77 	 
0.287199993	 -0.652 	  -76.36 	 
0.287599993	 -0.650 	  -73.29 	 
0.287999993	 -0.645 	  -69.53 	 
0.288399993	 -0.640 	  -65.47 	 
0.288799993	 -0.634 	  -61.24 	 
0.289199993	 -0.627 	  -57.02 	 
0.289599993	 -0.620 	  -52.85 	 
0.289999993	 -0.613 	  -48.94 	 
0.290399993	 -0.604 	  -45.40 	 
0.290799993	 -0.598 	  -42.42 	 
0.291199993	 -0.591 	  -40.14 	 
0.291599993	 -0.586 	  -38.56 	 
0.291999993	 -0.582 	  -37.77 	 
0.292399993	 -0.580 	  -37.78 	 
0.292799993	 -0.580 	  -38.70 	 
0.293199993	 -0.581 	  -40.53 	 
0.293599993	 -0.585 	  -43.15 	 
0.293999993	 -0.589 	  -46.29 	 
0.294399993	 -0.594 	  -49.73 	 
0.294799993	 -0.600 	  -53.25 	 
0.295199993	 -0.605 	  -56.93 	 
0.295599993	 -0.612 	  -60.74 	 
0.295999993	 -0.619 	  -64.73 	 
0.296399993	 -0.626 	  -68.81 	 
0.296799993	 -0.633 	  -72.82 	 
0.297199992	 -0.639 	  -76.54 	 
0.297599992	 -0.646 	  -79.78 	 
0.297999992	 -0.650 	  -82.37 	 
0.298399992	 -0.655 	  -84.20 	 
0.298799992	 -0.658 	  -85.24 	 
0.299199992	 -0.660 	  -85.44 	 
0.299599992	 -0.660 	  -84.88 	 
0.299999992	 -0.659 	  -83.71 	 
0.300399992	 -0.658 	  -82.15 	 
0.300799992	 -0.657 	  -80.26 	 
0.301199992	 -0.655 	  -78.18 	 
0.301599992	 -0.652 	  -75.63 	 
0.301999992	 -0.649 	  -72.30 	 
0.302399992	 -0.644 	  -68.36 	 
0.302799992	 -0.638 	  -64.16 	 
0.303199992	 -0.632 	  -59.93 	 
0.303599992	 -0.625 	  -55.71 	 
0.303999992	 -0.618 	  -51.66 	 
0.304399992	 -0.610 	  -47.89 	 
0.304799992	 -0.602 	  -44.53 	 
0.305199992	 -0.595 	  -41.74 	 
0.305599992	 -0.589 	  -39.65 	 
0.305999992	 -0.585 	  -38.29 	 
0.306399992	 -0.581 	  -37.70 	 
0.306799992	 -0.580 	  -37.97 	 
0.307199992	 -0.579 	  -39.13 	 
0.307599992	 -0.583 	  -41.21 	 
0.307999992	 -0.586 	  -44.04 	 
0.308399992	 -0.590 	  -47.25 	 
0.308799992	 -0.596 	  -50.74 	 
0.309199992	 -0.602 	  -54.34 	 
0.309599992	 -0.608 	  -58.04 	 
0.309999992	 -0.614 	  -61.90 	 
0.310399992	 -0.621 	  -65.89 	 
0.310799992	 -0.627 	  -69.96 	 
0.311199992	 -0.635 	  -73.91 	 
0.311599992	 -0.641 	  -77.52 	 
0.311999992	 -0.647 	  -80.63 	 
0.312399992	 -0.652 	  -83.08 	 
0.312799992	 -0.656 	  -84.73 	 
0.313199992	 -0.658 	  -85.49 	 
0.313599992	 -0.660 	  -85.45 	 
0.313999992	 -0.660 	  -84.63 	 
0.314399992	 -0.660 	  -83.28 	 
0.314799992	 -0.658 	  -81.61 	 
0.315199992	 -0.656 	  -79.69 	 
0.315599992	 -0.654 	  -77.57 	 
0.315999992	 -0.651 	  -74.83 	 
0.316399992	 -0.647 	  -71.30 	 
0.316799992	 -0.642 	  -67.30 	 
0.317199992	 -0.637 	  -63.06 	 
0.317599992	 -0.630 	  -58.80 	 
0.317999992	 -0.623 	  -54.55 	 
0.318399992	 -0.615 	  -50.49 	 
0.318799992	 -0.608 	  -46.80 	 
0.319199992	 -0.600 	  -43.61 	 
0.319599992	 -0.593 	  -41.04 	 
0.319999992	 -0.588 	  -39.18 	 
0.320399992	 -0.584 	  -38.10 	 
0.320799992	 -0.581 	  -37.80 	 
0.321199992	 -0.581 	  -38.33 	 
0.321599992	 -0.581 	  -39.72 	 
0.321999992	 -0.583 	  -41.97 	 
0.322399992	 -0.587 	  -44.89 	 
0.322799992	 -0.592 	  -48.18 	 
0.323199992	 -0.597 	  -51.72 	 
0.323599992	 -0.603 	  -55.35 	 
0.323999992	 -0.609 	  -59.14 	 
0.324399992	 -0.616 	  -63.06 	 
0.324799992	 -0.623 	  -67.10 	 
0.325199992	 -0.630 	  -71.16 	 
0.325599992	 -0.637 	  -75.05 	 
0.325999992	 -0.644 	  -78.53 	 
0.326399992	 -0.649 	  -81.40 	 
0.326799992	 -0.653 	  -83.60 	 
0.327199992	 -0.656 	  -84.97 	 
0.327599992	 -0.659 	  -85.56 	 
0.327999992	 -0.660 	  -85.32 	 
0.328399992	 -0.660 	  -84.37 	 
0.328799992	 -0.659 	  -82.94 	 
0.329199992	 -0.658 	  -81.16 	 
0.329599992	 -0.656 	  -79.15 	 
0.329999992	 -0.653 	  -76.80 	 
0.330399992	 -0.651 	  -73.84 	 
0.330799992	 -0.647 	  -70.20 	 
0.331199992	 -0.641 	  -66.11 	 
0.331599992	 -0.635 	  -61.86 	 
0.331999992	 -0.628 	  -57.58 	 
0.332399992	 -0.621 	  -53.37 	 
0.332799992	 -0.613 	  -49.45 	 
0.333199992	 -0.606 	  -45.89 	 
0.333599992	 -0.598 	  -42.90 	 
0.333999992	 -0.593 	  -40.49 	 
0.334399992	 -0.587 	  -38.87 	 
0.334799992	 -0.583 	  -37.98 	 
0.335199992	 -0.580 	  -37.86 	 
0.335599992	 -0.580 	  -38.56 	 
0.335999992	 -0.582 	  -40.19 	 
0.336399992	 -0.585 	  -42.64 	 
0.336799991	 -0.588 	  -45.73 	 
0.337199991	 -0.593 	  -49.14 	 
0.337599991	 -0.599 	  -52.76 	 
0.337999991	 -0.605 	  -56.44 	 
0.338399991	 -0.612 	  -60.23 	 
0.338799991	 -0.618 	  -64.13 	 
0.339199991	 -0.625 	  -68.17 	 
0.339599991	 -0.632 	  -72.18 	 
0.339999991	 -0.638 	  -76.01 	 
0.340399991	 -0.645 	  -79.39 	 
0.340799991	 -0.650 	  -82.15 	 
0.341199991	 -0.655 	  -84.13 	 
0.341599991	 -0.657 	  -85.24 	 
0.341999991	 -0.660 	  -85.54 	 
0.342399991	 -0.660 	  -85.04 	 
0.342799991	 -0.660 	  -83.92 	 
0.343199991	 -0.658 	  -82.37 	 
0.343599991	 -0.657 	  -80.56 	 
0.343999991	 -0.655 	  -78.50 	 
0.344399991	 -0.653 	  -76.01 	 
0.344799991	 -0.650 	  -72.77 	 
0.345199991	 -0.645 	  -68.91 	 
0.345599991	 -0.640 	  -64.76 	 
0.345999991	 -0.632 	  -60.54 	 
0.346399991	 -0.626 	  -56.31 	 
0.346799991	 -0.619 	  -52.20 	 
0.347199991	 -0.611 	  -48.34 	 
0.347599991	 -0.603 	  -44.92 	 
0.347999991	 -0.597 	  -42.05 	 
0.348399991	 -0.590 	  -39.87 	 
0.348799991	 -0.585 	  -38.43 	 
0.349199991	 -0.582 	  -37.74 	 
0.349599991	 -0.580 	  -37.88 	 
0.349999991	 -0.581 	  -38.89 	 
0.350399991	 -0.581 	  -40.84 	 
0.350799991	 -0.585 	  -43.52 	 
0.351199991	 -0.590 	  -46.69 	 
0.351599991	 -0.595 	  -50.09 	 
0.351999991	 -0.600 	  -53.68 	 
0.352399991	 -0.607 	  -57.39 	 
0.352799991	 -0.613 	  -61.26 	 
0.353199991	 -0.620 	  -65.27 	 
0.353599991	 -0.627 	  -69.39 	 
0.353999991	 -0.634 	  -73.41 	 
0.354399991	 -0.641 	  -77.11 	 
0.354799991	 -0.646 	  -80.26 	 
0.355199991	 -0.652 	  -82.72 	 
0.355599991	 -0.655 	  -84.42 	 
0.355999991	 -0.658 	  -85.31 	 
0.356399991	 -0.660 	  -85.37 	 
0.356799991	 -0.661 	  -84.73 	 
0.357199991	 -0.660 	  -83.55 	 
0.357599991	 -0.658 	  -81.94 	 
0.357999991	 -0.657 	  -80.01 	 
0.358399991	 -0.655 	  -77.78 	 
0.358799991	 -0.652 	  -75.05 	 
0.359199991	 -0.648 	  -71.65 	 
0.359599991	 -0.643 	  -67.79 	 
0.359999991	 -0.637 	  -63.68 	 
0.360399991	 -0.631 	  -59.42 	 
0.360799991	 -0.624 	  -55.16 	 
0.361199991	 -0.617 	  -51.03 	 
0.361599991	 -0.609 	  -47.23 	 
0.361999991	 -0.602 	  -43.93 	 
0.362399991	 -0.595 	  -41.24 	 
0.362799991	 -0.588 	  -39.30 	 
0.363199991	 -0.584 	  -38.12 	 
0.363599991	 -0.581 	  -37.72 	 
0.363999991	 -0.580 	  -38.12 	 
0.364399991	 -0.581 	  -39.37 	 
0.364799991	 -0.583 	  -41.50 	 
0.365199991	 -0.586 	  -44.32 	 
0.365599991	 -0.591 	  -47.61 	 
0.365999991	 -0.596 	  -51.14 	 
0.366399991	 -0.602 	  -54.77 	 
0.366799991	 -0.609 	  -58.54 	 
0.367199991	 -0.615 	  -62.44 	 
0.367599991	 -0.621 	  -66.48 	 
0.367999991	 -0.629 	  -70.54 	 
0.368399991	 -0.636 	  -74.49 	 
0.368799991	 -0.642 	  -78.05 	 
0.369199991	 -0.648 	  -81.06 	 
0.369599991	 -0.653 	  -83.36 	 
0.369999991	 -0.656 	  -84.87 	 
0.370399991	 -0.658 	  -85.50 	 
0.370799991	 -0.660 	  -85.34 	 
0.371199991	 -0.661 	  -84.46 	 
0.371599991	 -0.659 	  -83.09 	 
0.371999991	 -0.658 	  -81.41 	 
0.372399991	 -0.656 	  -79.47 	 
0.372799991	 -0.654 	  -77.25 	 
0.373199991	 -0.651 	  -74.32 	 
0.373599991	 -0.647 	  -70.65 	 
0.373999991	 -0.642 	  -66.57 	 
0.374399991	 -0.635 	  -62.34 	 
0.374799991	 -0.630 	  -58.08 	 
0.375199991	 -0.622 	  -53.94 	 
0.375599991	 -0.615 	  -49.98 	 
0.375999991	 -0.607 	  -46.39 	 
0.376399990	 -0.600 	  -43.27 	 
0.376799990	 -0.592 	  -40.78 	 
0.377199990	 -0.587 	  -39.00 	 
0.377599990	 -0.583 	  -37.99 	 
0.377999990	 -0.581 	  -37.70 	 
0.378399990	 -0.580 	  -38.30 	 
0.378799990	 -0.581 	  -39.77 	 
0.379199990	 -0.583 	  -42.16 	 
0.379599990	 -0.587 	  -45.21 	 
0.379999990	 -0.593 	  -48.63 	 
0.380399990	 -0.598 	  -52.21 	 
0.380799990	 -0.604 	  -55.92 	 
0.381199990	 -0.611 	  -59.73 	 
0.381599990	 -0.617 	  -63.65 	 
0.381999990	 -0.624 	  -67.68 	 
0.382399990	 -0.631 	  -71.69 	 
0.382799990	 -0.638 	  -75.50 	 
0.383199990	 -0.644 	  -78.90 	 
0.383599990	 -0.650 	  -81.73 	 
0.383999990	 -0.654 	  -83.88 	 
0.384399990	 -0.658 	  -85.17 	 
0.384799990	 -0.660 	  -85.60 	 
0.385199990	 -0.660 	  -85.23 	 
0.385599990	 -0.660 	  -84.15 	 
0.385999990	 -0.659 	  -82.64 	 
0.386399990	 -0.658 	  -80.85 	 
0.386799990	 -0.656 	  -78.82 	 
0.387199990	 -0.653 	  -76.41 	 
0.387599990	 -0.650 	  -73.30 	 
0.387999990	 -0.645 	  -69.59 	 
0.388399990	 -0.640 	  -65.42 	 
0.388799990	 -0.634 	  -61.15 	 
0.389199990	 -0.627 	  -56.95 	 
0.389599990	 -0.621 	  -52.83 	 
0.389999990	 -0.612 	  -48.92 	 
0.390399990	 -0.604 	  -45.42 	 
0.390799990	 -0.597 	  -42.44 	 
0.391199990	 -0.592 	  -40.14 	 
0.391599990	 -0.586 	  -38.57 	 
0.391999990	 -0.582 	  -37.77 	 
0.392399990	 -0.579 	  -37.77 	 
0.392799990	 -0.580 	  -38.66 	 
0.393199990	 -0.581 	  -40.45 	 
0.393599990	 -0.585 	  -43.08 	 
0.393999990	 -0.589 	  -46.24 	 
0.394399990	 -0.595 	  -49.67 	 
0.394799990	 -0.600 	  -53.25 	 
0.395199990	 -0.606 	  -56.94 	 
0.395599990	 -0.613 	  -60.77 	 
0.395999990	 -0.619 	  -64.76 	 
0.396399990	 -0.626 	  -68.82 	 
0.396799990	 -0.633 	  -72.83 	 
0.397199990	 -0.640 	  -76.55 	 
0.397599990	 -0.646 	  -79.78 	 
0.397999990	 -0.651 	  -82.35 	 
0.398399990	 -0.655 	  -84.20 	 
0.398799990	 -0.658 	  -85.27 	 
0.399199990	 -0.660 	  -85.48 	 
0.399599990	 -0.660 	  -84.94 	 
0.399999990	 -0.660 	  -83.76 	 
0.400399990	 -0.658 	  -82.14 	 
0.400799990	 -0.657 	  -80.24 	 
0.401199990	 -0.655 	  -78.12 	 
0.401599990	 -0.652 	  -75.51 	 
0.401999990	 -0.649 	  -72.20 	 
0.402399990	 -0.644 	  -68.36 	 
0.402799990	 -0.638 	  -64.23 	 
0.403199990	 -0.632 	  -59.99 	 
0.403599990	 -0.626 	  -55.74 	 
0.403999990	 -0.619 	  -51.63 	 
0.404399990	 -0.611 	  -47.81 	 
0.404799990	 -0.603 	  -44.44 	 
0.405199990	 -0.596 	  -41.67 	 
0.405599990	 -0.589 	  -39.59 	 
0.405999990	 -0.584 	  -38.23 	 
0.406399990	 -0.581 	  -37.65 	 
0.406799990	 -0.579 	  -37.91 	 
0.407199990	 -0.580 	  -39.08 	 
0.407599990	 -0.582 	  -41.15 	 
0.407999990	 -0.586 	  -43.97 	 
0.408399990	 -0.590 	  -47.25 	 
0.408799990	 -0.596 	  -50.70 	 
0.409199990	 -0.602 	  -54.27 	 
