0.000000000	  0.020 	  -84.43 	 
0.000400000	  0.020 	  -83.11 	 
0.000800000	  0.022 	  -81.38 	 
0.001200000	  0.024 	  -79.19 	 
0.001600000	  0.024 	  -76.08 	 
0.002000000	  0.027 	  -72.22 	 
0.002400000	  0.031 	  -68.25 	 
0.002800000	  0.033 	  -64.38 	 
0.003200000	  0.037 	  -60.36 	 
0.003600000	  0.041 	  -56.16 	 
0.004000000	  0.046 	  -51.96 	 
0.004400000	  0.050 	  -47.99 	 
0.004800000	  0.055 	  -44.56 	 
0.005200000	  0.059 	  -41.73 	 
0.005600000	  0.063 	  -39.68 	 
0.006000000	  0.065 	  -38.41 	 
0.006400000	  0.067 	  -37.77 	 
0.006800000	  0.069 	  -37.81 	 
0.007200000	  0.069 	  -38.85 	 
0.007600000	  0.068 	  -40.79 	 
0.008000000	  0.067 	  -43.25 	 
0.008400000	  0.064 	  -45.96 	 
0.008800000	  0.061 	  -48.95 	 
0.009200000	  0.059 	  -52.39 	 
0.009600000	  0.055 	  -56.35 	 
0.010000000	  0.051 	  -60.69 	 
0.010400000	  0.046 	  -65.29 	 
0.010800000	  0.041 	  -69.70 	 
0.011200000	  0.036 	  -73.55 	 
0.011600000	  0.033 	  -76.85 	 
0.012000000	  0.029 	  -79.87 	 
0.012400000	  0.027 	  -82.38 	 
0.012800000	  0.024 	  -84.25 	 
0.013200000	  0.021 	  -85.29 	 
0.013600000	  0.020 	  -85.53 	 
0.014000000	  0.021 	  -85.06 	 
0.014400000	  0.021 	  -84.06 	 
0.014800000	  0.021 	  -82.64 	 
0.015200000	  0.021 	  -80.77 	 
0.015600000	  0.024 	  -78.31 	 
0.016000000	  0.025 	  -74.90 	 
0.016400000	  0.028 	  -71.04 	 
0.016800000	  0.031 	  -67.11 	 
0.017200000	  0.035 	  -63.20 	 
0.017600000	  0.038 	  -59.13 	 
0.018000000	  0.042 	  -54.91 	 
0.018400000	  0.047 	  -50.77 	 
0.018800000	  0.051 	  -46.91 	 
0.019200000	  0.056 	  -43.62 	 
0.019600000	  0.061 	  -40.99 	 
0.019999999	  0.063 	  -39.17 	 
0.020399999	  0.066 	  -38.08 	 
0.020799999	  0.068 	  -37.65 	 
0.021199999	  0.069 	  -37.99 	 
0.021599999	  0.069 	  -39.28 	 
0.021999999	  0.068 	  -41.38 	 
0.022399999	  0.066 	  -43.91 	 
0.022799999	  0.064 	  -46.66 	 
0.023199999	  0.061 	  -49.79 	 
0.023599999	  0.058 	  -53.40 	 
0.023999999	  0.054 	  -57.47 	 
0.024399999	  0.049 	  -61.93 	 
0.024799999	  0.045 	  -66.50 	 
0.025199999	  0.039 	  -70.83 	 
0.025599999	  0.035 	  -74.59 	 
0.025999999	  0.032 	  -77.87 	 
0.026399999	  0.028 	  -80.66 	 
0.026799999	  0.025 	  -82.91 	 
0.027199999	  0.023 	  -84.53 	 
0.027599999	  0.021 	  -85.35 	 
0.027999999	  0.021 	  -85.46 	 
0.028399999	  0.020 	  -84.82 	 
0.028799999	  0.021 	  -83.70 	 
0.029199999	  0.021 	  -82.08 	 
0.029599999	  0.022 	  -80.09 	 
0.029999999	  0.024 	  -77.49 	 
0.030399999	  0.026 	  -73.91 	 
0.030799999	  0.029 	  -70.03 	 
0.031199999	  0.032 	  -66.06 	 
0.031599999	  0.036 	  -61.99 	 
0.031999999	  0.040 	  -57.80 	 
0.032399999	  0.044 	  -53.63 	 
0.032799999	  0.048 	  -49.60 	 
0.033199999	  0.053 	  -45.94 	 
0.033599999	  0.058 	  -42.84 	 
0.033999999	  0.062 	  -40.44 	 
0.034399999	  0.064 	  -38.78 	 
0.034799999	  0.067 	  -37.84 	 
0.035199999	  0.069 	  -37.58 	 
0.035599999	  0.069 	  -38.24 	 
0.035999999	  0.069 	  -39.83 	 
0.036399999	  0.067 	  -42.11 	 
0.036799999	  0.065 	  -44.69 	 
0.037199999	  0.063 	  -47.52 	 
0.037599999	  0.060 	  -50.78 	 
0.037999999	  0.057 	  -54.56 	 
0.038399999	  0.053 	  -58.78 	 
0.038799999	  0.047 	  -63.30 	 
0.039199999	  0.043 	  -67.86 	 
0.039599999	  0.039 	  -71.98 	 
0.039999999	  0.034 	  -75.52 	 
0.040399999	  0.031 	  -78.65 	 
0.040799999	  0.027 	  -81.36 	 
0.041199999	  0.025 	  -83.47 	 
0.041599999	  0.023 	  -84.86 	 
0.041999999	  0.020 	  -85.48 	 
0.042399999	  0.020 	  -85.32 	 
0.042799999	  0.020 	  -84.51 	 
0.043199999	  0.021 	  -83.27 	 
0.043599999	  0.021 	  -81.56 	 
0.043999999	  0.022 	  -79.45 	 
0.044399999	  0.025 	  -76.52 	 
0.044799999	  0.027 	  -72.88 	 
0.045199999	  0.030 	  -68.85 	 
0.045599999	  0.033 	  -64.81 	 
0.045999999	  0.037 	  -60.76 	 
0.046399999	  0.041 	  -56.65 	 
0.046799999	  0.045 	  -52.56 	 
0.047199999	  0.050 	  -48.60 	 
0.047599999	  0.054 	  -45.05 	 
0.047999999	  0.059 	  -42.07 	 
0.048399999	  0.062 	  -39.86 	 
0.048799999	  0.065 	  -38.45 	 
0.049199999	  0.068 	  -37.78 	 
0.049599999	  0.069 	  -37.79 	 
0.049999999	  0.069 	  -38.65 	 
0.050399999	  0.068 	  -40.41 	 
0.050799999	  0.067 	  -42.79 	 
0.051199999	  0.065 	  -45.47 	 
0.051599999	  0.062 	  -48.44 	 
0.051999999	  0.059 	  -51.87 	 
0.052399999	  0.055 	  -55.79 	 
0.052799999	  0.051 	  -60.12 	 
0.053199999	  0.046 	  -64.65 	 
0.053599999	  0.042 	  -69.10 	 
0.053999999	  0.037 	  -73.04 	 
0.054399999	  0.034 	  -76.42 	 
0.054799999	  0.029 	  -79.48 	 
0.055199999	  0.026 	  -82.06 	 
0.055599999	  0.024 	  -84.00 	 
0.055999999	  0.022 	  -85.13 	 
0.056399999	  0.021 	  -85.50 	 
0.056799999	  0.020 	  -85.16 	 
0.057199999	  0.020 	  -84.25 	 
0.057599999	  0.021 	  -82.89 	 
0.057999999	  0.021 	  -81.05 	 
0.058399999	  0.024 	  -78.75 	 
0.058799999	  0.025 	  -75.56 	 
0.059199999	  0.027 	  -71.67 	 
0.059599998	  0.031 	  -67.66 	 
0.059999998	  0.034 	  -63.72 	 
0.060399998	  0.037 	  -59.69 	 
0.060799998	  0.042 	  -55.54 	 
0.061199998	  0.046 	  -51.41 	 
0.061599998	  0.051 	  -47.52 	 
0.061999998	  0.056 	  -44.13 	 
0.062399998	  0.060 	  -41.34 	 
0.062799998	  0.063 	  -39.35 	 
0.063199998	  0.066 	  -38.16 	 
0.063599998	  0.068 	  -37.64 	 
0.063999998	  0.069 	  -37.88 	 
0.064399998	  0.069 	  -39.05 	 
0.064799998	  0.069 	  -41.06 	 
0.065199998	  0.066 	  -43.59 	 
0.065599998	  0.064 	  -46.34 	 
0.065999998	  0.061 	  -49.40 	 
0.066399998	  0.059 	  -52.94 	 
0.066799998	  0.054 	  -56.95 	 
0.067199998	  0.050 	  -61.34 	 
0.067599998	  0.046 	  -65.89 	 
0.067999998	  0.041 	  -70.23 	 
0.068399998	  0.036 	  -74.02 	 
0.068799998	  0.033 	  -77.35 	 
0.069199998	  0.028 	  -80.31 	 
0.069599998	  0.026 	  -82.72 	 
0.069999998	  0.023 	  -84.43 	 
0.070399998	  0.021 	  -85.32 	 
0.070799998	  0.020 	  -85.47 	 
0.071199998	  0.020 	  -84.95 	 
0.071599998	  0.020 	  -83.88 	 
0.071999998	  0.021 	  -82.44 	 
0.072399998	  0.022 	  -80.48 	 
0.072799998	  0.024 	  -77.92 	 
0.073199998	  0.026 	  -74.48 	 
0.073599998	  0.028 	  -70.62 	 
0.073999998	  0.032 	  -66.60 	 
0.074399998	  0.035 	  -62.60 	 
0.074799998	  0.038 	  -58.48 	 
0.075199998	  0.043 	  -54.29 	 
0.075599998	  0.048 	  -50.22 	 
0.075999998	  0.052 	  -46.47 	 
0.076399998	  0.057 	  -43.24 	 
0.076799998	  0.061 	  -40.70 	 
0.077199998	  0.064 	  -38.95 	 
0.077599998	  0.067 	  -37.96 	 
0.077999998	  0.068 	  -37.66 	 
0.078399998	  0.069 	  -38.14 	 
0.078799998	  0.069 	  -39.55 	 
0.079199998	  0.067 	  -41.71 	 
0.079599998	  0.066 	  -44.30 	 
0.079999998	  0.064 	  -47.15 	 
0.080399998	  0.061 	  -50.36 	 
0.080799998	  0.057 	  -54.04 	 
0.081199998	  0.053 	  -58.18 	 
0.081599998	  0.049 	  -62.65 	 
0.081999998	  0.044 	  -67.19 	 
0.082399998	  0.039 	  -71.39 	 
0.082799998	  0.035 	  -75.06 	 
0.083199998	  0.031 	  -78.28 	 
0.083599998	  0.028 	  -81.01 	 
0.083999998	  0.024 	  -83.21 	 
0.084399998	  0.023 	  -84.69 	 
0.084799998	  0.021 	  -85.41 	 
0.085199998	  0.020 	  -85.40 	 
0.085599998	  0.020 	  -84.73 	 
0.085999998	  0.021 	  -83.54 	 
0.086399998	  0.021 	  -81.86 	 
0.086799998	  0.022 	  -79.80 	 
0.087199998	  0.024 	  -77.02 	 
0.087599998	  0.026 	  -73.37 	 
0.087999998	  0.029 	  -69.37 	 
0.088399998	  0.032 	  -65.42 	 
0.088799998	  0.036 	  -61.42 	 
0.089199998	  0.040 	  -57.31 	 
0.089599998	  0.044 	  -53.13 	 
0.089999998	  0.049 	  -49.10 	 
0.090399998	  0.053 	  -45.46 	 
0.090799998	  0.058 	  -42.39 	 
0.091199998	  0.062 	  -40.08 	 
0.091599998	  0.065 	  -38.60 	 
0.091999998	  0.067 	  -37.86 	 
0.092399998	  0.069 	  -37.75 	 
0.092799998	  0.069 	  -38.49 	 
0.093199998	  0.069 	  -40.14 	 
0.093599998	  0.067 	  -42.44 	 
0.093999998	  0.065 	  -45.11 	 
0.094399998	  0.062 	  -48.03 	 
0.094799998	  0.060 	  -51.36 	 
0.095199998	  0.056 	  -55.19 	 
0.095599998	  0.052 	  -59.43 	 
0.095999998	  0.048 	  -63.94 	 
0.096399998	  0.042 	  -68.46 	 
0.096799998	  0.038 	  -72.52 	 
0.097199998	  0.034 	  -76.01 	 
0.097599998	  0.030 	  -79.12 	 
0.097999998	  0.027 	  -81.72 	 
0.098399998	  0.024 	  -83.75 	 
0.098799998	  0.022 	  -85.01 	 
0.099199997	  0.021 	  -85.51 	 
0.099599997	  0.020 	  -85.28 	 
0.099999997	  0.021 	  -84.43 	 
0.100399997	  0.021 	  -83.09 	 
0.100799997	  0.021 	  -81.36 	 
0.101199997	  0.023 	  -79.18 	 
0.101599997	  0.025 	  -76.08 	 
0.101999997	  0.027 	  -72.34 	 
0.102399997	  0.031 	  -68.26 	 
0.102799997	  0.034 	  -64.23 	 
0.103199997	  0.038 	  -60.21 	 
0.103599997	  0.041 	  -56.07 	 
0.103999997	  0.045 	  -51.96 	 
0.104399997	  0.050 	  -48.04 	 
0.104799997	  0.055 	  -44.58 	 
0.105199997	  0.059 	  -41.74 	 
0.105599997	  0.063 	  -39.69 	 
0.105999997	  0.066 	  -38.37 	 
0.106399997	  0.068 	  -37.75 	 
0.106799997	  0.069 	  -37.83 	 
0.107199997	  0.069 	  -38.85 	 
0.107599997	  0.068 	  -40.79 	 
0.107999997	  0.066 	  -43.24 	 
0.108399997	  0.064 	  -45.95 	 
0.108799997	  0.062 	  -48.95 	 
0.109199997	  0.059 	  -52.40 	 
0.109599997	  0.055 	  -56.36 	 
0.109999997	  0.051 	  -60.73 	 
0.110399997	  0.046 	  -65.32 	 
0.110799997	  0.041 	  -69.70 	 
0.111199997	  0.037 	  -73.54 	 
0.111599997	  0.033 	  -76.90 	 
0.111999997	  0.029 	  -79.89 	 
0.112399997	  0.026 	  -82.42 	 
0.112799997	  0.023 	  -84.27 	 
0.113199997	  0.021 	  -85.30 	 
0.113599997	  0.020 	  -85.55 	 
0.113999997	  0.020 	  -85.06 	 
0.114399997	  0.020 	  -84.10 	 
0.114799997	  0.021 	  -82.67 	 
0.115199997	  0.021 	  -80.81 	 
0.115599997	  0.023 	  -78.33 	 
0.115999997	  0.025 	  -74.97 	 
0.116399997	  0.027 	  -71.12 	 
0.116799997	  0.031 	  -67.18 	 
0.117199997	  0.035 	  -63.23 	 
0.117599997	  0.038 	  -59.14 	 
0.117999997	  0.042 	  -54.93 	 
0.118399997	  0.047 	  -50.81 	 
0.118799997	  0.051 	  -46.96 	 
0.119199997	  0.057 	  -43.67 	 
0.119599997	  0.061 	  -41.02 	 
0.119999997	  0.064 	  -39.22 	 
0.120399997	  0.066 	  -38.17 	 
0.120799997	  0.068 	  -37.83 	 
0.121199997	  0.069 	  -38.11 	 
0.121599997	  0.069 	  -39.28 	 
0.121999997	  0.068 	  -41.30 	 
0.122399997	  0.065 	  -43.91 	 
0.122799997	  0.063 	  -46.77 	 
0.123199997	  0.061 	  -49.93 	 
0.123599997	  0.057 	  -53.51 	 
0.123999997	  0.054 	  -57.52 	 
0.124399997	  0.049 	  -61.94 	 
0.124799997	  0.044 	  -66.54 	 
0.125199997	  0.040 	  -70.87 	 
0.125599997	  0.035 	  -74.62 	 
0.125999997	  0.031 	  -77.85 	 
0.126399997	  0.028 	  -80.68 	 
0.126799997	  0.025 	  -82.96 	 
0.127199997	  0.023 	  -84.56 	 
0.127599997	  0.021 	  -85.40 	 
0.127999997	  0.020 	  -85.46 	 
0.128399997	  0.020 	  -84.84 	 
0.128799997	  0.020 	  -83.72 	 
0.129199997	  0.021 	  -82.11 	 
0.129599997	  0.022 	  -80.13 	 
0.129999997	  0.024 	  -77.46 	 
0.130399997	  0.026 	  -73.89 	 
0.130799997	  0.029 	  -69.94 	 
0.131199997	  0.032 	  -66.01 	 
0.131599997	  0.036 	  -62.07 	 
0.131999997	  0.039 	  -57.98 	 
0.132399997	  0.043 	  -53.79 	 
0.132799997	  0.048 	  -49.75 	 
0.133199997	  0.053 	  -46.03 	 
0.133599997	  0.058 	  -42.92 	 
0.133999997	  0.061 	  -40.50 	 
0.134399997	  0.065 	  -38.90 	 
0.134799997	  0.067 	  -37.99 	 
0.135199997	  0.069 	  -37.75 	 
0.135599997	  0.069 	  -38.31 	 
0.135999997	  0.069 	  -39.87 	 
0.136399997	  0.068 	  -42.11 	 
0.136799997	  0.065 	  -44.77 	 
0.137199997	  0.063 	  -47.65 	 
0.137599997	  0.061 	  -50.88 	 
0.137999997	  0.057 	  -54.59 	 
0.138399997	  0.053 	  -58.83 	 
0.138799996	  0.048 	  -63.41 	 
0.139199996	  0.043 	  -67.98 	 
0.139599996	  0.039 	  -72.04 	 
0.139999996	  0.034 	  -75.51 	 
0.140399996	  0.031 	  -78.66 	 
0.140799996	  0.027 	  -81.42 	 
0.141199996	  0.025 	  -83.52 	 
0.141599996	  0.023 	  -84.87 	 
0.141999996	  0.020 	  -85.41 	 
0.142399996	  0.020 	  -85.25 	 
0.142799996	  0.020 	  -84.51 	 
0.143199996	  0.021 	  -83.29 	 
0.143599996	  0.021 	  -81.60 	 
0.143999996	  0.023 	  -79.41 	 
0.144399996	  0.025 	  -76.38 	 
0.144799996	  0.027 	  -72.72 	 
0.145199996	  0.030 	  -68.96 	 
0.145599996	  0.033 	  -65.11 	 
0.145999996	  0.037 	  -61.01 	 
0.146399996	  0.041 	  -56.70 	 
0.146799996	  0.045 	  -52.44 	 
0.147199996	  0.050 	  -48.50 	 
0.147599996	  0.054 	  -45.04 	 
0.147999996	  0.059 	  -42.17 	 
0.148399996	  0.063 	  -39.95 	 
0.148799996	  0.066 	  -38.51 	 
0.149199996	  0.068 	  -37.70 	 
0.149599996	  0.069 	  -37.68 	 
0.149999996	  0.069 	  -38.66 	 
0.150399996	  0.068 	  -40.54 	 
0.150799996	  0.067 	  -42.91 	 
0.151199996	  0.065 	  -45.55 	 
0.151599996	  0.062 	  -48.48 	 
0.151999996	  0.059 	  -51.86 	 
0.152399996	  0.056 	  -55.79 	 
0.152799996	  0.051 	  -60.14 	 
0.153199996	  0.047 	  -64.73 	 
0.153599996	  0.042 	  -69.20 	 
0.153999996	  0.037 	  -73.12 	 
0.154399996	  0.033 	  -76.48 	 
0.154799996	  0.030 	  -79.46 	 
0.155199996	  0.026 	  -82.03 	 
0.155599996	  0.024 	  -83.99 	 
0.155999996	  0.021 	  -85.19 	 
0.156399996	  0.020 	  -85.58 	 
0.156799996	  0.020 	  -85.19 	 
0.157199996	  0.020 	  -84.25 	 
0.157599996	  0.021 	  -82.89 	 
0.157999996	  0.022 	  -81.12 	 
0.158399996	  0.022 	  -78.83 	 
0.158799996	  0.025 	  -75.60 	 
0.159199996	  0.027 	  -71.76 	 
0.159599996	  0.031 	  -67.69 	 
0.159999996	  0.034 	  -63.70 	 
0.160399996	  0.038 	  -59.66 	 
0.160799996	  0.041 	  -55.54 	 
0.161199996	  0.046 	  -51.45 	 
0.161599996	  0.050 	  -47.56 	 
0.161999996	  0.056 	  -44.10 	 
0.162399996	  0.060 	  -41.33 	 
0.162799996	  0.063 	  -39.38 	 
0.163199996	  0.066 	  -38.17 	 
0.163599996	  0.069 	  -37.72 	 
0.163999996	  0.069 	  -37.97 	 
0.164399996	  0.069 	  -39.10 	 
0.164799996	  0.068 	  -41.08 	 
0.165199996	  0.066 	  -43.56 	 
0.165599996	  0.064 	  -46.32 	 
0.165999996	  0.061 	  -49.42 	 
0.166399996	  0.058 	  -52.98 	 
0.166799996	  0.054 	  -57.00 	 
0.167199996	  0.050 	  -61.41 	 
0.167599996	  0.045 	  -66.02 	 
0.167999996	  0.041 	  -70.32 	 
0.168399996	  0.036 	  -74.10 	 
0.168799996	  0.032 	  -77.37 	 
0.169199996	  0.028 	  -80.29 	 
0.169599996	  0.025 	  -82.72 	 
0.169999996	  0.023 	  -84.45 	 
0.170399996	  0.021 	  -85.37 	 
0.170799996	  0.020 	  -85.51 	 
0.171199996	  0.020 	  -84.97 	 
0.171599996	  0.020 	  -83.97 	 
0.171999996	  0.021 	  -82.47 	 
0.172399996	  0.022 	  -80.54 	 
0.172799996	  0.024 	  -78.01 	 
0.173199996	  0.026 	  -74.59 	 
0.173599996	  0.028 	  -70.66 	 
0.173999996	  0.031 	  -66.57 	 
0.174399996	  0.035 	  -62.58 	 
0.174799996	  0.039 	  -58.51 	 
0.175199996	  0.043 	  -54.38 	 
0.175599996	  0.048 	  -50.35 	 
0.175999996	  0.052 	  -46.54 	 
0.176399996	  0.056 	  -43.28 	 
0.176799996	  0.061 	  -40.70 	 
0.177199996	  0.064 	  -38.97 	 
0.177599996	  0.066 	  -38.01 	 
0.177999996	  0.069 	  -37.72 	 
0.178399995	  0.069 	  -38.18 	 
0.178799995	  0.069 	  -39.55 	 
0.179199995	  0.067 	  -41.76 	 
0.179599995	  0.066 	  -44.36 	 
0.179999995	  0.064 	  -47.21 	 
0.180399995	  0.061 	  -50.38 	 
0.180799995	  0.057 	  -54.05 	 
0.181199995	  0.053 	  -58.22 	 
0.181599995	  0.049 	  -62.78 	 
0.181999995	  0.044 	  -67.38 	 
0.182399995	  0.039 	  -71.50 	 
0.182799995	  0.035 	  -75.04 	 
0.183199995	  0.031 	  -78.23 	 
0.183599995	  0.028 	  -81.06 	 
0.183999995	  0.025 	  -83.28 	 
0.184399995	  0.022 	  -84.75 	 
0.184799995	  0.021 	  -85.40 	 
0.185199995	  0.020 	  -85.35 	 
0.185599995	  0.021 	  -84.73 	 
0.185999995	  0.020 	  -83.60 	 
0.186399995	  0.021 	  -81.96 	 
0.186799995	  0.022 	  -79.85 	 
0.187199995	  0.024 	  -77.04 	 
0.187599995	  0.026 	  -73.36 	 
0.187999995	  0.029 	  -69.34 	 
0.188399995	  0.033 	  -65.40 	 
0.188799995	  0.037 	  -61.44 	 
0.189199995	  0.040 	  -57.34 	 
0.189599995	  0.044 	  -53.17 	 
0.189999995	  0.049 	  -49.11 	 
0.190399995	  0.054 	  -45.45 	 
0.190799995	  0.059 	  -42.44 	 
0.191199995	  0.062 	  -40.11 	 
0.191599995	  0.065 	  -38.62 	 
0.191999995	  0.067 	  -37.88 	 
0.192399995	  0.069 	  -37.75 	 
0.192799995	  0.069 	  -38.50 	 
0.193199995	  0.069 	  -40.15 	 
0.193599995	  0.067 	  -42.47 	 
0.193999995	  0.064 	  -45.11 	 
0.194399995	  0.063 	  -48.05 	 
0.194799995	  0.060 	  -51.38 	 
0.195199995	  0.056 	  -55.19 	 
0.195599995	  0.052 	  -59.43 	 
0.195999995	  0.047 	  -64.02 	 
0.196399995	  0.042 	  -68.56 	 
0.196799995	  0.038 	  -72.59 	 
0.197199995	  0.034 	  -76.05 	 
0.197599995	  0.030 	  -79.15 	 
0.197999995	  0.026 	  -81.77 	 
0.198399995	  0.024 	  -83.75 	 
0.198799995	  0.022 	  -84.97 	 
0.199199995	  0.021 	  -85.47 	 
0.199599995	  0.020 	  -85.26 	 
0.199999995	  0.020 	  -84.46 	 
0.200399995	  0.021 	  -83.16 	 
0.200799995	  0.021 	  -81.37 	 
0.201199995	  0.023 	  -79.09 	 
0.201599995	  0.024 	  -75.99 	 
0.201999995	  0.027 	  -72.23 	 
0.202399995	  0.030 	  -68.31 	 
0.202799995	  0.034 	  -64.40 	 
0.203199995	  0.037 	  -60.32 	 
0.203599995	  0.041 	  -56.07 	 
0.203999995	  0.046 	  -51.88 	 
0.204399995	  0.051 	  -47.96 	 
0.204799995	  0.055 	  -44.54 	 
0.205199995	  0.059 	  -41.73 	 
0.205599995	  0.063 	  -39.64 	 
0.205999995	  0.066 	  -38.32 	 
0.206399995	  0.068 	  -37.74 	 
0.206799995	  0.069 	  -37.82 	 
0.207199995	  0.069 	  -38.80 	 
0.207599995	  0.068 	  -40.68 	 
0.207999995	  0.067 	  -43.19 	 
0.208399995	  0.064 	  -45.93 	 
0.208799995	  0.062 	  -48.95 	 
0.209199995	  0.059 	  -52.39 	 
0.209599995	  0.055 	  -56.35 	 
0.209999995	  0.050 	  -60.78 	 
0.210399995	  0.046 	  -65.35 	 
0.210799995	  0.041 	  -69.74 	 
0.211199995	  0.036 	  -73.59 	 
0.211599995	  0.033 	  -76.98 	 
0.211999995	  0.029 	  -80.00 	 
0.212399995	  0.026 	  -82.49 	 
0.212799995	  0.023 	  -84.24 	 
0.213199995	  0.022 	  -85.21 	 
0.213599995	  0.020 	  -85.49 	 
0.213999995	  0.020 	  -85.08 	 
0.214399995	  0.020 	  -84.17 	 
0.214799995	  0.021 	  -82.70 	 
0.215199995	  0.022 	  -80.78 	 
0.215599995	  0.023 	  -78.29 	 
0.215999995	  0.025 	  -74.97 	 
0.216399995	  0.028 	  -71.16 	 
0.216799995	  0.031 	  -67.22 	 
0.217199995	  0.035 	  -63.24 	 
0.217599995	  0.038 	  -59.09 	 
0.217999994	  0.042 	  -54.87 	 
0.218399994	  0.047 	  -50.74 	 
0.218799994	  0.052 	  -46.93 	 
0.219199994	  0.056 	  -43.63 	 
0.219599994	  0.061 	  -40.99 	 
0.219999994	  0.064 	  -39.18 	 
0.220399994	  0.066 	  -38.11 	 
0.220799994	  0.068 	  -37.69 	 
0.221199994	  0.069 	  -38.01 	 
0.221599994	  0.069 	  -39.28 	 
0.221999994	  0.067 	  -41.34 	 
0.222399994	  0.065 	  -43.89 	 
0.222799994	  0.064 	  -46.74 	 
0.223199994	  0.061 	  -49.87 	 
0.223599994	  0.058 	  -53.50 	 
0.223999994	  0.054 	  -57.62 	 
0.224399994	  0.049 	  -62.07 	 
0.224799994	  0.045 	  -66.65 	 
0.225199994	  0.040 	  -70.91 	 
0.225599994	  0.036 	  -74.63 	 
0.225999994	  0.032 	  -77.91 	 
0.226399994	  0.028 	  -80.77 	 
0.226799994	  0.026 	  -83.00 	 
0.227199994	  0.023 	  -84.51 	 
0.227599994	  0.021 	  -85.33 	 
0.227999994	  0.020 	  -85.43 	 
0.228399994	  0.020 	  -84.90 	 
0.228799994	  0.020 	  -83.80 	 
0.229199994	  0.021 	  -82.20 	 
0.229599994	  0.022 	  -80.13 	 
0.229999994	  0.024 	  -77.47 	 
0.230399994	  0.026 	  -73.96 	 
0.230799994	  0.029 	  -69.90 	 
0.231199994	  0.032 	  -65.91 	 
0.231599994	  0.035 	  -61.96 	 
0.231999994	  0.039 	  -57.93 	 
0.232399994	  0.043 	  -53.78 	 
0.232799994	  0.048 	  -49.74 	 
0.233199994	  0.053 	  -46.03 	 
0.233599994	  0.058 	  -42.87 	 
0.233999994	  0.061 	  -40.38 	 
0.234399994	  0.065 	  -38.74 	 
0.234799994	  0.067 	  -37.86 	 
0.235199994	  0.069 	  -37.63 	 
0.235599994	  0.069 	  -38.26 	 
0.235999994	  0.069 	  -39.84 	 
0.236399994	  0.067 	  -42.09 	 
0.236799994	  0.065 	  -44.72 	 
0.237199994	  0.063 	  -47.58 	 
0.237599994	  0.060 	  -50.85 	 
0.237999994	  0.056 	  -54.63 	 
0.238399994	  0.053 	  -58.79 	 
0.238799994	  0.048 	  -63.32 	 
0.239199994	  0.043 	  -67.85 	 
0.239599994	  0.038 	  -72.01 	 
0.239999994	  0.035 	  -75.62 	 
0.240399994	  0.030 	  -78.79 	 
0.240799994	  0.027 	  -81.48 	 
0.241199994	  0.024 	  -83.57 	 
0.241599994	  0.023 	  -84.92 	 
0.241999994	  0.020 	  -85.48 	 
0.242399994	  0.020 	  -85.39 	 
0.242799994	  0.020 	  -84.65 	 
0.243199994	  0.021 	  -83.38 	 
0.243599994	  0.021 	  -81.63 	 
0.243999994	  0.022 	  -79.47 	 
0.244399994	  0.025 	  -76.54 	 
0.244799994	  0.027 	  -72.83 	 
0.245199994	  0.029 	  -68.94 	 
0.245599994	  0.033 	  -65.06 	 
0.245999994	  0.036 	  -61.00 	 
0.246399994	  0.040 	  -56.73 	 
0.246799994	  0.045 	  -52.49 	 
0.247199994	  0.049 	  -48.52 	 
0.247599994	  0.054 	  -44.98 	 
0.247999994	  0.059 	  -42.06 	 
0.248399994	  0.062 	  -39.90 	 
0.248799994	  0.065 	  -38.46 	 
0.249199994	  0.067 	  -37.77 	 
0.249599994	  0.069 	  -37.75 	 
0.249999994	  0.069 	  -38.62 	 
0.250399994	  0.069 	  -40.41 	 
0.250799994	  0.067 	  -42.81 	 
0.251199994	  0.065 	  -45.51 	 
0.251599994	  0.062 	  -48.47 	 
0.251999994	  0.060 	  -51.87 	 
0.252399994	  0.055 	  -55.81 	 
0.252799994	  0.051 	  -60.19 	 
0.253199994	  0.046 	  -64.84 	 
0.253599994	  0.042 	  -69.26 	 
0.253999994	  0.037 	  -73.14 	 
0.254399994	  0.033 	  -76.49 	 
0.254799994	  0.030 	  -79.58 	 
0.255199994	  0.026 	  -82.17 	 
0.255599994	  0.024 	  -84.05 	 
0.255999994	  0.021 	  -85.15 	 
0.256399994	  0.020 	  -85.50 	 
0.256799994	  0.020 	  -85.20 	 
0.257199994	  0.020 	  -84.35 	 
0.257599993	  0.020 	  -83.00 	 
0.257999993	  0.021 	  -81.14 	 
0.258399993	  0.023 	  -78.75 	 
0.258799993	  0.025 	  -75.48 	 
0.259199993	  0.028 	  -71.69 	 
0.259599993	  0.031 	  -67.82 	 
0.259999993	  0.034 	  -63.93 	 
0.260399993	  0.037 	  -59.82 	 
0.260799993	  0.041 	  -55.54 	 
0.261199993	  0.046 	  -51.34 	 
0.261599993	  0.051 	  -47.43 	 
0.261999993	  0.056 	  -44.05 	 
0.262399993	  0.060 	  -41.33 	 
0.262799993	  0.063 	  -39.39 	 
0.263199993	  0.066 	  -38.16 	 
0.263599993	  0.068 	  -37.68 	 
0.263999993	  0.069 	  -37.92 	 
0.264399993	  0.069 	  -39.05 	 
0.264799993	  0.069 	  -41.06 	 
0.265199993	  0.066 	  -43.57 	 
0.265599993	  0.064 	  -46.35 	 
0.265999993	  0.061 	  -49.43 	 
0.266399993	  0.058 	  -52.97 	 
0.266799993	  0.055 	  -56.96 	 
0.267199993	  0.049 	  -61.35 	 
0.267599993	  0.045 	  -65.98 	 
0.267999993	  0.040 	  -70.36 	 
0.268399993	  0.037 	  -74.16 	 
0.268799993	  0.032 	  -77.44 	 
0.269199993	  0.028 	  -80.34 	 
0.269599993	  0.026 	  -82.74 	 
0.269999993	  0.024 	  -84.45 	 
0.270399993	  0.021 	  -85.40 	 
0.270799993	  0.020 	  -85.57 	 
0.271199993	  0.020 	  -85.04 	 
0.271599993	  0.020 	  -83.99 	 
0.271999993	  0.021 	  -82.50 	 
0.272399993	  0.022 	  -80.58 	 
0.272799993	  0.023 	  -78.00 	 
0.273199993	  0.026 	  -74.48 	 
0.273599993	  0.029 	  -70.60 	 
0.273999993	  0.032 	  -66.74 	 
0.274399993	  0.035 	  -62.78 	 
0.274799993	  0.038 	  -58.60 	 
0.275199993	  0.042 	  -54.32 	 
0.275599993	  0.048 	  -50.21 	 
0.275999993	  0.053 	  -46.48 	 
0.276399993	  0.057 	  -43.29 	 
0.276799993	  0.061 	  -40.77 	 
0.277199993	  0.064 	  -39.01 	 
0.277599993	  0.066 	  -38.02 	 
0.277999993	  0.068 	  -37.72 	 
0.278399993	  0.069 	  -38.18 	 
0.278799993	  0.069 	  -39.62 	 
0.279199993	  0.067 	  -41.76 	 
0.279599993	  0.066 	  -44.33 	 
0.279999993	  0.063 	  -47.19 	 
0.280399993	  0.061 	  -50.42 	 
0.280799993	  0.057 	  -54.10 	 
0.281199993	  0.053 	  -58.27 	 
0.281599993	  0.048 	  -62.81 	 
0.281999993	  0.044 	  -67.36 	 
0.282399993	  0.039 	  -71.54 	 
0.282799993	  0.035 	  -75.12 	 
0.283199993	  0.031 	  -78.32 	 
0.283599993	  0.028 	  -81.13 	 
0.283999993	  0.024 	  -83.29 	 
0.284399993	  0.023 	  -84.72 	 
0.284799993	  0.020 	  -85.44 	 
0.285199993	  0.020 	  -85.43 	 
0.285599993	  0.020 	  -84.82 	 
0.285999993	  0.020 	  -83.65 	 
0.286399993	  0.021 	  -81.97 	 
0.286799993	  0.023 	  -79.89 	 
0.287199993	  0.024 	  -77.09 	 
0.287599993	  0.026 	  -73.44 	 
0.287999993	  0.028 	  -69.41 	 
0.288399993	  0.032 	  -65.43 	 
0.288799993	  0.036 	  -61.46 	 
0.289199993	  0.040 	  -57.36 	 
0.289599993	  0.044 	  -53.21 	 
0.289999993	  0.048 	  -49.19 	 
0.290399993	  0.053 	  -45.52 	 
0.290799993	  0.058 	  -42.46 	 
0.291199993	  0.062 	  -40.12 	 
0.291599993	  0.065 	  -38.65 	 
0.291999993	  0.067 	  -37.89 	 
0.292399993	  0.068 	  -37.76 	 
0.292799993	  0.069 	  -38.51 	 
0.293199993	  0.069 	  -40.18 	 
0.293599993	  0.067 	  -42.53 	 
0.293999993	  0.065 	  -45.16 	 
0.294399993	  0.062 	  -48.06 	 
0.294799993	  0.060 	  -51.36 	 
0.295199993	  0.056 	  -55.18 	 
0.295599993	  0.052 	  -59.49 	 
0.295999993	  0.047 	  -64.11 	 
0.296399993	  0.042 	  -68.65 	 
0.296799993	  0.038 	  -72.66 	 
0.297199992	  0.034 	  -76.09 	 
0.297599992	  0.030 	  -79.17 	 
0.297999992	  0.026 	  -81.81 	 
0.298399992	  0.024 	  -83.80 	 
0.298799992	  0.022 	  -85.04 	 
0.299199992	  0.020 	  -85.53 	 
0.299599992	  0.020 	  -85.33 	 
0.299999992	  0.020 	  -84.50 	 
0.300399992	  0.020 	  -83.19 	 
0.300799992	  0.021 	  -81.41 	 
0.301199992	  0.023 	  -79.18 	 
0.301599992	  0.025 	  -76.10 	 
0.301999992	  0.027 	  -72.37 	 
0.302399992	  0.030 	  -68.32 	 
0.302799992	  0.033 	  -64.28 	 
0.303199992	  0.037 	  -60.21 	 
0.303599992	  0.041 	  -56.08 	 
0.303999992	  0.046 	  -51.97 	 
0.304399992	  0.050 	  -48.07 	 
0.304799992	  0.055 	  -44.60 	 
0.305199992	  0.059 	  -41.71 	 
0.305599992	  0.063 	  -39.62 	 
0.305999992	  0.066 	  -38.33 	 
0.306399992	  0.068 	  -37.75 	 
0.306799992	  0.069 	  -37.85 	 
0.307199992	  0.069 	  -38.84 	 
0.307599992	  0.068 	  -40.75 	 
0.307999992	  0.066 	  -43.21 	 
0.308399992	  0.064 	  -45.97 	 
0.308799992	  0.062 	  -48.95 	 
0.309199992	  0.059 	  -52.41 	 
0.309599992	  0.055 	  -56.38 	 
0.309999992	  0.051 	  -60.77 	 
0.310399992	  0.046 	  -65.38 	 
0.310799992	  0.041 	  -69.76 	 
0.311199992	  0.037 	  -73.62 	 
0.311599992	  0.033 	  -77.01 	 
0.311999992	  0.029 	  -80.05 	 
0.312399992	  0.026 	  -82.55 	 
0.312799992	  0.024 	  -84.27 	 
0.313199992	  0.021 	  -85.24 	 
0.313599992	  0.020 	  -85.48 	 
0.313999992	  0.020 	  -85.13 	 
0.314399992	  0.020 	  -84.20 	 
0.314799992	  0.021 	  -82.75 	 
0.315199992	  0.022 	  -80.79 	 
0.315599992	  0.024 	  -78.31 	 
0.315999992	  0.025 	  -75.00 	 
0.316399992	  0.027 	  -71.17 	 
0.316799992	  0.031 	  -67.25 	 
0.317199992	  0.035 	  -63.27 	 
0.317599992	  0.038 	  -59.12 	 
0.317999992	  0.042 	  -54.91 	 
0.318399992	  0.047 	  -50.79 	 
0.318799992	  0.051 	  -46.97 	 
0.319199992	  0.056 	  -43.68 	 
0.319599992	  0.060 	  -41.03 	 
0.319999992	  0.064 	  -39.21 	 
0.320399992	  0.067 	  -38.13 	 
0.320799992	  0.068 	  -37.70 	 
0.321199992	  0.068 	  -38.03 	 
0.321599992	  0.069 	  -39.28 	 
0.321999992	  0.068 	  -41.36 	 
0.322399992	  0.066 	  -43.91 	 
0.322799992	  0.063 	  -46.74 	 
0.323199992	  0.061 	  -49.89 	 
0.323599992	  0.057 	  -53.50 	 
0.323999992	  0.054 	  -57.58 	 
0.324399992	  0.049 	  -62.05 	 
0.324799992	  0.045 	  -66.69 	 
0.325199992	  0.040 	  -70.96 	 
0.325599992	  0.035 	  -74.63 	 
0.325999992	  0.031 	  -77.83 	 
0.326399992	  0.028 	  -80.68 	 
0.326799992	  0.025 	  -83.02 	 
0.327199992	  0.023 	  -84.65 	 
0.327599992	  0.021 	  -85.50 	 
0.327999992	  0.020 	  -85.54 	 
0.328399992	  0.020 	  -84.91 	 
0.328799992	  0.020 	  -83.80 	 
0.329199992	  0.020 	  -82.24 	 
0.329599992	  0.023 	  -80.25 	 
0.329999992	  0.023 	  -77.56 	 
0.330399992	  0.026 	  -73.91 	 
0.330799992	  0.028 	  -69.96 	 
0.331199992	  0.032 	  -66.06 	 
0.331599992	  0.036 	  -62.16 	 
0.331999992	  0.039 	  -58.03 	 
0.332399992	  0.043 	  -53.81 	 
0.332799992	  0.048 	  -49.74 	 
0.333199992	  0.052 	  -46.01 	 
0.333599992	  0.058 	  -42.88 	 
0.333999992	  0.061 	  -40.47 	 
0.334399992	  0.064 	  -38.82 	 
0.334799992	  0.066 	  -37.95 	 
0.335199992	  0.068 	  -37.72 	 
0.335599992	  0.069 	  -38.29 	 
0.335999992	  0.069 	  -39.83 	 
0.336399992	  0.067 	  -42.10 	 
0.336799991	  0.065 	  -44.74 	 
0.337199991	  0.063 	  -47.65 	 
0.337599991	  0.060 	  -50.90 	 
0.337999991	  0.057 	  -54.63 	 
0.338399991	  0.052 	  -58.81 	 
0.338799991	  0.048 	  -63.33 	 
0.339199991	  0.043 	  -67.92 	 
0.339599991	  0.038 	  -72.09 	 
0.339999991	  0.034 	  -75.66 	 
0.340399991	  0.030 	  -78.84 	 
0.340799991	  0.027 	  -81.49 	 
0.341199991	  0.025 	  -83.57 	 
0.341599991	  0.023 	  -84.90 	 
0.341999991	  0.021 	  -85.53 	 
0.342399991	  0.020 	  -85.40 	 
0.342799991	  0.020 	  -84.67 	 
0.343199991	  0.020 	  -83.38 	 
0.343599991	  0.021 	  -81.65 	 
0.343999991	  0.023 	  -79.55 	 
0.344399991	  0.024 	  -76.63 	 
0.344799991	  0.027 	  -73.03 	 
0.345199991	  0.030 	  -69.02 	 
0.345599991	  0.033 	  -64.99 	 
0.345999991	  0.037 	  -60.87 	 
0.346399991	  0.040 	  -56.66 	 
0.346799991	  0.045 	  -52.53 	 
0.347199991	  0.050 	  -48.60 	 
0.347599991	  0.055 	  -45.07 	 
0.347999991	  0.059 	  -42.09 	 
0.348399991	  0.062 	  -39.87 	 
0.348799991	  0.065 	  -38.45 	 
0.349199991	  0.068 	  -37.82 	 
0.349599991	  0.069 	  -37.84 	 
0.349999991	  0.069 	  -38.66 	 
0.350399991	  0.068 	  -40.41 	 
0.350799991	  0.067 	  -42.80 	 
0.351199991	  0.064 	  -45.55 	 
0.351599991	  0.062 	  -48.53 	 
0.351999991	  0.059 	  -51.92 	 
0.352399991	  0.056 	  -55.82 	 
0.352799991	  0.051 	  -60.17 	 
0.353199991	  0.046 	  -64.79 	 
0.353599991	  0.042 	  -69.23 	 
0.353999991	  0.037 	  -73.14 	 
0.354399991	  0.033 	  -76.52 	 
0.354799991	  0.029 	  -79.56 	 
0.355199991	  0.026 	  -82.12 	 
0.355599991	  0.024 	  -84.01 	 
0.355999991	  0.021 	  -85.13 	 
0.356399991	  0.021 	  -85.51 	 
0.356799991	  0.020 	  -85.20 	 
0.357199991	  0.020 	  -84.32 	 
0.357599991	  0.020 	  -82.94 	 
0.357999991	  0.022 	  -81.07 	 
0.358399991	  0.023 	  -78.75 	 
0.358799991	  0.025 	  -75.62 	 
0.359199991	  0.027 	  -71.83 	 
0.359599991	  0.030 	  -67.88 	 
0.359999991	  0.034 	  -63.83 	 
0.360399991	  0.038 	  -59.66 	 
0.360799991	  0.041 	  -55.44 	 
0.361199991	  0.047 	  -51.32 	 
0.361599991	  0.051 	  -47.47 	 
0.361999991	  0.056 	  -44.10 	 
0.362399991	  0.060 	  -41.34 	 
0.362799991	  0.064 	  -39.37 	 
0.363199991	  0.066 	  -38.14 	 
0.363599991	  0.068 	  -37.70 	 
0.363999991	  0.069 	  -37.94 	 
0.364399991	  0.070 	  -39.06 	 
0.364799991	  0.068 	  -41.02 	 
0.365199991	  0.066 	  -43.51 	 
0.365599991	  0.064 	  -46.32 	 
0.365999991	  0.061 	  -49.42 	 
0.366399991	  0.058 	  -52.96 	 
0.366799991	  0.054 	  -56.97 	 
0.367199991	  0.050 	  -61.35 	 
0.367599991	  0.045 	  -65.97 	 
0.367999991	  0.040 	  -70.36 	 
0.368399991	  0.036 	  -74.15 	 
0.368799991	  0.031 	  -77.39 	 
0.369199991	  0.028 	  -80.24 	 
0.369599991	  0.026 	  -82.68 	 
0.369999991	  0.023 	  -84.41 	 
0.370399991	  0.021 	  -85.37 	 
0.370799991	  0.020 	  -85.54 	 
0.371199991	  0.020 	  -85.00 	 
0.371599991	  0.020 	  -83.94 	 
0.371999991	  0.021 	  -82.46 	 
0.372399991	  0.022 	  -80.55 	 
0.372799991	  0.023 	  -77.96 	 
0.373199991	  0.026 	  -74.48 	 
0.373599991	  0.029 	  -70.58 	 
0.373999991	  0.031 	  -66.60 	 
0.374399991	  0.035 	  -62.64 	 
0.374799991	  0.039 	  -58.52 	 
0.375199991	  0.043 	  -54.31 	 
0.375599991	  0.047 	  -50.24 	 
0.375999991	  0.052 	  -46.48 	 
0.376399990	  0.057 	  -43.24 	 
0.376799990	  0.061 	  -40.69 	 
0.377199990	  0.064 	  -38.98 	 
0.377599990	  0.067 	  -37.97 	 
0.377999990	  0.068 	  -37.66 	 
0.378399990	  0.069 	  -38.13 	 
0.378799990	  0.068 	  -39.57 	 
0.379199990	  0.068 	  -41.76 	 
0.379599990	  0.066 	  -44.34 	 
0.379999990	  0.063 	  -47.16 	 
0.380399990	  0.060 	  -50.37 	 
0.380799990	  0.057 	  -54.03 	 
0.381199990	  0.053 	  -58.15 	 
0.381599990	  0.049 	  -62.64 	 
0.381999990	  0.044 	  -67.20 	 
0.382399990	  0.039 	  -71.39 	 
0.382799990	  0.034 	  -75.01 	 
0.383199990	  0.032 	  -78.23 	 
0.383599990	  0.028 	  -81.03 	 
0.383999990	  0.025 	  -83.26 	 
0.384399990	  0.022 	  -84.76 	 
0.384799990	  0.021 	  -85.47 	 
0.385199990	  0.020 	  -85.43 	 
0.385599990	  0.020 	  -84.73 	 
0.385999990	  0.021 	  -83.51 	 
0.386399990	  0.021 	  -81.86 	 
0.386799990	  0.022 	  -79.87 	 
0.387199990	  0.024 	  -77.08 	 
0.387599990	  0.026 	  -73.36 	 
0.387999990	  0.029 	  -69.30 	 
0.388399990	  0.033 	  -65.39 	 
0.388799990	  0.036 	  -61.45 	 
0.389199990	  0.040 	  -57.35 	 
0.389599990	  0.043 	  -53.18 	 
0.389999990	  0.049 	  -49.08 	 
0.390399990	  0.053 	  -45.41 	 
0.390799990	  0.058 	  -42.38 	 
0.391199990	  0.062 	  -40.09 	 
0.391599990	  0.065 	  -38.63 	 
0.391999990	  0.067 	  -37.86 	 
0.392399990	  0.069 	  -37.73 	 
0.392799990	  0.070 	  -38.47 	 
0.393199990	  0.069 	  -40.14 	 
0.393599990	  0.067 	  -42.47 	 
0.393999990	  0.065 	  -45.11 	 
0.394399990	  0.062 	  -48.00 	 
0.394799990	  0.059 	  -51.34 	 
0.395199990	  0.056 	  -55.16 	 
0.395599990	  0.052 	  -59.38 	 
0.395999990	  0.047 	  -63.94 	 
0.396399990	  0.042 	  -68.46 	 
0.396799990	  0.037 	  -72.54 	 
0.397199990	  0.034 	  -76.03 	 
0.397599990	  0.031 	  -79.10 	 
0.397999990	  0.027 	  -81.70 	 
0.398399990	  0.025 	  -83.70 	 
0.398799990	  0.021 	  -84.98 	 
0.399199990	  0.021 	  -85.51 	 
0.399599990	  0.020 	  -85.28 	 
0.399999990	  0.020 	  -84.43 	 
0.400399990	  0.020 	  -83.08 	 
0.400799990	  0.021 	  -81.33 	 
0.401199990	  0.022 	  -79.11 	 
0.401599990	  0.024 	  -75.97 	 
0.401999990	  0.027 	  -72.14 	 
0.402399990	  0.030 	  -68.20 	 
0.402799990	  0.033 	  -64.35 	 
0.403199990	  0.036 	  -60.32 	 
0.403599990	  0.041 	  -56.13 	 
0.403999990	  0.046 	  -51.92 	 
0.404399990	  0.051 	  -47.94 	 
0.404799990	  0.055 	  -44.52 	 
0.405199990	  0.059 	  -41.72 	 
0.405599990	  0.064 	  -39.65 	 
0.405999990	  0.066 	  -38.33 	 
0.406399990	  0.069 	  -37.63 	 
0.406799990	  0.069 	  -37.72 	 
0.407199990	  0.069 	  -38.80 	 
0.407599990	  0.069 	  -40.77 	 
0.407999990	  0.066 	  -43.24 	 
0.408399990	  0.064 	  -45.92 	 
0.408799990	  0.062 	  -48.89 	 
0.409199990	  0.059 	  -52.34 	 
