0.000000000	 -0.205 	  -84.59 	 
0.000400000	 -0.205 	  -83.26 	 
0.000800000	 -0.205 	  -81.24 	 
0.001200000	 -0.203 	  -78.71 	 
0.001600000	 -0.202 	  -75.46 	 
0.002000000	 -0.201 	  -71.75 	 
0.002400000	 -0.200 	  -68.14 	 
0.002800000	 -0.197 	  -64.28 	 
0.003200000	 -0.195 	  -59.88 	 
0.003600000	 -0.192 	  -55.37 	 
0.004000000	 -0.189 	  -51.23 	 
0.004400000	 -0.187 	  -47.70 	 
0.004800000	 -0.184 	  -44.55 	 
0.005200000	 -0.181 	  -41.73 	 
0.005600000	 -0.180 	  -39.50 	 
0.006000000	 -0.178 	  -38.16 	 
0.006400000	 -0.176 	  -37.69 	 
0.006800000	 -0.176 	  -37.81 	 
0.007200000	 -0.176 	  -38.77 	 
0.007600000	 -0.176 	  -40.45 	 
0.008000000	 -0.177 	  -42.71 	 
0.008400000	 -0.179 	  -45.39 	 
0.008800000	 -0.180 	  -48.46 	 
0.009200000	 -0.182 	  -52.14 	 
0.009600000	 -0.183 	  -56.33 	 
0.010000000	 -0.186 	  -60.71 	 
0.010400000	 -0.189 	  -64.92 	 
0.010800000	 -0.191 	  -68.98 	 
0.011200000	 -0.194 	  -72.92 	 
0.011600000	 -0.197 	  -76.67 	 
0.012000000	 -0.200 	  -79.87 	 
0.012400000	 -0.202 	  -82.24 	 
0.012800000	 -0.203 	  -83.86 	 
0.013200000	 -0.204 	  -84.94 	 
0.013600000	 -0.205 	  -85.50 	 
0.014000000	 -0.205 	  -85.27 	 
0.014400000	 -0.206 	  -84.25 	 
0.014800000	 -0.205 	  -82.61 	 
0.015200000	 -0.204 	  -80.53 	 
0.015600000	 -0.203 	  -78.12 	 
0.016000000	 -0.202 	  -74.59 	 
0.016400000	 -0.200 	  -70.60 	 
0.016800000	 -0.198 	  -66.85 	 
0.017200000	 -0.196 	  -63.15 	 
0.017600000	 -0.193 	  -58.88 	 
0.018000000	 -0.191 	  -54.30 	 
0.018400000	 -0.188 	  -50.09 	 
0.018800000	 -0.185 	  -46.67 	 
0.019200000	 -0.183 	  -43.80 	 
0.019600000	 -0.182 	  -41.21 	 
0.019999999	 -0.179 	  -39.11 	 
0.020399999	 -0.178 	  -37.89 	 
0.020799999	 -0.176 	  -37.59 	 
0.021199999	 -0.176 	  -38.14 	 
0.021599999	 -0.176 	  -39.35 	 
0.021999999	 -0.177 	  -41.08 	 
0.022399999	 -0.179 	  -43.38 	 
0.022799999	 -0.179 	  -46.25 	 
0.023199999	 -0.180 	  -49.60 	 
0.023599999	 -0.182 	  -53.40 	 
0.023999999	 -0.184 	  -57.49 	 
0.024399999	 -0.187 	  -61.78 	 
0.024799999	 -0.190 	  -66.12 	 
0.025199999	 -0.193 	  -70.27 	 
0.025599999	 -0.196 	  -74.11 	 
0.025999999	 -0.198 	  -77.54 	 
0.026399999	 -0.200 	  -80.47 	 
0.026799999	 -0.202 	  -82.76 	 
0.027199999	 -0.203 	  -84.36 	 
0.027599999	 -0.204 	  -85.29 	 
0.027999999	 -0.205 	  -85.48 	 
0.028399999	 -0.205 	  -84.97 	 
0.028799999	 -0.205 	  -83.88 	 
0.029199999	 -0.204 	  -82.15 	 
0.029599999	 -0.204 	  -79.92 	 
0.029999999	 -0.203 	  -76.96 	 
0.030399999	 -0.202 	  -73.39 	 
0.030799999	 -0.200 	  -69.64 	 
0.031199999	 -0.198 	  -66.00 	 
0.031599999	 -0.196 	  -61.94 	 
0.031999999	 -0.193 	  -57.45 	 
0.032399999	 -0.191 	  -53.05 	 
0.032799999	 -0.188 	  -49.18 	 
0.033199999	 -0.185 	  -45.89 	 
0.033599999	 -0.183 	  -42.99 	 
0.033999999	 -0.181 	  -40.46 	 
0.034399999	 -0.179 	  -38.68 	 
0.034799999	 -0.177 	  -37.79 	 
0.035199999	 -0.177 	  -37.66 	 
0.035599999	 -0.175 	  -38.38 	 
0.035999999	 -0.176 	  -39.83 	 
0.036399999	 -0.177 	  -41.78 	 
0.036799999	 -0.178 	  -44.18 	 
0.037199999	 -0.180 	  -47.11 	 
0.037599999	 -0.181 	  -50.63 	 
0.037999999	 -0.183 	  -54.59 	 
0.038399999	 -0.186 	  -58.76 	 
0.038799999	 -0.187 	  -63.08 	 
0.039199999	 -0.191 	  -67.33 	 
0.039599999	 -0.194 	  -71.38 	 
0.039999999	 -0.196 	  -75.15 	 
0.040399999	 -0.199 	  -78.54 	 
0.040799999	 -0.201 	  -81.32 	 
0.041199999	 -0.203 	  -83.33 	 
0.041599999	 -0.204 	  -84.60 	 
0.041999999	 -0.205 	  -85.29 	 
0.042399999	 -0.205 	  -85.40 	 
0.042799999	 -0.205 	  -84.77 	 
0.043199999	 -0.205 	  -83.44 	 
0.043599999	 -0.204 	  -81.48 	 
0.043999999	 -0.204 	  -79.21 	 
0.044399999	 -0.203 	  -76.19 	 
0.044799999	 -0.201 	  -72.35 	 
0.045199999	 -0.200 	  -68.47 	 
0.045599999	 -0.198 	  -64.80 	 
0.045999999	 -0.196 	  -60.74 	 
0.046399999	 -0.193 	  -56.29 	 
0.046799999	 -0.190 	  -51.88 	 
0.047199999	 -0.187 	  -48.12 	 
0.047599999	 -0.184 	  -45.03 	 
0.047999999	 -0.183 	  -42.31 	 
0.048399999	 -0.179 	  -39.97 	 
0.048799999	 -0.178 	  -38.35 	 
0.049199999	 -0.177 	  -37.68 	 
0.049599999	 -0.176 	  -37.83 	 
0.049999999	 -0.176 	  -38.80 	 
0.050399999	 -0.177 	  -40.34 	 
0.050799999	 -0.178 	  -42.35 	 
0.051199999	 -0.178 	  -44.96 	 
0.051599999	 -0.180 	  -48.13 	 
0.051999999	 -0.182 	  -51.80 	 
0.052399999	 -0.184 	  -55.83 	 
0.052799999	 -0.186 	  -60.08 	 
0.053199999	 -0.189 	  -64.35 	 
0.053599999	 -0.192 	  -68.54 	 
0.053999999	 -0.194 	  -72.51 	 
0.054399999	 -0.196 	  -76.15 	 
0.054799999	 -0.199 	  -79.38 	 
0.055199999	 -0.201 	  -81.97 	 
0.055599999	 -0.204 	  -83.75 	 
0.055999999	 -0.204 	  -84.85 	 
0.056399999	 -0.205 	  -85.40 	 
0.056799999	 -0.205 	  -85.30 	 
0.057199999	 -0.205 	  -84.46 	 
0.057599999	 -0.205 	  -82.96 	 
0.057999999	 -0.205 	  -80.88 	 
0.058399999	 -0.203 	  -78.47 	 
0.058799999	 -0.202 	  -75.17 	 
0.059199999	 -0.201 	  -71.21 	 
0.059599998	 -0.198 	  -67.49 	 
0.059999998	 -0.197 	  -63.71 	 
0.060399998	 -0.195 	  -59.47 	 
0.060799998	 -0.192 	  -54.97 	 
0.061199998	 -0.189 	  -50.77 	 
0.061599998	 -0.186 	  -47.19 	 
0.061999998	 -0.183 	  -44.15 	 
0.062399998	 -0.181 	  -41.53 	 
0.062799998	 -0.179 	  -39.40 	 
0.063199998	 -0.178 	  -38.09 	 
0.063599998	 -0.176 	  -37.67 	 
0.063999998	 -0.176 	  -37.97 	 
0.064399998	 -0.176 	  -39.14 	 
0.064799998	 -0.176 	  -40.86 	 
0.065199998	 -0.177 	  -43.12 	 
0.065599998	 -0.179 	  -45.86 	 
0.065999998	 -0.181 	  -49.10 	 
0.066399998	 -0.182 	  -52.87 	 
0.066799998	 -0.184 	  -57.03 	 
0.067199998	 -0.187 	  -61.30 	 
0.067599998	 -0.189 	  -65.55 	 
0.067999998	 -0.192 	  -69.67 	 
0.068399998	 -0.195 	  -73.60 	 
0.068799998	 -0.198 	  -77.11 	 
0.069199998	 -0.199 	  -80.11 	 
0.069599998	 -0.202 	  -82.44 	 
0.069999998	 -0.203 	  -84.12 	 
0.070399998	 -0.204 	  -85.15 	 
0.070799998	 -0.205 	  -85.45 	 
0.071199998	 -0.205 	  -85.05 	 
0.071599998	 -0.205 	  -84.10 	 
0.071999998	 -0.205 	  -82.48 	 
0.072399998	 -0.205 	  -80.32 	 
0.072799998	 -0.203 	  -77.57 	 
0.073199998	 -0.202 	  -74.11 	 
0.073599998	 -0.199 	  -70.32 	 
0.073999998	 -0.198 	  -66.44 	 
0.074399998	 -0.196 	  -62.47 	 
0.074799998	 -0.193 	  -58.11 	 
0.075199998	 -0.190 	  -53.72 	 
0.075599998	 -0.188 	  -49.76 	 
0.075999998	 -0.186 	  -46.33 	 
0.076399998	 -0.183 	  -43.38 	 
0.076799998	 -0.180 	  -40.84 	 
0.077199998	 -0.179 	  -38.98 	 
0.077599998	 -0.177 	  -38.02 	 
0.077999998	 -0.177 	  -37.75 	 
0.078399998	 -0.176 	  -38.19 	 
0.078799998	 -0.176 	  -39.47 	 
0.079199998	 -0.177 	  -41.46 	 
0.079599998	 -0.178 	  -43.93 	 
0.079999998	 -0.179 	  -46.80 	 
0.080399998	 -0.181 	  -50.15 	 
0.080799998	 -0.183 	  -54.03 	 
0.081199998	 -0.185 	  -58.24 	 
0.081599998	 -0.188 	  -62.52 	 
0.081999998	 -0.190 	  -66.71 	 
0.082399998	 -0.193 	  -70.76 	 
0.082799998	 -0.195 	  -74.59 	 
0.083199998	 -0.198 	  -78.06 	 
0.083599998	 -0.201 	  -80.88 	 
0.083999998	 -0.203 	  -83.02 	 
0.084399998	 -0.204 	  -84.46 	 
0.084799998	 -0.205 	  -85.33 	 
0.085199998	 -0.205 	  -85.57 	 
0.085599998	 -0.206 	  -84.95 	 
0.085999998	 -0.206 	  -83.63 	 
0.086399998	 -0.205 	  -81.77 	 
0.086799998	 -0.204 	  -79.58 	 
0.087199998	 -0.203 	  -76.65 	 
0.087599998	 -0.201 	  -72.92 	 
0.087999998	 -0.200 	  -69.08 	 
0.088399998	 -0.198 	  -65.41 	 
0.088799998	 -0.196 	  -61.33 	 
0.089199998	 -0.193 	  -56.84 	 
0.089599998	 -0.190 	  -52.48 	 
0.089999998	 -0.187 	  -48.67 	 
0.090399998	 -0.185 	  -45.44 	 
0.090799998	 -0.182 	  -42.58 	 
0.091199998	 -0.180 	  -40.14 	 
0.091599998	 -0.178 	  -38.53 	 
0.091999998	 -0.177 	  -37.83 	 
0.092399998	 -0.177 	  -37.82 	 
0.092799998	 -0.176 	  -38.56 	 
0.093199998	 -0.176 	  -40.03 	 
0.093599998	 -0.177 	  -42.13 	 
0.093999998	 -0.178 	  -44.67 	 
0.094399998	 -0.180 	  -47.61 	 
0.094799998	 -0.182 	  -51.10 	 
0.095199998	 -0.183 	  -55.08 	 
0.095599998	 -0.185 	  -59.33 	 
0.095999998	 -0.188 	  -63.65 	 
0.096399998	 -0.191 	  -67.86 	 
0.096799998	 -0.194 	  -71.86 	 
0.097199998	 -0.196 	  -75.61 	 
0.097599998	 -0.199 	  -78.88 	 
0.097999998	 -0.202 	  -81.53 	 
0.098399998	 -0.203 	  -83.49 	 
0.098799998	 -0.204 	  -84.76 	 
0.099199997	 -0.204 	  -85.39 	 
0.099599997	 -0.205 	  -85.31 	 
0.099999997	 -0.205 	  -84.57 	 
0.100399997	 -0.205 	  -83.20 	 
0.100799997	 -0.204 	  -81.16 	 
0.101199997	 -0.203 	  -78.73 	 
0.101599997	 -0.202 	  -75.44 	 
0.101999997	 -0.201 	  -71.61 	 
0.102399997	 -0.198 	  -68.03 	 
0.102799997	 -0.197 	  -64.33 	 
0.103199997	 -0.195 	  -59.99 	 
0.103599997	 -0.192 	  -55.38 	 
0.103999997	 -0.189 	  -51.18 	 
0.104399997	 -0.186 	  -47.64 	 
0.104799997	 -0.184 	  -44.60 	 
0.105199997	 -0.182 	  -41.75 	 
0.105599997	 -0.180 	  -39.46 	 
0.105999997	 -0.178 	  -38.06 	 
0.106399997	 -0.176 	  -37.62 	 
0.106799997	 -0.175 	  -37.92 	 
0.107199997	 -0.176 	  -38.93 	 
0.107599997	 -0.176 	  -40.49 	 
0.107999997	 -0.177 	  -42.68 	 
0.108399997	 -0.179 	  -45.37 	 
0.108799997	 -0.180 	  -48.56 	 
0.109199997	 -0.182 	  -52.23 	 
0.109599997	 -0.183 	  -56.24 	 
0.109999997	 -0.187 	  -60.52 	 
0.110399997	 -0.190 	  -64.84 	 
0.110799997	 -0.192 	  -69.02 	 
0.111199997	 -0.195 	  -72.93 	 
0.111599997	 -0.197 	  -76.56 	 
0.111999997	 -0.200 	  -79.73 	 
0.112399997	 -0.201 	  -82.22 	 
0.112799997	 -0.203 	  -83.90 	 
0.113199997	 -0.205 	  -84.90 	 
0.113599997	 -0.205 	  -85.32 	 
0.113999997	 -0.205 	  -85.13 	 
0.114399997	 -0.205 	  -84.23 	 
0.114799997	 -0.205 	  -82.63 	 
0.115199997	 -0.205 	  -80.43 	 
0.115599997	 -0.203 	  -77.89 	 
0.115999997	 -0.202 	  -74.46 	 
0.116399997	 -0.200 	  -70.69 	 
0.116799997	 -0.198 	  -66.95 	 
0.117199997	 -0.196 	  -62.97 	 
0.117599997	 -0.194 	  -58.66 	 
0.117999997	 -0.191 	  -54.23 	 
0.118399997	 -0.188 	  -50.14 	 
0.118799997	 -0.186 	  -46.67 	 
0.119199997	 -0.183 	  -43.70 	 
0.119599997	 -0.181 	  -41.08 	 
0.119999997	 -0.179 	  -39.11 	 
0.120399997	 -0.177 	  -37.90 	 
0.120799997	 -0.176 	  -37.53 	 
0.121199997	 -0.177 	  -38.06 	 
0.121599997	 -0.177 	  -39.35 	 
0.121999997	 -0.176 	  -41.11 	 
0.122399997	 -0.178 	  -43.33 	 
0.122799997	 -0.179 	  -46.12 	 
0.123199997	 -0.181 	  -49.55 	 
0.123599997	 -0.182 	  -53.43 	 
0.123999997	 -0.185 	  -57.56 	 
0.124399997	 -0.187 	  -61.81 	 
0.124799997	 -0.190 	  -66.05 	 
0.125199997	 -0.193 	  -70.20 	 
0.125599997	 -0.195 	  -74.13 	 
0.125999997	 -0.198 	  -77.59 	 
0.126399997	 -0.200 	  -80.54 	 
0.126799997	 -0.202 	  -82.77 	 
0.127199997	 -0.204 	  -84.28 	 
0.127599997	 -0.205 	  -85.20 	 
0.127999997	 -0.205 	  -85.46 	 
0.128399997	 -0.206 	  -85.01 	 
0.128799997	 -0.205 	  -83.89 	 
0.129199997	 -0.205 	  -82.11 	 
0.129599997	 -0.204 	  -79.89 	 
0.129999997	 -0.203 	  -76.98 	 
0.130399997	 -0.202 	  -73.42 	 
0.130799997	 -0.200 	  -69.72 	 
0.131199997	 -0.197 	  -66.05 	 
0.131599997	 -0.196 	  -61.88 	 
0.131999997	 -0.193 	  -57.42 	 
0.132399997	 -0.191 	  -53.04 	 
0.132799997	 -0.188 	  -49.24 	 
0.133199997	 -0.185 	  -45.95 	 
0.133599997	 -0.183 	  -43.01 	 
0.133999997	 -0.180 	  -40.42 	 
0.134399997	 -0.178 	  -38.68 	 
0.134799997	 -0.177 	  -37.82 	 
0.135199997	 -0.176 	  -37.70 	 
0.135599997	 -0.176 	  -38.34 	 
0.135999997	 -0.177 	  -39.73 	 
0.136399997	 -0.177 	  -41.74 	 
0.136799997	 -0.178 	  -44.17 	 
0.137199997	 -0.180 	  -47.05 	 
0.137599997	 -0.181 	  -50.61 	 
0.137999997	 -0.183 	  -54.66 	 
0.138399997	 -0.185 	  -58.86 	 
0.138799996	 -0.188 	  -63.07 	 
0.139199996	 -0.191 	  -67.26 	 
0.139599996	 -0.194 	  -71.39 	 
0.139999996	 -0.196 	  -75.25 	 
0.140399996	 -0.199 	  -78.58 	 
0.140799996	 -0.201 	  -81.23 	 
0.141199996	 -0.203 	  -83.23 	 
0.141599996	 -0.204 	  -84.68 	 
0.141999996	 -0.205 	  -85.40 	 
0.142399996	 -0.205 	  -85.35 	 
0.142799996	 -0.205 	  -84.71 	 
0.143199996	 -0.205 	  -83.44 	 
0.143599996	 -0.205 	  -81.60 	 
0.143999996	 -0.204 	  -79.27 	 
0.144399996	 -0.203 	  -76.07 	 
0.144799996	 -0.201 	  -72.41 	 
0.145199996	 -0.199 	  -68.60 	 
0.145599996	 -0.198 	  -64.86 	 
0.145999996	 -0.195 	  -60.70 	 
0.146399996	 -0.193 	  -56.16 	 
0.146799996	 -0.191 	  -51.90 	 
0.147199996	 -0.187 	  -48.20 	 
0.147599996	 -0.185 	  -45.05 	 
0.147999996	 -0.182 	  -42.21 	 
0.148399996	 -0.180 	  -39.87 	 
0.148799996	 -0.178 	  -38.36 	 
0.149199996	 -0.177 	  -37.77 	 
0.149599996	 -0.176 	  -37.81 	 
0.149999996	 -0.176 	  -38.60 	 
0.150399996	 -0.176 	  -40.20 	 
0.150799996	 -0.177 	  -42.42 	 
0.151199996	 -0.178 	  -45.11 	 
0.151599996	 -0.180 	  -48.15 	 
0.151999996	 -0.182 	  -51.66 	 
0.152399996	 -0.184 	  -55.74 	 
0.152799996	 -0.186 	  -60.09 	 
0.153199996	 -0.188 	  -64.42 	 
0.153599996	 -0.192 	  -68.52 	 
0.153999996	 -0.194 	  -72.46 	 
0.154399996	 -0.197 	  -76.15 	 
0.154799996	 -0.200 	  -79.39 	 
0.155199996	 -0.202 	  -81.96 	 
0.155599996	 -0.203 	  -83.74 	 
0.155999996	 -0.204 	  -84.95 	 
0.156399996	 -0.205 	  -85.54 	 
0.156799996	 -0.205 	  -85.39 	 
0.157199996	 -0.205 	  -84.47 	 
0.157599996	 -0.205 	  -82.96 	 
0.157999996	 -0.205 	  -80.92 	 
0.158399996	 -0.203 	  -78.50 	 
0.158799996	 -0.202 	  -75.14 	 
0.159199996	 -0.200 	  -71.23 	 
0.159599996	 -0.199 	  -67.41 	 
0.159999996	 -0.197 	  -63.68 	 
0.160399996	 -0.195 	  -59.49 	 
0.160799996	 -0.192 	  -54.97 	 
0.161199996	 -0.188 	  -50.70 	 
0.161599996	 -0.186 	  -47.10 	 
0.161999996	 -0.183 	  -44.10 	 
0.162399996	 -0.182 	  -41.47 	 
0.162799996	 -0.180 	  -39.39 	 
0.163199996	 -0.177 	  -38.01 	 
0.163599996	 -0.176 	  -37.62 	 
0.163999996	 -0.176 	  -37.97 	 
0.164399996	 -0.176 	  -39.13 	 
0.164799996	 -0.177 	  -40.85 	 
0.165199996	 -0.177 	  -43.05 	 
0.165599996	 -0.180 	  -45.76 	 
0.165999996	 -0.180 	  -49.07 	 
0.166399996	 -0.182 	  -52.87 	 
0.166799996	 -0.184 	  -56.98 	 
0.167199996	 -0.187 	  -61.22 	 
0.167599996	 -0.189 	  -65.51 	 
0.167999996	 -0.193 	  -69.68 	 
0.168399996	 -0.195 	  -73.64 	 
0.168799996	 -0.198 	  -77.18 	 
0.169199996	 -0.201 	  -80.20 	 
0.169599996	 -0.202 	  -82.56 	 
0.169999996	 -0.204 	  -84.13 	 
0.170399996	 -0.204 	  -85.11 	 
0.170799996	 -0.205 	  -85.50 	 
0.171199996	 -0.206 	  -85.17 	 
0.171599996	 -0.206 	  -84.14 	 
0.171999996	 -0.205 	  -82.49 	 
0.172399996	 -0.204 	  -80.29 	 
0.172799996	 -0.203 	  -77.63 	 
0.173199996	 -0.202 	  -74.10 	 
0.173599996	 -0.200 	  -70.20 	 
0.173999996	 -0.198 	  -66.50 	 
0.174399996	 -0.196 	  -62.54 	 
0.174799996	 -0.194 	  -58.13 	 
0.175199996	 -0.191 	  -53.64 	 
0.175599996	 -0.188 	  -49.65 	 
0.175999996	 -0.186 	  -46.30 	 
0.176399996	 -0.183 	  -43.38 	 
0.176799996	 -0.181 	  -40.81 	 
0.177199996	 -0.178 	  -38.89 	 
0.177599996	 -0.177 	  -37.79 	 
0.177999996	 -0.176 	  -37.59 	 
0.178399995	 -0.175 	  -38.24 	 
0.178799995	 -0.177 	  -39.59 	 
0.179199995	 -0.177 	  -41.47 	 
0.179599995	 -0.178 	  -43.75 	 
0.179999995	 -0.179 	  -46.58 	 
0.180399995	 -0.181 	  -50.18 	 
0.180799995	 -0.183 	  -54.17 	 
0.181199995	 -0.185 	  -58.25 	 
0.181599995	 -0.187 	  -62.37 	 
0.181999995	 -0.191 	  -66.62 	 
0.182399995	 -0.193 	  -70.80 	 
0.182799995	 -0.196 	  -74.70 	 
0.183199995	 -0.198 	  -78.05 	 
0.183599995	 -0.201 	  -80.82 	 
0.183999995	 -0.202 	  -83.00 	 
0.184399995	 -0.204 	  -84.57 	 
0.184799995	 -0.204 	  -85.40 	 
0.185199995	 -0.205 	  -85.51 	 
0.185599995	 -0.206 	  -84.91 	 
0.185999995	 -0.205 	  -83.71 	 
0.186399995	 -0.204 	  -81.89 	 
0.186799995	 -0.204 	  -79.59 	 
0.187199995	 -0.202 	  -76.52 	 
0.187599995	 -0.202 	  -72.88 	 
0.187999995	 -0.199 	  -69.21 	 
0.188399995	 -0.197 	  -65.50 	 
0.188799995	 -0.196 	  -61.27 	 
0.189199995	 -0.193 	  -56.73 	 
0.189599995	 -0.190 	  -52.44 	 
0.189999995	 -0.187 	  -48.70 	 
0.190399995	 -0.184 	  -45.46 	 
0.190799995	 -0.183 	  -42.53 	 
0.191199995	 -0.180 	  -40.10 	 
0.191599995	 -0.178 	  -38.54 	 
0.191999995	 -0.177 	  -37.87 	 
0.192399995	 -0.176 	  -37.83 	 
0.192799995	 -0.176 	  -38.57 	 
0.193199995	 -0.177 	  -40.06 	 
0.193599995	 -0.177 	  -42.12 	 
0.193999995	 -0.179 	  -44.65 	 
0.194399995	 -0.180 	  -47.61 	 
0.194799995	 -0.181 	  -51.14 	 
0.195199995	 -0.183 	  -55.17 	 
0.195599995	 -0.186 	  -59.43 	 
0.195999995	 -0.189 	  -63.71 	 
0.196399995	 -0.191 	  -67.95 	 
0.196799995	 -0.194 	  -72.04 	 
0.197199995	 -0.196 	  -75.73 	 
0.197599995	 -0.198 	  -78.96 	 
0.197999995	 -0.201 	  -81.60 	 
0.198399995	 -0.203 	  -83.52 	 
0.198799995	 -0.204 	  -84.78 	 
0.199199995	 -0.205 	  -85.41 	 
0.199599995	 -0.206 	  -85.37 	 
0.199999995	 -0.205 	  -84.64 	 
0.200399995	 -0.205 	  -83.28 	 
0.200799995	 -0.204 	  -81.25 	 
0.201199995	 -0.204 	  -78.76 	 
0.201599995	 -0.203 	  -75.52 	 
0.201999995	 -0.202 	  -71.86 	 
0.202399995	 -0.199 	  -68.21 	 
0.202799995	 -0.197 	  -64.30 	 
0.203199995	 -0.195 	  -59.94 	 
0.203599995	 -0.192 	  -55.47 	 
0.203999995	 -0.189 	  -51.34 	 
0.204399995	 -0.187 	  -47.76 	 
0.204799995	 -0.184 	  -44.63 	 
0.205199995	 -0.182 	  -41.78 	 
0.205599995	 -0.180 	  -39.58 	 
0.205999995	 -0.177 	  -38.23 	 
0.206399995	 -0.176 	  -37.73 	 
0.206799995	 -0.176 	  -37.86 	 
0.207199995	 -0.177 	  -38.82 	 
0.207599995	 -0.177 	  -40.53 	 
0.207999995	 -0.178 	  -42.77 	 
0.208399995	 -0.178 	  -45.41 	 
0.208799995	 -0.180 	  -48.53 	 
0.209199995	 -0.182 	  -52.21 	 
0.209599995	 -0.184 	  -56.40 	 
0.209999995	 -0.187 	  -60.70 	 
0.210399995	 -0.189 	  -64.90 	 
0.210799995	 -0.192 	  -69.01 	 
0.211199995	 -0.195 	  -73.01 	 
0.211599995	 -0.198 	  -76.73 	 
0.211999995	 -0.199 	  -79.88 	 
0.212399995	 -0.202 	  -82.27 	 
0.212799995	 -0.203 	  -83.92 	 
0.213199995	 -0.205 	  -84.98 	 
0.213599995	 -0.205 	  -85.49 	 
0.213999995	 -0.205 	  -85.24 	 
0.214399995	 -0.206 	  -84.30 	 
0.214799995	 -0.205 	  -82.67 	 
0.215199995	 -0.204 	  -80.55 	 
0.215599995	 -0.204 	  -78.10 	 
0.215999995	 -0.203 	  -74.58 	 
0.216399995	 -0.201 	  -70.58 	 
0.216799995	 -0.199 	  -66.85 	 
0.217199995	 -0.196 	  -63.07 	 
0.217599995	 -0.194 	  -58.79 	 
0.217999994	 -0.191 	  -54.22 	 
0.218399994	 -0.188 	  -50.07 	 
0.218799994	 -0.186 	  -46.65 	 
0.219199994	 -0.183 	  -43.75 	 
0.219599994	 -0.181 	  -41.12 	 
0.219999994	 -0.179 	  -39.05 	 
0.220399994	 -0.177 	  -37.79 	 
0.220799994	 -0.176 	  -37.60 	 
0.221199994	 -0.176 	  -38.04 	 
0.221599994	 -0.176 	  -39.22 	 
0.221999994	 -0.177 	  -40.97 	 
0.222399994	 -0.178 	  -43.29 	 
0.222799994	 -0.179 	  -46.11 	 
0.223199994	 -0.180 	  -49.54 	 
0.223599994	 -0.183 	  -53.43 	 
0.223999994	 -0.185 	  -57.55 	 
0.224399994	 -0.188 	  -61.78 	 
0.224799994	 -0.190 	  -66.06 	 
0.225199994	 -0.193 	  -70.21 	 
0.225599994	 -0.196 	  -74.11 	 
0.225999994	 -0.198 	  -77.57 	 
0.226399994	 -0.200 	  -80.45 	 
0.226799994	 -0.202 	  -82.74 	 
0.227199994	 -0.203 	  -84.32 	 
0.227599994	 -0.204 	  -85.23 	 
0.227999994	 -0.206 	  -85.48 	 
0.228399994	 -0.206 	  -85.00 	 
0.228799994	 -0.205 	  -83.84 	 
0.229199994	 -0.204 	  -82.11 	 
0.229599994	 -0.204 	  -79.92 	 
0.229999994	 -0.203 	  -77.05 	 
0.230399994	 -0.202 	  -73.32 	 
0.230799994	 -0.200 	  -69.52 	 
0.231199994	 -0.197 	  -66.00 	 
0.231599994	 -0.196 	  -61.96 	 
0.231999994	 -0.193 	  -57.43 	 
0.232399994	 -0.190 	  -52.96 	 
0.232799994	 -0.188 	  -49.12 	 
0.233199994	 -0.185 	  -45.90 	 
0.233599994	 -0.182 	  -42.96 	 
0.233999994	 -0.180 	  -40.34 	 
0.234399994	 -0.178 	  -38.54 	 
0.234799994	 -0.177 	  -37.73 	 
0.235199994	 -0.177 	  -37.61 	 
0.235599994	 -0.176 	  -38.24 	 
0.235999994	 -0.177 	  -39.69 	 
0.236399994	 -0.177 	  -41.73 	 
0.236799994	 -0.178 	  -44.17 	 
0.237199994	 -0.180 	  -47.07 	 
0.237599994	 -0.182 	  -50.52 	 
0.237999994	 -0.183 	  -54.53 	 
0.238399994	 -0.186 	  -58.74 	 
0.238799994	 -0.188 	  -62.99 	 
0.239199994	 -0.191 	  -67.25 	 
0.239599994	 -0.193 	  -71.37 	 
0.239999994	 -0.196 	  -75.19 	 
0.240399994	 -0.199 	  -78.53 	 
0.240799994	 -0.201 	  -81.23 	 
0.241199994	 -0.203 	  -83.23 	 
0.241599994	 -0.204 	  -84.62 	 
0.241999994	 -0.205 	  -85.38 	 
0.242399994	 -0.205 	  -85.35 	 
0.242799994	 -0.205 	  -84.68 	 
0.243199994	 -0.205 	  -83.41 	 
0.243599994	 -0.205 	  -81.55 	 
0.243999994	 -0.204 	  -79.24 	 
0.244399994	 -0.203 	  -76.07 	 
0.244799994	 -0.201 	  -72.35 	 
0.245199994	 -0.199 	  -68.55 	 
0.245599994	 -0.197 	  -64.84 	 
0.245999994	 -0.195 	  -60.63 	 
0.246399994	 -0.192 	  -56.09 	 
0.246799994	 -0.190 	  -51.83 	 
0.247199994	 -0.187 	  -48.14 	 
0.247599994	 -0.184 	  -44.97 	 
0.247999994	 -0.182 	  -42.13 	 
0.248399994	 -0.180 	  -39.83 	 
0.248799994	 -0.178 	  -38.30 	 
0.249199994	 -0.177 	  -37.64 	 
0.249599994	 -0.176 	  -37.76 	 
0.249999994	 -0.176 	  -38.66 	 
0.250399994	 -0.177 	  -40.26 	 
0.250799994	 -0.178 	  -42.39 	 
0.251199994	 -0.179 	  -44.99 	 
0.251599994	 -0.181 	  -48.06 	 
0.251999994	 -0.182 	  -51.68 	 
0.252399994	 -0.184 	  -55.76 	 
0.252799994	 -0.186 	  -60.06 	 
0.253199994	 -0.188 	  -64.35 	 
0.253599994	 -0.191 	  -68.44 	 
0.253999994	 -0.195 	  -72.42 	 
0.254399994	 -0.197 	  -76.14 	 
0.254799994	 -0.199 	  -79.38 	 
0.255199994	 -0.202 	  -81.93 	 
0.255599994	 -0.203 	  -83.70 	 
0.255999994	 -0.205 	  -84.82 	 
0.256399994	 -0.205 	  -85.42 	 
0.256799994	 -0.205 	  -85.31 	 
0.257199994	 -0.206 	  -84.45 	 
0.257599993	 -0.205 	  -82.90 	 
0.257999993	 -0.205 	  -80.83 	 
0.258399993	 -0.204 	  -78.41 	 
0.258799993	 -0.202 	  -75.07 	 
0.259199993	 -0.200 	  -71.23 	 
0.259599993	 -0.199 	  -67.51 	 
0.259999993	 -0.197 	  -63.71 	 
0.260399993	 -0.194 	  -59.44 	 
0.260799993	 -0.192 	  -54.89 	 
0.261199993	 -0.189 	  -50.66 	 
0.261599993	 -0.187 	  -47.13 	 
0.261999993	 -0.184 	  -44.11 	 
0.262399993	 -0.181 	  -41.45 	 
0.262799993	 -0.179 	  -39.33 	 
0.263199993	 -0.177 	  -38.02 	 
0.263599993	 -0.176 	  -37.58 	 
0.263999993	 -0.176 	  -37.90 	 
0.264399993	 -0.176 	  -39.03 	 
0.264799993	 -0.177 	  -40.79 	 
0.265199993	 -0.178 	  -43.04 	 
0.265599993	 -0.179 	  -45.71 	 
0.265999993	 -0.180 	  -49.03 	 
0.266399993	 -0.182 	  -52.91 	 
0.266799993	 -0.185 	  -57.03 	 
0.267199993	 -0.188 	  -61.22 	 
0.267599993	 -0.189 	  -65.43 	 
0.267999993	 -0.193 	  -69.63 	 
0.268399993	 -0.195 	  -73.59 	 
0.268799993	 -0.198 	  -77.14 	 
0.269199993	 -0.200 	  -80.11 	 
0.269599993	 -0.202 	  -82.45 	 
0.269999993	 -0.203 	  -84.09 	 
0.270399993	 -0.204 	  -85.15 	 
0.270799993	 -0.205 	  -85.54 	 
0.271199993	 -0.205 	  -85.16 	 
0.271599993	 -0.205 	  -84.07 	 
0.271999993	 -0.205 	  -82.39 	 
0.272399993	 -0.204 	  -80.28 	 
0.272799993	 -0.203 	  -77.61 	 
0.273199993	 -0.202 	  -74.01 	 
0.273599993	 -0.201 	  -70.11 	 
0.273999993	 -0.198 	  -66.52 	 
0.274399993	 -0.196 	  -62.56 	 
0.274799993	 -0.194 	  -58.10 	 
0.275199993	 -0.191 	  -53.60 	 
0.275599993	 -0.188 	  -49.67 	 
0.275999993	 -0.186 	  -46.34 	 
0.276399993	 -0.183 	  -43.40 	 
0.276799993	 -0.181 	  -40.74 	 
0.277199993	 -0.179 	  -38.86 	 
0.277599993	 -0.177 	  -37.91 	 
0.277999993	 -0.177 	  -37.72 	 
0.278399993	 -0.176 	  -38.23 	 
0.278799993	 -0.177 	  -39.52 	 
0.279199993	 -0.178 	  -41.46 	 
0.279599993	 -0.178 	  -43.84 	 
0.279999993	 -0.180 	  -46.68 	 
0.280399993	 -0.181 	  -50.08 	 
0.280799993	 -0.182 	  -54.00 	 
0.281199993	 -0.185 	  -58.17 	 
0.281599993	 -0.188 	  -62.44 	 
0.281999993	 -0.191 	  -66.66 	 
0.282399993	 -0.193 	  -70.77 	 
0.282799993	 -0.196 	  -74.63 	 
0.283199993	 -0.198 	  -78.02 	 
0.283599993	 -0.201 	  -80.85 	 
0.283999993	 -0.203 	  -83.02 	 
0.284399993	 -0.204 	  -84.51 	 
0.284799993	 -0.205 	  -85.35 	 
0.285199993	 -0.205 	  -85.46 	 
0.285599993	 -0.205 	  -84.86 	 
0.285999993	 -0.206 	  -83.67 	 
0.286399993	 -0.204 	  -81.87 	 
0.286799993	 -0.204 	  -79.62 	 
0.287199993	 -0.203 	  -76.71 	 
0.287599993	 -0.201 	  -72.93 	 
0.287999993	 -0.199 	  -69.06 	 
0.288399993	 -0.197 	  -65.21 	 
0.288799993	 -0.196 	  -61.22 	 
0.289199993	 -0.193 	  -56.87 	 
0.289599993	 -0.190 	  -52.48 	 
0.289999993	 -0.187 	  -48.57 	 
0.290399993	 -0.184 	  -45.34 	 
0.290799993	 -0.182 	  -42.57 	 
0.291199993	 -0.180 	  -40.26 	 
0.291599993	 -0.179 	  -38.55 	 
0.291999993	 -0.177 	  -37.75 	 
0.292399993	 -0.176 	  -37.73 	 
0.292799993	 -0.176 	  -38.53 	 
0.293199993	 -0.177 	  -40.03 	 
0.293599993	 -0.177 	  -42.02 	 
0.293999993	 -0.178 	  -44.54 	 
0.294399993	 -0.180 	  -47.60 	 
0.294799993	 -0.182 	  -51.15 	 
0.295199993	 -0.183 	  -55.13 	 
0.295599993	 -0.186 	  -59.42 	 
0.295999993	 -0.188 	  -63.72 	 
0.296399993	 -0.191 	  -67.88 	 
0.296799993	 -0.194 	  -71.88 	 
0.297199992	 -0.197 	  -75.62 	 
0.297599992	 -0.199 	  -78.92 	 
0.297999992	 -0.201 	  -81.55 	 
0.298399992	 -0.202 	  -83.48 	 
0.298799992	 -0.204 	  -84.77 	 
0.299199992	 -0.205 	  -85.36 	 
0.299599992	 -0.205 	  -85.29 	 
0.299999992	 -0.206 	  -84.59 	 
0.300399992	 -0.205 	  -83.20 	 
0.300799992	 -0.205 	  -81.18 	 
0.301199992	 -0.203 	  -78.79 	 
0.301599992	 -0.202 	  -75.56 	 
0.301999992	 -0.201 	  -71.86 	 
0.302399992	 -0.199 	  -67.93 	 
0.302799992	 -0.197 	  -64.07 	 
0.303199992	 -0.195 	  -59.95 	 
0.303599992	 -0.191 	  -55.54 	 
0.303999992	 -0.188 	  -51.28 	 
0.304399992	 -0.187 	  -47.61 	 
0.304799992	 -0.183 	  -44.50 	 
0.305199992	 -0.182 	  -41.78 	 
0.305599992	 -0.180 	  -39.59 	 
0.305999992	 -0.178 	  -38.16 	 
0.306399992	 -0.177 	  -37.57 	 
0.306799992	 -0.176 	  -37.77 	 
0.307199992	 -0.176 	  -38.85 	 
0.307599992	 -0.177 	  -40.53 	 
0.307999992	 -0.177 	  -42.66 	 
0.308399992	 -0.179 	  -45.20 	 
0.308799992	 -0.180 	  -48.46 	 
0.309199992	 -0.182 	  -52.36 	 
0.309599992	 -0.184 	  -56.43 	 
0.309999992	 -0.186 	  -60.53 	 
0.310399992	 -0.189 	  -64.73 	 
0.310799992	 -0.192 	  -68.99 	 
0.311199992	 -0.195 	  -73.06 	 
0.311599992	 -0.197 	  -76.69 	 
0.311999992	 -0.200 	  -79.69 	 
0.312399992	 -0.202 	  -82.11 	 
0.312799992	 -0.204 	  -83.92 	 
0.313199992	 -0.205 	  -85.11 	 
0.313599992	 -0.205 	  -85.52 	 
0.313999992	 -0.205 	  -85.19 	 
0.314399992	 -0.206 	  -84.24 	 
0.314799992	 -0.205 	  -82.67 	 
0.315199992	 -0.204 	  -80.54 	 
0.315599992	 -0.204 	  -77.96 	 
0.315999992	 -0.202 	  -74.41 	 
0.316399992	 -0.201 	  -70.62 	 
0.316799992	 -0.198 	  -66.98 	 
0.317199992	 -0.197 	  -63.12 	 
0.317599992	 -0.194 	  -58.70 	 
0.317999992	 -0.191 	  -54.19 	 
0.318399992	 -0.188 	  -50.15 	 
0.318799992	 -0.186 	  -46.70 	 
0.319199992	 -0.184 	  -43.71 	 
0.319599992	 -0.181 	  -41.04 	 
0.319999992	 -0.179 	  -39.06 	 
0.320399992	 -0.177 	  -37.92 	 
0.320799992	 -0.176 	  -37.60 	 
0.321199992	 -0.177 	  -38.00 	 
0.321599992	 -0.176 	  -39.25 	 
0.321999992	 -0.177 	  -41.09 	 
0.322399992	 -0.178 	  -43.38 	 
0.322799992	 -0.179 	  -46.12 	 
0.323199992	 -0.181 	  -49.48 	 
0.323599992	 -0.182 	  -53.37 	 
0.323999992	 -0.185 	  -57.56 	 
0.324399992	 -0.187 	  -61.81 	 
0.324799992	 -0.190 	  -66.04 	 
0.325199992	 -0.193 	  -70.18 	 
0.325599992	 -0.195 	  -74.11 	 
0.325999992	 -0.197 	  -77.55 	 
0.326399992	 -0.200 	  -80.43 	 
0.326799992	 -0.202 	  -82.66 	 
0.327199992	 -0.204 	  -84.27 	 
0.327599992	 -0.205 	  -85.22 	 
0.327999992	 -0.206 	  -85.42 	 
0.328399992	 -0.206 	  -84.89 	 
0.328799992	 -0.205 	  -83.79 	 
0.329199992	 -0.204 	  -82.12 	 
0.329599992	 -0.204 	  -79.88 	 
0.329999992	 -0.203 	  -76.91 	 
0.330399992	 -0.202 	  -73.29 	 
0.330799992	 -0.199 	  -69.66 	 
0.331199992	 -0.198 	  -66.04 	 
0.331599992	 -0.195 	  -61.89 	 
0.331999992	 -0.193 	  -57.36 	 
0.332399992	 -0.190 	  -52.99 	 
0.332799992	 -0.188 	  -49.20 	 
0.333199992	 -0.185 	  -45.92 	 
0.333599992	 -0.183 	  -42.94 	 
0.333999992	 -0.180 	  -40.42 	 
0.334399992	 -0.179 	  -38.68 	 
0.334799992	 -0.177 	  -37.81 	 
0.335199992	 -0.176 	  -37.68 	 
0.335599992	 -0.176 	  -38.37 	 
0.335999992	 -0.177 	  -39.80 	 
0.336399992	 -0.177 	  -41.76 	 
0.336799991	 -0.178 	  -44.16 	 
0.337199991	 -0.179 	  -47.09 	 
0.337599991	 -0.181 	  -50.61 	 
0.337999991	 -0.183 	  -54.55 	 
0.338399991	 -0.186 	  -58.83 	 
0.338799991	 -0.187 	  -63.06 	 
0.339199991	 -0.191 	  -67.26 	 
0.339599991	 -0.194 	  -71.32 	 
0.339999991	 -0.196 	  -75.13 	 
0.340399991	 -0.199 	  -78.50 	 
0.340799991	 -0.201 	  -81.26 	 
0.341199991	 -0.203 	  -83.20 	 
0.341599991	 -0.204 	  -84.49 	 
0.341999991	 -0.205 	  -85.24 	 
0.342399991	 -0.205 	  -85.35 	 
0.342799991	 -0.205 	  -84.70 	 
0.343199991	 -0.205 	  -83.37 	 
0.343599991	 -0.205 	  -81.45 	 
0.343999991	 -0.204 	  -79.15 	 
0.344399991	 -0.203 	  -76.04 	 
0.344799991	 -0.201 	  -72.29 	 
0.345199991	 -0.199 	  -68.55 	 
0.345599991	 -0.197 	  -64.83 	 
0.345999991	 -0.195 	  -60.64 	 
0.346399991	 -0.192 	  -56.10 	 
0.346799991	 -0.189 	  -51.82 	 
0.347199991	 -0.187 	  -48.14 	 
0.347599991	 -0.184 	  -45.01 	 
0.347999991	 -0.182 	  -42.22 	 
0.348399991	 -0.180 	  -39.87 	 
0.348799991	 -0.178 	  -38.27 	 
0.349199991	 -0.177 	  -37.64 	 
0.349599991	 -0.176 	  -37.79 	 
0.349999991	 -0.177 	  -38.78 	 
0.350399991	 -0.177 	  -40.34 	 
0.350799991	 -0.178 	  -42.34 	 
0.351199991	 -0.178 	  -44.94 	 
0.351599991	 -0.179 	  -48.10 	 
0.351999991	 -0.182 	  -51.80 	 
0.352399991	 -0.184 	  -55.81 	 
0.352799991	 -0.186 	  -60.04 	 
0.353199991	 -0.189 	  -64.29 	 
0.353599991	 -0.192 	  -68.46 	 
0.353999991	 -0.194 	  -72.48 	 
0.354399991	 -0.197 	  -76.16 	 
0.354799991	 -0.200 	  -79.36 	 
0.355199991	 -0.202 	  -81.92 	 
0.355599991	 -0.204 	  -83.71 	 
0.355999991	 -0.205 	  -84.83 	 
0.356399991	 -0.205 	  -85.39 	 
0.356799991	 -0.205 	  -85.28 	 
0.357199991	 -0.205 	  -84.43 	 
0.357599991	 -0.205 	  -82.93 	 
0.357999991	 -0.205 	  -80.85 	 
0.358399991	 -0.203 	  -78.45 	 
0.358799991	 -0.203 	  -75.14 	 
0.359199991	 -0.201 	  -71.32 	 
0.359599991	 -0.198 	  -67.39 	 
0.359999991	 -0.196 	  -63.55 	 
0.360399991	 -0.194 	  -59.44 	 
0.360799991	 -0.192 	  -55.00 	 
0.361199991	 -0.189 	  -50.76 	 
0.361599991	 -0.187 	  -47.13 	 
0.361999991	 -0.183 	  -44.09 	 
0.362399991	 -0.181 	  -41.50 	 
0.362799991	 -0.179 	  -39.41 	 
0.363199991	 -0.177 	  -38.08 	 
0.363599991	 -0.177 	  -37.55 	 
0.363999991	 -0.176 	  -37.92 	 
0.364399991	 -0.177 	  -39.18 	 
0.364799991	 -0.177 	  -40.95 	 
0.365199991	 -0.177 	  -43.08 	 
0.365599991	 -0.180 	  -45.69 	 
0.365999991	 -0.180 	  -49.03 	 
0.366399991	 -0.183 	  -53.00 	 
0.366799991	 -0.185 	  -57.10 	 
0.367199991	 -0.187 	  -61.20 	 
0.367599991	 -0.190 	  -65.39 	 
0.367999991	 -0.192 	  -69.66 	 
0.368399991	 -0.195 	  -73.68 	 
0.368799991	 -0.198 	  -77.16 	 
0.369199991	 -0.200 	  -80.03 	 
0.369599991	 -0.202 	  -82.39 	 
0.369999991	 -0.203 	  -84.16 	 
0.370399991	 -0.204 	  -85.19 	 
0.370799991	 -0.205 	  -85.45 	 
0.371199991	 -0.205 	  -85.04 	 
0.371599991	 -0.205 	  -84.08 	 
0.371999991	 -0.204 	  -82.51 	 
0.372399991	 -0.205 	  -80.29 	 
0.372799991	 -0.204 	  -77.55 	 
0.373199991	 -0.201 	  -74.05 	 
0.373599991	 -0.200 	  -70.25 	 
0.373999991	 -0.198 	  -66.44 	 
0.374399991	 -0.196 	  -62.47 	 
0.374799991	 -0.194 	  -58.13 	 
0.375199991	 -0.191 	  -53.72 	 
0.375599991	 -0.188 	  -49.75 	 
0.375999991	 -0.185 	  -46.33 	 
0.376399990	 -0.183 	  -43.36 	 
0.376799990	 -0.180 	  -40.81 	 
0.377199990	 -0.178 	  -38.98 	 
0.377599990	 -0.177 	  -37.97 	 
0.377999990	 -0.177 	  -37.70 	 
0.378399990	 -0.176 	  -38.19 	 
0.378799990	 -0.176 	  -39.51 	 
0.379199990	 -0.176 	  -41.47 	 
0.379599990	 -0.178 	  -43.87 	 
0.379999990	 -0.179 	  -46.67 	 
0.380399990	 -0.181 	  -50.13 	 
0.380799990	 -0.183 	  -54.11 	 
0.381199990	 -0.186 	  -58.28 	 
0.381599990	 -0.187 	  -62.45 	 
0.381999990	 -0.190 	  -66.65 	 
0.382399990	 -0.193 	  -70.78 	 
0.382799990	 -0.196 	  -74.67 	 
0.383199990	 -0.198 	  -78.09 	 
0.383599990	 -0.201 	  -80.84 	 
0.383999990	 -0.203 	  -83.01 	 
0.384399990	 -0.204 	  -84.49 	 
0.384799990	 -0.205 	  -85.37 	 
0.385199990	 -0.205 	  -85.57 	 
0.385599990	 -0.205 	  -84.93 	 
0.385999990	 -0.205 	  -83.67 	 
0.386399990	 -0.205 	  -81.82 	 
0.386799990	 -0.204 	  -79.64 	 
0.387199990	 -0.203 	  -76.75 	 
0.387599990	 -0.202 	  -72.92 	 
0.387999990	 -0.199 	  -69.02 	 
0.388399990	 -0.197 	  -65.41 	 
0.388799990	 -0.196 	  -61.43 	 
0.389199990	 -0.193 	  -56.93 	 
0.389599990	 -0.190 	  -52.51 	 
0.389999990	 -0.187 	  -48.64 	 
0.390399990	 -0.185 	  -45.46 	 
0.390799990	 -0.182 	  -42.68 	 
0.391199990	 -0.180 	  -40.33 	 
0.391599990	 -0.178 	  -38.66 	 
0.391999990	 -0.177 	  -37.86 	 
0.392399990	 -0.177 	  -37.87 	 
0.392799990	 -0.177 	  -38.71 	 
0.393199990	 -0.176 	  -40.20 	 
0.393599990	 -0.177 	  -42.18 	 
0.393999990	 -0.179 	  -44.62 	 
0.394399990	 -0.180 	  -47.66 	 
0.394799990	 -0.182 	  -51.29 	 
0.395199990	 -0.183 	  -55.28 	 
0.395599990	 -0.187 	  -59.43 	 
0.395999990	 -0.188 	  -63.71 	 
0.396399990	 -0.192 	  -67.94 	 
0.396799990	 -0.195 	  -71.98 	 
0.397199990	 -0.197 	  -75.67 	 
0.397599990	 -0.200 	  -78.90 	 
0.397999990	 -0.201 	  -81.59 	 
0.398399990	 -0.203 	  -83.56 	 
0.398799990	 -0.204 	  -84.85 	 
0.399199990	 -0.205 	  -85.48 	 
0.399599990	 -0.206 	  -85.43 	 
0.399999990	 -0.206 	  -84.67 	 
0.400399990	 -0.205 	  -83.27 	 
0.400799990	 -0.204 	  -81.27 	 
0.401199990	 -0.204 	  -78.84 	 
0.401599990	 -0.202 	  -75.59 	 
0.401999990	 -0.201 	  -71.76 	 
0.402399990	 -0.198 	  -68.18 	 
0.402799990	 -0.197 	  -64.38 	 
0.403199990	 -0.195 	  -60.07 	 
0.403599990	 -0.192 	  -55.56 	 
0.403999990	 -0.189 	  -51.37 	 
0.404399990	 -0.187 	  -47.78 	 
0.404799990	 -0.184 	  -44.71 	 
0.405199990	 -0.182 	  -41.91 	 
0.405599990	 -0.180 	  -39.68 	 
0.405999990	 -0.178 	  -38.25 	 
0.406399990	 -0.177 	  -37.68 	 
0.406799990	 -0.176 	  -37.94 	 
0.407199990	 -0.176 	  -39.05 	 
0.407599990	 -0.177 	  -40.70 	 
0.407999990	 -0.178 	  -42.78 	 
0.408399990	 -0.178 	  -45.37 	 
0.408799990	 -0.180 	  -48.64 	 
0.409199990	 -0.182 	  -52.37 	 
