0.000000000	 -0.573 	  -79.32 	 
0.000200000	 -0.573 	  -78.68 	 
0.000400000	 -0.572 	  -78.03 	 
0.000600000	 -0.572 	  -77.33 	 
0.000800000	 -0.572 	  -76.64 	 
0.001000000	 -0.571 	  -75.90 	 
0.001200000	 -0.570 	  -75.11 	 
0.001400000	 -0.570 	  -74.35 	 
0.001600000	 -0.570 	  -73.58 	 
0.001800000	 -0.569 	  -72.77 	 
0.002000000	 -0.568 	  -71.94 	 
0.002200000	 -0.568 	  -71.11 	 
0.002400000	 -0.567 	  -70.27 	 
0.002600000	 -0.566 	  -69.40 	 
0.002800000	 -0.566 	  -68.56 	 
0.003000000	 -0.565 	  -67.72 	 
0.003200000	 -0.564 	  -66.80 	 
0.003400000	 -0.562 	  -65.83 	 
0.003600000	 -0.562 	  -64.78 	 
0.003800000	 -0.562 	  -63.66 	 
0.004000000	 -0.560 	  -62.56 	 
0.004200000	 -0.560 	  -61.59 	 
0.004400000	 -0.559 	  -60.69 	 
0.004600000	 -0.558 	  -59.77 	 
0.004800000	 -0.557 	  -58.90 	 
0.005000000	 -0.557 	  -57.95 	 
0.005200000	 -0.555 	  -57.07 	 
0.005400000	 -0.555 	  -56.22 	 
0.005600000	 -0.554 	  -55.33 	 
0.005800000	 -0.553 	  -54.40 	 
0.006000000	 -0.552 	  -53.48 	 
0.006200000	 -0.551 	  -52.63 	 
0.006400000	 -0.550 	  -51.73 	 
0.006600000	 -0.549 	  -50.90 	 
0.006800000	 -0.548 	  -50.09 	 
0.007000000	 -0.548 	  -49.32 	 
0.007200000	 -0.547 	  -48.55 	 
0.007400000	 -0.546 	  -47.76 	 
0.007600000	 -0.545 	  -47.06 	 
0.007800000	 -0.543 	  -46.38 	 
0.008000000	 -0.543 	  -45.72 	 
0.008200000	 -0.542 	  -45.08 	 
0.008400000	 -0.541 	  -44.39 	 
0.008600000	 -0.541 	  -43.75 	 
0.008800000	 -0.540 	  -43.14 	 
0.009000000	 -0.539 	  -42.57 	 
0.009200000	 -0.538 	  -42.01 	 
0.009400000	 -0.537 	  -41.51 	 
0.009600000	 -0.537 	  -40.99 	 
0.009800000	 -0.536 	  -40.51 	 
0.010000000	 -0.535 	  -40.05 	 
0.010200000	 -0.534 	  -39.62 	 
0.010400000	 -0.534 	  -39.22 	 
0.010600000	 -0.533 	  -38.81 	 
0.010800000	 -0.533 	  -38.48 	 
0.011000000	 -0.533 	  -38.21 	 
0.011200000	 -0.532 	  -38.03 	 
0.011400000	 -0.531 	  -37.92 	 
0.011600000	 -0.531 	  -37.84 	 
0.011800000	 -0.530 	  -37.79 	 
0.012000000	 -0.530 	  -37.75 	 
0.012200000	 -0.529 	  -37.73 	 
0.012400000	 -0.529 	  -37.71 	 
0.012600000	 -0.529 	  -37.68 	 
0.012800000	 -0.529 	  -37.68 	 
0.013000000	 -0.529 	  -37.73 	 
0.013200000	 -0.529 	  -37.79 	 
0.013400000	 -0.528 	  -37.90 	 
0.013600000	 -0.529 	  -38.04 	 
0.013800000	 -0.529 	  -38.23 	 
0.014000000	 -0.529 	  -38.47 	 
0.014200000	 -0.529 	  -38.75 	 
0.014400000	 -0.529 	  -39.02 	 
0.014600000	 -0.529 	  -39.33 	 
0.014800000	 -0.530 	  -39.67 	 
0.015000000	 -0.530 	  -40.03 	 
0.015200000	 -0.530 	  -40.37 	 
0.015400000	 -0.530 	  -40.78 	 
0.015600000	 -0.530 	  -41.24 	 
0.015800000	 -0.531 	  -41.71 	 
0.016000000	 -0.530 	  -42.26 	 
0.016200000	 -0.531 	  -42.84 	 
0.016400000	 -0.531 	  -43.44 	 
0.016600000	 -0.533 	  -44.06 	 
0.016800000	 -0.533 	  -44.70 	 
0.017000000	 -0.534 	  -45.39 	 
0.017200000	 -0.534 	  -46.05 	 
0.017400000	 -0.535 	  -46.75 	 
0.017600000	 -0.535 	  -47.46 	 
0.017800000	 -0.536 	  -48.21 	 
0.018000000	 -0.536 	  -48.99 	 
0.018200000	 -0.536 	  -49.76 	 
0.018400000	 -0.537 	  -50.57 	 
0.018600000	 -0.538 	  -51.43 	 
0.018800000	 -0.539 	  -52.31 	 
0.019000000	 -0.540 	  -53.21 	 
0.019200000	 -0.541 	  -54.12 	 
0.019400000	 -0.541 	  -55.00 	 
0.019600000	 -0.542 	  -55.90 	 
0.019799999	 -0.544 	  -56.81 	 
0.019999999	 -0.544 	  -57.70 	 
0.020199999	 -0.545 	  -58.61 	 
0.020399999	 -0.546 	  -59.53 	 
0.020599999	 -0.547 	  -60.44 	 
0.020799999	 -0.548 	  -61.36 	 
0.020999999	 -0.548 	  -62.29 	 
0.021199999	 -0.549 	  -63.22 	 
0.021399999	 -0.550 	  -64.15 	 
0.021599999	 -0.552 	  -65.03 	 
0.021799999	 -0.552 	  -65.94 	 
0.021999999	 -0.554 	  -66.83 	 
0.022199999	 -0.554 	  -67.69 	 
0.022399999	 -0.555 	  -68.56 	 
0.022599999	 -0.556 	  -69.42 	 
0.022799999	 -0.557 	  -70.27 	 
0.022999999	 -0.558 	  -71.11 	 
0.023199999	 -0.558 	  -71.95 	 
0.023399999	 -0.560 	  -72.75 	 
0.023599999	 -0.561 	  -73.56 	 
0.023799999	 -0.561 	  -74.35 	 
0.023999999	 -0.562 	  -75.11 	 
0.024199999	 -0.564 	  -75.84 	 
0.024399999	 -0.564 	  -76.56 	 
0.024599999	 -0.565 	  -77.23 	 
0.024799999	 -0.565 	  -77.89 	 
0.024999999	 -0.566 	  -78.50 	 
0.025199999	 -0.566 	  -79.12 	 
0.025399999	 -0.567 	  -79.69 	 
0.025599999	 -0.568 	  -80.29 	 
0.025799999	 -0.569 	  -80.83 	 
0.025999999	 -0.569 	  -81.36 	 
0.026199999	 -0.569 	  -81.85 	 
0.026399999	 -0.571 	  -82.32 	 
0.026599999	 -0.571 	  -82.75 	 
0.026799999	 -0.572 	  -83.13 	 
0.026999999	 -0.572 	  -83.51 	 
0.027199999	 -0.573 	  -83.84 	 
0.027399999	 -0.573 	  -84.12 	 
0.027599999	 -0.573 	  -84.43 	 
0.027799999	 -0.573 	  -84.68 	 
0.027999999	 -0.574 	  -84.90 	 
0.028199999	 -0.574 	  -85.10 	 
0.028399999	 -0.574 	  -85.24 	 
0.028599999	 -0.575 	  -85.35 	 
0.028799999	 -0.575 	  -85.44 	 
0.028999999	 -0.574 	  -85.47 	 
0.029199999	 -0.575 	  -85.49 	 
0.029399999	 -0.575 	  -85.48 	 
0.029599999	 -0.576 	  -85.44 	 
0.029799999	 -0.574 	  -85.35 	 
0.029999999	 -0.575 	  -85.27 	 
0.030199999	 -0.575 	  -85.15 	 
0.030399999	 -0.575 	  -85.00 	 
0.030599999	 -0.575 	  -84.83 	 
0.030799999	 -0.575 	  -84.64 	 
0.030999999	 -0.575 	  -84.38 	 
0.031199999	 -0.576 	  -84.13 	 
0.031399999	 -0.575 	  -83.84 	 
0.031599999	 -0.576 	  -83.49 	 
0.031799999	 -0.575 	  -83.12 	 
0.031999999	 -0.575 	  -82.72 	 
0.032199999	 -0.574 	  -82.28 	 
0.032399999	 -0.574 	  -81.79 	 
0.032599999	 -0.573 	  -81.29 	 
0.032799999	 -0.573 	  -80.77 	 
0.032999999	 -0.573 	  -80.21 	 
0.033199999	 -0.572 	  -79.65 	 
0.033399999	 -0.573 	  -79.07 	 
0.033599999	 -0.573 	  -78.48 	 
0.033799999	 -0.572 	  -77.82 	 
0.033999999	 -0.572 	  -77.13 	 
0.034199999	 -0.571 	  -76.41 	 
0.034399999	 -0.571 	  -75.65 	 
0.034599999	 -0.570 	  -74.86 	 
0.034799999	 -0.570 	  -74.05 	 
0.034999999	 -0.570 	  -73.25 	 
0.035199999	 -0.569 	  -72.42 	 
0.035399999	 -0.568 	  -71.61 	 
0.035599999	 -0.567 	  -70.80 	 
0.035799999	 -0.567 	  -69.96 	 
0.035999999	 -0.566 	  -69.12 	 
0.036199999	 -0.565 	  -68.28 	 
0.036399999	 -0.565 	  -67.44 	 
0.036599999	 -0.563 	  -66.51 	 
0.036799999	 -0.563 	  -65.48 	 
0.036999999	 -0.563 	  -64.41 	 
0.037199999	 -0.562 	  -63.31 	 
0.037399999	 -0.561 	  -62.27 	 
0.037599999	 -0.560 	  -61.26 	 
0.037799999	 -0.559 	  -60.37 	 
0.037999999	 -0.558 	  -59.47 	 
0.038199999	 -0.557 	  -58.61 	 
0.038399999	 -0.556 	  -57.73 	 
0.038599999	 -0.555 	  -56.82 	 
0.038799999	 -0.555 	  -55.89 	 
0.038999999	 -0.554 	  -55.00 	 
0.039199999	 -0.552 	  -54.09 	 
0.039399999	 -0.552 	  -53.22 	 
0.039599999	 -0.551 	  -52.32 	 
0.039799999	 -0.550 	  -51.45 	 
0.039999999	 -0.549 	  -50.61 	 
0.040199999	 -0.548 	  -49.85 	 
0.040399999	 -0.547 	  -49.05 	 
0.040599999	 -0.547 	  -48.30 	 
0.040799999	 -0.546 	  -47.52 	 
0.040999999	 -0.545 	  -46.80 	 
0.041199999	 -0.544 	  -46.08 	 
0.041399999	 -0.543 	  -45.44 	 
0.041599999	 -0.542 	  -44.78 	 
0.041799999	 -0.541 	  -44.13 	 
0.041999999	 -0.540 	  -43.55 	 
0.042199999	 -0.539 	  -42.96 	 
0.042399999	 -0.538 	  -42.38 	 
0.042599999	 -0.537 	  -41.78 	 
0.042799999	 -0.537 	  -41.27 	 
0.042999999	 -0.536 	  -40.77 	 
0.043199999	 -0.536 	  -40.33 	 
0.043399999	 -0.535 	  -39.92 	 
0.043599999	 -0.535 	  -39.53 	 
0.043799999	 -0.534 	  -39.15 	 
0.043999999	 -0.533 	  -38.81 	 
0.044199999	 -0.532 	  -38.54 	 
0.044399999	 -0.532 	  -38.32 	 
0.044599999	 -0.531 	  -38.12 	 
0.044799999	 -0.531 	  -37.97 	 
0.044999999	 -0.530 	  -37.88 	 
0.045199999	 -0.530 	  -37.79 	 
0.045399999	 -0.530 	  -37.73 	 
0.045599999	 -0.529 	  -37.69 	 
0.045799999	 -0.530 	  -37.66 	 
0.045999999	 -0.530 	  -37.66 	 
0.046199999	 -0.529 	  -37.68 	 
0.046399999	 -0.529 	  -37.73 	 
0.046599999	 -0.530 	  -37.84 	 
0.046799999	 -0.529 	  -37.97 	 
0.046999999	 -0.529 	  -38.13 	 
0.047199999	 -0.529 	  -38.35 	 
0.047399999	 -0.529 	  -38.57 	 
0.047599999	 -0.529 	  -38.84 	 
0.047799999	 -0.529 	  -39.15 	 
0.047999999	 -0.530 	  -39.46 	 
0.048199999	 -0.530 	  -39.81 	 
0.048399999	 -0.530 	  -40.14 	 
0.048599999	 -0.530 	  -40.53 	 
0.048799999	 -0.530 	  -40.96 	 
0.048999999	 -0.531 	  -41.43 	 
0.049199999	 -0.531 	  -41.92 	 
0.049399999	 -0.531 	  -42.45 	 
0.049599999	 -0.531 	  -43.03 	 
0.049799999	 -0.532 	  -43.61 	 
0.049999999	 -0.533 	  -44.24 	 
0.050199999	 -0.533 	  -44.89 	 
0.050399999	 -0.533 	  -45.55 	 
0.050599999	 -0.534 	  -46.23 	 
0.050799999	 -0.535 	  -46.93 	 
0.050999999	 -0.534 	  -47.69 	 
0.051199999	 -0.535 	  -48.45 	 
0.051399999	 -0.537 	  -49.22 	 
0.051599999	 -0.537 	  -50.06 	 
0.051799999	 -0.538 	  -50.90 	 
0.051999999	 -0.539 	  -51.75 	 
0.052199999	 -0.540 	  -52.63 	 
0.052399999	 -0.540 	  -53.51 	 
0.052599999	 -0.541 	  -54.38 	 
0.052799999	 -0.541 	  -55.28 	 
0.052999999	 -0.543 	  -56.18 	 
0.053199999	 -0.543 	  -57.07 	 
0.053399999	 -0.545 	  -57.98 	 
0.053599999	 -0.545 	  -58.87 	 
0.053799999	 -0.546 	  -59.78 	 
0.053999999	 -0.546 	  -60.73 	 
0.054199999	 -0.548 	  -61.65 	 
0.054399999	 -0.548 	  -62.57 	 
0.054599999	 -0.549 	  -63.48 	 
0.054799999	 -0.551 	  -64.41 	 
0.054999999	 -0.551 	  -65.31 	 
0.055199999	 -0.553 	  -66.22 	 
0.055399999	 -0.554 	  -67.13 	 
0.055599999	 -0.555 	  -67.99 	 
0.055799999	 -0.556 	  -68.87 	 
0.055999999	 -0.557 	  -69.74 	 
0.056199999	 -0.557 	  -70.58 	 
0.056399999	 -0.558 	  -71.42 	 
0.056599999	 -0.558 	  -72.23 	 
0.056799999	 -0.560 	  -73.05 	 
0.056999999	 -0.560 	  -73.84 	 
0.057199999	 -0.562 	  -74.59 	 
0.057399999	 -0.562 	  -75.35 	 
0.057599999	 -0.563 	  -76.07 	 
0.057799999	 -0.564 	  -76.78 	 
0.057999999	 -0.565 	  -77.44 	 
0.058199999	 -0.565 	  -78.10 	 
0.058399999	 -0.567 	  -78.69 	 
0.058599999	 -0.567 	  -79.33 	 
0.058799999	 -0.568 	  -79.88 	 
0.058999999	 -0.568 	  -80.47 	 
0.059199999	 -0.570 	  -81.04 	 
0.059399998	 -0.570 	  -81.55 	 
0.059599998	 -0.570 	  -82.02 	 
0.059799998	 -0.571 	  -82.50 	 
0.059999998	 -0.571 	  -82.90 	 
0.060199998	 -0.572 	  -83.29 	 
0.060399998	 -0.572 	  -83.66 	 
0.060599998	 -0.573 	  -83.98 	 
0.060799998	 -0.573 	  -84.26 	 
0.060999998	 -0.573 	  -84.54 	 
0.061199998	 -0.574 	  -84.78 	 
0.061399998	 -0.574 	  -84.98 	 
0.061599998	 -0.575 	  -85.15 	 
0.061799998	 -0.574 	  -85.30 	 
0.061999998	 -0.574 	  -85.39 	 
0.062199998	 -0.575 	  -85.46 	 
0.062399998	 -0.574 	  -85.50 	 
0.062599998	 -0.575 	  -85.49 	 
0.062799998	 -0.576 	  -85.48 	 
0.062999998	 -0.576 	  -85.44 	 
0.063199998	 -0.576 	  -85.36 	 
0.063399998	 -0.576 	  -85.25 	 
0.063599998	 -0.576 	  -85.13 	 
0.063799998	 -0.576 	  -84.95 	 
0.063999998	 -0.576 	  -84.78 	 
0.064199998	 -0.576 	  -84.58 	 
0.064399998	 -0.576 	  -84.35 	 
0.064599998	 -0.576 	  -84.08 	 
0.064799998	 -0.576 	  -83.78 	 
0.064999998	 -0.575 	  -83.41 	 
0.065199998	 -0.574 	  -83.01 	 
0.065399998	 -0.574 	  -82.61 	 
0.065599998	 -0.574 	  -82.16 	 
0.065799998	 -0.574 	  -81.67 	 
0.065999998	 -0.573 	  -81.18 	 
0.066199998	 -0.573 	  -80.64 	 
0.066399998	 -0.573 	  -80.06 	 
0.066599998	 -0.572 	  -79.45 	 
0.066799998	 -0.572 	  -78.84 	 
0.066999998	 -0.572 	  -78.22 	 
0.067199998	 -0.572 	  -77.56 	 
0.067399998	 -0.572 	  -76.89 	 
0.067599998	 -0.571 	  -76.19 	 
0.067799998	 -0.570 	  -75.44 	 
0.067999998	 -0.570 	  -74.69 	 
0.068199998	 -0.570 	  -73.88 	 
0.068399998	 -0.569 	  -73.07 	 
0.068599998	 -0.568 	  -72.22 	 
0.068799998	 -0.568 	  -71.37 	 
0.068999998	 -0.567 	  -70.51 	 
0.069199998	 -0.567 	  -69.65 	 
0.069399998	 -0.566 	  -68.80 	 
0.069599998	 -0.565 	  -67.95 	 
0.069799998	 -0.565 	  -67.08 	 
0.069999998	 -0.564 	  -66.10 	 
0.070199998	 -0.564 	  -65.10 	 
0.070399998	 -0.562 	  -64.04 	 
0.070599998	 -0.561 	  -63.02 	 
0.070799998	 -0.560 	  -61.99 	 
0.070999998	 -0.560 	  -61.00 	 
0.071199998	 -0.558 	  -60.06 	 
0.071399998	 -0.557 	  -59.13 	 
0.071599998	 -0.557 	  -58.24 	 
0.071799998	 -0.556 	  -57.33 	 
0.071999998	 -0.555 	  -56.43 	 
0.072199998	 -0.554 	  -55.56 	 
0.072399998	 -0.554 	  -54.66 	 
0.072599998	 -0.552 	  -53.78 	 
0.072799998	 -0.552 	  -52.91 	 
0.072999998	 -0.550 	  -52.10 	 
0.073199998	 -0.549 	  -51.27 	 
0.073399998	 -0.548 	  -50.43 	 
0.073599998	 -0.548 	  -49.64 	 
0.073799998	 -0.547 	  -48.82 	 
0.073999998	 -0.546 	  -48.05 	 
0.074199998	 -0.545 	  -47.33 	 
0.074399998	 -0.544 	  -46.57 	 
0.074599998	 -0.543 	  -45.87 	 
0.074799998	 -0.543 	  -45.22 	 
0.074999998	 -0.542 	  -44.60 	 
0.075199998	 -0.541 	  -43.99 	 
0.075399998	 -0.540 	  -43.38 	 
0.075599998	 -0.540 	  -42.79 	 
0.075799998	 -0.538 	  -42.24 	 
0.075999998	 -0.538 	  -41.76 	 
0.076199998	 -0.537 	  -41.23 	 
0.076399998	 -0.535 	  -40.71 	 
0.076599998	 -0.535 	  -40.18 	 
0.076799998	 -0.534 	  -39.72 	 
0.076999998	 -0.534 	  -39.26 	 
0.077199998	 -0.533 	  -38.89 	 
0.077399998	 -0.533 	  -38.58 	 
0.077599998	 -0.532 	  -38.35 	 
0.077799998	 -0.532 	  -38.19 	 
0.077999998	 -0.531 	  -38.06 	 
0.078199998	 -0.531 	  -37.97 	 
0.078399998	 -0.530 	  -37.93 	 
0.078599998	 -0.531 	  -37.88 	 
0.078799998	 -0.530 	  -37.84 	 
0.078999998	 -0.529 	  -37.79 	 
0.079199998	 -0.529 	  -37.79 	 
0.079399998	 -0.530 	  -37.75 	 
0.079599998	 -0.529 	  -37.79 	 
0.079799998	 -0.530 	  -37.82 	 
0.079999998	 -0.530 	  -37.93 	 
0.080199998	 -0.529 	  -38.06 	 
0.080399998	 -0.529 	  -38.24 	 
0.080599998	 -0.529 	  -38.47 	 
0.080799998	 -0.529 	  -38.72 	 
0.080999998	 -0.529 	  -39.00 	 
0.081199998	 -0.529 	  -39.28 	 
0.081399998	 -0.529 	  -39.58 	 
0.081599998	 -0.529 	  -39.92 	 
0.081799998	 -0.530 	  -40.29 	 
0.081999998	 -0.530 	  -40.69 	 
0.082199998	 -0.531 	  -41.11 	 
0.082399998	 -0.530 	  -41.59 	 
0.082599998	 -0.531 	  -42.10 	 
0.082799998	 -0.531 	  -42.65 	 
0.082999998	 -0.532 	  -43.24 	 
0.083199998	 -0.532 	  -43.87 	 
0.083399998	 -0.532 	  -44.48 	 
0.083599998	 -0.533 	  -45.16 	 
0.083799998	 -0.534 	  -45.84 	 
0.083999998	 -0.534 	  -46.56 	 
0.084199998	 -0.534 	  -47.26 	 
0.084399998	 -0.535 	  -48.00 	 
0.084599998	 -0.536 	  -48.76 	 
0.084799998	 -0.536 	  -49.54 	 
0.084999998	 -0.538 	  -50.35 	 
0.085199998	 -0.539 	  -51.16 	 
0.085399998	 -0.540 	  -52.01 	 
0.085599998	 -0.540 	  -52.87 	 
0.085799998	 -0.540 	  -53.76 	 
0.085999998	 -0.541 	  -54.66 	 
0.086199998	 -0.542 	  -55.55 	 
0.086399998	 -0.543 	  -56.46 	 
0.086599998	 -0.544 	  -57.37 	 
0.086799998	 -0.544 	  -58.29 	 
0.086999998	 -0.545 	  -59.22 	 
0.087199998	 -0.546 	  -60.15 	 
0.087399998	 -0.547 	  -61.09 	 
0.087599998	 -0.548 	  -62.00 	 
0.087799998	 -0.549 	  -62.95 	 
0.087999998	 -0.550 	  -63.86 	 
0.088199998	 -0.550 	  -64.78 	 
0.088399998	 -0.552 	  -65.67 	 
0.088599998	 -0.553 	  -66.54 	 
0.088799998	 -0.554 	  -67.43 	 
0.088999998	 -0.554 	  -68.28 	 
0.089199998	 -0.555 	  -69.14 	 
0.089399998	 -0.555 	  -69.99 	 
0.089599998	 -0.557 	  -70.83 	 
0.089799998	 -0.558 	  -71.67 	 
0.089999998	 -0.559 	  -72.50 	 
0.090199998	 -0.560 	  -73.25 	 
0.090399998	 -0.561 	  -74.06 	 
0.090599998	 -0.561 	  -74.81 	 
0.090799998	 -0.562 	  -75.53 	 
0.090999998	 -0.563 	  -76.21 	 
0.091199998	 -0.565 	  -76.93 	 
0.091399998	 -0.565 	  -77.63 	 
0.091599998	 -0.566 	  -78.29 	 
0.091799998	 -0.566 	  -78.93 	 
0.091999998	 -0.567 	  -79.56 	 
0.092199998	 -0.568 	  -80.15 	 
0.092399998	 -0.569 	  -80.72 	 
0.092599998	 -0.568 	  -81.25 	 
0.092799998	 -0.570 	  -81.73 	 
0.092999998	 -0.571 	  -82.20 	 
0.093199998	 -0.571 	  -82.62 	 
0.093399998	 -0.572 	  -83.04 	 
0.093599998	 -0.572 	  -83.40 	 
0.093799998	 -0.572 	  -83.79 	 
0.093999998	 -0.573 	  -84.10 	 
0.094199998	 -0.573 	  -84.36 	 
0.094399998	 -0.573 	  -84.62 	 
0.094599998	 -0.574 	  -84.84 	 
0.094799998	 -0.574 	  -85.04 	 
0.094999998	 -0.574 	  -85.18 	 
0.095199998	 -0.575 	  -85.33 	 
0.095399998	 -0.575 	  -85.41 	 
0.095599998	 -0.575 	  -85.46 	 
0.095799998	 -0.576 	  -85.47 	 
0.095999998	 -0.576 	  -85.48 	 
0.096199998	 -0.575 	  -85.44 	 
0.096399998	 -0.576 	  -85.37 	 
0.096599998	 -0.576 	  -85.28 	 
0.096799998	 -0.576 	  -85.19 	 
0.096999998	 -0.576 	  -85.07 	 
0.097199998	 -0.575 	  -84.91 	 
0.097399998	 -0.575 	  -84.74 	 
0.097599998	 -0.575 	  -84.56 	 
0.097799998	 -0.575 	  -84.29 	 
0.097999998	 -0.576 	  -84.01 	 
0.098199998	 -0.575 	  -83.68 	 
0.098399998	 -0.576 	  -83.30 	 
0.098599998	 -0.575 	  -82.89 	 
0.098799998	 -0.575 	  -82.45 	 
0.098999997	 -0.574 	  -82.00 	 
0.099199997	 -0.574 	  -81.52 	 
0.099399997	 -0.574 	  -81.03 	 
0.099599997	 -0.573 	  -80.48 	 
0.099799997	 -0.573 	  -79.91 	 
0.099999997	 -0.573 	  -79.31 	 
0.100199997	 -0.572 	  -78.67 	 
0.100399997	 -0.572 	  -78.03 	 
0.100599997	 -0.572 	  -77.34 	 
0.100799997	 -0.572 	  -76.64 	 
0.100999997	 -0.571 	  -75.88 	 
0.101199997	 -0.571 	  -75.14 	 
0.101399997	 -0.570 	  -74.39 	 
0.101599997	 -0.570 	  -73.60 	 
0.101799997	 -0.569 	  -72.79 	 
0.101999997	 -0.568 	  -71.94 	 
0.102199997	 -0.568 	  -71.09 	 
0.102399997	 -0.567 	  -70.24 	 
0.102599997	 -0.567 	  -69.39 	 
0.102799997	 -0.566 	  -68.56 	 
0.102999997	 -0.565 	  -67.70 	 
0.103199997	 -0.564 	  -66.84 	 
0.103399997	 -0.563 	  -65.86 	 
0.103599997	 -0.563 	  -64.79 	 
0.103799997	 -0.562 	  -63.70 	 
0.103999997	 -0.561 	  -62.67 	 
0.104199997	 -0.560 	  -61.65 	 
0.104399997	 -0.559 	  -60.68 	 
0.104599997	 -0.558 	  -59.73 	 
0.104799997	 -0.557 	  -58.85 	 
0.104999997	 -0.556 	  -57.95 	 
0.105199997	 -0.556 	  -57.10 	 
0.105399997	 -0.555 	  -56.19 	 
0.105599997	 -0.554 	  -55.32 	 
0.105799997	 -0.553 	  -54.47 	 
0.105999997	 -0.552 	  -53.60 	 
0.106199997	 -0.551 	  -52.73 	 
0.106399997	 -0.550 	  -51.84 	 
0.106599997	 -0.550 	  -51.00 	 
0.106799997	 -0.549 	  -50.17 	 
0.106999997	 -0.548 	  -49.34 	 
0.107199997	 -0.547 	  -48.52 	 
0.107399997	 -0.546 	  -47.76 	 
0.107599997	 -0.545 	  -47.04 	 
0.107799997	 -0.544 	  -46.31 	 
0.107999997	 -0.543 	  -45.61 	 
0.108199997	 -0.542 	  -44.94 	 
0.108399997	 -0.541 	  -44.32 	 
0.108599997	 -0.540 	  -43.69 	 
0.108799997	 -0.540 	  -43.18 	 
0.108999997	 -0.539 	  -42.59 	 
0.109199997	 -0.538 	  -42.04 	 
0.109399997	 -0.537 	  -41.55 	 
0.109599997	 -0.537 	  -41.07 	 
0.109799997	 -0.536 	  -40.61 	 
0.109999997	 -0.535 	  -40.17 	 
0.110199997	 -0.535 	  -39.75 	 
0.110399997	 -0.534 	  -39.34 	 
0.110599997	 -0.533 	  -38.94 	 
0.110799997	 -0.533 	  -38.59 	 
0.110999997	 -0.532 	  -38.27 	 
0.111199997	 -0.531 	  -38.06 	 
0.111399997	 -0.531 	  -37.90 	 
0.111599997	 -0.530 	  -37.80 	 
0.111799997	 -0.530 	  -37.79 	 
0.111999997	 -0.530 	  -37.75 	 
0.112199997	 -0.530 	  -37.72 	 
0.112399997	 -0.530 	  -37.71 	 
0.112599997	 -0.530 	  -37.68 	 
0.112799997	 -0.530 	  -37.69 	 
0.112999997	 -0.529 	  -37.70 	 
0.113199997	 -0.530 	  -37.77 	 
0.113399997	 -0.529 	  -37.90 	 
0.113599997	 -0.529 	  -38.05 	 
0.113799997	 -0.529 	  -38.23 	 
0.113999997	 -0.529 	  -38.44 	 
0.114199997	 -0.529 	  -38.73 	 
0.114399997	 -0.529 	  -39.02 	 
0.114599997	 -0.530 	  -39.32 	 
0.114799997	 -0.530 	  -39.69 	 
0.114999997	 -0.530 	  -40.07 	 
0.115199997	 -0.531 	  -40.47 	 
0.115399997	 -0.530 	  -40.88 	 
0.115599997	 -0.530 	  -41.33 	 
0.115799997	 -0.531 	  -41.78 	 
0.115999997	 -0.531 	  -42.28 	 
0.116199997	 -0.531 	  -42.83 	 
0.116399997	 -0.532 	  -43.40 	 
0.116599997	 -0.532 	  -44.02 	 
0.116799997	 -0.533 	  -44.67 	 
0.116999997	 -0.533 	  -45.35 	 
0.117199997	 -0.533 	  -46.03 	 
0.117399997	 -0.535 	  -46.76 	 
0.117599997	 -0.535 	  -47.49 	 
0.117799997	 -0.536 	  -48.25 	 
0.117999997	 -0.536 	  -49.00 	 
0.118199997	 -0.536 	  -49.80 	 
0.118399997	 -0.537 	  -50.61 	 
0.118599997	 -0.538 	  -51.47 	 
0.118799997	 -0.539 	  -52.34 	 
0.118999997	 -0.540 	  -53.22 	 
0.119199997	 -0.541 	  -54.12 	 
0.119399997	 -0.542 	  -55.02 	 
0.119599997	 -0.543 	  -55.91 	 
0.119799997	 -0.543 	  -56.80 	 
0.119999997	 -0.544 	  -57.71 	 
0.120199997	 -0.546 	  -58.59 	 
0.120399997	 -0.546 	  -59.52 	 
0.120599997	 -0.547 	  -60.42 	 
0.120799997	 -0.548 	  -61.35 	 
0.120999997	 -0.548 	  -62.31 	 
0.121199997	 -0.549 	  -63.22 	 
0.121399997	 -0.550 	  -64.16 	 
0.121599997	 -0.550 	  -65.08 	 
0.121799997	 -0.552 	  -65.98 	 
0.121999997	 -0.552 	  -66.85 	 
0.122199997	 -0.555 	  -67.73 	 
0.122399997	 -0.555 	  -68.57 	 
0.122599997	 -0.556 	  -69.43 	 
0.122799997	 -0.557 	  -70.29 	 
0.122999997	 -0.558 	  -71.13 	 
0.123199997	 -0.560 	  -71.98 	 
0.123399997	 -0.560 	  -72.80 	 
0.123599997	 -0.560 	  -73.62 	 
0.123799997	 -0.562 	  -74.39 	 
0.123999997	 -0.562 	  -75.14 	 
0.124199997	 -0.563 	  -75.86 	 
0.124399997	 -0.564 	  -76.57 	 
0.124599997	 -0.564 	  -77.25 	 
0.124799997	 -0.565 	  -77.92 	 
0.124999997	 -0.566 	  -78.53 	 
0.125199997	 -0.567 	  -79.15 	 
0.125399997	 -0.567 	  -79.75 	 
0.125599997	 -0.569 	  -80.33 	 
0.125799997	 -0.569 	  -80.88 	 
0.125999997	 -0.570 	  -81.40 	 
0.126199997	 -0.570 	  -81.90 	 
0.126399997	 -0.571 	  -82.35 	 
0.126599997	 -0.571 	  -82.76 	 
0.126799997	 -0.572 	  -83.16 	 
0.126999997	 -0.572 	  -83.51 	 
0.127199997	 -0.573 	  -83.86 	 
0.127399997	 -0.573 	  -84.16 	 
0.127599997	 -0.573 	  -84.45 	 
0.127799997	 -0.574 	  -84.69 	 
0.127999997	 -0.574 	  -84.96 	 
0.128199997	 -0.574 	  -85.15 	 
0.128399997	 -0.575 	  -85.29 	 
0.128599997	 -0.575 	  -85.40 	 
0.128799997	 -0.575 	  -85.44 	 
0.128999997	 -0.575 	  -85.48 	 
0.129199997	 -0.576 	  -85.49 	 
0.129399997	 -0.575 	  -85.48 	 
0.129599997	 -0.575 	  -85.46 	 
0.129799997	 -0.575 	  -85.39 	 
0.129999997	 -0.575 	  -85.30 	 
0.130199997	 -0.575 	  -85.19 	 
0.130399997	 -0.575 	  -85.02 	 
0.130599997	 -0.575 	  -84.84 	 
0.130799997	 -0.575 	  -84.64 	 
0.130999997	 -0.575 	  -84.44 	 
0.131199997	 -0.575 	  -84.15 	 
0.131399997	 -0.575 	  -83.86 	 
0.131599997	 -0.575 	  -83.54 	 
0.131799997	 -0.576 	  -83.20 	 
0.131999997	 -0.575 	  -82.77 	 
0.132199997	 -0.575 	  -82.33 	 
0.132399997	 -0.574 	  -81.86 	 
0.132599997	 -0.574 	  -81.36 	 
0.132799997	 -0.574 	  -80.81 	 
0.132999997	 -0.574 	  -80.24 	 
0.133199997	 -0.573 	  -79.67 	 
0.133399997	 -0.573 	  -79.06 	 
0.133599997	 -0.572 	  -78.45 	 
0.133799997	 -0.572 	  -77.80 	 
0.133999997	 -0.572 	  -77.13 	 
0.134199997	 -0.571 	  -76.43 	 
0.134399997	 -0.570 	  -75.68 	 
0.134599997	 -0.570 	  -74.90 	 
0.134799997	 -0.570 	  -74.10 	 
0.134999997	 -0.569 	  -73.29 	 
0.135199997	 -0.569 	  -72.48 	 
0.135399997	 -0.568 	  -71.67 	 
0.135599997	 -0.567 	  -70.82 	 
0.135799997	 -0.567 	  -69.97 	 
0.135999997	 -0.566 	  -69.13 	 
0.136199997	 -0.566 	  -68.28 	 
0.136399997	 -0.565 	  -67.44 	 
0.136599997	 -0.565 	  -66.53 	 
0.136799997	 -0.563 	  -65.49 	 
0.136999997	 -0.562 	  -64.38 	 
0.137199997	 -0.562 	  -63.33 	 
0.137399997	 -0.560 	  -62.31 	 
0.137599997	 -0.560 	  -61.30 	 
0.137799997	 -0.558 	  -60.30 	 
0.137999997	 -0.557 	  -59.38 	 
0.138199997	 -0.557 	  -58.50 	 
0.138399997	 -0.556 	  -57.65 	 
0.138599996	 -0.555 	  -56.81 	 
0.138799996	 -0.555 	  -55.96 	 
0.138999996	 -0.553 	  -55.13 	 
0.139199996	 -0.552 	  -54.23 	 
0.139399996	 -0.552 	  -53.24 	 
0.139599996	 -0.551 	  -52.34 	 
0.139799996	 -0.550 	  -51.46 	 
0.139999996	 -0.549 	  -50.60 	 
0.140199996	 -0.548 	  -49.79 	 
0.140399996	 -0.548 	  -49.06 	 
0.140599996	 -0.546 	  -48.37 	 
0.140799996	 -0.546 	  -47.63 	 
0.140999996	 -0.544 	  -46.91 	 
0.141199996	 -0.544 	  -46.17 	 
0.141399996	 -0.542 	  -45.43 	 
0.141599996	 -0.542 	  -44.72 	 
0.141799996	 -0.541 	  -44.06 	 
0.141999996	 -0.540 	  -43.46 	 
0.142199996	 -0.540 	  -42.86 	 
0.142399996	 -0.538 	  -42.34 	 
0.142599996	 -0.538 	  -41.80 	 
0.142799996	 -0.537 	  -41.34 	 
0.142999996	 -0.536 	  -40.87 	 
0.143199996	 -0.536 	  -40.46 	 
0.143399996	 -0.535 	  -40.03 	 
0.143599996	 -0.534 	  -39.63 	 
0.143799996	 -0.534 	  -39.21 	 
0.143999996	 -0.533 	  -38.77 	 
0.144199996	 -0.532 	  -38.44 	 
0.144399996	 -0.532 	  -38.12 	 
0.144599996	 -0.531 	  -37.92 	 
0.144799996	 -0.531 	  -37.80 	 
0.144999996	 -0.530 	  -37.72 	 
0.145199996	 -0.530 	  -37.68 	 
0.145399996	 -0.530 	  -37.68 	 
0.145599996	 -0.530 	  -37.68 	 
0.145799996	 -0.530 	  -37.68 	 
0.145999996	 -0.530 	  -37.70 	 
0.146199996	 -0.529 	  -37.72 	 
0.146399996	 -0.529 	  -37.75 	 
0.146599996	 -0.529 	  -37.80 	 
0.146799996	 -0.529 	  -37.90 	 
0.146999996	 -0.529 	  -38.03 	 
0.147199996	 -0.529 	  -38.23 	 
0.147399996	 -0.529 	  -38.48 	 
0.147599996	 -0.529 	  -38.76 	 
0.147799996	 -0.529 	  -39.09 	 
0.147999996	 -0.529 	  -39.48 	 
0.148199996	 -0.529 	  -39.83 	 
0.148399996	 -0.530 	  -40.20 	 
0.148599996	 -0.530 	  -40.57 	 
0.148799996	 -0.530 	  -40.95 	 
0.148999996	 -0.531 	  -41.38 	 
0.149199996	 -0.531 	  -41.84 	 
0.149399996	 -0.531 	  -42.38 	 
0.149599996	 -0.532 	  -42.94 	 
0.149799996	 -0.533 	  -43.55 	 
0.149999996	 -0.533 	  -44.21 	 
0.150199996	 -0.533 	  -44.87 	 
0.150399996	 -0.534 	  -45.56 	 
0.150599996	 -0.534 	  -46.25 	 
0.150799996	 -0.535 	  -46.97 	 
0.150999996	 -0.536 	  -47.70 	 
0.151199996	 -0.536 	  -48.44 	 
0.151399996	 -0.536 	  -49.21 	 
0.151599996	 -0.537 	  -50.02 	 
0.151799996	 -0.538 	  -50.86 	 
0.151999996	 -0.538 	  -51.72 	 
0.152199996	 -0.539 	  -52.62 	 
0.152399996	 -0.540 	  -53.53 	 
0.152599996	 -0.541 	  -54.40 	 
0.152799996	 -0.541 	  -55.32 	 
0.152999996	 -0.543 	  -56.20 	 
0.153199996	 -0.544 	  -57.08 	 
0.153399996	 -0.545 	  -57.95 	 
0.153599996	 -0.545 	  -58.86 	 
0.153799996	 -0.546 	  -59.79 	 
0.153999996	 -0.547 	  -60.72 	 
0.154199996	 -0.548 	  -61.64 	 
0.154399996	 -0.549 	  -62.58 	 
0.154599996	 -0.549 	  -63.50 	 
0.154799996	 -0.550 	  -64.45 	 
0.154999996	 -0.552 	  -65.36 	 
0.155199996	 -0.552 	  -66.27 	 
0.155399996	 -0.553 	  -67.15 	 
0.155599996	 -0.555 	  -68.00 	 
0.155799996	 -0.555 	  -68.86 	 
0.155999996	 -0.556 	  -69.72 	 
0.156199996	 -0.557 	  -70.57 	 
0.156399996	 -0.558 	  -71.41 	 
0.156599996	 -0.560 	  -72.24 	 
0.156799996	 -0.560 	  -73.05 	 
0.156999996	 -0.560 	  -73.84 	 
0.157199996	 -0.561 	  -74.59 	 
0.157399996	 -0.562 	  -75.36 	 
0.157599996	 -0.563 	  -76.08 	 
0.157799996	 -0.563 	  -76.76 	 
0.157999996	 -0.564 	  -77.46 	 
0.158199996	 -0.565 	  -78.11 	 
0.158399996	 -0.567 	  -78.73 	 
0.158599996	 -0.567 	  -79.36 	 
0.158799996	 -0.568 	  -79.94 	 
0.158999996	 -0.569 	  -80.53 	 
0.159199996	 -0.569 	  -81.07 	 
0.159399996	 -0.570 	  -81.59 	 
0.159599996	 -0.570 	  -82.07 	 
0.159799996	 -0.571 	  -82.52 	 
0.159999996	 -0.572 	  -82.94 	 
0.160199996	 -0.572 	  -83.30 	 
0.160399996	 -0.573 	  -83.66 	 
0.160599996	 -0.573 	  -83.99 	 
0.160799996	 -0.573 	  -84.28 	 
0.160999996	 -0.574 	  -84.52 	 
0.161199996	 -0.574 	  -84.78 	 
0.161399996	 -0.575 	  -85.00 	 
0.161599996	 -0.575 	  -85.18 	 
0.161799996	 -0.575 	  -85.32 	 
0.161999996	 -0.576 	  -85.44 	 
0.162199996	 -0.575 	  -85.48 	 
0.162399996	 -0.575 	  -85.52 	 
0.162599996	 -0.576 	  -85.52 	 
0.162799996	 -0.576 	  -85.49 	 
0.162999996	 -0.576 	  -85.45 	 
0.163199996	 -0.576 	  -85.37 	 
0.163399996	 -0.575 	  -85.29 	 
0.163599996	 -0.576 	  -85.14 	 
0.163799996	 -0.575 	  -84.99 	 
0.163999996	 -0.575 	  -84.80 	 
0.164199996	 -0.576 	  -84.59 	 
0.164399996	 -0.576 	  -84.36 	 
0.164599996	 -0.576 	  -84.09 	 
0.164799996	 -0.576 	  -83.77 	 
0.164999996	 -0.575 	  -83.42 	 
0.165199996	 -0.575 	  -83.02 	 
0.165399996	 -0.575 	  -82.60 	 
0.165599996	 -0.575 	  -82.15 	 
0.165799996	 -0.574 	  -81.68 	 
0.165999996	 -0.574 	  -81.16 	 
0.166199996	 -0.574 	  -80.65 	 
0.166399996	 -0.573 	  -80.07 	 
0.166599996	 -0.573 	  -79.48 	 
0.166799996	 -0.573 	  -78.89 	 
0.166999996	 -0.573 	  -78.29 	 
0.167199996	 -0.573 	  -77.63 	 
0.167399996	 -0.572 	  -76.93 	 
0.167599996	 -0.572 	  -76.22 	 
0.167799996	 -0.571 	  -75.46 	 
0.167999996	 -0.570 	  -74.67 	 
0.168199996	 -0.569 	  -73.86 	 
0.168399996	 -0.569 	  -73.04 	 
0.168599996	 -0.568 	  -72.18 	 
0.168799996	 -0.567 	  -71.37 	 
0.168999996	 -0.567 	  -70.52 	 
0.169199996	 -0.567 	  -69.66 	 
0.169399996	 -0.566 	  -68.82 	 
0.169599996	 -0.565 	  -67.98 	 
0.169799996	 -0.565 	  -67.11 	 
0.169999996	 -0.564 	  -66.08 	 
0.170199996	 -0.563 	  -65.05 	 
0.170399996	 -0.563 	  -63.95 	 
0.170599996	 -0.562 	  -62.95 	 
0.170799996	 -0.561 	  -61.90 	 
0.170999996	 -0.560 	  -60.98 	 
0.171199996	 -0.558 	  -60.04 	 
0.171399996	 -0.558 	  -59.16 	 
0.171599996	 -0.556 	  -58.30 	 
0.171799996	 -0.556 	  -57.47 	 
0.171999996	 -0.555 	  -56.60 	 
0.172199996	 -0.554 	  -55.71 	 
0.172399996	 -0.554 	  -54.71 	 
0.172599996	 -0.552 	  -53.79 	 
0.172799996	 -0.551 	  -52.91 	 
0.172999996	 -0.551 	  -52.05 	 
0.173199996	 -0.550 	  -51.16 	 
0.173399996	 -0.549 	  -50.34 	 
0.173599996	 -0.548 	  -49.52 	 
0.173799996	 -0.547 	  -48.75 	 
0.173999996	 -0.545 	  -48.02 	 
0.174199996	 -0.545 	  -47.29 	 
0.174399996	 -0.544 	  -46.55 	 
0.174599996	 -0.543 	  -45.86 	 
0.174799996	 -0.542 	  -45.12 	 
0.174999996	 -0.541 	  -44.47 	 
0.175199996	 -0.540 	  -43.90 	 
0.175399996	 -0.540 	  -43.33 	 
0.175599996	 -0.539 	  -42.79 	 
0.175799996	 -0.539 	  -42.26 	 
0.175999996	 -0.538 	  -41.71 	 
0.176199996	 -0.537 	  -41.18 	 
0.176399996	 -0.536 	  -40.66 	 
0.176599996	 -0.536 	  -40.18 	 
0.176799996	 -0.534 	  -39.74 	 
0.176999996	 -0.534 	  -39.29 	 
0.177199996	 -0.533 	  -38.90 	 
0.177399996	 -0.532 	  -38.57 	 
0.177599996	 -0.532 	  -38.31 	 
0.177799996	 -0.531 	  -38.11 	 
0.177999996	 -0.531 	  -37.97 	 
0.178199995	 -0.530 	  -37.88 	 
0.178399995	 -0.531 	  -37.82 	 
0.178599995	 -0.530 	  -37.81 	 
0.178799995	 -0.530 	  -37.77 	 
0.178999995	 -0.530 	  -37.75 	 
0.179199995	 -0.530 	  -37.75 	 
0.179399995	 -0.530 	  -37.73 	 
0.179599995	 -0.530 	  -37.75 	 
0.179799995	 -0.529 	  -37.79 	 
0.179999995	 -0.530 	  -37.88 	 
0.180199995	 -0.529 	  -38.01 	 
0.180399995	 -0.529 	  -38.18 	 
0.180599995	 -0.529 	  -38.41 	 
0.180799995	 -0.529 	  -38.67 	 
0.180999995	 -0.529 	  -38.95 	 
0.181199995	 -0.529 	  -39.26 	 
0.181399995	 -0.529 	  -39.59 	 
0.181599995	 -0.530 	  -39.92 	 
0.181799995	 -0.530 	  -40.27 	 
0.181999995	 -0.530 	  -40.62 	 
0.182199995	 -0.531 	  -41.06 	 
0.182399995	 -0.531 	  -41.52 	 
0.182599995	 -0.532 	  -42.04 	 
0.182799995	 -0.531 	  -42.60 	 
0.182999995	 -0.533 	  -43.19 	 
0.183199995	 -0.533 	  -43.82 	 
0.183399995	 -0.533 	  -44.48 	 
0.183599995	 -0.533 	  -45.14 	 
0.183799995	 -0.534 	  -45.83 	 
0.183999995	 -0.534 	  -46.51 	 
0.184199995	 -0.535 	  -47.22 	 
0.184399995	 -0.535 	  -47.94 	 
0.184599995	 -0.536 	  -48.69 	 
0.184799995	 -0.537 	  -49.48 	 
0.184999995	 -0.537 	  -50.28 	 
0.185199995	 -0.538 	  -51.14 	 
0.185399995	 -0.539 	  -52.01 	 
0.185599995	 -0.540 	  -52.88 	 
0.185799995	 -0.540 	  -53.77 	 
0.185999995	 -0.541 	  -54.67 	 
0.186199995	 -0.541 	  -55.57 	 
0.186399995	 -0.543 	  -56.46 	 
0.186599995	 -0.544 	  -57.36 	 
0.186799995	 -0.545 	  -58.26 	 
0.186999995	 -0.546 	  -59.18 	 
0.187199995	 -0.546 	  -60.11 	 
0.187399995	 -0.547 	  -61.07 	 
0.187599995	 -0.548 	  -62.02 	 
0.187799995	 -0.549 	  -62.94 	 
0.187999995	 -0.550 	  -63.87 	 
0.188199995	 -0.551 	  -64.77 	 
0.188399995	 -0.552 	  -65.65 	 
0.188599995	 -0.552 	  -66.53 	 
0.188799995	 -0.554 	  -67.38 	 
0.188999995	 -0.554 	  -68.23 	 
0.189199995	 -0.555 	  -69.10 	 
0.189399995	 -0.557 	  -69.96 	 
0.189599995	 -0.557 	  -70.81 	 
0.189799995	 -0.558 	  -71.66 	 
0.189999995	 -0.559 	  -72.48 	 
0.190199995	 -0.560 	  -73.30 	 
0.190399995	 -0.561 	  -74.08 	 
0.190599995	 -0.562 	  -74.84 	 
0.190799995	 -0.563 	  -75.57 	 
0.190999995	 -0.563 	  -76.27 	 
0.191199995	 -0.564 	  -76.94 	 
0.191399995	 -0.565 	  -77.62 	 
0.191599995	 -0.566 	  -78.27 	 
0.191799995	 -0.566 	  -78.90 	 
0.191999995	 -0.567 	  -79.54 	 
0.192199995	 -0.568 	  -80.14 	 
0.192399995	 -0.569 	  -80.72 	 
0.192599995	 -0.570 	  -81.25 	 
0.192799995	 -0.570 	  -81.77 	 
0.192999995	 -0.571 	  -82.21 	 
0.193199995	 -0.571 	  -82.65 	 
0.193399995	 -0.572 	  -83.04 	 
0.193599995	 -0.572 	  -83.42 	 
0.193799995	 -0.572 	  -83.75 	 
0.193999995	 -0.572 	  -84.06 	 
0.194199995	 -0.573 	  -84.36 	 
0.194399995	 -0.573 	  -84.60 	 
0.194599995	 -0.573 	  -84.83 	 
0.194799995	 -0.574 	  -85.05 	 
0.194999995	 -0.574 	  -85.22 	 
0.195199995	 -0.575 	  -85.37 	 
0.195399995	 -0.575 	  -85.45 	 
0.195599995	 -0.575 	  -85.48 	 
0.195799995	 -0.576 	  -85.48 	 
0.195999995	 -0.576 	  -85.46 	 
0.196199995	 -0.575 	  -85.41 	 
0.196399995	 -0.576 	  -85.36 	 
0.196599995	 -0.576 	  -85.29 	 
0.196799995	 -0.576 	  -85.19 	 
0.196999995	 -0.575 	  -85.05 	 
0.197199995	 -0.576 	  -84.90 	 
0.197399995	 -0.576 	  -84.73 	 
0.197599995	 -0.576 	  -84.55 	 
0.197799995	 -0.576 	  -84.30 	 
0.197999995	 -0.576 	  -84.01 	 
0.198199995	 -0.575 	  -83.67 	 
0.198399995	 -0.576 	  -83.33 	 
0.198599995	 -0.575 	  -82.93 	 
0.198799995	 -0.574 	  -82.50 	 
0.198999995	 -0.574 	  -82.02 	 
0.199199995	 -0.574 	  -81.53 	 
0.199399995	 -0.573 	  -81.04 	 
0.199599995	 -0.573 	  -80.49 	 
0.199799995	 -0.573 	  -79.92 	 
0.199999995	 -0.573 	  -79.32 	 
0.200199995	 -0.572 	  -78.69 	 
0.200399995	 -0.572 	  -78.01 	 
0.200599995	 -0.572 	  -77.33 	 
0.200799995	 -0.572 	  -76.64 	 
0.200999995	 -0.571 	  -75.92 	 
0.201199995	 -0.571 	  -75.15 	 
0.201399995	 -0.570 	  -74.40 	 
0.201599995	 -0.570 	  -73.58 	 
0.201799995	 -0.569 	  -72.77 	 
0.201999995	 -0.568 	  -71.94 	 
0.202199995	 -0.567 	  -71.09 	 
0.202399995	 -0.567 	  -70.22 	 
0.202599995	 -0.566 	  -69.36 	 
0.202799995	 -0.565 	  -68.52 	 
0.202999995	 -0.565 	  -67.68 	 
0.203199995	 -0.564 	  -66.76 	 
0.203399995	 -0.563 	  -65.79 	 
0.203599995	 -0.563 	  -64.81 	 
0.203799995	 -0.562 	  -63.78 	 
0.203999995	 -0.562 	  -62.69 	 
0.204199995	 -0.560 	  -61.63 	 
0.204399995	 -0.560 	  -60.69 	 
0.204599995	 -0.558 	  -59.78 	 
