0.000000000	 -0.261 	  -79.21 	 
0.000200000	 -0.260 	  -78.56 	 
0.000400000	 -0.260 	  -77.89 	 
0.000600000	 -0.259 	  -77.20 	 
0.000800000	 -0.259 	  -76.47 	 
0.001000000	 -0.259 	  -75.74 	 
0.001200000	 -0.256 	  -74.98 	 
0.001400000	 -0.256 	  -74.24 	 
0.001600000	 -0.256 	  -73.47 	 
0.001800000	 -0.255 	  -72.70 	 
0.002000000	 -0.253 	  -71.91 	 
0.002200000	 -0.253 	  -71.09 	 
0.002400000	 -0.252 	  -70.28 	 
0.002600000	 -0.251 	  -69.46 	 
0.002800000	 -0.250 	  -68.60 	 
0.003000000	 -0.249 	  -67.68 	 
0.003200000	 -0.248 	  -66.70 	 
0.003400000	 -0.247 	  -65.69 	 
0.003600000	 -0.245 	  -64.66 	 
0.003800000	 -0.244 	  -63.61 	 
0.004000000	 -0.243 	  -62.58 	 
0.004200000	 -0.241 	  -61.55 	 
0.004400000	 -0.239 	  -60.56 	 
0.004600000	 -0.238 	  -59.65 	 
0.004800000	 -0.237 	  -58.75 	 
0.005000000	 -0.235 	  -57.84 	 
0.005200000	 -0.234 	  -56.97 	 
0.005400000	 -0.233 	  -56.09 	 
0.005600000	 -0.231 	  -55.22 	 
0.005800000	 -0.230 	  -54.37 	 
0.006000000	 -0.229 	  -53.53 	 
0.006200000	 -0.227 	  -52.65 	 
0.006400000	 -0.226 	  -51.84 	 
0.006600000	 -0.224 	  -50.98 	 
0.006800000	 -0.223 	  -50.13 	 
0.007000000	 -0.221 	  -49.32 	 
0.007200000	 -0.220 	  -48.51 	 
0.007400000	 -0.218 	  -47.74 	 
0.007600000	 -0.216 	  -46.98 	 
0.007800000	 -0.216 	  -46.28 	 
0.008000000	 -0.214 	  -45.60 	 
0.008200000	 -0.213 	  -44.96 	 
0.008400000	 -0.211 	  -44.34 	 
0.008600000	 -0.209 	  -43.75 	 
0.008800000	 -0.208 	  -43.14 	 
0.009000000	 -0.207 	  -42.60 	 
0.009200000	 -0.206 	  -42.09 	 
0.009400000	 -0.205 	  -41.60 	 
0.009600000	 -0.203 	  -41.20 	 
0.009800000	 -0.202 	  -40.77 	 
0.010000000	 -0.201 	  -40.35 	 
0.010200000	 -0.200 	  -39.96 	 
0.010400000	 -0.200 	  -39.55 	 
0.010600000	 -0.198 	  -39.17 	 
0.010800000	 -0.198 	  -38.80 	 
0.011000000	 -0.197 	  -38.49 	 
0.011200000	 -0.196 	  -38.24 	 
0.011400000	 -0.195 	  -38.03 	 
0.011600000	 -0.194 	  -37.90 	 
0.011800000	 -0.193 	  -37.80 	 
0.012000000	 -0.193 	  -37.76 	 
0.012200000	 -0.192 	  -37.76 	 
0.012400000	 -0.192 	  -37.79 	 
0.012600000	 -0.192 	  -37.83 	 
0.012800000	 -0.192 	  -37.91 	 
0.013000000	 -0.191 	  -38.03 	 
0.013200000	 -0.192 	  -38.14 	 
0.013400000	 -0.191 	  -38.26 	 
0.013600000	 -0.191 	  -38.43 	 
0.013800000	 -0.192 	  -38.60 	 
0.014000000	 -0.191 	  -38.78 	 
0.014200000	 -0.191 	  -39.03 	 
0.014400000	 -0.192 	  -39.29 	 
0.014600000	 -0.193 	  -39.57 	 
0.014800000	 -0.192 	  -39.89 	 
0.015000000	 -0.193 	  -40.22 	 
0.015200000	 -0.193 	  -40.62 	 
0.015400000	 -0.193 	  -41.04 	 
0.015600000	 -0.194 	  -41.52 	 
0.015800000	 -0.194 	  -42.01 	 
0.016000000	 -0.194 	  -42.53 	 
0.016200000	 -0.196 	  -43.05 	 
0.016400000	 -0.196 	  -43.65 	 
0.016600000	 -0.197 	  -44.26 	 
0.016800000	 -0.197 	  -44.88 	 
0.017000000	 -0.198 	  -45.57 	 
0.017200000	 -0.199 	  -46.25 	 
0.017400000	 -0.199 	  -46.99 	 
0.017600000	 -0.201 	  -47.72 	 
0.017800000	 -0.201 	  -48.50 	 
0.018000000	 -0.203 	  -49.29 	 
0.018200000	 -0.204 	  -50.09 	 
0.018400000	 -0.204 	  -50.88 	 
0.018600000	 -0.206 	  -51.66 	 
0.018800000	 -0.207 	  -52.49 	 
0.019000000	 -0.208 	  -53.29 	 
0.019200000	 -0.209 	  -54.14 	 
0.019400000	 -0.210 	  -54.99 	 
0.019600000	 -0.211 	  -55.86 	 
0.019799999	 -0.213 	  -56.75 	 
0.019999999	 -0.214 	  -57.69 	 
0.020199999	 -0.216 	  -58.63 	 
0.020399999	 -0.217 	  -59.60 	 
0.020599999	 -0.219 	  -60.59 	 
0.020799999	 -0.219 	  -61.55 	 
0.020999999	 -0.222 	  -62.52 	 
0.021199999	 -0.223 	  -63.48 	 
0.021399999	 -0.225 	  -64.42 	 
0.021599999	 -0.226 	  -65.35 	 
0.021799999	 -0.228 	  -66.26 	 
0.021999999	 -0.230 	  -67.13 	 
0.022199999	 -0.231 	  -67.98 	 
0.022399999	 -0.233 	  -68.82 	 
0.022599999	 -0.233 	  -69.64 	 
0.022799999	 -0.235 	  -70.45 	 
0.022999999	 -0.236 	  -71.25 	 
0.023199999	 -0.238 	  -72.03 	 
0.023399999	 -0.239 	  -72.86 	 
0.023599999	 -0.240 	  -73.65 	 
0.023799999	 -0.242 	  -74.43 	 
0.023999999	 -0.243 	  -75.18 	 
0.024199999	 -0.244 	  -75.93 	 
0.024399999	 -0.246 	  -76.67 	 
0.024599999	 -0.247 	  -77.38 	 
0.024799999	 -0.248 	  -78.06 	 
0.024999999	 -0.250 	  -78.69 	 
0.025199999	 -0.251 	  -79.31 	 
0.025399999	 -0.252 	  -79.91 	 
0.025599999	 -0.252 	  -80.46 	 
0.025799999	 -0.254 	  -80.99 	 
0.025999999	 -0.255 	  -81.47 	 
0.026199999	 -0.256 	  -81.94 	 
0.026399999	 -0.256 	  -82.35 	 
0.026599999	 -0.257 	  -82.74 	 
0.026799999	 -0.258 	  -83.13 	 
0.026999999	 -0.259 	  -83.51 	 
0.027199999	 -0.259 	  -83.86 	 
0.027399999	 -0.260 	  -84.23 	 
0.027599999	 -0.261 	  -84.56 	 
0.027799999	 -0.261 	  -84.84 	 
0.027999999	 -0.263 	  -85.08 	 
0.028199999	 -0.262 	  -85.26 	 
0.028399999	 -0.264 	  -85.39 	 
0.028599999	 -0.264 	  -85.48 	 
0.028799999	 -0.264 	  -85.52 	 
0.028999999	 -0.264 	  -85.53 	 
0.029199999	 -0.265 	  -85.48 	 
0.029399999	 -0.265 	  -85.46 	 
0.029599999	 -0.264 	  -85.39 	 
0.029799999	 -0.265 	  -85.32 	 
0.029999999	 -0.265 	  -85.21 	 
0.030199999	 -0.265 	  -85.08 	 
0.030399999	 -0.265 	  -84.93 	 
0.030599999	 -0.265 	  -84.77 	 
0.030799999	 -0.266 	  -84.56 	 
0.030999999	 -0.265 	  -84.33 	 
0.031199999	 -0.265 	  -84.08 	 
0.031399999	 -0.264 	  -83.78 	 
0.031599999	 -0.264 	  -83.42 	 
0.031799999	 -0.264 	  -83.05 	 
0.031999999	 -0.264 	  -82.65 	 
0.032199999	 -0.263 	  -82.18 	 
0.032399999	 -0.263 	  -81.71 	 
0.032599999	 -0.263 	  -81.21 	 
0.032799999	 -0.262 	  -80.70 	 
0.032999999	 -0.262 	  -80.16 	 
0.033199999	 -0.261 	  -79.57 	 
0.033399999	 -0.261 	  -78.97 	 
0.033599999	 -0.260 	  -78.33 	 
0.033799999	 -0.260 	  -77.67 	 
0.033999999	 -0.259 	  -76.99 	 
0.034199999	 -0.258 	  -76.27 	 
0.034399999	 -0.257 	  -75.53 	 
0.034599999	 -0.257 	  -74.77 	 
0.034799999	 -0.256 	  -73.98 	 
0.034999999	 -0.255 	  -73.18 	 
0.035199999	 -0.255 	  -72.39 	 
0.035399999	 -0.253 	  -71.56 	 
0.035599999	 -0.252 	  -70.75 	 
0.035799999	 -0.252 	  -69.92 	 
0.035999999	 -0.250 	  -69.10 	 
0.036199999	 -0.250 	  -68.30 	 
0.036399999	 -0.248 	  -67.39 	 
0.036599999	 -0.247 	  -66.48 	 
0.036799999	 -0.246 	  -65.43 	 
0.036999999	 -0.245 	  -64.35 	 
0.037199999	 -0.243 	  -63.34 	 
0.037399999	 -0.242 	  -62.27 	 
0.037599999	 -0.241 	  -61.24 	 
0.037799999	 -0.238 	  -60.24 	 
0.037999999	 -0.238 	  -59.28 	 
0.038199999	 -0.235 	  -58.34 	 
0.038399999	 -0.235 	  -57.45 	 
0.038599999	 -0.234 	  -56.57 	 
0.038799999	 -0.232 	  -55.73 	 
0.038999999	 -0.230 	  -54.89 	 
0.039199999	 -0.229 	  -54.05 	 
0.039399999	 -0.228 	  -53.21 	 
0.039599999	 -0.226 	  -52.38 	 
0.039799999	 -0.225 	  -51.55 	 
0.039999999	 -0.223 	  -50.73 	 
0.040199999	 -0.222 	  -49.89 	 
0.040399999	 -0.220 	  -49.12 	 
0.040599999	 -0.219 	  -48.31 	 
0.040799999	 -0.218 	  -47.55 	 
0.040999999	 -0.216 	  -46.80 	 
0.041199999	 -0.215 	  -46.06 	 
0.041399999	 -0.213 	  -45.38 	 
0.041599999	 -0.212 	  -44.72 	 
0.041799999	 -0.210 	  -44.10 	 
0.041999999	 -0.209 	  -43.51 	 
0.042199999	 -0.208 	  -42.96 	 
0.042399999	 -0.206 	  -42.43 	 
0.042599999	 -0.205 	  -41.92 	 
0.042799999	 -0.204 	  -41.44 	 
0.042999999	 -0.203 	  -40.99 	 
0.043199999	 -0.202 	  -40.55 	 
0.043399999	 -0.201 	  -40.16 	 
0.043599999	 -0.200 	  -39.80 	 
0.043799999	 -0.199 	  -39.44 	 
0.043999999	 -0.198 	  -39.09 	 
0.044199999	 -0.197 	  -38.74 	 
0.044399999	 -0.196 	  -38.43 	 
0.044599999	 -0.196 	  -38.17 	 
0.044799999	 -0.194 	  -37.95 	 
0.044999999	 -0.194 	  -37.82 	 
0.045199999	 -0.193 	  -37.72 	 
0.045399999	 -0.193 	  -37.70 	 
0.045599999	 -0.192 	  -37.70 	 
0.045799999	 -0.193 	  -37.75 	 
0.045999999	 -0.192 	  -37.79 	 
0.046199999	 -0.192 	  -37.88 	 
0.046399999	 -0.192 	  -37.99 	 
0.046599999	 -0.191 	  -38.11 	 
0.046799999	 -0.191 	  -38.27 	 
0.046999999	 -0.191 	  -38.42 	 
0.047199999	 -0.191 	  -38.62 	 
0.047399999	 -0.191 	  -38.85 	 
0.047599999	 -0.192 	  -39.10 	 
0.047799999	 -0.192 	  -39.36 	 
0.047999999	 -0.192 	  -39.69 	 
0.048199999	 -0.192 	  -40.00 	 
0.048399999	 -0.193 	  -40.36 	 
0.048599999	 -0.193 	  -40.76 	 
0.048799999	 -0.193 	  -41.23 	 
0.048999999	 -0.194 	  -41.69 	 
0.049199999	 -0.194 	  -42.23 	 
0.049399999	 -0.195 	  -42.77 	 
0.049599999	 -0.196 	  -43.34 	 
0.049799999	 -0.196 	  -43.93 	 
0.049999999	 -0.197 	  -44.52 	 
0.050199999	 -0.197 	  -45.13 	 
0.050399999	 -0.198 	  -45.80 	 
0.050599999	 -0.199 	  -46.46 	 
0.050799999	 -0.201 	  -47.18 	 
0.050999999	 -0.201 	  -47.91 	 
0.051199999	 -0.202 	  -48.67 	 
0.051399999	 -0.203 	  -49.44 	 
0.051599999	 -0.204 	  -50.26 	 
0.051799999	 -0.205 	  -51.10 	 
0.051999999	 -0.207 	  -51.94 	 
0.052199999	 -0.207 	  -52.78 	 
0.052399999	 -0.208 	  -53.66 	 
0.052599999	 -0.210 	  -54.53 	 
0.052799999	 -0.210 	  -55.40 	 
0.052999999	 -0.212 	  -56.31 	 
0.053199999	 -0.214 	  -57.19 	 
0.053399999	 -0.215 	  -58.11 	 
0.053599999	 -0.217 	  -59.02 	 
0.053799999	 -0.218 	  -59.95 	 
0.053999999	 -0.219 	  -60.87 	 
0.054199999	 -0.220 	  -61.81 	 
0.054399999	 -0.223 	  -62.73 	 
0.054599999	 -0.224 	  -63.70 	 
0.054799999	 -0.225 	  -64.62 	 
0.054999999	 -0.226 	  -65.51 	 
0.055199999	 -0.229 	  -66.42 	 
0.055399999	 -0.229 	  -67.31 	 
0.055599999	 -0.231 	  -68.19 	 
0.055799999	 -0.232 	  -69.04 	 
0.055999999	 -0.234 	  -69.88 	 
0.056199999	 -0.235 	  -70.71 	 
0.056399999	 -0.237 	  -71.53 	 
0.056599999	 -0.238 	  -72.33 	 
0.056799999	 -0.240 	  -73.14 	 
0.056999999	 -0.241 	  -73.92 	 
0.057199999	 -0.242 	  -74.68 	 
0.057399999	 -0.244 	  -75.43 	 
0.057599999	 -0.245 	  -76.17 	 
0.057799999	 -0.246 	  -76.87 	 
0.057999999	 -0.248 	  -77.58 	 
0.058199999	 -0.249 	  -78.25 	 
0.058399999	 -0.250 	  -78.90 	 
0.058599999	 -0.250 	  -79.48 	 
0.058799999	 -0.251 	  -80.07 	 
0.058999999	 -0.253 	  -80.60 	 
0.059199999	 -0.254 	  -81.10 	 
0.059399998	 -0.256 	  -81.58 	 
0.059599998	 -0.256 	  -82.06 	 
0.059799998	 -0.257 	  -82.48 	 
0.059999998	 -0.257 	  -82.88 	 
0.060199998	 -0.258 	  -83.27 	 
0.060399998	 -0.259 	  -83.62 	 
0.060599998	 -0.260 	  -83.97 	 
0.060799998	 -0.260 	  -84.27 	 
0.060999998	 -0.261 	  -84.54 	 
0.061199998	 -0.262 	  -84.79 	 
0.061399998	 -0.262 	  -84.99 	 
0.061599998	 -0.263 	  -85.15 	 
0.061799998	 -0.263 	  -85.28 	 
0.061999998	 -0.264 	  -85.37 	 
0.062199998	 -0.264 	  -85.41 	 
0.062399998	 -0.264 	  -85.40 	 
0.062599998	 -0.264 	  -85.38 	 
0.062799998	 -0.265 	  -85.33 	 
0.062999998	 -0.265 	  -85.30 	 
0.063199998	 -0.264 	  -85.19 	 
0.063399998	 -0.266 	  -85.11 	 
0.063599998	 -0.264 	  -84.99 	 
0.063799998	 -0.265 	  -84.84 	 
0.063999998	 -0.266 	  -84.65 	 
0.064199998	 -0.265 	  -84.44 	 
0.064399998	 -0.265 	  -84.19 	 
0.064599998	 -0.264 	  -83.89 	 
0.064799998	 -0.265 	  -83.57 	 
0.064999998	 -0.265 	  -83.22 	 
0.065199998	 -0.264 	  -82.85 	 
0.065399998	 -0.264 	  -82.43 	 
0.065599998	 -0.263 	  -81.99 	 
0.065799998	 -0.264 	  -81.55 	 
0.065999998	 -0.262 	  -81.05 	 
0.066199998	 -0.262 	  -80.55 	 
0.066399998	 -0.262 	  -79.96 	 
0.066599998	 -0.261 	  -79.36 	 
0.066799998	 -0.261 	  -78.75 	 
0.066999998	 -0.260 	  -78.07 	 
0.067199998	 -0.259 	  -77.39 	 
0.067399998	 -0.258 	  -76.68 	 
0.067599998	 -0.258 	  -75.96 	 
0.067799998	 -0.257 	  -75.24 	 
0.067999998	 -0.256 	  -74.47 	 
0.068199998	 -0.256 	  -73.71 	 
0.068399998	 -0.255 	  -72.91 	 
0.068599998	 -0.254 	  -72.11 	 
0.068799998	 -0.253 	  -71.32 	 
0.068999998	 -0.252 	  -70.50 	 
0.069199998	 -0.251 	  -69.68 	 
0.069399998	 -0.251 	  -68.83 	 
0.069599998	 -0.249 	  -67.95 	 
0.069799998	 -0.247 	  -67.00 	 
0.069999998	 -0.247 	  -66.02 	 
0.070199998	 -0.246 	  -64.97 	 
0.070399998	 -0.244 	  -63.95 	 
0.070599998	 -0.243 	  -62.88 	 
0.070799998	 -0.242 	  -61.90 	 
0.070999998	 -0.240 	  -60.90 	 
0.071199998	 -0.239 	  -59.94 	 
0.071399998	 -0.237 	  -58.99 	 
0.071599998	 -0.236 	  -58.06 	 
0.071799998	 -0.234 	  -57.16 	 
0.071999998	 -0.233 	  -56.25 	 
0.072199998	 -0.232 	  -55.38 	 
0.072399998	 -0.230 	  -54.51 	 
0.072599998	 -0.228 	  -53.68 	 
0.072799998	 -0.227 	  -52.85 	 
0.072999998	 -0.226 	  -52.04 	 
0.073199998	 -0.224 	  -51.23 	 
0.073399998	 -0.223 	  -50.39 	 
0.073599998	 -0.221 	  -49.58 	 
0.073799998	 -0.220 	  -48.77 	 
0.073999998	 -0.218 	  -47.96 	 
0.074199998	 -0.217 	  -47.22 	 
0.074399998	 -0.215 	  -46.47 	 
0.074599998	 -0.214 	  -45.77 	 
0.074799998	 -0.213 	  -45.08 	 
0.074999998	 -0.211 	  -44.43 	 
0.075199998	 -0.210 	  -43.84 	 
0.075399998	 -0.208 	  -43.25 	 
0.075599998	 -0.207 	  -42.70 	 
0.075799998	 -0.206 	  -42.19 	 
0.075999998	 -0.204 	  -41.67 	 
0.076199998	 -0.204 	  -41.22 	 
0.076399998	 -0.202 	  -40.75 	 
0.076599998	 -0.202 	  -40.36 	 
0.076799998	 -0.201 	  -39.94 	 
0.076999998	 -0.200 	  -39.56 	 
0.077199998	 -0.199 	  -39.19 	 
0.077399998	 -0.198 	  -38.86 	 
0.077599998	 -0.197 	  -38.52 	 
0.077799998	 -0.196 	  -38.23 	 
0.077999998	 -0.196 	  -38.04 	 
0.078199998	 -0.194 	  -37.87 	 
0.078399998	 -0.194 	  -37.76 	 
0.078599998	 -0.193 	  -37.71 	 
0.078799998	 -0.193 	  -37.70 	 
0.078999998	 -0.192 	  -37.70 	 
0.079199998	 -0.192 	  -37.77 	 
0.079399998	 -0.191 	  -37.81 	 
0.079599998	 -0.192 	  -37.88 	 
0.079799998	 -0.192 	  -37.95 	 
0.079999998	 -0.191 	  -38.08 	 
0.080199998	 -0.191 	  -38.23 	 
0.080399998	 -0.191 	  -38.39 	 
0.080599998	 -0.191 	  -38.61 	 
0.080799998	 -0.191 	  -38.83 	 
0.080999998	 -0.192 	  -39.10 	 
0.081199998	 -0.191 	  -39.37 	 
0.081399998	 -0.192 	  -39.70 	 
0.081599998	 -0.192 	  -40.06 	 
0.081799998	 -0.193 	  -40.46 	 
0.081999998	 -0.193 	  -40.88 	 
0.082199998	 -0.193 	  -41.32 	 
0.082399998	 -0.194 	  -41.82 	 
0.082599998	 -0.194 	  -42.31 	 
0.082799998	 -0.195 	  -42.83 	 
0.082999998	 -0.196 	  -43.38 	 
0.083199998	 -0.195 	  -43.98 	 
0.083399998	 -0.197 	  -44.57 	 
0.083599998	 -0.197 	  -45.22 	 
0.083799998	 -0.198 	  -45.89 	 
0.083999998	 -0.200 	  -46.62 	 
0.084199998	 -0.201 	  -47.35 	 
0.084399998	 -0.201 	  -48.10 	 
0.084599998	 -0.202 	  -48.88 	 
0.084799998	 -0.203 	  -49.69 	 
0.084999998	 -0.204 	  -50.50 	 
0.085199998	 -0.205 	  -51.31 	 
0.085399998	 -0.207 	  -52.12 	 
0.085599998	 -0.208 	  -52.96 	 
0.085799998	 -0.208 	  -53.80 	 
0.085999998	 -0.209 	  -54.66 	 
0.086199998	 -0.211 	  -55.55 	 
0.086399998	 -0.212 	  -56.44 	 
0.086599998	 -0.214 	  -57.35 	 
0.086799998	 -0.215 	  -58.27 	 
0.086999998	 -0.217 	  -59.22 	 
0.087199998	 -0.218 	  -60.20 	 
0.087399998	 -0.220 	  -61.17 	 
0.087599998	 -0.221 	  -62.14 	 
0.087799998	 -0.222 	  -63.11 	 
0.087999998	 -0.224 	  -64.07 	 
0.088199998	 -0.226 	  -64.99 	 
0.088399998	 -0.228 	  -65.91 	 
0.088599998	 -0.229 	  -66.80 	 
0.088799998	 -0.231 	  -67.66 	 
0.088999998	 -0.232 	  -68.52 	 
0.089199998	 -0.233 	  -69.32 	 
0.089399998	 -0.235 	  -70.14 	 
0.089599998	 -0.236 	  -70.95 	 
0.089799998	 -0.238 	  -71.77 	 
0.089999998	 -0.239 	  -72.55 	 
0.090199998	 -0.240 	  -73.35 	 
0.090399998	 -0.241 	  -74.15 	 
0.090599998	 -0.243 	  -74.92 	 
0.090799998	 -0.244 	  -75.67 	 
0.090999998	 -0.245 	  -76.42 	 
0.091199998	 -0.246 	  -77.11 	 
0.091399998	 -0.248 	  -77.81 	 
0.091599998	 -0.249 	  -78.43 	 
0.091799998	 -0.250 	  -79.05 	 
0.091999998	 -0.251 	  -79.62 	 
0.092199998	 -0.252 	  -80.19 	 
0.092399998	 -0.253 	  -80.74 	 
0.092599998	 -0.255 	  -81.26 	 
0.092799998	 -0.255 	  -81.78 	 
0.092999998	 -0.256 	  -82.23 	 
0.093199998	 -0.257 	  -82.65 	 
0.093399998	 -0.258 	  -83.04 	 
0.093599998	 -0.259 	  -83.40 	 
0.093799998	 -0.259 	  -83.74 	 
0.093999998	 -0.260 	  -84.05 	 
0.094199998	 -0.261 	  -84.33 	 
0.094399998	 -0.261 	  -84.60 	 
0.094599998	 -0.262 	  -84.84 	 
0.094799998	 -0.262 	  -85.05 	 
0.094999998	 -0.263 	  -85.22 	 
0.095199998	 -0.264 	  -85.36 	 
0.095399998	 -0.264 	  -85.46 	 
0.095599998	 -0.264 	  -85.52 	 
0.095799998	 -0.264 	  -85.52 	 
0.095999998	 -0.265 	  -85.52 	 
0.096199998	 -0.265 	  -85.48 	 
0.096399998	 -0.265 	  -85.37 	 
0.096599998	 -0.266 	  -85.25 	 
0.096799998	 -0.265 	  -85.11 	 
0.096999998	 -0.265 	  -84.94 	 
0.097199998	 -0.265 	  -84.75 	 
0.097399998	 -0.265 	  -84.56 	 
0.097599998	 -0.264 	  -84.34 	 
0.097799998	 -0.265 	  -84.08 	 
0.097999998	 -0.265 	  -83.79 	 
0.098199998	 -0.264 	  -83.49 	 
0.098399998	 -0.264 	  -83.13 	 
0.098599998	 -0.264 	  -82.75 	 
0.098799998	 -0.263 	  -82.30 	 
0.098999997	 -0.263 	  -81.84 	 
0.099199997	 -0.263 	  -81.34 	 
0.099399997	 -0.263 	  -80.81 	 
0.099599997	 -0.261 	  -80.25 	 
0.099799997	 -0.261 	  -79.67 	 
0.099999997	 -0.261 	  -79.08 	 
0.100199997	 -0.260 	  -78.46 	 
0.100399997	 -0.260 	  -77.81 	 
0.100599997	 -0.259 	  -77.15 	 
0.100799997	 -0.258 	  -76.45 	 
0.100999997	 -0.258 	  -75.73 	 
0.101199997	 -0.257 	  -74.98 	 
0.101399997	 -0.256 	  -74.21 	 
0.101599997	 -0.256 	  -73.41 	 
0.101799997	 -0.255 	  -72.60 	 
0.101999997	 -0.253 	  -71.81 	 
0.102199997	 -0.253 	  -70.95 	 
0.102399997	 -0.252 	  -70.14 	 
0.102599997	 -0.251 	  -69.32 	 
0.102799997	 -0.249 	  -68.49 	 
0.102999997	 -0.248 	  -67.60 	 
0.103199997	 -0.247 	  -66.65 	 
0.103399997	 -0.246 	  -65.62 	 
0.103599997	 -0.245 	  -64.55 	 
0.103799997	 -0.244 	  -63.54 	 
0.103999997	 -0.243 	  -62.49 	 
0.104199997	 -0.241 	  -61.51 	 
0.104399997	 -0.239 	  -60.52 	 
0.104599997	 -0.238 	  -59.61 	 
0.104799997	 -0.236 	  -58.68 	 
0.104999997	 -0.235 	  -57.79 	 
0.105199997	 -0.234 	  -56.88 	 
0.105399997	 -0.233 	  -55.96 	 
0.105599997	 -0.231 	  -55.10 	 
0.105799997	 -0.229 	  -54.23 	 
0.105999997	 -0.228 	  -53.39 	 
0.106199997	 -0.226 	  -52.58 	 
0.106399997	 -0.226 	  -51.77 	 
0.106599997	 -0.224 	  -50.94 	 
0.106799997	 -0.222 	  -50.11 	 
0.106999997	 -0.221 	  -49.27 	 
0.107199997	 -0.220 	  -48.46 	 
0.107399997	 -0.218 	  -47.68 	 
0.107599997	 -0.216 	  -46.93 	 
0.107799997	 -0.215 	  -46.23 	 
0.107999997	 -0.214 	  -45.54 	 
0.108199997	 -0.212 	  -44.89 	 
0.108399997	 -0.211 	  -44.27 	 
0.108599997	 -0.209 	  -43.69 	 
0.108799997	 -0.208 	  -43.12 	 
0.108999997	 -0.207 	  -42.55 	 
0.109199997	 -0.206 	  -42.02 	 
0.109399997	 -0.205 	  -41.52 	 
0.109599997	 -0.203 	  -41.08 	 
0.109799997	 -0.203 	  -40.66 	 
0.109999997	 -0.201 	  -40.29 	 
0.110199997	 -0.201 	  -39.94 	 
0.110399997	 -0.200 	  -39.59 	 
0.110599997	 -0.199 	  -39.25 	 
0.110799997	 -0.198 	  -38.87 	 
0.110999997	 -0.197 	  -38.54 	 
0.111199997	 -0.196 	  -38.21 	 
0.111399997	 -0.196 	  -37.96 	 
0.111599997	 -0.194 	  -37.76 	 
0.111799997	 -0.194 	  -37.64 	 
0.111999997	 -0.192 	  -37.57 	 
0.112199997	 -0.193 	  -37.55 	 
0.112399997	 -0.192 	  -37.58 	 
0.112599997	 -0.192 	  -37.64 	 
0.112799997	 -0.191 	  -37.74 	 
0.112999997	 -0.192 	  -37.86 	 
0.113199997	 -0.191 	  -37.98 	 
0.113399997	 -0.191 	  -38.14 	 
0.113599997	 -0.191 	  -38.31 	 
0.113799997	 -0.191 	  -38.52 	 
0.113999997	 -0.191 	  -38.75 	 
0.114199997	 -0.192 	  -39.00 	 
0.114399997	 -0.191 	  -39.23 	 
0.114599997	 -0.192 	  -39.50 	 
0.114799997	 -0.192 	  -39.81 	 
0.114999997	 -0.193 	  -40.15 	 
0.115199997	 -0.192 	  -40.53 	 
0.115399997	 -0.193 	  -40.93 	 
0.115599997	 -0.194 	  -41.39 	 
0.115799997	 -0.194 	  -41.88 	 
0.115999997	 -0.194 	  -42.43 	 
0.116199997	 -0.195 	  -43.00 	 
0.116399997	 -0.196 	  -43.63 	 
0.116599997	 -0.197 	  -44.25 	 
0.116799997	 -0.197 	  -44.90 	 
0.116999997	 -0.198 	  -45.57 	 
0.117199997	 -0.199 	  -46.24 	 
0.117399997	 -0.200 	  -46.93 	 
0.117599997	 -0.200 	  -47.66 	 
0.117799997	 -0.201 	  -48.44 	 
0.117999997	 -0.203 	  -49.19 	 
0.118199997	 -0.203 	  -49.98 	 
0.118399997	 -0.204 	  -50.78 	 
0.118599997	 -0.205 	  -51.59 	 
0.118799997	 -0.206 	  -52.41 	 
0.118999997	 -0.207 	  -53.24 	 
0.119199997	 -0.209 	  -54.12 	 
0.119399997	 -0.210 	  -54.99 	 
0.119599997	 -0.212 	  -55.87 	 
0.119799997	 -0.213 	  -56.79 	 
0.119999997	 -0.214 	  -57.72 	 
0.120199997	 -0.216 	  -58.63 	 
0.120399997	 -0.217 	  -59.57 	 
0.120599997	 -0.218 	  -60.53 	 
0.120799997	 -0.221 	  -61.44 	 
0.120999997	 -0.222 	  -62.40 	 
0.121199997	 -0.223 	  -63.33 	 
0.121399997	 -0.224 	  -64.28 	 
0.121599997	 -0.226 	  -65.19 	 
0.121799997	 -0.228 	  -66.11 	 
0.121999997	 -0.229 	  -67.04 	 
0.122199997	 -0.230 	  -67.91 	 
0.122399997	 -0.232 	  -68.78 	 
0.122599997	 -0.233 	  -69.60 	 
0.122799997	 -0.235 	  -70.42 	 
0.122999997	 -0.236 	  -71.21 	 
0.123199997	 -0.238 	  -72.00 	 
0.123399997	 -0.239 	  -72.79 	 
0.123599997	 -0.241 	  -73.56 	 
0.123799997	 -0.241 	  -74.31 	 
0.123999997	 -0.244 	  -75.08 	 
0.124199997	 -0.244 	  -75.84 	 
0.124399997	 -0.245 	  -76.57 	 
0.124599997	 -0.247 	  -77.28 	 
0.124799997	 -0.248 	  -77.96 	 
0.124999997	 -0.250 	  -78.62 	 
0.125199997	 -0.250 	  -79.26 	 
0.125399997	 -0.251 	  -79.87 	 
0.125599997	 -0.253 	  -80.44 	 
0.125799997	 -0.253 	  -80.96 	 
0.125999997	 -0.254 	  -81.43 	 
0.126199997	 -0.256 	  -81.91 	 
0.126399997	 -0.256 	  -82.33 	 
0.126599997	 -0.257 	  -82.74 	 
0.126799997	 -0.258 	  -83.14 	 
0.126999997	 -0.259 	  -83.48 	 
0.127199997	 -0.259 	  -83.80 	 
0.127399997	 -0.260 	  -84.10 	 
0.127599997	 -0.261 	  -84.40 	 
0.127799997	 -0.261 	  -84.65 	 
0.127999997	 -0.262 	  -84.87 	 
0.128199997	 -0.262 	  -85.05 	 
0.128399997	 -0.263 	  -85.20 	 
0.128599997	 -0.263 	  -85.30 	 
0.128799997	 -0.264 	  -85.39 	 
0.128999997	 -0.264 	  -85.41 	 
0.129199997	 -0.264 	  -85.39 	 
0.129399997	 -0.265 	  -85.37 	 
0.129599997	 -0.265 	  -85.31 	 
0.129799997	 -0.265 	  -85.26 	 
0.129999997	 -0.265 	  -85.17 	 
0.130199997	 -0.265 	  -85.05 	 
0.130399997	 -0.265 	  -84.89 	 
0.130599997	 -0.265 	  -84.70 	 
0.130799997	 -0.265 	  -84.48 	 
0.130999997	 -0.264 	  -84.23 	 
0.131199997	 -0.265 	  -83.94 	 
0.131399997	 -0.265 	  -83.64 	 
0.131599997	 -0.264 	  -83.29 	 
0.131799997	 -0.264 	  -82.92 	 
0.131999997	 -0.264 	  -82.52 	 
0.132199997	 -0.263 	  -82.10 	 
0.132399997	 -0.263 	  -81.62 	 
0.132599997	 -0.263 	  -81.16 	 
0.132799997	 -0.262 	  -80.64 	 
0.132999997	 -0.261 	  -80.09 	 
0.133199997	 -0.261 	  -79.50 	 
0.133399997	 -0.261 	  -78.93 	 
0.133599997	 -0.260 	  -78.28 	 
0.133799997	 -0.260 	  -77.63 	 
0.133999997	 -0.259 	  -76.93 	 
0.134199997	 -0.258 	  -76.22 	 
0.134399997	 -0.258 	  -75.48 	 
0.134599997	 -0.257 	  -74.70 	 
0.134799997	 -0.256 	  -73.91 	 
0.134999997	 -0.255 	  -73.10 	 
0.135199997	 -0.254 	  -72.31 	 
0.135399997	 -0.253 	  -71.49 	 
0.135599997	 -0.252 	  -70.69 	 
0.135799997	 -0.251 	  -69.90 	 
0.135999997	 -0.250 	  -69.06 	 
0.136199997	 -0.250 	  -68.25 	 
0.136399997	 -0.249 	  -67.36 	 
0.136599997	 -0.247 	  -66.38 	 
0.136799997	 -0.246 	  -65.36 	 
0.136999997	 -0.245 	  -64.26 	 
0.137199997	 -0.244 	  -63.13 	 
0.137399997	 -0.242 	  -62.10 	 
0.137599997	 -0.240 	  -61.09 	 
0.137799997	 -0.239 	  -60.12 	 
0.137999997	 -0.237 	  -59.22 	 
0.138199997	 -0.236 	  -58.31 	 
0.138399997	 -0.235 	  -57.41 	 
0.138599996	 -0.233 	  -56.52 	 
0.138799996	 -0.232 	  -55.68 	 
0.138999996	 -0.231 	  -54.80 	 
0.139199996	 -0.229 	  -53.95 	 
0.139399996	 -0.227 	  -53.11 	 
0.139599996	 -0.226 	  -52.27 	 
0.139799996	 -0.224 	  -51.42 	 
0.139999996	 -0.223 	  -50.59 	 
0.140199996	 -0.222 	  -49.78 	 
0.140399996	 -0.220 	  -48.97 	 
0.140599996	 -0.219 	  -48.19 	 
0.140799996	 -0.217 	  -47.42 	 
0.140999996	 -0.215 	  -46.65 	 
0.141199996	 -0.214 	  -45.95 	 
0.141399996	 -0.213 	  -45.29 	 
0.141599996	 -0.212 	  -44.65 	 
0.141799996	 -0.210 	  -44.05 	 
0.141999996	 -0.209 	  -43.45 	 
0.142199996	 -0.208 	  -42.90 	 
0.142399996	 -0.206 	  -42.34 	 
0.142599996	 -0.205 	  -41.83 	 
0.142799996	 -0.204 	  -41.37 	 
0.142999996	 -0.202 	  -40.95 	 
0.143199996	 -0.202 	  -40.53 	 
0.143399996	 -0.202 	  -40.14 	 
0.143599996	 -0.200 	  -39.77 	 
0.143799996	 -0.199 	  -39.40 	 
0.143999996	 -0.198 	  -39.06 	 
0.144199996	 -0.197 	  -38.67 	 
0.144399996	 -0.196 	  -38.35 	 
0.144599996	 -0.196 	  -38.03 	 
0.144799996	 -0.194 	  -37.79 	 
0.144999996	 -0.193 	  -37.64 	 
0.145199996	 -0.193 	  -37.55 	 
0.145399996	 -0.192 	  -37.52 	 
0.145599996	 -0.192 	  -37.55 	 
0.145799996	 -0.192 	  -37.61 	 
0.145999996	 -0.191 	  -37.70 	 
0.146199996	 -0.191 	  -37.80 	 
0.146399996	 -0.191 	  -37.93 	 
0.146599996	 -0.191 	  -38.08 	 
0.146799996	 -0.191 	  -38.21 	 
0.146999996	 -0.190 	  -38.37 	 
0.147199996	 -0.191 	  -38.54 	 
0.147399996	 -0.191 	  -38.73 	 
0.147599996	 -0.192 	  -38.95 	 
0.147799996	 -0.192 	  -39.23 	 
0.147999996	 -0.192 	  -39.50 	 
0.148199996	 -0.192 	  -39.85 	 
0.148399996	 -0.192 	  -40.25 	 
0.148599996	 -0.193 	  -40.66 	 
0.148799996	 -0.193 	  -41.15 	 
0.148999996	 -0.193 	  -41.64 	 
0.149199996	 -0.194 	  -42.16 	 
0.149399996	 -0.195 	  -42.70 	 
0.149599996	 -0.194 	  -43.25 	 
0.149799996	 -0.196 	  -43.82 	 
0.149999996	 -0.196 	  -44.42 	 
0.150199996	 -0.197 	  -45.02 	 
0.150399996	 -0.197 	  -45.65 	 
0.150599996	 -0.199 	  -46.35 	 
0.150799996	 -0.200 	  -47.06 	 
0.150999996	 -0.201 	  -47.81 	 
0.151199996	 -0.202 	  -48.60 	 
0.151399996	 -0.203 	  -49.39 	 
0.151599996	 -0.203 	  -50.23 	 
0.151799996	 -0.205 	  -51.06 	 
0.151999996	 -0.206 	  -51.91 	 
0.152199996	 -0.207 	  -52.75 	 
0.152399996	 -0.208 	  -53.61 	 
0.152599996	 -0.209 	  -54.51 	 
0.152799996	 -0.211 	  -55.36 	 
0.152999996	 -0.212 	  -56.24 	 
0.153199996	 -0.214 	  -57.12 	 
0.153399996	 -0.215 	  -58.02 	 
0.153599996	 -0.216 	  -58.94 	 
0.153799996	 -0.218 	  -59.85 	 
0.153999996	 -0.219 	  -60.78 	 
0.154199996	 -0.221 	  -61.68 	 
0.154399996	 -0.222 	  -62.62 	 
0.154599996	 -0.224 	  -63.57 	 
0.154799996	 -0.225 	  -64.49 	 
0.154999996	 -0.227 	  -65.43 	 
0.155199996	 -0.228 	  -66.34 	 
0.155399996	 -0.230 	  -67.24 	 
0.155599996	 -0.231 	  -68.14 	 
0.155799996	 -0.232 	  -69.00 	 
0.155999996	 -0.234 	  -69.85 	 
0.156199996	 -0.235 	  -70.66 	 
0.156399996	 -0.237 	  -71.47 	 
0.156599996	 -0.239 	  -72.26 	 
0.156799996	 -0.239 	  -73.05 	 
0.156999996	 -0.240 	  -73.84 	 
0.157199996	 -0.243 	  -74.61 	 
0.157399996	 -0.243 	  -75.36 	 
0.157599996	 -0.245 	  -76.10 	 
0.157799996	 -0.246 	  -76.81 	 
0.157999996	 -0.247 	  -77.51 	 
0.158199996	 -0.249 	  -78.16 	 
0.158399996	 -0.250 	  -78.82 	 
0.158599996	 -0.251 	  -79.41 	 
0.158799996	 -0.252 	  -80.00 	 
0.158999996	 -0.253 	  -80.56 	 
0.159199996	 -0.253 	  -81.06 	 
0.159399996	 -0.255 	  -81.54 	 
0.159599996	 -0.256 	  -81.98 	 
0.159799996	 -0.257 	  -82.39 	 
0.159999996	 -0.257 	  -82.78 	 
0.160199996	 -0.258 	  -83.13 	 
0.160399996	 -0.259 	  -83.46 	 
0.160599996	 -0.259 	  -83.81 	 
0.160799996	 -0.261 	  -84.14 	 
0.160999996	 -0.261 	  -84.43 	 
0.161199996	 -0.262 	  -84.70 	 
0.161399996	 -0.262 	  -84.97 	 
0.161599996	 -0.262 	  -85.18 	 
0.161799996	 -0.263 	  -85.31 	 
0.161999996	 -0.263 	  -85.42 	 
0.162199996	 -0.264 	  -85.47 	 
0.162399996	 -0.264 	  -85.46 	 
0.162599996	 -0.264 	  -85.46 	 
0.162799996	 -0.265 	  -85.39 	 
0.162999996	 -0.265 	  -85.30 	 
0.163199996	 -0.265 	  -85.19 	 
0.163399996	 -0.264 	  -85.08 	 
0.163599996	 -0.265 	  -84.89 	 
0.163799996	 -0.265 	  -84.73 	 
0.163999996	 -0.265 	  -84.55 	 
0.164199996	 -0.264 	  -84.34 	 
0.164399996	 -0.265 	  -84.12 	 
0.164599996	 -0.264 	  -83.86 	 
0.164799996	 -0.265 	  -83.55 	 
0.164999996	 -0.264 	  -83.23 	 
0.165199996	 -0.264 	  -82.83 	 
0.165399996	 -0.264 	  -82.44 	 
0.165599996	 -0.264 	  -81.97 	 
0.165799996	 -0.263 	  -81.49 	 
0.165999996	 -0.263 	  -80.98 	 
0.166199996	 -0.262 	  -80.44 	 
0.166399996	 -0.262 	  -79.89 	 
0.166599996	 -0.261 	  -79.30 	 
0.166799996	 -0.261 	  -78.69 	 
0.166999996	 -0.260 	  -78.05 	 
0.167199996	 -0.259 	  -77.37 	 
0.167399996	 -0.258 	  -76.69 	 
0.167599996	 -0.257 	  -75.96 	 
0.167799996	 -0.257 	  -75.22 	 
0.167999996	 -0.256 	  -74.47 	 
0.168199996	 -0.256 	  -73.67 	 
0.168399996	 -0.255 	  -72.88 	 
0.168599996	 -0.254 	  -72.05 	 
0.168799996	 -0.253 	  -71.25 	 
0.168999996	 -0.252 	  -70.44 	 
0.169199996	 -0.251 	  -69.61 	 
0.169399996	 -0.250 	  -68.80 	 
0.169599996	 -0.249 	  -67.90 	 
0.169799996	 -0.248 	  -66.95 	 
0.169999996	 -0.246 	  -66.01 	 
0.170199996	 -0.245 	  -65.01 	 
0.170399996	 -0.245 	  -63.98 	 
0.170599996	 -0.243 	  -62.93 	 
0.170799996	 -0.242 	  -61.88 	 
0.170999996	 -0.240 	  -60.82 	 
0.171199996	 -0.239 	  -59.83 	 
0.171399996	 -0.237 	  -58.90 	 
0.171599996	 -0.236 	  -57.96 	 
0.171799996	 -0.235 	  -57.06 	 
0.171999996	 -0.232 	  -56.19 	 
0.172199996	 -0.232 	  -55.33 	 
0.172399996	 -0.230 	  -54.48 	 
0.172599996	 -0.228 	  -53.65 	 
0.172799996	 -0.227 	  -52.84 	 
0.172999996	 -0.226 	  -52.00 	 
0.173199996	 -0.224 	  -51.21 	 
0.173399996	 -0.223 	  -50.35 	 
0.173599996	 -0.221 	  -49.55 	 
0.173799996	 -0.220 	  -48.75 	 
0.173999996	 -0.219 	  -47.94 	 
0.174199996	 -0.217 	  -47.18 	 
0.174399996	 -0.216 	  -46.47 	 
0.174599996	 -0.214 	  -45.76 	 
0.174799996	 -0.212 	  -45.09 	 
0.174999996	 -0.211 	  -44.45 	 
0.175199996	 -0.210 	  -43.86 	 
0.175399996	 -0.208 	  -43.29 	 
0.175599996	 -0.207 	  -42.72 	 
0.175799996	 -0.207 	  -42.22 	 
0.175999996	 -0.205 	  -41.69 	 
0.176199996	 -0.204 	  -41.18 	 
0.176399996	 -0.203 	  -40.72 	 
0.176599996	 -0.201 	  -40.27 	 
0.176799996	 -0.200 	  -39.92 	 
0.176999996	 -0.200 	  -39.53 	 
0.177199996	 -0.198 	  -39.18 	 
0.177399996	 -0.198 	  -38.86 	 
0.177599996	 -0.197 	  -38.54 	 
0.177799996	 -0.196 	  -38.27 	 
0.177999996	 -0.195 	  -38.06 	 
0.178199995	 -0.194 	  -37.91 	 
0.178399995	 -0.194 	  -37.79 	 
0.178599995	 -0.193 	  -37.75 	 
0.178799995	 -0.193 	  -37.72 	 
0.178999995	 -0.192 	  -37.74 	 
0.179199995	 -0.192 	  -37.76 	 
0.179399995	 -0.192 	  -37.81 	 
0.179599995	 -0.192 	  -37.88 	 
0.179799995	 -0.191 	  -37.97 	 
0.179999995	 -0.191 	  -38.08 	 
0.180199995	 -0.191 	  -38.23 	 
0.180399995	 -0.191 	  -38.39 	 
0.180599995	 -0.191 	  -38.57 	 
0.180799995	 -0.191 	  -38.79 	 
0.180999995	 -0.191 	  -39.09 	 
0.181199995	 -0.192 	  -39.36 	 
0.181399995	 -0.192 	  -39.72 	 
0.181599995	 -0.192 	  -40.09 	 
0.181799995	 -0.193 	  -40.52 	 
0.181999995	 -0.192 	  -40.96 	 
0.182199995	 -0.193 	  -41.41 	 
0.182399995	 -0.194 	  -41.87 	 
0.182599995	 -0.194 	  -42.35 	 
0.182799995	 -0.195 	  -42.88 	 
0.182999995	 -0.195 	  -43.42 	 
0.183199995	 -0.196 	  -43.97 	 
0.183399995	 -0.197 	  -44.59 	 
0.183599995	 -0.197 	  -45.22 	 
0.183799995	 -0.198 	  -45.90 	 
0.183999995	 -0.199 	  -46.63 	 
0.184199995	 -0.200 	  -47.35 	 
0.184399995	 -0.201 	  -48.11 	 
0.184599995	 -0.202 	  -48.89 	 
0.184799995	 -0.203 	  -49.69 	 
0.184999995	 -0.204 	  -50.48 	 
0.185199995	 -0.205 	  -51.31 	 
0.185399995	 -0.206 	  -52.15 	 
0.185599995	 -0.207 	  -52.96 	 
0.185799995	 -0.209 	  -53.80 	 
0.185999995	 -0.210 	  -54.66 	 
0.186199995	 -0.211 	  -55.52 	 
0.186399995	 -0.212 	  -56.42 	 
0.186599995	 -0.214 	  -57.33 	 
0.186799995	 -0.215 	  -58.26 	 
0.186999995	 -0.217 	  -59.21 	 
0.187199995	 -0.218 	  -60.21 	 
0.187399995	 -0.220 	  -61.20 	 
0.187599995	 -0.221 	  -62.18 	 
0.187799995	 -0.223 	  -63.14 	 
0.187999995	 -0.224 	  -64.07 	 
0.188199995	 -0.225 	  -65.03 	 
0.188399995	 -0.227 	  -65.91 	 
0.188599995	 -0.229 	  -66.78 	 
0.188799995	 -0.230 	  -67.64 	 
0.188999995	 -0.232 	  -68.49 	 
0.189199995	 -0.233 	  -69.31 	 
0.189399995	 -0.234 	  -70.13 	 
0.189599995	 -0.235 	  -70.94 	 
0.189799995	 -0.237 	  -71.74 	 
0.189999995	 -0.239 	  -72.55 	 
0.190199995	 -0.240 	  -73.36 	 
0.190399995	 -0.241 	  -74.15 	 
0.190599995	 -0.243 	  -74.92 	 
0.190799995	 -0.244 	  -75.66 	 
0.190999995	 -0.245 	  -76.40 	 
0.191199995	 -0.247 	  -77.09 	 
0.191399995	 -0.249 	  -77.78 	 
0.191599995	 -0.249 	  -78.40 	 
0.191799995	 -0.250 	  -79.02 	 
0.191999995	 -0.251 	  -79.62 	 
0.192199995	 -0.252 	  -80.20 	 
0.192399995	 -0.254 	  -80.74 	 
0.192599995	 -0.254 	  -81.27 	 
0.192799995	 -0.255 	  -81.77 	 
0.192999995	 -0.256 	  -82.26 	 
0.193199995	 -0.258 	  -82.70 	 
0.193399995	 -0.258 	  -83.09 	 
0.193599995	 -0.259 	  -83.46 	 
0.193799995	 -0.259 	  -83.78 	 
0.193999995	 -0.261 	  -84.06 	 
0.194199995	 -0.261 	  -84.34 	 
0.194399995	 -0.261 	  -84.57 	 
0.194599995	 -0.262 	  -84.80 	 
0.194799995	 -0.262 	  -84.95 	 
0.194999995	 -0.263 	  -85.13 	 
0.195199995	 -0.263 	  -85.25 	 
0.195399995	 -0.263 	  -85.33 	 
0.195599995	 -0.264 	  -85.37 	 
0.195799995	 -0.265 	  -85.39 	 
0.195999995	 -0.265 	  -85.37 	 
0.196199995	 -0.265 	  -85.35 	 
0.196399995	 -0.265 	  -85.30 	 
0.196599995	 -0.264 	  -85.21 	 
0.196799995	 -0.265 	  -85.10 	 
0.196999995	 -0.266 	  -84.97 	 
0.197199995	 -0.265 	  -84.78 	 
0.197399995	 -0.266 	  -84.60 	 
0.197599995	 -0.264 	  -84.34 	 
0.197799995	 -0.265 	  -84.10 	 
0.197999995	 -0.265 	  -83.77 	 
0.198199995	 -0.265 	  -83.44 	 
0.198399995	 -0.264 	  -83.06 	 
0.198599995	 -0.264 	  -82.64 	 
0.198799995	 -0.263 	  -82.24 	 
0.198999995	 -0.263 	  -81.78 	 
0.199199995	 -0.262 	  -81.31 	 
0.199399995	 -0.262 	  -80.80 	 
0.199599995	 -0.262 	  -80.29 	 
0.199799995	 -0.261 	  -79.74 	 
0.199999995	 -0.261 	  -79.17 	 
0.200199995	 -0.260 	  -78.54 	 
0.200399995	 -0.260 	  -77.87 	 
0.200599995	 -0.259 	  -77.20 	 
0.200799995	 -0.259 	  -76.48 	 
0.200999995	 -0.257 	  -75.76 	 
0.201199995	 -0.257 	  -75.00 	 
0.201399995	 -0.256 	  -74.26 	 
0.201599995	 -0.256 	  -73.45 	 
0.201799995	 -0.255 	  -72.67 	 
0.201999995	 -0.254 	  -71.87 	 
0.202199995	 -0.253 	  -71.03 	 
0.202399995	 -0.252 	  -70.22 	 
0.202599995	 -0.251 	  -69.38 	 
0.202799995	 -0.250 	  -68.57 	 
0.202999995	 -0.249 	  -67.71 	 
0.203199995	 -0.247 	  -66.79 	 
0.203399995	 -0.247 	  -65.80 	 
0.203599995	 -0.245 	  -64.73 	 
0.203799995	 -0.244 	  -63.67 	 
0.203999995	 -0.243 	  -62.59 	 
0.204199995	 -0.242 	  -61.53 	 
0.204399995	 -0.240 	  -60.54 	 
0.204599995	 -0.238 	  -59.60 	 
