0.000000000	 -0.198 	  -78.11 	 
0.000200000	 -0.198 	  -77.41 	 
0.000400000	 -0.197 	  -76.70 	 
0.000600000	 -0.197 	  -75.97 	 
0.000800000	 -0.196 	  -75.24 	 
0.001000000	 -0.196 	  -74.48 	 
0.001200000	 -0.195 	  -73.69 	 
0.001400000	 -0.195 	  -72.89 	 
0.001600000	 -0.194 	  -72.07 	 
0.001800000	 -0.194 	  -71.23 	 
0.002000000	 -0.193 	  -70.41 	 
0.002200000	 -0.193 	  -69.56 	 
0.002400000	 -0.192 	  -68.77 	 
0.002600000	 -0.192 	  -67.93 	 
0.002800000	 -0.191 	  -66.94 	 
0.003000000	 -0.191 	  -65.84 	 
0.003200000	 -0.189 	  -64.73 	 
0.003400000	 -0.188 	  -63.65 	 
0.003600000	 -0.188 	  -62.64 	 
0.003800000	 -0.187 	  -61.68 	 
0.004000000	 -0.186 	  -60.80 	 
0.004200000	 -0.186 	  -60.01 	 
0.004400000	 -0.185 	  -59.20 	 
0.004600000	 -0.184 	  -58.39 	 
0.004800000	 -0.184 	  -57.45 	 
0.005000000	 -0.183 	  -56.52 	 
0.005200000	 -0.182 	  -55.55 	 
0.005400000	 -0.180 	  -54.59 	 
0.005600000	 -0.180 	  -53.64 	 
0.005800000	 -0.180 	  -52.74 	 
0.006000000	 -0.178 	  -51.91 	 
0.006200000	 -0.177 	  -51.15 	 
0.006400000	 -0.177 	  -50.40 	 
0.006600000	 -0.176 	  -49.60 	 
0.006800000	 -0.175 	  -48.84 	 
0.007000000	 -0.174 	  -48.05 	 
0.007200000	 -0.174 	  -47.29 	 
0.007400000	 -0.173 	  -46.53 	 
0.007600000	 -0.172 	  -45.81 	 
0.007800000	 -0.172 	  -45.14 	 
0.008000000	 -0.170 	  -44.52 	 
0.008200000	 -0.170 	  -43.88 	 
0.008400000	 -0.168 	  -43.26 	 
0.008600000	 -0.168 	  -42.64 	 
0.008800000	 -0.167 	  -42.11 	 
0.009000000	 -0.167 	  -41.63 	 
0.009200000	 -0.166 	  -41.16 	 
0.009400000	 -0.165 	  -40.73 	 
0.009600000	 -0.165 	  -40.32 	 
0.009800000	 -0.164 	  -39.94 	 
0.010000000	 -0.163 	  -39.55 	 
0.010200000	 -0.163 	  -39.14 	 
0.010400000	 -0.162 	  -38.74 	 
0.010600000	 -0.162 	  -38.36 	 
0.010800000	 -0.161 	  -38.03 	 
0.011000000	 -0.161 	  -37.84 	 
0.011200000	 -0.161 	  -37.73 	 
0.011400000	 -0.160 	  -37.69 	 
0.011600000	 -0.160 	  -37.71 	 
0.011800000	 -0.160 	  -37.73 	 
0.012000000	 -0.160 	  -37.76 	 
0.012200000	 -0.160 	  -37.79 	 
0.012400000	 -0.159 	  -37.79 	 
0.012600000	 -0.159 	  -37.75 	 
0.012800000	 -0.159 	  -37.76 	 
0.013000000	 -0.159 	  -37.84 	 
0.013200000	 -0.159 	  -37.97 	 
0.013400000	 -0.160 	  -38.15 	 
0.013600000	 -0.159 	  -38.41 	 
0.013800000	 -0.160 	  -38.71 	 
0.014000000	 -0.160 	  -39.00 	 
0.014200000	 -0.160 	  -39.30 	 
0.014400000	 -0.160 	  -39.59 	 
0.014600000	 -0.160 	  -39.88 	 
0.014800000	 -0.160 	  -40.22 	 
0.015000000	 -0.160 	  -40.60 	 
0.015200000	 -0.161 	  -41.07 	 
0.015400000	 -0.161 	  -41.58 	 
0.015600000	 -0.162 	  -42.15 	 
0.015800000	 -0.162 	  -42.74 	 
0.016000000	 -0.162 	  -43.36 	 
0.016200000	 -0.162 	  -43.97 	 
0.016400000	 -0.163 	  -44.61 	 
0.016600000	 -0.164 	  -45.24 	 
0.016800000	 -0.164 	  -45.89 	 
0.017000000	 -0.165 	  -46.54 	 
0.017200000	 -0.165 	  -47.25 	 
0.017400000	 -0.165 	  -47.98 	 
0.017600000	 -0.165 	  -48.75 	 
0.017800000	 -0.166 	  -49.56 	 
0.018000000	 -0.167 	  -50.42 	 
0.018200000	 -0.167 	  -51.27 	 
0.018400000	 -0.168 	  -52.13 	 
0.018600000	 -0.169 	  -53.00 	 
0.018800000	 -0.170 	  -53.87 	 
0.019000000	 -0.171 	  -54.72 	 
0.019200000	 -0.171 	  -55.58 	 
0.019400000	 -0.172 	  -56.44 	 
0.019600000	 -0.172 	  -57.32 	 
0.019799999	 -0.173 	  -58.22 	 
0.019999999	 -0.174 	  -59.16 	 
0.020199999	 -0.175 	  -60.13 	 
0.020399999	 -0.176 	  -61.09 	 
0.020599999	 -0.177 	  -62.05 	 
0.020799999	 -0.177 	  -62.97 	 
0.020999999	 -0.178 	  -63.89 	 
0.021199999	 -0.179 	  -64.75 	 
0.021399999	 -0.180 	  -65.61 	 
0.021599999	 -0.180 	  -66.44 	 
0.021799999	 -0.182 	  -67.31 	 
0.021999999	 -0.182 	  -68.16 	 
0.022199999	 -0.183 	  -69.04 	 
0.022399999	 -0.184 	  -69.94 	 
0.022599999	 -0.185 	  -70.83 	 
0.022799999	 -0.186 	  -71.72 	 
0.022999999	 -0.186 	  -72.56 	 
0.023199999	 -0.187 	  -73.38 	 
0.023399999	 -0.188 	  -74.15 	 
0.023599999	 -0.189 	  -74.85 	 
0.023799999	 -0.190 	  -75.54 	 
0.023999999	 -0.190 	  -76.20 	 
0.024199999	 -0.191 	  -76.85 	 
0.024399999	 -0.191 	  -77.53 	 
0.024599999	 -0.192 	  -78.20 	 
0.024799999	 -0.193 	  -78.88 	 
0.024999999	 -0.193 	  -79.54 	 
0.025199999	 -0.194 	  -80.13 	 
0.025399999	 -0.195 	  -80.69 	 
0.025599999	 -0.195 	  -81.18 	 
0.025799999	 -0.196 	  -81.65 	 
0.025999999	 -0.196 	  -82.12 	 
0.026199999	 -0.196 	  -82.58 	 
0.026399999	 -0.197 	  -83.02 	 
0.026599999	 -0.198 	  -83.46 	 
0.026799999	 -0.198 	  -83.86 	 
0.026999999	 -0.198 	  -84.18 	 
0.027199999	 -0.199 	  -84.46 	 
0.027399999	 -0.199 	  -84.66 	 
0.027599999	 -0.199 	  -84.82 	 
0.027799999	 -0.200 	  -84.96 	 
0.027999999	 -0.200 	  -85.08 	 
0.028199999	 -0.200 	  -85.24 	 
0.028399999	 -0.200 	  -85.32 	 
0.028599999	 -0.201 	  -85.41 	 
0.028799999	 -0.201 	  -85.44 	 
0.028999999	 -0.201 	  -85.46 	 
0.029199999	 -0.201 	  -85.42 	 
0.029399999	 -0.200 	  -85.33 	 
0.029599999	 -0.201 	  -85.24 	 
0.029799999	 -0.201 	  -85.11 	 
0.029999999	 -0.201 	  -84.93 	 
0.030199999	 -0.201 	  -84.76 	 
0.030399999	 -0.201 	  -84.58 	 
0.030599999	 -0.201 	  -84.37 	 
0.030799999	 -0.201 	  -84.14 	 
0.030999999	 -0.201 	  -83.86 	 
0.031199999	 -0.201 	  -83.57 	 
0.031399999	 -0.200 	  -83.20 	 
0.031599999	 -0.200 	  -82.78 	 
0.031799999	 -0.201 	  -82.32 	 
0.031999999	 -0.199 	  -81.82 	 
0.032199999	 -0.199 	  -81.32 	 
0.032399999	 -0.198 	  -80.80 	 
0.032599999	 -0.199 	  -80.29 	 
0.032799999	 -0.199 	  -79.75 	 
0.032999999	 -0.198 	  -79.15 	 
0.033199999	 -0.198 	  -78.52 	 
0.033399999	 -0.197 	  -77.83 	 
0.033599999	 -0.197 	  -77.12 	 
0.033799999	 -0.197 	  -76.41 	 
0.033999999	 -0.197 	  -75.68 	 
0.034199999	 -0.196 	  -74.95 	 
0.034399999	 -0.196 	  -74.19 	 
0.034599999	 -0.195 	  -73.40 	 
0.034799999	 -0.195 	  -72.61 	 
0.034999999	 -0.194 	  -71.79 	 
0.035199999	 -0.194 	  -70.93 	 
0.035399999	 -0.193 	  -70.11 	 
0.035599999	 -0.193 	  -69.29 	 
0.035799999	 -0.192 	  -68.48 	 
0.035999999	 -0.191 	  -67.58 	 
0.036199999	 -0.191 	  -66.54 	 
0.036399999	 -0.190 	  -65.45 	 
0.036599999	 -0.190 	  -64.33 	 
0.036799999	 -0.189 	  -63.27 	 
0.036999999	 -0.188 	  -62.31 	 
0.037199999	 -0.187 	  -61.44 	 
0.037399999	 -0.186 	  -60.61 	 
0.037599999	 -0.185 	  -59.82 	 
0.037799999	 -0.185 	  -59.03 	 
0.037999999	 -0.184 	  -58.13 	 
0.038199999	 -0.183 	  -57.22 	 
0.038399999	 -0.182 	  -56.20 	 
0.038599999	 -0.182 	  -55.21 	 
0.038799999	 -0.180 	  -54.23 	 
0.038999999	 -0.180 	  -53.33 	 
0.039199999	 -0.180 	  -52.48 	 
0.039399999	 -0.178 	  -51.69 	 
0.039599999	 -0.177 	  -50.90 	 
0.039799999	 -0.177 	  -50.10 	 
0.039999999	 -0.176 	  -49.34 	 
0.040199999	 -0.175 	  -48.58 	 
0.040399999	 -0.174 	  -47.85 	 
0.040599999	 -0.174 	  -47.13 	 
0.040799999	 -0.172 	  -46.38 	 
0.040999999	 -0.172 	  -45.68 	 
0.041199999	 -0.171 	  -44.97 	 
0.041399999	 -0.170 	  -44.30 	 
0.041599999	 -0.169 	  -43.64 	 
0.041799999	 -0.169 	  -43.07 	 
0.041999999	 -0.168 	  -42.55 	 
0.042199999	 -0.167 	  -42.01 	 
0.042399999	 -0.167 	  -41.56 	 
0.042599999	 -0.166 	  -41.07 	 
0.042799999	 -0.165 	  -40.56 	 
0.042999999	 -0.165 	  -40.11 	 
0.043199999	 -0.164 	  -39.65 	 
0.043399999	 -0.164 	  -39.22 	 
0.043599999	 -0.163 	  -38.84 	 
0.043799999	 -0.162 	  -38.52 	 
0.043999999	 -0.162 	  -38.26 	 
0.044199999	 -0.162 	  -38.10 	 
0.044399999	 -0.161 	  -38.00 	 
0.044599999	 -0.160 	  -37.92 	 
0.044799999	 -0.160 	  -37.88 	 
0.044999999	 -0.160 	  -37.86 	 
0.045199999	 -0.160 	  -37.83 	 
0.045399999	 -0.160 	  -37.79 	 
0.045599999	 -0.160 	  -37.76 	 
0.045799999	 -0.159 	  -37.72 	 
0.045999999	 -0.159 	  -37.73 	 
0.046199999	 -0.160 	  -37.80 	 
0.046399999	 -0.160 	  -37.95 	 
0.046599999	 -0.160 	  -38.13 	 
0.046799999	 -0.159 	  -38.36 	 
0.046999999	 -0.159 	  -38.60 	 
0.047199999	 -0.160 	  -38.88 	 
0.047399999	 -0.160 	  -39.15 	 
0.047599999	 -0.160 	  -39.41 	 
0.047799999	 -0.160 	  -39.65 	 
0.047999999	 -0.160 	  -39.96 	 
0.048199999	 -0.161 	  -40.33 	 
0.048399999	 -0.161 	  -40.78 	 
0.048599999	 -0.161 	  -41.28 	 
0.048799999	 -0.161 	  -41.84 	 
0.048999999	 -0.161 	  -42.43 	 
0.049199999	 -0.162 	  -43.01 	 
0.049399999	 -0.162 	  -43.62 	 
0.049599999	 -0.162 	  -44.21 	 
0.049799999	 -0.162 	  -44.80 	 
0.049999999	 -0.164 	  -45.40 	 
0.050199999	 -0.164 	  -46.03 	 
0.050399999	 -0.164 	  -46.71 	 
0.050599999	 -0.165 	  -47.46 	 
0.050799999	 -0.165 	  -48.24 	 
0.050999999	 -0.166 	  -49.08 	 
0.051199999	 -0.167 	  -49.92 	 
0.051399999	 -0.167 	  -50.77 	 
0.051599999	 -0.168 	  -51.64 	 
0.051799999	 -0.168 	  -52.44 	 
0.051999999	 -0.169 	  -53.26 	 
0.052199999	 -0.170 	  -54.12 	 
0.052399999	 -0.171 	  -54.93 	 
0.052599999	 -0.171 	  -55.78 	 
0.052799999	 -0.172 	  -56.68 	 
0.052999999	 -0.173 	  -57.65 	 
0.053199999	 -0.174 	  -58.59 	 
0.053399999	 -0.174 	  -59.55 	 
0.053599999	 -0.176 	  -60.49 	 
0.053799999	 -0.176 	  -61.45 	 
0.053999999	 -0.177 	  -62.36 	 
0.054199999	 -0.178 	  -63.25 	 
0.054399999	 -0.179 	  -64.13 	 
0.054599999	 -0.180 	  -64.99 	 
0.054799999	 -0.181 	  -65.87 	 
0.054999999	 -0.181 	  -66.74 	 
0.055199999	 -0.181 	  -67.62 	 
0.055399999	 -0.183 	  -68.52 	 
0.055599999	 -0.183 	  -69.40 	 
0.055799999	 -0.184 	  -70.30 	 
0.055999999	 -0.185 	  -71.15 	 
0.056199999	 -0.186 	  -71.99 	 
0.056399999	 -0.187 	  -72.79 	 
0.056599999	 -0.187 	  -73.58 	 
0.056799999	 -0.188 	  -74.31 	 
0.056999999	 -0.188 	  -75.03 	 
0.057199999	 -0.190 	  -75.75 	 
0.057399999	 -0.190 	  -76.44 	 
0.057599999	 -0.191 	  -77.13 	 
0.057799999	 -0.192 	  -77.85 	 
0.057999999	 -0.193 	  -78.52 	 
0.058199999	 -0.193 	  -79.17 	 
0.058399999	 -0.193 	  -79.76 	 
0.058599999	 -0.194 	  -80.33 	 
0.058799999	 -0.196 	  -80.86 	 
0.058999999	 -0.195 	  -81.34 	 
0.059199999	 -0.196 	  -81.80 	 
0.059399998	 -0.196 	  -82.21 	 
0.059599998	 -0.197 	  -82.61 	 
0.059799998	 -0.197 	  -82.99 	 
0.059999998	 -0.198 	  -83.42 	 
0.060199998	 -0.198 	  -83.82 	 
0.060399998	 -0.199 	  -84.23 	 
0.060599998	 -0.198 	  -84.56 	 
0.060799998	 -0.200 	  -84.82 	 
0.060999998	 -0.199 	  -85.00 	 
0.061199998	 -0.200 	  -85.12 	 
0.061399998	 -0.200 	  -85.16 	 
0.061599998	 -0.201 	  -85.22 	 
0.061799998	 -0.200 	  -85.28 	 
0.061999998	 -0.201 	  -85.35 	 
0.062199998	 -0.200 	  -85.41 	 
0.062399998	 -0.201 	  -85.45 	 
0.062599998	 -0.201 	  -85.46 	 
0.062799998	 -0.201 	  -85.39 	 
0.062999998	 -0.201 	  -85.26 	 
0.063199998	 -0.201 	  -85.07 	 
0.063399998	 -0.201 	  -84.88 	 
0.063599998	 -0.201 	  -84.68 	 
0.063799998	 -0.201 	  -84.47 	 
0.063999998	 -0.201 	  -84.28 	 
0.064199998	 -0.201 	  -84.04 	 
0.064399998	 -0.201 	  -83.75 	 
0.064599998	 -0.201 	  -83.42 	 
0.064799998	 -0.201 	  -83.03 	 
0.064999998	 -0.200 	  -82.61 	 
0.065199998	 -0.201 	  -82.15 	 
0.065399998	 -0.200 	  -81.67 	 
0.065599998	 -0.199 	  -81.16 	 
0.065799998	 -0.199 	  -80.65 	 
0.065999998	 -0.198 	  -80.08 	 
0.066199998	 -0.199 	  -79.54 	 
0.066399998	 -0.198 	  -78.95 	 
0.066599998	 -0.198 	  -78.31 	 
0.066799998	 -0.197 	  -77.61 	 
0.066999998	 -0.197 	  -76.92 	 
0.067199998	 -0.197 	  -76.21 	 
0.067399998	 -0.197 	  -75.48 	 
0.067599998	 -0.196 	  -74.70 	 
0.067799998	 -0.196 	  -73.95 	 
0.067999998	 -0.196 	  -73.14 	 
0.068199998	 -0.195 	  -72.31 	 
0.068399998	 -0.194 	  -71.46 	 
0.068599998	 -0.194 	  -70.63 	 
0.068799998	 -0.193 	  -69.79 	 
0.068999998	 -0.193 	  -68.99 	 
0.069199998	 -0.192 	  -68.09 	 
0.069399998	 -0.191 	  -67.16 	 
0.069599998	 -0.191 	  -66.15 	 
0.069799998	 -0.189 	  -65.11 	 
0.069999998	 -0.189 	  -64.07 	 
0.070199998	 -0.188 	  -63.06 	 
0.070399998	 -0.188 	  -62.16 	 
0.070599998	 -0.186 	  -61.28 	 
0.070799998	 -0.186 	  -60.43 	 
0.070999998	 -0.185 	  -59.54 	 
0.071199998	 -0.185 	  -58.63 	 
0.071399998	 -0.183 	  -57.69 	 
0.071599998	 -0.183 	  -56.73 	 
0.071799998	 -0.182 	  -55.76 	 
0.071999998	 -0.182 	  -54.85 	 
0.072199998	 -0.181 	  -53.91 	 
0.072399998	 -0.180 	  -53.04 	 
0.072599998	 -0.179 	  -52.21 	 
0.072799998	 -0.177 	  -51.40 	 
0.072999998	 -0.177 	  -50.56 	 
0.073199998	 -0.176 	  -49.81 	 
0.073399998	 -0.176 	  -49.06 	 
0.073599998	 -0.174 	  -48.33 	 
0.073799998	 -0.174 	  -47.60 	 
0.073999998	 -0.173 	  -46.87 	 
0.074199998	 -0.172 	  -46.13 	 
0.074399998	 -0.172 	  -45.44 	 
0.074599998	 -0.170 	  -44.72 	 
0.074799998	 -0.170 	  -44.06 	 
0.074999998	 -0.169 	  -43.42 	 
0.075199998	 -0.168 	  -42.83 	 
0.075399998	 -0.168 	  -42.24 	 
0.075599998	 -0.167 	  -41.74 	 
0.075799998	 -0.166 	  -41.28 	 
0.075999998	 -0.166 	  -40.89 	 
0.076199998	 -0.164 	  -40.51 	 
0.076399998	 -0.165 	  -40.16 	 
0.076599998	 -0.164 	  -39.78 	 
0.076799998	 -0.163 	  -39.39 	 
0.076999998	 -0.163 	  -38.96 	 
0.077199998	 -0.163 	  -38.55 	 
0.077399998	 -0.161 	  -38.19 	 
0.077599998	 -0.161 	  -37.91 	 
0.077799998	 -0.161 	  -37.77 	 
0.077999998	 -0.161 	  -37.71 	 
0.078199998	 -0.160 	  -37.72 	 
0.078399998	 -0.160 	  -37.77 	 
0.078599998	 -0.160 	  -37.81 	 
0.078799998	 -0.160 	  -37.80 	 
0.078999998	 -0.160 	  -37.79 	 
0.079199998	 -0.160 	  -37.79 	 
0.079399998	 -0.159 	  -37.77 	 
0.079599998	 -0.160 	  -37.83 	 
0.079799998	 -0.159 	  -37.96 	 
0.079999998	 -0.160 	  -38.14 	 
0.080199998	 -0.160 	  -38.36 	 
0.080399998	 -0.159 	  -38.62 	 
0.080599998	 -0.159 	  -38.91 	 
0.080799998	 -0.160 	  -39.22 	 
0.080999998	 -0.160 	  -39.50 	 
0.081199998	 -0.160 	  -39.81 	 
0.081399998	 -0.160 	  -40.16 	 
0.081599998	 -0.161 	  -40.57 	 
0.081799998	 -0.161 	  -41.02 	 
0.081999998	 -0.161 	  -41.51 	 
0.082199998	 -0.162 	  -42.05 	 
0.082399998	 -0.162 	  -42.59 	 
0.082599998	 -0.162 	  -43.16 	 
0.082799998	 -0.162 	  -43.73 	 
0.082999998	 -0.163 	  -44.34 	 
0.083199998	 -0.163 	  -44.96 	 
0.083399998	 -0.163 	  -45.59 	 
0.083599998	 -0.164 	  -46.31 	 
0.083799998	 -0.165 	  -47.04 	 
0.083999998	 -0.165 	  -47.80 	 
0.084199998	 -0.165 	  -48.56 	 
0.084399998	 -0.166 	  -49.33 	 
0.084599998	 -0.167 	  -50.15 	 
0.084799998	 -0.168 	  -50.97 	 
0.084999998	 -0.168 	  -51.81 	 
0.085199998	 -0.169 	  -52.67 	 
0.085399998	 -0.170 	  -53.56 	 
0.085599998	 -0.171 	  -54.40 	 
0.085799998	 -0.171 	  -55.26 	 
0.085999998	 -0.171 	  -56.12 	 
0.086199998	 -0.172 	  -56.97 	 
0.086399998	 -0.173 	  -57.87 	 
0.086599998	 -0.174 	  -58.83 	 
0.086799998	 -0.175 	  -59.82 	 
0.086999998	 -0.176 	  -60.85 	 
0.087199998	 -0.177 	  -61.83 	 
0.087399998	 -0.177 	  -62.79 	 
0.087599998	 -0.178 	  -63.72 	 
0.087799998	 -0.179 	  -64.59 	 
0.087999998	 -0.180 	  -65.43 	 
0.088199998	 -0.181 	  -66.21 	 
0.088399998	 -0.182 	  -67.05 	 
0.088599998	 -0.182 	  -67.87 	 
0.088799998	 -0.183 	  -68.74 	 
0.088999998	 -0.184 	  -69.63 	 
0.089199998	 -0.184 	  -70.53 	 
0.089399998	 -0.186 	  -71.41 	 
0.089599998	 -0.187 	  -72.26 	 
0.089799998	 -0.187 	  -73.07 	 
0.089999998	 -0.187 	  -73.82 	 
0.090199998	 -0.188 	  -74.57 	 
0.090399998	 -0.190 	  -75.28 	 
0.090599998	 -0.190 	  -75.96 	 
0.090799998	 -0.191 	  -76.65 	 
0.090999998	 -0.191 	  -77.33 	 
0.091199998	 -0.192 	  -78.02 	 
0.091399998	 -0.193 	  -78.70 	 
0.091599998	 -0.193 	  -79.36 	 
0.091799998	 -0.194 	  -79.98 	 
0.091999998	 -0.194 	  -80.53 	 
0.092199998	 -0.196 	  -81.06 	 
0.092399998	 -0.196 	  -81.57 	 
0.092599998	 -0.196 	  -82.01 	 
0.092799998	 -0.196 	  -82.44 	 
0.092999998	 -0.197 	  -82.80 	 
0.093199998	 -0.198 	  -83.16 	 
0.093399998	 -0.198 	  -83.55 	 
0.093599998	 -0.198 	  -83.90 	 
0.093799998	 -0.199 	  -84.22 	 
0.093999998	 -0.199 	  -84.51 	 
0.094199998	 -0.200 	  -84.77 	 
0.094399998	 -0.200 	  -84.97 	 
0.094599998	 -0.200 	  -85.13 	 
0.094799998	 -0.200 	  -85.24 	 
0.094999998	 -0.200 	  -85.30 	 
0.095199998	 -0.200 	  -85.35 	 
0.095399998	 -0.200 	  -85.39 	 
0.095599998	 -0.201 	  -85.42 	 
0.095799998	 -0.201 	  -85.42 	 
0.095999998	 -0.201 	  -85.39 	 
0.096199998	 -0.201 	  -85.35 	 
0.096399998	 -0.200 	  -85.22 	 
0.096599998	 -0.201 	  -85.08 	 
0.096799998	 -0.201 	  -84.87 	 
0.096999998	 -0.201 	  -84.65 	 
0.097199998	 -0.201 	  -84.43 	 
0.097399998	 -0.201 	  -84.21 	 
0.097599998	 -0.200 	  -83.97 	 
0.097799998	 -0.201 	  -83.70 	 
0.097999998	 -0.201 	  -83.38 	 
0.098199998	 -0.200 	  -82.99 	 
0.098399998	 -0.200 	  -82.54 	 
0.098599998	 -0.200 	  -82.03 	 
0.098799998	 -0.199 	  -81.50 	 
0.098999997	 -0.200 	  -80.96 	 
0.099199997	 -0.199 	  -80.44 	 
0.099399997	 -0.199 	  -79.90 	 
0.099599997	 -0.198 	  -79.36 	 
0.099799997	 -0.198 	  -78.77 	 
0.099999997	 -0.198 	  -78.14 	 
0.100199997	 -0.198 	  -77.46 	 
0.100399997	 -0.198 	  -76.71 	 
0.100599997	 -0.197 	  -75.95 	 
0.100799997	 -0.196 	  -75.16 	 
0.100999997	 -0.196 	  -74.38 	 
0.101199997	 -0.195 	  -73.62 	 
0.101399997	 -0.195 	  -72.84 	 
0.101599997	 -0.194 	  -72.05 	 
0.101799997	 -0.194 	  -71.23 	 
0.101999997	 -0.193 	  -70.41 	 
0.102199997	 -0.193 	  -69.58 	 
0.102399997	 -0.192 	  -68.77 	 
0.102599997	 -0.192 	  -67.84 	 
0.102799997	 -0.191 	  -66.87 	 
0.102999997	 -0.191 	  -65.87 	 
0.103199997	 -0.190 	  -64.85 	 
0.103399997	 -0.189 	  -63.85 	 
0.103599997	 -0.188 	  -62.84 	 
0.103799997	 -0.188 	  -61.84 	 
0.103999997	 -0.187 	  -60.89 	 
0.104199997	 -0.186 	  -59.99 	 
0.104399997	 -0.186 	  -59.12 	 
0.104599997	 -0.185 	  -58.28 	 
0.104799997	 -0.183 	  -57.40 	 
0.104999997	 -0.182 	  -56.50 	 
0.105199997	 -0.182 	  -55.55 	 
0.105399997	 -0.181 	  -54.59 	 
0.105599997	 -0.180 	  -53.61 	 
0.105799997	 -0.179 	  -52.74 	 
0.105999997	 -0.179 	  -51.92 	 
0.106199997	 -0.177 	  -51.14 	 
0.106399997	 -0.177 	  -50.33 	 
0.106599997	 -0.176 	  -49.56 	 
0.106799997	 -0.175 	  -48.81 	 
0.106999997	 -0.174 	  -48.07 	 
0.107199997	 -0.173 	  -47.30 	 
0.107399997	 -0.173 	  -46.56 	 
0.107599997	 -0.172 	  -45.83 	 
0.107799997	 -0.171 	  -45.14 	 
0.107999997	 -0.171 	  -44.50 	 
0.108199997	 -0.170 	  -43.88 	 
0.108399997	 -0.169 	  -43.28 	 
0.108599997	 -0.168 	  -42.73 	 
0.108799997	 -0.167 	  -42.18 	 
0.108999997	 -0.167 	  -41.65 	 
0.109199997	 -0.166 	  -41.11 	 
0.109399997	 -0.165 	  -40.64 	 
0.109599997	 -0.165 	  -40.17 	 
0.109799997	 -0.164 	  -39.79 	 
0.109999997	 -0.164 	  -39.40 	 
0.110199997	 -0.163 	  -39.06 	 
0.110399997	 -0.162 	  -38.71 	 
0.110599997	 -0.162 	  -38.43 	 
0.110799997	 -0.161 	  -38.19 	 
0.110999997	 -0.162 	  -38.02 	 
0.111199997	 -0.161 	  -37.88 	 
0.111399997	 -0.160 	  -37.82 	 
0.111599997	 -0.160 	  -37.76 	 
0.111799997	 -0.160 	  -37.73 	 
0.111999997	 -0.160 	  -37.70 	 
0.112199997	 -0.160 	  -37.70 	 
0.112399997	 -0.160 	  -37.69 	 
0.112599997	 -0.160 	  -37.73 	 
0.112799997	 -0.160 	  -37.79 	 
0.112999997	 -0.160 	  -37.90 	 
0.113199997	 -0.160 	  -38.08 	 
0.113399997	 -0.160 	  -38.30 	 
0.113599997	 -0.159 	  -38.52 	 
0.113799997	 -0.160 	  -38.77 	 
0.113999997	 -0.160 	  -39.00 	 
0.114199997	 -0.160 	  -39.24 	 
0.114399997	 -0.160 	  -39.52 	 
0.114599997	 -0.160 	  -39.84 	 
0.114799997	 -0.160 	  -40.20 	 
0.114999997	 -0.160 	  -40.64 	 
0.115199997	 -0.161 	  -41.12 	 
0.115399997	 -0.162 	  -41.65 	 
0.115599997	 -0.161 	  -42.24 	 
0.115799997	 -0.162 	  -42.82 	 
0.115999997	 -0.162 	  -43.37 	 
0.116199997	 -0.163 	  -43.95 	 
0.116399997	 -0.163 	  -44.51 	 
0.116599997	 -0.163 	  -45.11 	 
0.116799997	 -0.163 	  -45.75 	 
0.116999997	 -0.164 	  -46.46 	 
0.117199997	 -0.165 	  -47.24 	 
0.117399997	 -0.166 	  -48.02 	 
0.117599997	 -0.166 	  -48.85 	 
0.117799997	 -0.167 	  -49.66 	 
0.117999997	 -0.167 	  -50.50 	 
0.118199997	 -0.168 	  -51.31 	 
0.118399997	 -0.169 	  -52.16 	 
0.118599997	 -0.169 	  -53.01 	 
0.118799997	 -0.170 	  -53.88 	 
0.118999997	 -0.171 	  -54.71 	 
0.119199997	 -0.171 	  -55.59 	 
0.119399997	 -0.172 	  -56.47 	 
0.119599997	 -0.172 	  -57.37 	 
0.119799997	 -0.174 	  -58.28 	 
0.119999997	 -0.174 	  -59.21 	 
0.120199997	 -0.176 	  -60.13 	 
0.120399997	 -0.175 	  -61.07 	 
0.120599997	 -0.177 	  -62.00 	 
0.120799997	 -0.178 	  -62.93 	 
0.120999997	 -0.178 	  -63.87 	 
0.121199997	 -0.179 	  -64.75 	 
0.121399997	 -0.180 	  -65.64 	 
0.121599997	 -0.181 	  -66.50 	 
0.121799997	 -0.181 	  -67.38 	 
0.121999997	 -0.182 	  -68.25 	 
0.122199997	 -0.183 	  -69.13 	 
0.122399997	 -0.184 	  -70.01 	 
0.122599997	 -0.185 	  -70.86 	 
0.122799997	 -0.186 	  -71.71 	 
0.122999997	 -0.186 	  -72.53 	 
0.123199997	 -0.187 	  -73.34 	 
0.123399997	 -0.188 	  -74.11 	 
0.123599997	 -0.189 	  -74.84 	 
0.123799997	 -0.189 	  -75.53 	 
0.123999997	 -0.190 	  -76.24 	 
0.124199997	 -0.191 	  -76.94 	 
0.124399997	 -0.192 	  -77.61 	 
0.124599997	 -0.192 	  -78.29 	 
0.124799997	 -0.193 	  -78.94 	 
0.124999997	 -0.194 	  -79.54 	 
0.125199997	 -0.194 	  -80.13 	 
0.125399997	 -0.194 	  -80.68 	 
0.125599997	 -0.195 	  -81.19 	 
0.125799997	 -0.196 	  -81.68 	 
0.125999997	 -0.196 	  -82.12 	 
0.126199997	 -0.197 	  -82.61 	 
0.126399997	 -0.198 	  -83.00 	 
0.126599997	 -0.197 	  -83.41 	 
0.126799997	 -0.198 	  -83.79 	 
0.126999997	 -0.198 	  -84.11 	 
0.127199997	 -0.199 	  -84.41 	 
0.127399997	 -0.199 	  -84.65 	 
0.127599997	 -0.199 	  -84.84 	 
0.127799997	 -0.200 	  -85.00 	 
0.127999997	 -0.200 	  -85.14 	 
0.128199997	 -0.200 	  -85.24 	 
0.128399997	 -0.200 	  -85.32 	 
0.128599997	 -0.201 	  -85.40 	 
0.128799997	 -0.201 	  -85.44 	 
0.128999997	 -0.201 	  -85.46 	 
0.129199997	 -0.201 	  -85.44 	 
0.129399997	 -0.200 	  -85.37 	 
0.129599997	 -0.201 	  -85.26 	 
0.129799997	 -0.201 	  -85.13 	 
0.129999997	 -0.201 	  -84.97 	 
0.130199997	 -0.201 	  -84.79 	 
0.130399997	 -0.200 	  -84.60 	 
0.130599997	 -0.201 	  -84.41 	 
0.130799997	 -0.201 	  -84.22 	 
0.130999997	 -0.201 	  -83.96 	 
0.131199997	 -0.201 	  -83.64 	 
0.131399997	 -0.200 	  -83.27 	 
0.131599997	 -0.200 	  -82.82 	 
0.131799997	 -0.200 	  -82.32 	 
0.131999997	 -0.200 	  -81.84 	 
0.132199997	 -0.199 	  -81.34 	 
0.132399997	 -0.199 	  -80.82 	 
0.132599997	 -0.199 	  -80.31 	 
0.132799997	 -0.199 	  -79.74 	 
0.132999997	 -0.198 	  -79.16 	 
0.133199997	 -0.198 	  -78.53 	 
0.133399997	 -0.198 	  -77.87 	 
0.133599997	 -0.197 	  -77.17 	 
0.133799997	 -0.196 	  -76.43 	 
0.133999997	 -0.197 	  -75.68 	 
0.134199997	 -0.196 	  -74.92 	 
0.134399997	 -0.196 	  -74.15 	 
0.134599997	 -0.196 	  -73.38 	 
0.134799997	 -0.195 	  -72.60 	 
0.134999997	 -0.194 	  -71.78 	 
0.135199997	 -0.194 	  -70.95 	 
0.135399997	 -0.192 	  -70.13 	 
0.135599997	 -0.193 	  -69.31 	 
0.135799997	 -0.192 	  -68.48 	 
0.135999997	 -0.191 	  -67.55 	 
0.136199997	 -0.191 	  -66.55 	 
0.136399997	 -0.190 	  -65.53 	 
0.136599997	 -0.189 	  -64.48 	 
0.136799997	 -0.189 	  -63.44 	 
0.136999997	 -0.188 	  -62.40 	 
0.137199997	 -0.187 	  -61.49 	 
0.137399997	 -0.186 	  -60.63 	 
0.137599997	 -0.186 	  -59.77 	 
0.137799997	 -0.185 	  -58.90 	 
0.137999997	 -0.184 	  -58.01 	 
0.138199997	 -0.183 	  -57.08 	 
0.138399997	 -0.182 	  -56.16 	 
0.138599996	 -0.182 	  -55.23 	 
0.138799996	 -0.181 	  -54.31 	 
0.138999996	 -0.180 	  -53.40 	 
0.139199996	 -0.179 	  -52.53 	 
0.139399996	 -0.177 	  -51.71 	 
0.139599996	 -0.177 	  -50.92 	 
0.139799996	 -0.176 	  -50.17 	 
0.139999996	 -0.175 	  -49.39 	 
0.140199996	 -0.175 	  -48.60 	 
0.140399996	 -0.174 	  -47.80 	 
0.140599996	 -0.173 	  -47.08 	 
0.140799996	 -0.173 	  -46.31 	 
0.140999996	 -0.172 	  -45.53 	 
0.141199996	 -0.171 	  -44.80 	 
0.141399996	 -0.170 	  -44.17 	 
0.141599996	 -0.169 	  -43.60 	 
0.141799996	 -0.168 	  -43.03 	 
0.141999996	 -0.168 	  -42.53 	 
0.142199996	 -0.167 	  -42.00 	 
0.142399996	 -0.167 	  -41.56 	 
0.142599996	 -0.166 	  -41.10 	 
0.142799996	 -0.165 	  -40.62 	 
0.142999996	 -0.164 	  -40.18 	 
0.143199996	 -0.164 	  -39.76 	 
0.143399996	 -0.164 	  -39.33 	 
0.143599996	 -0.163 	  -38.93 	 
0.143799996	 -0.162 	  -38.57 	 
0.143999996	 -0.162 	  -38.27 	 
0.144199996	 -0.162 	  -38.06 	 
0.144399996	 -0.160 	  -37.93 	 
0.144599996	 -0.160 	  -37.84 	 
0.144799996	 -0.161 	  -37.80 	 
0.144999996	 -0.161 	  -37.77 	 
0.145199996	 -0.160 	  -37.76 	 
0.145399996	 -0.160 	  -37.74 	 
0.145599996	 -0.160 	  -37.69 	 
0.145799996	 -0.160 	  -37.69 	 
0.145999996	 -0.159 	  -37.70 	 
0.146199996	 -0.160 	  -37.76 	 
0.146399996	 -0.160 	  -37.89 	 
0.146599996	 -0.160 	  -38.08 	 
0.146799996	 -0.159 	  -38.32 	 
0.146999996	 -0.159 	  -38.59 	 
0.147199996	 -0.160 	  -38.86 	 
0.147399996	 -0.160 	  -39.13 	 
0.147599996	 -0.160 	  -39.42 	 
0.147799996	 -0.160 	  -39.73 	 
0.147999996	 -0.160 	  -40.06 	 
0.148199996	 -0.160 	  -40.42 	 
0.148399996	 -0.160 	  -40.82 	 
0.148599996	 -0.161 	  -41.28 	 
0.148799996	 -0.161 	  -41.77 	 
0.148999996	 -0.161 	  -42.33 	 
0.149199996	 -0.162 	  -42.92 	 
0.149399996	 -0.162 	  -43.51 	 
0.149599996	 -0.162 	  -44.13 	 
0.149799996	 -0.163 	  -44.73 	 
0.149999996	 -0.163 	  -45.35 	 
0.150199996	 -0.164 	  -46.02 	 
0.150399996	 -0.164 	  -46.71 	 
0.150599996	 -0.165 	  -47.45 	 
0.150799996	 -0.165 	  -48.27 	 
0.150999996	 -0.166 	  -49.10 	 
0.151199996	 -0.166 	  -49.96 	 
0.151399996	 -0.167 	  -50.80 	 
0.151599996	 -0.167 	  -51.63 	 
0.151799996	 -0.169 	  -52.46 	 
0.151999996	 -0.169 	  -53.28 	 
0.152199996	 -0.170 	  -54.11 	 
0.152399996	 -0.171 	  -54.93 	 
0.152599996	 -0.172 	  -55.76 	 
0.152799996	 -0.172 	  -56.62 	 
0.152999996	 -0.172 	  -57.54 	 
0.153199996	 -0.174 	  -58.50 	 
0.153399996	 -0.175 	  -59.53 	 
0.153599996	 -0.175 	  -60.54 	 
0.153799996	 -0.176 	  -61.56 	 
0.153999996	 -0.177 	  -62.52 	 
0.154199996	 -0.178 	  -63.44 	 
0.154399996	 -0.179 	  -64.29 	 
0.154599996	 -0.180 	  -65.10 	 
0.154799996	 -0.181 	  -65.93 	 
0.154999996	 -0.181 	  -66.76 	 
0.155199996	 -0.182 	  -67.62 	 
0.155399996	 -0.182 	  -68.50 	 
0.155599996	 -0.183 	  -69.39 	 
0.155799996	 -0.184 	  -70.30 	 
0.155999996	 -0.185 	  -71.19 	 
0.156199996	 -0.186 	  -72.02 	 
0.156399996	 -0.187 	  -72.83 	 
0.156599996	 -0.188 	  -73.61 	 
0.156799996	 -0.188 	  -74.35 	 
0.156999996	 -0.189 	  -75.08 	 
0.157199996	 -0.190 	  -75.76 	 
0.157399996	 -0.191 	  -76.45 	 
0.157599996	 -0.191 	  -77.14 	 
0.157799996	 -0.192 	  -77.84 	 
0.157999996	 -0.192 	  -78.51 	 
0.158199996	 -0.193 	  -79.19 	 
0.158399996	 -0.194 	  -79.81 	 
0.158599996	 -0.195 	  -80.39 	 
0.158799996	 -0.194 	  -80.94 	 
0.158999996	 -0.196 	  -81.42 	 
0.159199996	 -0.196 	  -81.86 	 
0.159399996	 -0.197 	  -82.30 	 
0.159599996	 -0.197 	  -82.72 	 
0.159799996	 -0.198 	  -83.11 	 
0.159999996	 -0.198 	  -83.50 	 
0.160199996	 -0.198 	  -83.86 	 
0.160399996	 -0.198 	  -84.19 	 
0.160599996	 -0.199 	  -84.47 	 
0.160799996	 -0.200 	  -84.73 	 
0.160999996	 -0.199 	  -84.92 	 
0.161199996	 -0.199 	  -85.09 	 
0.161399996	 -0.200 	  -85.21 	 
0.161599996	 -0.201 	  -85.31 	 
0.161799996	 -0.201 	  -85.37 	 
0.161999996	 -0.200 	  -85.41 	 
0.162199996	 -0.200 	  -85.42 	 
0.162399996	 -0.201 	  -85.47 	 
0.162599996	 -0.201 	  -85.48 	 
0.162799996	 -0.201 	  -85.43 	 
0.162999996	 -0.201 	  -85.33 	 
0.163199996	 -0.202 	  -85.18 	 
0.163399996	 -0.201 	  -84.97 	 
0.163599996	 -0.201 	  -84.77 	 
0.163799996	 -0.201 	  -84.55 	 
0.163999996	 -0.202 	  -84.30 	 
0.164199996	 -0.201 	  -84.04 	 
0.164399996	 -0.201 	  -83.80 	 
0.164599996	 -0.201 	  -83.51 	 
0.164799996	 -0.201 	  -83.20 	 
0.164999996	 -0.200 	  -82.80 	 
0.165199996	 -0.200 	  -82.34 	 
0.165399996	 -0.199 	  -81.79 	 
0.165599996	 -0.200 	  -81.23 	 
0.165799996	 -0.199 	  -80.66 	 
0.165999996	 -0.199 	  -80.07 	 
0.166199996	 -0.199 	  -79.47 	 
0.166399996	 -0.198 	  -78.93 	 
0.166599996	 -0.198 	  -78.33 	 
0.166799996	 -0.198 	  -77.71 	 
0.166999996	 -0.197 	  -77.04 	 
0.167199996	 -0.197 	  -76.33 	 
0.167399996	 -0.197 	  -75.53 	 
0.167599996	 -0.196 	  -74.71 	 
0.167799996	 -0.196 	  -73.86 	 
0.167999996	 -0.196 	  -73.06 	 
0.168199996	 -0.195 	  -72.26 	 
0.168399996	 -0.194 	  -71.46 	 
0.168599996	 -0.193 	  -70.69 	 
0.168799996	 -0.193 	  -69.88 	 
0.168999996	 -0.193 	  -69.09 	 
0.169199996	 -0.192 	  -68.27 	 
0.169399996	 -0.192 	  -67.25 	 
0.169599996	 -0.191 	  -66.20 	 
0.169799996	 -0.190 	  -65.15 	 
0.169999996	 -0.189 	  -64.11 	 
0.170199996	 -0.188 	  -63.06 	 
0.170399996	 -0.188 	  -62.10 	 
0.170599996	 -0.187 	  -61.21 	 
0.170799996	 -0.186 	  -60.35 	 
0.170999996	 -0.186 	  -59.52 	 
0.171199996	 -0.185 	  -58.66 	 
0.171399996	 -0.183 	  -57.75 	 
0.171599996	 -0.183 	  -56.78 	 
0.171799996	 -0.183 	  -55.84 	 
0.171999996	 -0.182 	  -54.90 	 
0.172199996	 -0.180 	  -53.97 	 
0.172399996	 -0.180 	  -53.07 	 
0.172599996	 -0.179 	  -52.19 	 
0.172799996	 -0.178 	  -51.37 	 
0.172999996	 -0.177 	  -50.60 	 
0.173199996	 -0.176 	  -49.85 	 
0.173399996	 -0.175 	  -49.06 	 
0.173599996	 -0.175 	  -48.28 	 
0.173799996	 -0.175 	  -47.57 	 
0.173999996	 -0.173 	  -46.86 	 
0.174199996	 -0.173 	  -46.16 	 
0.174399996	 -0.172 	  -45.45 	 
0.174599996	 -0.171 	  -44.72 	 
0.174799996	 -0.170 	  -44.04 	 
0.174999996	 -0.170 	  -43.42 	 
0.175199996	 -0.168 	  -42.83 	 
0.175399996	 -0.168 	  -42.26 	 
0.175599996	 -0.167 	  -41.77 	 
0.175799996	 -0.166 	  -41.33 	 
0.175999996	 -0.165 	  -40.93 	 
0.176199996	 -0.166 	  -40.58 	 
0.176399996	 -0.164 	  -40.20 	 
0.176599996	 -0.164 	  -39.82 	 
0.176799996	 -0.164 	  -39.41 	 
0.176999996	 -0.163 	  -38.98 	 
0.177199996	 -0.162 	  -38.52 	 
0.177399996	 -0.162 	  -38.14 	 
0.177599996	 -0.161 	  -37.83 	 
0.177799996	 -0.161 	  -37.65 	 
0.177999996	 -0.160 	  -37.60 	 
0.178199995	 -0.160 	  -37.61 	 
0.178399995	 -0.160 	  -37.68 	 
0.178599995	 -0.160 	  -37.73 	 
0.178799995	 -0.160 	  -37.76 	 
0.178999995	 -0.159 	  -37.75 	 
0.179199995	 -0.160 	  -37.76 	 
0.179399995	 -0.160 	  -37.77 	 
0.179599995	 -0.160 	  -37.84 	 
0.179799995	 -0.159 	  -37.97 	 
0.179999995	 -0.159 	  -38.16 	 
0.180199995	 -0.160 	  -38.41 	 
0.180399995	 -0.159 	  -38.71 	 
0.180599995	 -0.159 	  -39.00 	 
0.180799995	 -0.160 	  -39.26 	 
0.180999995	 -0.160 	  -39.51 	 
0.181199995	 -0.160 	  -39.79 	 
0.181399995	 -0.161 	  -40.09 	 
0.181599995	 -0.160 	  -40.46 	 
0.181799995	 -0.160 	  -40.93 	 
0.181999995	 -0.161 	  -41.45 	 
0.182199995	 -0.162 	  -41.99 	 
0.182399995	 -0.161 	  -42.60 	 
0.182599995	 -0.162 	  -43.20 	 
0.182799995	 -0.162 	  -43.79 	 
0.182999995	 -0.163 	  -44.37 	 
0.183199995	 -0.164 	  -44.96 	 
0.183399995	 -0.164 	  -45.55 	 
0.183599995	 -0.164 	  -46.24 	 
0.183799995	 -0.164 	  -46.98 	 
0.183999995	 -0.165 	  -47.73 	 
0.184199995	 -0.166 	  -48.55 	 
0.184399995	 -0.167 	  -49.36 	 
0.184599995	 -0.167 	  -50.19 	 
0.184799995	 -0.167 	  -51.01 	 
0.184999995	 -0.168 	  -51.81 	 
0.185199995	 -0.169 	  -52.63 	 
0.185399995	 -0.170 	  -53.46 	 
0.185599995	 -0.170 	  -54.32 	 
0.185799995	 -0.171 	  -55.26 	 
0.185999995	 -0.172 	  -56.24 	 
0.186199995	 -0.172 	  -57.22 	 
0.186399995	 -0.173 	  -58.19 	 
0.186599995	 -0.174 	  -59.12 	 
0.186799995	 -0.175 	  -60.02 	 
0.186999995	 -0.176 	  -60.91 	 
0.187199995	 -0.176 	  -61.79 	 
0.187399995	 -0.178 	  -62.66 	 
0.187599995	 -0.178 	  -63.54 	 
0.187799995	 -0.180 	  -64.46 	 
0.187999995	 -0.180 	  -65.37 	 
0.188199995	 -0.181 	  -66.25 	 
0.188399995	 -0.181 	  -67.13 	 
0.188599995	 -0.182 	  -67.98 	 
0.188799995	 -0.182 	  -68.84 	 
0.188999995	 -0.184 	  -69.69 	 
0.189199995	 -0.185 	  -70.55 	 
0.189399995	 -0.186 	  -71.39 	 
0.189599995	 -0.186 	  -72.24 	 
0.189799995	 -0.188 	  -73.06 	 
0.189999995	 -0.188 	  -73.86 	 
0.190199995	 -0.189 	  -74.60 	 
0.190399995	 -0.189 	  -75.34 	 
0.190599995	 -0.190 	  -76.06 	 
0.190799995	 -0.191 	  -76.73 	 
0.190999995	 -0.192 	  -77.41 	 
0.191199995	 -0.192 	  -78.09 	 
0.191399995	 -0.193 	  -78.77 	 
0.191599995	 -0.193 	  -79.41 	 
0.191799995	 -0.194 	  -80.02 	 
0.191999995	 -0.194 	  -80.59 	 
0.192199995	 -0.195 	  -81.10 	 
0.192399995	 -0.196 	  -81.59 	 
0.192599995	 -0.196 	  -82.03 	 
0.192799995	 -0.196 	  -82.45 	 
0.192999995	 -0.197 	  -82.85 	 
0.193199995	 -0.197 	  -83.24 	 
0.193399995	 -0.198 	  -83.60 	 
0.193599995	 -0.199 	  -83.96 	 
0.193799995	 -0.198 	  -84.29 	 
0.193999995	 -0.199 	  -84.56 	 
0.194199995	 -0.200 	  -84.82 	 
0.194399995	 -0.199 	  -84.98 	 
0.194599995	 -0.200 	  -85.13 	 
0.194799995	 -0.200 	  -85.26 	 
0.194999995	 -0.201 	  -85.35 	 
0.195199995	 -0.200 	  -85.44 	 
0.195399995	 -0.201 	  -85.50 	 
0.195599995	 -0.201 	  -85.53 	 
0.195799995	 -0.201 	  -85.52 	 
0.195999995	 -0.201 	  -85.47 	 
0.196199995	 -0.201 	  -85.36 	 
0.196399995	 -0.201 	  -85.21 	 
0.196599995	 -0.201 	  -85.05 	 
0.196799995	 -0.201 	  -84.90 	 
0.196999995	 -0.201 	  -84.76 	 
0.197199995	 -0.200 	  -84.57 	 
0.197399995	 -0.201 	  -84.36 	 
0.197599995	 -0.201 	  -84.10 	 
0.197799995	 -0.201 	  -83.78 	 
0.197999995	 -0.201 	  -83.38 	 
0.198199995	 -0.201 	  -82.94 	 
0.198399995	 -0.200 	  -82.50 	 
0.198599995	 -0.200 	  -82.01 	 
0.198799995	 -0.199 	  -81.54 	 
0.198999995	 -0.199 	  -81.06 	 
0.199199995	 -0.199 	  -80.55 	 
0.199399995	 -0.199 	  -80.01 	 
0.199599995	 -0.199 	  -79.45 	 
0.199799995	 -0.198 	  -78.82 	 
0.199999995	 -0.198 	  -78.16 	 
0.200199995	 -0.198 	  -77.45 	 
0.200399995	 -0.197 	  -76.69 	 
0.200599995	 -0.197 	  -75.95 	 
0.200799995	 -0.196 	  -75.19 	 
0.200999995	 -0.196 	  -74.43 	 
0.201199995	 -0.195 	  -73.69 	 
0.201399995	 -0.195 	  -72.92 	 
0.201599995	 -0.194 	  -72.12 	 
0.201799995	 -0.193 	  -71.30 	 
0.201999995	 -0.193 	  -70.45 	 
0.202199995	 -0.193 	  -69.62 	 
0.202399995	 -0.193 	  -68.80 	 
0.202599995	 -0.191 	  -67.92 	 
0.202799995	 -0.191 	  -66.98 	 
0.202999995	 -0.191 	  -65.93 	 
0.203199995	 -0.189 	  -64.84 	 
0.203399995	 -0.189 	  -63.81 	 
0.203599995	 -0.188 	  -62.74 	 
0.203799995	 -0.187 	  -61.77 	 
0.203999995	 -0.186 	  -60.89 	 
0.204199995	 -0.186 	  -59.99 	 
0.204399995	 -0.185 	  -59.16 	 
0.204599995	 -0.185 	  -58.30 	 
