0.000000000	 -0.245 	  -78.29 	 
0.000200000	 -0.244 	  -77.57 	 
0.000400000	 -0.244 	  -76.85 	 
0.000600000	 -0.243 	  -76.15 	 
0.000800000	 -0.243 	  -75.42 	 
0.001000000	 -0.243 	  -74.68 	 
0.001200000	 -0.242 	  -73.91 	 
0.001400000	 -0.241 	  -73.11 	 
0.001600000	 -0.241 	  -72.33 	 
0.001800000	 -0.241 	  -71.50 	 
0.002000000	 -0.239 	  -70.69 	 
0.002200000	 -0.239 	  -69.89 	 
0.002400000	 -0.239 	  -69.02 	 
0.002600000	 -0.238 	  -67.98 	 
0.002800000	 -0.237 	  -66.91 	 
0.003000000	 -0.236 	  -65.87 	 
0.003200000	 -0.236 	  -64.88 	 
0.003400000	 -0.235 	  -63.93 	 
0.003600000	 -0.234 	  -63.02 	 
0.003800000	 -0.233 	  -62.08 	 
0.004000000	 -0.232 	  -61.20 	 
0.004200000	 -0.231 	  -60.32 	 
0.004400000	 -0.231 	  -59.39 	 
0.004600000	 -0.230 	  -58.48 	 
0.004800000	 -0.229 	  -57.54 	 
0.005000000	 -0.228 	  -56.55 	 
0.005200000	 -0.228 	  -55.65 	 
0.005400000	 -0.227 	  -54.75 	 
0.005600000	 -0.226 	  -53.91 	 
0.005800000	 -0.225 	  -53.07 	 
0.006000000	 -0.224 	  -52.21 	 
0.006200000	 -0.224 	  -51.31 	 
0.006400000	 -0.223 	  -50.50 	 
0.006600000	 -0.222 	  -49.80 	 
0.006800000	 -0.221 	  -49.04 	 
0.007000000	 -0.221 	  -48.29 	 
0.007200000	 -0.220 	  -47.55 	 
0.007400000	 -0.219 	  -46.82 	 
0.007600000	 -0.219 	  -46.10 	 
0.007800000	 -0.217 	  -45.41 	 
0.008000000	 -0.217 	  -44.74 	 
0.008200000	 -0.216 	  -44.06 	 
0.008400000	 -0.215 	  -43.49 	 
0.008600000	 -0.215 	  -42.91 	 
0.008800000	 -0.214 	  -42.37 	 
0.009000000	 -0.213 	  -41.89 	 
0.009200000	 -0.213 	  -41.41 	 
0.009400000	 -0.212 	  -40.99 	 
0.009600000	 -0.211 	  -40.54 	 
0.009800000	 -0.211 	  -40.07 	 
0.010000000	 -0.210 	  -39.65 	 
0.010200000	 -0.209 	  -39.24 	 
0.010400000	 -0.209 	  -38.88 	 
0.010600000	 -0.209 	  -38.53 	 
0.010800000	 -0.209 	  -38.27 	 
0.011000000	 -0.209 	  -38.08 	 
0.011200000	 -0.208 	  -37.97 	 
0.011400000	 -0.208 	  -37.88 	 
0.011600000	 -0.208 	  -37.83 	 
0.011800000	 -0.206 	  -37.79 	 
0.012000000	 -0.207 	  -37.76 	 
0.012200000	 -0.207 	  -37.75 	 
0.012400000	 -0.206 	  -37.76 	 
0.012600000	 -0.207 	  -37.81 	 
0.012800000	 -0.207 	  -37.91 	 
0.013000000	 -0.206 	  -38.06 	 
0.013200000	 -0.207 	  -38.21 	 
0.013400000	 -0.207 	  -38.36 	 
0.013600000	 -0.207 	  -38.55 	 
0.013800000	 -0.207 	  -38.73 	 
0.014000000	 -0.206 	  -38.96 	 
0.014200000	 -0.207 	  -39.27 	 
0.014400000	 -0.207 	  -39.57 	 
0.014600000	 -0.207 	  -39.93 	 
0.014800000	 -0.207 	  -40.34 	 
0.015000000	 -0.207 	  -40.77 	 
0.015200000	 -0.207 	  -41.21 	 
0.015400000	 -0.207 	  -41.63 	 
0.015600000	 -0.208 	  -42.10 	 
0.015800000	 -0.208 	  -42.60 	 
0.016000000	 -0.209 	  -43.16 	 
0.016200000	 -0.209 	  -43.82 	 
0.016400000	 -0.209 	  -44.49 	 
0.016600000	 -0.209 	  -45.18 	 
0.016800000	 -0.210 	  -45.90 	 
0.017000000	 -0.211 	  -46.58 	 
0.017200000	 -0.211 	  -47.24 	 
0.017400000	 -0.212 	  -47.98 	 
0.017600000	 -0.212 	  -48.68 	 
0.017800000	 -0.212 	  -49.46 	 
0.018000000	 -0.213 	  -50.24 	 
0.018200000	 -0.214 	  -51.08 	 
0.018400000	 -0.215 	  -51.95 	 
0.018600000	 -0.215 	  -52.80 	 
0.018800000	 -0.216 	  -53.64 	 
0.019000000	 -0.217 	  -54.48 	 
0.019200000	 -0.218 	  -55.33 	 
0.019400000	 -0.218 	  -56.27 	 
0.019600000	 -0.220 	  -57.23 	 
0.019799999	 -0.221 	  -58.22 	 
0.019999999	 -0.220 	  -59.17 	 
0.020199999	 -0.222 	  -60.09 	 
0.020399999	 -0.223 	  -60.98 	 
0.020599999	 -0.223 	  -61.87 	 
0.020799999	 -0.225 	  -62.73 	 
0.020999999	 -0.225 	  -63.63 	 
0.021199999	 -0.226 	  -64.52 	 
0.021399999	 -0.226 	  -65.46 	 
0.021599999	 -0.227 	  -66.40 	 
0.021799999	 -0.229 	  -67.32 	 
0.021999999	 -0.229 	  -68.19 	 
0.022199999	 -0.230 	  -69.06 	 
0.022399999	 -0.231 	  -69.89 	 
0.022599999	 -0.232 	  -70.69 	 
0.022799999	 -0.233 	  -71.54 	 
0.022999999	 -0.233 	  -72.30 	 
0.023199999	 -0.234 	  -73.14 	 
0.023399999	 -0.235 	  -73.94 	 
0.023599999	 -0.236 	  -74.72 	 
0.023799999	 -0.237 	  -75.43 	 
0.023999999	 -0.237 	  -76.12 	 
0.024199999	 -0.237 	  -76.81 	 
0.024399999	 -0.239 	  -77.52 	 
0.024599999	 -0.240 	  -78.23 	 
0.024799999	 -0.240 	  -78.94 	 
0.024999999	 -0.240 	  -79.57 	 
0.025199999	 -0.241 	  -80.17 	 
0.025399999	 -0.242 	  -80.70 	 
0.025599999	 -0.242 	  -81.16 	 
0.025799999	 -0.242 	  -81.60 	 
0.025999999	 -0.243 	  -82.01 	 
0.026199999	 -0.244 	  -82.43 	 
0.026399999	 -0.244 	  -82.84 	 
0.026599999	 -0.244 	  -83.27 	 
0.026799999	 -0.245 	  -83.66 	 
0.026999999	 -0.245 	  -84.03 	 
0.027199999	 -0.245 	  -84.35 	 
0.027399999	 -0.246 	  -84.62 	 
0.027599999	 -0.246 	  -84.84 	 
0.027799999	 -0.246 	  -85.01 	 
0.027999999	 -0.247 	  -85.16 	 
0.028199999	 -0.247 	  -85.27 	 
0.028399999	 -0.248 	  -85.38 	 
0.028599999	 -0.247 	  -85.46 	 
0.028799999	 -0.247 	  -85.51 	 
0.028999999	 -0.248 	  -85.54 	 
0.029199999	 -0.247 	  -85.51 	 
0.029399999	 -0.248 	  -85.46 	 
0.029599999	 -0.248 	  -85.35 	 
0.029799999	 -0.248 	  -85.24 	 
0.029999999	 -0.248 	  -85.07 	 
0.030199999	 -0.248 	  -84.88 	 
0.030399999	 -0.248 	  -84.66 	 
0.030599999	 -0.248 	  -84.48 	 
0.030799999	 -0.247 	  -84.21 	 
0.030999999	 -0.247 	  -83.93 	 
0.031199999	 -0.248 	  -83.63 	 
0.031399999	 -0.247 	  -83.27 	 
0.031599999	 -0.247 	  -82.89 	 
0.031799999	 -0.247 	  -82.45 	 
0.031999999	 -0.247 	  -82.04 	 
0.032199999	 -0.247 	  -81.57 	 
0.032399999	 -0.246 	  -81.06 	 
0.032599999	 -0.246 	  -80.53 	 
0.032799999	 -0.245 	  -79.96 	 
0.032999999	 -0.245 	  -79.35 	 
0.033199999	 -0.245 	  -78.70 	 
0.033399999	 -0.244 	  -77.98 	 
0.033599999	 -0.244 	  -77.31 	 
0.033799999	 -0.244 	  -76.62 	 
0.033999999	 -0.243 	  -75.91 	 
0.034199999	 -0.243 	  -75.18 	 
0.034399999	 -0.243 	  -74.41 	 
0.034599999	 -0.242 	  -73.62 	 
0.034799999	 -0.241 	  -72.80 	 
0.034999999	 -0.240 	  -71.97 	 
0.035199999	 -0.240 	  -71.17 	 
0.035399999	 -0.239 	  -70.40 	 
0.035599999	 -0.239 	  -69.63 	 
0.035799999	 -0.239 	  -68.73 	 
0.035999999	 -0.238 	  -67.74 	 
0.036199999	 -0.237 	  -66.66 	 
0.036399999	 -0.237 	  -65.60 	 
0.036599999	 -0.236 	  -64.57 	 
0.036799999	 -0.234 	  -63.61 	 
0.036999999	 -0.234 	  -62.69 	 
0.037199999	 -0.233 	  -61.78 	 
0.037399999	 -0.232 	  -60.97 	 
0.037599999	 -0.232 	  -60.10 	 
0.037799999	 -0.231 	  -59.16 	 
0.037999999	 -0.230 	  -58.16 	 
0.038199999	 -0.229 	  -57.14 	 
0.038399999	 -0.228 	  -56.16 	 
0.038599999	 -0.227 	  -55.24 	 
0.038799999	 -0.228 	  -54.35 	 
0.038999999	 -0.226 	  -53.53 	 
0.039199999	 -0.225 	  -52.78 	 
0.039399999	 -0.224 	  -51.98 	 
0.039599999	 -0.223 	  -51.16 	 
0.039799999	 -0.223 	  -50.32 	 
0.039999999	 -0.222 	  -49.48 	 
0.040199999	 -0.221 	  -48.66 	 
0.040399999	 -0.220 	  -47.89 	 
0.040599999	 -0.219 	  -47.22 	 
0.040799999	 -0.219 	  -46.58 	 
0.040999999	 -0.218 	  -45.88 	 
0.041199999	 -0.217 	  -45.20 	 
0.041399999	 -0.217 	  -44.56 	 
0.041599999	 -0.216 	  -43.89 	 
0.041799999	 -0.214 	  -43.23 	 
0.041999999	 -0.214 	  -42.60 	 
0.042199999	 -0.214 	  -42.06 	 
0.042399999	 -0.213 	  -41.58 	 
0.042599999	 -0.212 	  -41.20 	 
0.042799999	 -0.212 	  -40.84 	 
0.042999999	 -0.212 	  -40.49 	 
0.043199999	 -0.211 	  -40.12 	 
0.043399999	 -0.210 	  -39.69 	 
0.043599999	 -0.210 	  -39.24 	 
0.043799999	 -0.209 	  -38.80 	 
0.043999999	 -0.209 	  -38.39 	 
0.044199999	 -0.209 	  -38.07 	 
0.044399999	 -0.207 	  -37.86 	 
0.044599999	 -0.208 	  -37.75 	 
0.044799999	 -0.207 	  -37.74 	 
0.044999999	 -0.207 	  -37.79 	 
0.045199999	 -0.207 	  -37.79 	 
0.045399999	 -0.207 	  -37.76 	 
0.045599999	 -0.207 	  -37.75 	 
0.045799999	 -0.207 	  -37.73 	 
0.045999999	 -0.206 	  -37.75 	 
0.046199999	 -0.206 	  -37.85 	 
0.046399999	 -0.207 	  -38.03 	 
0.046599999	 -0.205 	  -38.20 	 
0.046799999	 -0.207 	  -38.42 	 
0.046999999	 -0.207 	  -38.65 	 
0.047199999	 -0.207 	  -38.87 	 
0.047399999	 -0.206 	  -39.09 	 
0.047599999	 -0.207 	  -39.35 	 
0.047799999	 -0.207 	  -39.63 	 
0.047999999	 -0.207 	  -40.01 	 
0.048199999	 -0.207 	  -40.46 	 
0.048399999	 -0.207 	  -40.91 	 
0.048599999	 -0.208 	  -41.43 	 
0.048799999	 -0.208 	  -41.93 	 
0.048999999	 -0.208 	  -42.39 	 
0.049199999	 -0.209 	  -42.88 	 
0.049399999	 -0.208 	  -43.40 	 
0.049599999	 -0.209 	  -43.98 	 
0.049799999	 -0.209 	  -44.61 	 
0.049999999	 -0.210 	  -45.30 	 
0.050199999	 -0.210 	  -46.03 	 
0.050399999	 -0.211 	  -46.78 	 
0.050599999	 -0.212 	  -47.52 	 
0.050799999	 -0.212 	  -48.26 	 
0.050999999	 -0.212 	  -48.96 	 
0.051199999	 -0.213 	  -49.71 	 
0.051399999	 -0.213 	  -50.50 	 
0.051599999	 -0.214 	  -51.31 	 
0.051799999	 -0.215 	  -52.17 	 
0.051999999	 -0.216 	  -53.06 	 
0.052199999	 -0.217 	  -53.97 	 
0.052399999	 -0.217 	  -54.91 	 
0.052599999	 -0.218 	  -55.83 	 
0.052799999	 -0.219 	  -56.69 	 
0.052999999	 -0.220 	  -57.58 	 
0.053199999	 -0.220 	  -58.44 	 
0.053399999	 -0.222 	  -59.33 	 
0.053599999	 -0.222 	  -60.25 	 
0.053799999	 -0.223 	  -61.20 	 
0.053999999	 -0.223 	  -62.17 	 
0.054199999	 -0.225 	  -63.08 	 
0.054399999	 -0.226 	  -64.01 	 
0.054599999	 -0.226 	  -64.89 	 
0.054799999	 -0.228 	  -65.78 	 
0.054999999	 -0.228 	  -66.66 	 
0.055199999	 -0.229 	  -67.53 	 
0.055399999	 -0.229 	  -68.40 	 
0.055599999	 -0.230 	  -69.26 	 
0.055799999	 -0.231 	  -70.16 	 
0.055999999	 -0.232 	  -71.02 	 
0.056199999	 -0.233 	  -71.85 	 
0.056399999	 -0.233 	  -72.64 	 
0.056599999	 -0.235 	  -73.41 	 
0.056799999	 -0.235 	  -74.13 	 
0.056999999	 -0.235 	  -74.86 	 
0.057199999	 -0.236 	  -75.57 	 
0.057399999	 -0.237 	  -76.28 	 
0.057599999	 -0.238 	  -76.99 	 
0.057799999	 -0.238 	  -77.75 	 
0.057999999	 -0.239 	  -78.48 	 
0.058199999	 -0.240 	  -79.17 	 
0.058399999	 -0.241 	  -79.77 	 
0.058599999	 -0.240 	  -80.31 	 
0.058799999	 -0.242 	  -80.76 	 
0.058999999	 -0.242 	  -81.23 	 
0.059199999	 -0.243 	  -81.68 	 
0.059399998	 -0.243 	  -82.14 	 
0.059599998	 -0.244 	  -82.61 	 
0.059799998	 -0.245 	  -83.02 	 
0.059999998	 -0.245 	  -83.40 	 
0.060199998	 -0.245 	  -83.75 	 
0.060399998	 -0.245 	  -84.05 	 
0.060599998	 -0.246 	  -84.31 	 
0.060799998	 -0.246 	  -84.58 	 
0.060999998	 -0.247 	  -84.82 	 
0.061199998	 -0.246 	  -85.01 	 
0.061399998	 -0.247 	  -85.20 	 
0.061599998	 -0.247 	  -85.34 	 
0.061799998	 -0.247 	  -85.40 	 
0.061999998	 -0.248 	  -85.44 	 
0.062199998	 -0.247 	  -85.44 	 
0.062399998	 -0.247 	  -85.43 	 
0.062599998	 -0.248 	  -85.43 	 
0.062799998	 -0.247 	  -85.37 	 
0.062999998	 -0.248 	  -85.30 	 
0.063199998	 -0.248 	  -85.20 	 
0.063399998	 -0.248 	  -85.02 	 
0.063599998	 -0.248 	  -84.82 	 
0.063799998	 -0.247 	  -84.56 	 
0.063999998	 -0.247 	  -84.32 	 
0.064199998	 -0.247 	  -84.05 	 
0.064399998	 -0.247 	  -83.79 	 
0.064599998	 -0.247 	  -83.50 	 
0.064799998	 -0.247 	  -83.16 	 
0.064999998	 -0.246 	  -82.76 	 
0.065199998	 -0.247 	  -82.29 	 
0.065399998	 -0.246 	  -81.82 	 
0.065599998	 -0.246 	  -81.33 	 
0.065799998	 -0.247 	  -80.81 	 
0.065999998	 -0.246 	  -80.26 	 
0.066199998	 -0.245 	  -79.69 	 
0.066399998	 -0.245 	  -79.11 	 
0.066599998	 -0.245 	  -78.49 	 
0.066799998	 -0.244 	  -77.79 	 
0.066999998	 -0.244 	  -77.11 	 
0.067199998	 -0.244 	  -76.36 	 
0.067399998	 -0.243 	  -75.62 	 
0.067599998	 -0.243 	  -74.85 	 
0.067799998	 -0.242 	  -74.09 	 
0.067999998	 -0.242 	  -73.31 	 
0.068199998	 -0.240 	  -72.53 	 
0.068399998	 -0.240 	  -71.74 	 
0.068599998	 -0.240 	  -70.94 	 
0.068799998	 -0.239 	  -70.13 	 
0.068999998	 -0.239 	  -69.31 	 
0.069199998	 -0.238 	  -68.34 	 
0.069399998	 -0.238 	  -67.27 	 
0.069599998	 -0.237 	  -66.22 	 
0.069799998	 -0.236 	  -65.23 	 
0.069999998	 -0.235 	  -64.23 	 
0.070199998	 -0.235 	  -63.32 	 
0.070399998	 -0.233 	  -62.42 	 
0.070599998	 -0.234 	  -61.50 	 
0.070799998	 -0.232 	  -60.56 	 
0.070999998	 -0.231 	  -59.61 	 
0.071199998	 -0.230 	  -58.67 	 
0.071399998	 -0.230 	  -57.70 	 
0.071599998	 -0.229 	  -56.75 	 
0.071799998	 -0.229 	  -55.86 	 
0.071999998	 -0.228 	  -55.05 	 
0.072199998	 -0.226 	  -54.25 	 
0.072399998	 -0.226 	  -53.44 	 
0.072599998	 -0.225 	  -52.57 	 
0.072799998	 -0.224 	  -51.66 	 
0.072999998	 -0.223 	  -50.74 	 
0.073199998	 -0.222 	  -49.93 	 
0.073399998	 -0.222 	  -49.19 	 
0.073599998	 -0.220 	  -48.45 	 
0.073799998	 -0.220 	  -47.76 	 
0.073999998	 -0.219 	  -47.05 	 
0.074199998	 -0.219 	  -46.32 	 
0.074399998	 -0.219 	  -45.58 	 
0.074599998	 -0.217 	  -44.89 	 
0.074799998	 -0.216 	  -44.17 	 
0.074999998	 -0.216 	  -43.56 	 
0.075199998	 -0.215 	  -42.99 	 
0.075399998	 -0.214 	  -42.50 	 
0.075599998	 -0.214 	  -42.02 	 
0.075799998	 -0.213 	  -41.54 	 
0.075999998	 -0.213 	  -41.01 	 
0.076199998	 -0.212 	  -40.56 	 
0.076399998	 -0.211 	  -40.14 	 
0.076599998	 -0.211 	  -39.76 	 
0.076799998	 -0.210 	  -39.43 	 
0.076999998	 -0.209 	  -39.10 	 
0.077199998	 -0.209 	  -38.73 	 
0.077399998	 -0.208 	  -38.41 	 
0.077599998	 -0.208 	  -38.10 	 
0.077799998	 -0.208 	  -37.88 	 
0.077999998	 -0.207 	  -37.76 	 
0.078199998	 -0.208 	  -37.69 	 
0.078399998	 -0.207 	  -37.67 	 
0.078599998	 -0.207 	  -37.68 	 
0.078799998	 -0.207 	  -37.68 	 
0.078999998	 -0.207 	  -37.71 	 
0.079199998	 -0.205 	  -37.73 	 
0.079399998	 -0.207 	  -37.78 	 
0.079599998	 -0.207 	  -37.86 	 
0.079799998	 -0.207 	  -38.01 	 
0.079999998	 -0.206 	  -38.22 	 
0.080199998	 -0.206 	  -38.45 	 
0.080399998	 -0.207 	  -38.68 	 
0.080599998	 -0.206 	  -38.91 	 
0.080799998	 -0.206 	  -39.13 	 
0.080999998	 -0.207 	  -39.41 	 
0.081199998	 -0.207 	  -39.74 	 
0.081399998	 -0.207 	  -40.12 	 
0.081599998	 -0.207 	  -40.54 	 
0.081799998	 -0.207 	  -41.01 	 
0.081999998	 -0.208 	  -41.48 	 
0.082199998	 -0.207 	  -41.94 	 
0.082399998	 -0.208 	  -42.43 	 
0.082599998	 -0.208 	  -42.94 	 
0.082799998	 -0.209 	  -43.51 	 
0.082999998	 -0.209 	  -44.15 	 
0.083199998	 -0.209 	  -44.80 	 
0.083399998	 -0.210 	  -45.53 	 
0.083599998	 -0.211 	  -46.29 	 
0.083799998	 -0.212 	  -47.03 	 
0.083999998	 -0.212 	  -47.74 	 
0.084199998	 -0.213 	  -48.48 	 
0.084399998	 -0.213 	  -49.21 	 
0.084599998	 -0.213 	  -49.95 	 
0.084799998	 -0.214 	  -50.77 	 
0.084999998	 -0.214 	  -51.60 	 
0.085199998	 -0.216 	  -52.44 	 
0.085399998	 -0.216 	  -53.32 	 
0.085599998	 -0.217 	  -54.22 	 
0.085799998	 -0.218 	  -55.11 	 
0.085999998	 -0.218 	  -55.98 	 
0.086199998	 -0.219 	  -56.84 	 
0.086399998	 -0.220 	  -57.73 	 
0.086599998	 -0.220 	  -58.68 	 
0.086799998	 -0.222 	  -59.67 	 
0.086999998	 -0.222 	  -60.65 	 
0.087199998	 -0.223 	  -61.61 	 
0.087399998	 -0.225 	  -62.52 	 
0.087599998	 -0.225 	  -63.41 	 
0.087799998	 -0.225 	  -64.27 	 
0.087999998	 -0.227 	  -65.17 	 
0.088199998	 -0.228 	  -66.03 	 
0.088399998	 -0.229 	  -66.92 	 
0.088599998	 -0.229 	  -67.82 	 
0.088799998	 -0.230 	  -68.70 	 
0.088999998	 -0.231 	  -69.60 	 
0.089199998	 -0.231 	  -70.47 	 
0.089399998	 -0.232 	  -71.30 	 
0.089599998	 -0.233 	  -72.11 	 
0.089799998	 -0.234 	  -72.87 	 
0.089999998	 -0.234 	  -73.62 	 
0.090199998	 -0.236 	  -74.38 	 
0.090399998	 -0.236 	  -75.11 	 
0.090599998	 -0.236 	  -75.86 	 
0.090799998	 -0.238 	  -76.60 	 
0.090999998	 -0.238 	  -77.26 	 
0.091199998	 -0.239 	  -77.92 	 
0.091399998	 -0.239 	  -78.56 	 
0.091599998	 -0.240 	  -79.23 	 
0.091799998	 -0.241 	  -79.86 	 
0.091999998	 -0.241 	  -80.48 	 
0.092199998	 -0.242 	  -80.99 	 
0.092399998	 -0.243 	  -81.50 	 
0.092599998	 -0.242 	  -81.93 	 
0.092799998	 -0.244 	  -82.32 	 
0.092999998	 -0.243 	  -82.72 	 
0.093199998	 -0.244 	  -83.07 	 
0.093399998	 -0.245 	  -83.46 	 
0.093599998	 -0.245 	  -83.81 	 
0.093799998	 -0.245 	  -84.14 	 
0.093999998	 -0.246 	  -84.45 	 
0.094199998	 -0.246 	  -84.69 	 
0.094399998	 -0.247 	  -84.92 	 
0.094599998	 -0.247 	  -85.05 	 
0.094799998	 -0.247 	  -85.17 	 
0.094999998	 -0.247 	  -85.27 	 
0.095199998	 -0.247 	  -85.35 	 
0.095399998	 -0.247 	  -85.41 	 
0.095599998	 -0.247 	  -85.47 	 
0.095799998	 -0.247 	  -85.48 	 
0.095999998	 -0.247 	  -85.46 	 
0.096199998	 -0.249 	  -85.38 	 
0.096399998	 -0.248 	  -85.26 	 
0.096599998	 -0.248 	  -85.10 	 
0.096799998	 -0.248 	  -84.90 	 
0.096999998	 -0.248 	  -84.69 	 
0.097199998	 -0.248 	  -84.47 	 
0.097399998	 -0.247 	  -84.25 	 
0.097599998	 -0.248 	  -83.97 	 
0.097799998	 -0.248 	  -83.70 	 
0.097999998	 -0.247 	  -83.35 	 
0.098199998	 -0.248 	  -82.98 	 
0.098399998	 -0.247 	  -82.55 	 
0.098599998	 -0.246 	  -82.08 	 
0.098799998	 -0.247 	  -81.61 	 
0.098999997	 -0.246 	  -81.13 	 
0.099199997	 -0.246 	  -80.63 	 
0.099399997	 -0.245 	  -80.09 	 
0.099599997	 -0.245 	  -79.54 	 
0.099799997	 -0.245 	  -78.94 	 
0.099999997	 -0.245 	  -78.26 	 
0.100199997	 -0.244 	  -77.55 	 
0.100399997	 -0.244 	  -76.80 	 
0.100599997	 -0.244 	  -76.08 	 
0.100799997	 -0.243 	  -75.33 	 
0.100999997	 -0.242 	  -74.62 	 
0.101199997	 -0.242 	  -73.84 	 
0.101399997	 -0.241 	  -73.08 	 
0.101599997	 -0.241 	  -72.26 	 
0.101799997	 -0.240 	  -71.43 	 
0.101999997	 -0.240 	  -70.62 	 
0.102199997	 -0.239 	  -69.83 	 
0.102399997	 -0.238 	  -68.95 	 
0.102599997	 -0.238 	  -67.95 	 
0.102799997	 -0.237 	  -66.88 	 
0.102999997	 -0.236 	  -65.83 	 
0.103199997	 -0.236 	  -64.83 	 
0.103399997	 -0.235 	  -63.89 	 
0.103599997	 -0.234 	  -62.97 	 
0.103799997	 -0.233 	  -62.09 	 
0.103999997	 -0.233 	  -61.22 	 
0.104199997	 -0.231 	  -60.30 	 
0.104399997	 -0.231 	  -59.35 	 
0.104599997	 -0.230 	  -58.41 	 
0.104799997	 -0.230 	  -57.45 	 
0.104999997	 -0.228 	  -56.51 	 
0.105199997	 -0.228 	  -55.57 	 
0.105399997	 -0.227 	  -54.69 	 
0.105599997	 -0.226 	  -53.86 	 
0.105799997	 -0.226 	  -53.04 	 
0.105999997	 -0.225 	  -52.23 	 
0.106199997	 -0.224 	  -51.38 	 
0.106399997	 -0.223 	  -50.55 	 
0.106599997	 -0.222 	  -49.68 	 
0.106799997	 -0.221 	  -48.88 	 
0.106999997	 -0.221 	  -48.18 	 
0.107199997	 -0.219 	  -47.50 	 
0.107399997	 -0.219 	  -46.82 	 
0.107599997	 -0.219 	  -46.12 	 
0.107799997	 -0.218 	  -45.43 	 
0.107999997	 -0.217 	  -44.72 	 
0.108199997	 -0.216 	  -44.06 	 
0.108399997	 -0.215 	  -43.42 	 
0.108599997	 -0.215 	  -42.85 	 
0.108799997	 -0.214 	  -42.27 	 
0.108999997	 -0.214 	  -41.80 	 
0.109199997	 -0.212 	  -41.39 	 
0.109399997	 -0.212 	  -40.98 	 
0.109599997	 -0.212 	  -40.51 	 
0.109799997	 -0.211 	  -40.03 	 
0.109999997	 -0.210 	  -39.58 	 
0.110199997	 -0.210 	  -39.18 	 
0.110399997	 -0.209 	  -38.81 	 
0.110599997	 -0.209 	  -38.50 	 
0.110799997	 -0.208 	  -38.26 	 
0.110999997	 -0.208 	  -38.07 	 
0.111199997	 -0.207 	  -37.95 	 
0.111399997	 -0.208 	  -37.86 	 
0.111599997	 -0.207 	  -37.80 	 
0.111799997	 -0.207 	  -37.73 	 
0.111999997	 -0.207 	  -37.66 	 
0.112199997	 -0.206 	  -37.65 	 
0.112399997	 -0.206 	  -37.68 	 
0.112599997	 -0.207 	  -37.77 	 
0.112799997	 -0.206 	  -37.87 	 
0.112999997	 -0.207 	  -38.04 	 
0.113199997	 -0.206 	  -38.20 	 
0.113399997	 -0.207 	  -38.36 	 
0.113599997	 -0.207 	  -38.52 	 
0.113799997	 -0.207 	  -38.68 	 
0.113999997	 -0.207 	  -38.90 	 
0.114199997	 -0.206 	  -39.18 	 
0.114399997	 -0.207 	  -39.51 	 
0.114599997	 -0.207 	  -39.90 	 
0.114799997	 -0.207 	  -40.34 	 
0.114999997	 -0.207 	  -40.77 	 
0.115199997	 -0.207 	  -41.19 	 
0.115399997	 -0.207 	  -41.61 	 
0.115599997	 -0.208 	  -42.07 	 
0.115799997	 -0.209 	  -42.54 	 
0.115999997	 -0.209 	  -43.10 	 
0.116199997	 -0.209 	  -43.73 	 
0.116399997	 -0.209 	  -44.43 	 
0.116599997	 -0.210 	  -45.16 	 
0.116799997	 -0.210 	  -45.87 	 
0.116999997	 -0.210 	  -46.54 	 
0.117199997	 -0.212 	  -47.22 	 
0.117399997	 -0.212 	  -47.91 	 
0.117599997	 -0.212 	  -48.63 	 
0.117799997	 -0.213 	  -49.43 	 
0.117999997	 -0.214 	  -50.22 	 
0.118199997	 -0.214 	  -51.07 	 
0.118399997	 -0.214 	  -51.91 	 
0.118599997	 -0.215 	  -52.78 	 
0.118799997	 -0.216 	  -53.63 	 
0.118999997	 -0.217 	  -54.48 	 
0.119199997	 -0.217 	  -55.30 	 
0.119399997	 -0.219 	  -56.20 	 
0.119599997	 -0.219 	  -57.18 	 
0.119799997	 -0.221 	  -58.16 	 
0.119999997	 -0.221 	  -59.16 	 
0.120199997	 -0.222 	  -60.08 	 
0.120399997	 -0.223 	  -61.00 	 
0.120599997	 -0.224 	  -61.87 	 
0.120799997	 -0.224 	  -62.73 	 
0.120999997	 -0.225 	  -63.59 	 
0.121199997	 -0.226 	  -64.48 	 
0.121399997	 -0.228 	  -65.40 	 
0.121599997	 -0.228 	  -66.33 	 
0.121799997	 -0.229 	  -67.27 	 
0.121999997	 -0.229 	  -68.18 	 
0.122199997	 -0.231 	  -69.05 	 
0.122399997	 -0.231 	  -69.88 	 
0.122599997	 -0.232 	  -70.68 	 
0.122799997	 -0.232 	  -71.49 	 
0.122999997	 -0.233 	  -72.29 	 
0.123199997	 -0.234 	  -73.09 	 
0.123399997	 -0.234 	  -73.90 	 
0.123599997	 -0.235 	  -74.68 	 
0.123799997	 -0.236 	  -75.44 	 
0.123999997	 -0.237 	  -76.15 	 
0.124199997	 -0.237 	  -76.81 	 
0.124399997	 -0.239 	  -77.44 	 
0.124599997	 -0.239 	  -78.12 	 
0.124799997	 -0.240 	  -78.82 	 
0.124999997	 -0.240 	  -79.49 	 
0.125199997	 -0.241 	  -80.12 	 
0.125399997	 -0.242 	  -80.68 	 
0.125599997	 -0.242 	  -81.17 	 
0.125799997	 -0.242 	  -81.61 	 
0.125999997	 -0.244 	  -82.02 	 
0.126199997	 -0.244 	  -82.41 	 
0.126399997	 -0.244 	  -82.81 	 
0.126599997	 -0.244 	  -83.23 	 
0.126799997	 -0.245 	  -83.60 	 
0.126999997	 -0.246 	  -84.01 	 
0.127199997	 -0.246 	  -84.34 	 
0.127399997	 -0.245 	  -84.61 	 
0.127599997	 -0.246 	  -84.82 	 
0.127799997	 -0.246 	  -84.98 	 
0.127999997	 -0.247 	  -85.12 	 
0.128199997	 -0.247 	  -85.23 	 
0.128399997	 -0.247 	  -85.35 	 
0.128599997	 -0.247 	  -85.42 	 
0.128799997	 -0.248 	  -85.51 	 
0.128999997	 -0.247 	  -85.53 	 
0.129199997	 -0.248 	  -85.51 	 
0.129399997	 -0.247 	  -85.44 	 
0.129599997	 -0.248 	  -85.35 	 
0.129799997	 -0.247 	  -85.19 	 
0.129999997	 -0.248 	  -85.02 	 
0.130199997	 -0.248 	  -84.85 	 
0.130399997	 -0.247 	  -84.66 	 
0.130599997	 -0.248 	  -84.45 	 
0.130799997	 -0.248 	  -84.21 	 
0.130999997	 -0.248 	  -83.94 	 
0.131199997	 -0.247 	  -83.62 	 
0.131399997	 -0.248 	  -83.26 	 
0.131599997	 -0.247 	  -82.84 	 
0.131799997	 -0.247 	  -82.41 	 
0.131999997	 -0.247 	  -81.97 	 
0.132199997	 -0.246 	  -81.53 	 
0.132399997	 -0.246 	  -81.06 	 
0.132599997	 -0.246 	  -80.52 	 
0.132799997	 -0.246 	  -79.94 	 
0.132999997	 -0.245 	  -79.30 	 
0.133199997	 -0.245 	  -78.67 	 
0.133399997	 -0.245 	  -77.99 	 
0.133599997	 -0.245 	  -77.33 	 
0.133799997	 -0.244 	  -76.59 	 
0.133999997	 -0.243 	  -75.89 	 
0.134199997	 -0.243 	  -75.16 	 
0.134399997	 -0.242 	  -74.41 	 
0.134599997	 -0.242 	  -73.61 	 
0.134799997	 -0.241 	  -72.79 	 
0.134999997	 -0.240 	  -71.98 	 
0.135199997	 -0.240 	  -71.19 	 
0.135399997	 -0.240 	  -70.36 	 
0.135599997	 -0.240 	  -69.62 	 
0.135799997	 -0.239 	  -68.73 	 
0.135999997	 -0.238 	  -67.68 	 
0.136199997	 -0.238 	  -66.57 	 
0.136399997	 -0.236 	  -65.46 	 
0.136599997	 -0.235 	  -64.42 	 
0.136799997	 -0.234 	  -63.54 	 
0.136999997	 -0.234 	  -62.69 	 
0.137199997	 -0.233 	  -61.92 	 
0.137399997	 -0.233 	  -61.02 	 
0.137599997	 -0.232 	  -60.07 	 
0.137799997	 -0.231 	  -59.09 	 
0.137999997	 -0.230 	  -58.05 	 
0.138199997	 -0.229 	  -57.03 	 
0.138399997	 -0.229 	  -56.08 	 
0.138599996	 -0.227 	  -55.20 	 
0.138799996	 -0.227 	  -54.36 	 
0.138999996	 -0.226 	  -53.61 	 
0.139199996	 -0.225 	  -52.85 	 
0.139399996	 -0.224 	  -52.01 	 
0.139599996	 -0.224 	  -51.17 	 
0.139799996	 -0.223 	  -50.35 	 
0.139999996	 -0.222 	  -49.53 	 
0.140199996	 -0.222 	  -48.73 	 
0.140399996	 -0.220 	  -47.94 	 
0.140599996	 -0.220 	  -47.24 	 
0.140799996	 -0.219 	  -46.58 	 
0.140999996	 -0.218 	  -45.92 	 
0.141199996	 -0.218 	  -45.16 	 
0.141399996	 -0.218 	  -44.49 	 
0.141599996	 -0.216 	  -43.82 	 
0.141799996	 -0.215 	  -43.18 	 
0.141999996	 -0.214 	  -42.67 	 
0.142199996	 -0.214 	  -42.14 	 
0.142399996	 -0.213 	  -41.66 	 
0.142599996	 -0.212 	  -41.23 	 
0.142799996	 -0.212 	  -40.84 	 
0.142999996	 -0.211 	  -40.40 	 
0.143199996	 -0.211 	  -39.94 	 
0.143399996	 -0.210 	  -39.52 	 
0.143599996	 -0.209 	  -39.06 	 
0.143799996	 -0.209 	  -38.68 	 
0.143999996	 -0.208 	  -38.38 	 
0.144199996	 -0.209 	  -38.11 	 
0.144399996	 -0.208 	  -37.99 	 
0.144599996	 -0.207 	  -37.95 	 
0.144799996	 -0.208 	  -37.89 	 
0.144999996	 -0.207 	  -37.82 	 
0.145199996	 -0.207 	  -37.75 	 
0.145399996	 -0.207 	  -37.68 	 
0.145599996	 -0.207 	  -37.64 	 
0.145799996	 -0.206 	  -37.68 	 
0.145999996	 -0.207 	  -37.78 	 
0.146199996	 -0.206 	  -37.94 	 
0.146399996	 -0.207 	  -38.10 	 
0.146599996	 -0.206 	  -38.26 	 
0.146799996	 -0.207 	  -38.42 	 
0.146999996	 -0.207 	  -38.58 	 
0.147199996	 -0.206 	  -38.78 	 
0.147399996	 -0.207 	  -39.00 	 
0.147599996	 -0.207 	  -39.32 	 
0.147799996	 -0.207 	  -39.67 	 
0.147999996	 -0.207 	  -40.07 	 
0.148199996	 -0.207 	  -40.52 	 
0.148399996	 -0.207 	  -40.95 	 
0.148599996	 -0.208 	  -41.38 	 
0.148799996	 -0.208 	  -41.81 	 
0.148999996	 -0.208 	  -42.27 	 
0.149199996	 -0.209 	  -42.81 	 
0.149399996	 -0.209 	  -43.38 	 
0.149599996	 -0.209 	  -44.02 	 
0.149799996	 -0.209 	  -44.69 	 
0.149999996	 -0.210 	  -45.39 	 
0.150199996	 -0.210 	  -46.08 	 
0.150399996	 -0.211 	  -46.76 	 
0.150599996	 -0.211 	  -47.46 	 
0.150799996	 -0.212 	  -48.18 	 
0.150999996	 -0.212 	  -48.92 	 
0.151199996	 -0.213 	  -49.71 	 
0.151399996	 -0.214 	  -50.52 	 
0.151599996	 -0.214 	  -51.38 	 
0.151799996	 -0.214 	  -52.25 	 
0.151999996	 -0.216 	  -53.10 	 
0.152199996	 -0.216 	  -53.95 	 
0.152399996	 -0.217 	  -54.80 	 
0.152599996	 -0.218 	  -55.68 	 
0.152799996	 -0.219 	  -56.60 	 
0.152999996	 -0.220 	  -57.56 	 
0.153199996	 -0.220 	  -58.52 	 
0.153399996	 -0.222 	  -59.47 	 
0.153599996	 -0.222 	  -60.38 	 
0.153799996	 -0.223 	  -61.26 	 
0.153999996	 -0.224 	  -62.16 	 
0.154199996	 -0.225 	  -63.04 	 
0.154399996	 -0.225 	  -63.90 	 
0.154599996	 -0.226 	  -64.81 	 
0.154799996	 -0.227 	  -65.71 	 
0.154999996	 -0.228 	  -66.67 	 
0.155199996	 -0.229 	  -67.58 	 
0.155399996	 -0.229 	  -68.48 	 
0.155599996	 -0.230 	  -69.35 	 
0.155799996	 -0.231 	  -70.18 	 
0.155999996	 -0.232 	  -70.98 	 
0.156199996	 -0.232 	  -71.79 	 
0.156399996	 -0.234 	  -72.59 	 
0.156599996	 -0.234 	  -73.39 	 
0.156799996	 -0.235 	  -74.19 	 
0.156999996	 -0.236 	  -74.93 	 
0.157199996	 -0.236 	  -75.64 	 
0.157399996	 -0.238 	  -76.32 	 
0.157599996	 -0.238 	  -76.99 	 
0.157799996	 -0.239 	  -77.76 	 
0.157999996	 -0.240 	  -78.46 	 
0.158199996	 -0.240 	  -79.17 	 
0.158399996	 -0.241 	  -79.76 	 
0.158599996	 -0.242 	  -80.30 	 
0.158799996	 -0.241 	  -80.79 	 
0.158999996	 -0.243 	  -81.24 	 
0.159199996	 -0.243 	  -81.71 	 
0.159399996	 -0.243 	  -82.14 	 
0.159599996	 -0.244 	  -82.55 	 
0.159799996	 -0.244 	  -83.00 	 
0.159999996	 -0.244 	  -83.41 	 
0.160199996	 -0.245 	  -83.81 	 
0.160399996	 -0.245 	  -84.14 	 
0.160599996	 -0.246 	  -84.42 	 
0.160799996	 -0.246 	  -84.65 	 
0.160999996	 -0.247 	  -84.84 	 
0.161199996	 -0.246 	  -85.01 	 
0.161399996	 -0.247 	  -85.17 	 
0.161599996	 -0.247 	  -85.30 	 
0.161799996	 -0.247 	  -85.39 	 
0.161999996	 -0.247 	  -85.45 	 
0.162199996	 -0.247 	  -85.48 	 
0.162399996	 -0.248 	  -85.48 	 
0.162599996	 -0.247 	  -85.47 	 
0.162799996	 -0.248 	  -85.41 	 
0.162999996	 -0.248 	  -85.30 	 
0.163199996	 -0.248 	  -85.17 	 
0.163399996	 -0.248 	  -85.01 	 
0.163599996	 -0.247 	  -84.81 	 
0.163799996	 -0.247 	  -84.59 	 
0.163999996	 -0.247 	  -84.34 	 
0.164199996	 -0.247 	  -84.11 	 
0.164399996	 -0.247 	  -83.81 	 
0.164599996	 -0.247 	  -83.51 	 
0.164799996	 -0.247 	  -83.14 	 
0.164999996	 -0.247 	  -82.74 	 
0.165199996	 -0.247 	  -82.29 	 
0.165399996	 -0.247 	  -81.84 	 
0.165599996	 -0.246 	  -81.36 	 
0.165799996	 -0.246 	  -80.83 	 
0.165999996	 -0.246 	  -80.29 	 
0.166199996	 -0.245 	  -79.71 	 
0.166399996	 -0.245 	  -79.13 	 
0.166599996	 -0.245 	  -78.47 	 
0.166799996	 -0.245 	  -77.82 	 
0.166999996	 -0.244 	  -77.11 	 
0.167199996	 -0.243 	  -76.38 	 
0.167399996	 -0.243 	  -75.66 	 
0.167599996	 -0.243 	  -74.92 	 
0.167799996	 -0.243 	  -74.13 	 
0.167999996	 -0.241 	  -73.34 	 
0.168199996	 -0.242 	  -72.53 	 
0.168399996	 -0.240 	  -71.72 	 
0.168599996	 -0.240 	  -70.93 	 
0.168799996	 -0.239 	  -70.16 	 
0.168999996	 -0.238 	  -69.35 	 
0.169199996	 -0.238 	  -68.35 	 
0.169399996	 -0.238 	  -67.29 	 
0.169599996	 -0.237 	  -66.27 	 
0.169799996	 -0.236 	  -65.24 	 
0.169999996	 -0.235 	  -64.22 	 
0.170199996	 -0.234 	  -63.26 	 
0.170399996	 -0.234 	  -62.37 	 
0.170599996	 -0.233 	  -61.47 	 
0.170799996	 -0.232 	  -60.62 	 
0.170999996	 -0.232 	  -59.71 	 
0.171199996	 -0.231 	  -58.75 	 
0.171399996	 -0.230 	  -57.82 	 
0.171599996	 -0.229 	  -56.89 	 
0.171799996	 -0.228 	  -55.95 	 
0.171999996	 -0.227 	  -55.06 	 
0.172199996	 -0.227 	  -54.21 	 
0.172399996	 -0.226 	  -53.40 	 
0.172599996	 -0.225 	  -52.53 	 
0.172799996	 -0.224 	  -51.63 	 
0.172999996	 -0.224 	  -50.74 	 
0.173199996	 -0.222 	  -49.93 	 
0.173399996	 -0.222 	  -49.16 	 
0.173599996	 -0.222 	  -48.46 	 
0.173799996	 -0.220 	  -47.76 	 
0.173999996	 -0.220 	  -47.07 	 
0.174199996	 -0.219 	  -46.35 	 
0.174399996	 -0.218 	  -45.62 	 
0.174599996	 -0.217 	  -44.89 	 
0.174799996	 -0.217 	  -44.19 	 
0.174999996	 -0.216 	  -43.60 	 
0.175199996	 -0.215 	  -43.03 	 
0.175399996	 -0.215 	  -42.57 	 
0.175599996	 -0.214 	  -42.11 	 
0.175799996	 -0.213 	  -41.61 	 
0.175999996	 -0.213 	  -41.14 	 
0.176199996	 -0.212 	  -40.65 	 
0.176399996	 -0.212 	  -40.19 	 
0.176599996	 -0.211 	  -39.80 	 
0.176799996	 -0.210 	  -39.44 	 
0.176999996	 -0.210 	  -39.09 	 
0.177199996	 -0.209 	  -38.75 	 
0.177399996	 -0.209 	  -38.41 	 
0.177599996	 -0.209 	  -38.13 	 
0.177799996	 -0.208 	  -37.94 	 
0.177999996	 -0.207 	  -37.80 	 
0.178199995	 -0.207 	  -37.73 	 
0.178399995	 -0.207 	  -37.70 	 
0.178599995	 -0.207 	  -37.70 	 
0.178799995	 -0.207 	  -37.73 	 
0.178999995	 -0.207 	  -37.75 	 
0.179199995	 -0.206 	  -37.77 	 
0.179399995	 -0.206 	  -37.81 	 
0.179599995	 -0.207 	  -37.88 	 
0.179799995	 -0.207 	  -38.03 	 
0.179999995	 -0.206 	  -38.23 	 
0.180199995	 -0.207 	  -38.47 	 
0.180399995	 -0.207 	  -38.73 	 
0.180599995	 -0.207 	  -38.98 	 
0.180799995	 -0.207 	  -39.22 	 
0.180999995	 -0.207 	  -39.48 	 
0.181199995	 -0.207 	  -39.76 	 
0.181399995	 -0.207 	  -40.14 	 
0.181599995	 -0.207 	  -40.53 	 
0.181799995	 -0.208 	  -41.01 	 
0.181999995	 -0.207 	  -41.47 	 
0.182199995	 -0.208 	  -41.98 	 
0.182399995	 -0.209 	  -42.48 	 
0.182599995	 -0.208 	  -43.02 	 
0.182799995	 -0.208 	  -43.58 	 
0.182999995	 -0.209 	  -44.19 	 
0.183199995	 -0.209 	  -44.86 	 
0.183399995	 -0.210 	  -45.55 	 
0.183599995	 -0.211 	  -46.27 	 
0.183799995	 -0.211 	  -47.02 	 
0.183999995	 -0.212 	  -47.76 	 
0.184199995	 -0.212 	  -48.50 	 
0.184399995	 -0.213 	  -49.25 	 
0.184599995	 -0.213 	  -50.02 	 
0.184799995	 -0.213 	  -50.82 	 
0.184999995	 -0.215 	  -51.66 	 
0.185199995	 -0.215 	  -52.50 	 
0.185399995	 -0.216 	  -53.36 	 
0.185599995	 -0.217 	  -54.25 	 
0.185799995	 -0.217 	  -55.13 	 
0.185999995	 -0.219 	  -56.03 	 
0.186199995	 -0.219 	  -56.87 	 
0.186399995	 -0.220 	  -57.78 	 
0.186599995	 -0.220 	  -58.71 	 
0.186799995	 -0.222 	  -59.69 	 
0.186999995	 -0.223 	  -60.69 	 
0.187199995	 -0.223 	  -61.66 	 
0.187399995	 -0.224 	  -62.62 	 
0.187599995	 -0.225 	  -63.49 	 
0.187799995	 -0.226 	  -64.34 	 
0.187999995	 -0.226 	  -65.21 	 
0.188199995	 -0.228 	  -66.06 	 
0.188399995	 -0.229 	  -66.95 	 
0.188599995	 -0.229 	  -67.82 	 
0.188799995	 -0.230 	  -68.70 	 
0.188999995	 -0.231 	  -69.62 	 
0.189199995	 -0.231 	  -70.49 	 
0.189399995	 -0.233 	  -71.35 	 
0.189599995	 -0.233 	  -72.16 	 
0.189799995	 -0.234 	  -72.94 	 
0.189999995	 -0.235 	  -73.67 	 
0.190199995	 -0.236 	  -74.41 	 
0.190399995	 -0.236 	  -75.15 	 
0.190599995	 -0.237 	  -75.90 	 
0.190799995	 -0.237 	  -76.63 	 
0.190999995	 -0.238 	  -77.35 	 
0.191199995	 -0.239 	  -78.01 	 
0.191399995	 -0.240 	  -78.62 	 
0.191599995	 -0.240 	  -79.23 	 
0.191799995	 -0.241 	  -79.85 	 
0.191999995	 -0.242 	  -80.48 	 
0.192199995	 -0.242 	  -81.06 	 
0.192399995	 -0.243 	  -81.55 	 
0.192599995	 -0.243 	  -82.02 	 
0.192799995	 -0.244 	  -82.42 	 
0.192999995	 -0.243 	  -82.77 	 
0.193199995	 -0.245 	  -83.14 	 
0.193399995	 -0.244 	  -83.49 	 
0.193599995	 -0.246 	  -83.84 	 
0.193799995	 -0.246 	  -84.19 	 
0.193999995	 -0.245 	  -84.51 	 
0.194199995	 -0.246 	  -84.77 	 
0.194399995	 -0.247 	  -85.00 	 
0.194599995	 -0.247 	  -85.14 	 
0.194799995	 -0.247 	  -85.23 	 
0.194999995	 -0.247 	  -85.32 	 
0.195199995	 -0.247 	  -85.35 	 
0.195399995	 -0.247 	  -85.44 	 
0.195599995	 -0.247 	  -85.50 	 
0.195799995	 -0.247 	  -85.52 	 
0.195999995	 -0.248 	  -85.52 	 
0.196199995	 -0.248 	  -85.46 	 
0.196399995	 -0.248 	  -85.33 	 
0.196599995	 -0.247 	  -85.15 	 
0.196799995	 -0.248 	  -84.95 	 
0.196999995	 -0.247 	  -84.74 	 
0.197199995	 -0.247 	  -84.49 	 
0.197399995	 -0.247 	  -84.29 	 
0.197599995	 -0.247 	  -84.03 	 
0.197799995	 -0.247 	  -83.77 	 
0.197999995	 -0.247 	  -83.42 	 
0.198199995	 -0.247 	  -83.02 	 
0.198399995	 -0.247 	  -82.61 	 
0.198599995	 -0.247 	  -82.14 	 
0.198799995	 -0.246 	  -81.64 	 
0.198999995	 -0.246 	  -81.18 	 
0.199199995	 -0.246 	  -80.70 	 
0.199399995	 -0.245 	  -80.18 	 
0.199599995	 -0.246 	  -79.58 	 
0.199799995	 -0.244 	  -78.95 	 
0.199999995	 -0.244 	  -78.29 	 
0.200199995	 -0.244 	  -77.59 	 
0.200399995	 -0.244 	  -76.87 	 
0.200599995	 -0.244 	  -76.15 	 
0.200799995	 -0.243 	  -75.42 	 
0.200999995	 -0.243 	  -74.67 	 
0.201199995	 -0.243 	  -73.89 	 
0.201399995	 -0.242 	  -73.14 	 
0.201599995	 -0.241 	  -72.32 	 
0.201799995	 -0.240 	  -71.49 	 
0.201999995	 -0.240 	  -70.67 	 
0.202199995	 -0.239 	  -69.87 	 
0.202399995	 -0.239 	  -69.02 	 
0.202599995	 -0.238 	  -68.06 	 
0.202799995	 -0.238 	  -67.02 	 
0.202999995	 -0.236 	  -65.96 	 
0.203199995	 -0.235 	  -64.88 	 
0.203399995	 -0.235 	  -63.85 	 
0.203599995	 -0.234 	  -62.91 	 
0.203799995	 -0.233 	  -62.06 	 
0.203999995	 -0.233 	  -61.21 	 
0.204199995	 -0.232 	  -60.34 	 
0.204399995	 -0.231 	  -59.43 	 
0.204599995	 -0.230 	  -58.55 	 
