0.000000000	 -0.199 	  -77.82 	 
0.000200000	 -0.198 	  -77.15 	 
0.000400000	 -0.199 	  -76.41 	 
0.000600000	 -0.198 	  -75.67 	 
0.000800000	 -0.198 	  -74.97 	 
0.001000000	 -0.197 	  -74.25 	 
0.001200000	 -0.197 	  -73.51 	 
0.001400000	 -0.197 	  -72.73 	 
0.001600000	 -0.197 	  -71.91 	 
0.001800000	 -0.196 	  -71.04 	 
0.002000000	 -0.196 	  -70.20 	 
0.002200000	 -0.195 	  -69.36 	 
0.002400000	 -0.195 	  -68.52 	 
0.002600000	 -0.194 	  -67.62 	 
0.002800000	 -0.194 	  -66.68 	 
0.003000000	 -0.193 	  -65.67 	 
0.003200000	 -0.193 	  -64.61 	 
0.003400000	 -0.192 	  -63.57 	 
0.003600000	 -0.191 	  -62.64 	 
0.003800000	 -0.191 	  -61.71 	 
0.004000000	 -0.190 	  -60.75 	 
0.004200000	 -0.190 	  -59.86 	 
0.004400000	 -0.189 	  -58.95 	 
0.004600000	 -0.188 	  -58.04 	 
0.004800000	 -0.188 	  -57.14 	 
0.005000000	 -0.187 	  -56.20 	 
0.005200000	 -0.186 	  -55.28 	 
0.005400000	 -0.186 	  -54.40 	 
0.005600000	 -0.186 	  -53.53 	 
0.005800000	 -0.185 	  -52.73 	 
0.006000000	 -0.184 	  -51.95 	 
0.006200000	 -0.184 	  -51.12 	 
0.006400000	 -0.183 	  -50.28 	 
0.006600000	 -0.183 	  -49.50 	 
0.006800000	 -0.182 	  -48.68 	 
0.007000000	 -0.182 	  -47.91 	 
0.007200000	 -0.180 	  -47.17 	 
0.007400000	 -0.180 	  -46.44 	 
0.007600000	 -0.180 	  -45.73 	 
0.007800000	 -0.178 	  -45.06 	 
0.008000000	 -0.179 	  -44.40 	 
0.008200000	 -0.177 	  -43.79 	 
0.008400000	 -0.178 	  -43.18 	 
0.008600000	 -0.177 	  -42.60 	 
0.008800000	 -0.176 	  -42.04 	 
0.009000000	 -0.176 	  -41.50 	 
0.009200000	 -0.175 	  -40.98 	 
0.009400000	 -0.175 	  -40.53 	 
0.009600000	 -0.175 	  -40.12 	 
0.009800000	 -0.174 	  -39.76 	 
0.010000000	 -0.174 	  -39.39 	 
0.010200000	 -0.173 	  -39.01 	 
0.010400000	 -0.172 	  -38.63 	 
0.010600000	 -0.172 	  -38.23 	 
0.010800000	 -0.171 	  -37.92 	 
0.011000000	 -0.172 	  -37.70 	 
0.011200000	 -0.171 	  -37.57 	 
0.011400000	 -0.171 	  -37.53 	 
0.011600000	 -0.170 	  -37.53 	 
0.011800000	 -0.171 	  -37.53 	 
0.012000000	 -0.170 	  -37.50 	 
0.012200000	 -0.170 	  -37.44 	 
0.012400000	 -0.170 	  -37.38 	 
0.012600000	 -0.170 	  -37.34 	 
0.012800000	 -0.171 	  -37.36 	 
0.013000000	 -0.170 	  -37.45 	 
0.013200000	 -0.171 	  -37.65 	 
0.013400000	 -0.170 	  -37.90 	 
0.013600000	 -0.170 	  -38.20 	 
0.013800000	 -0.171 	  -38.47 	 
0.014000000	 -0.170 	  -38.71 	 
0.014200000	 -0.171 	  -38.93 	 
0.014400000	 -0.170 	  -39.15 	 
0.014600000	 -0.171 	  -39.39 	 
0.014800000	 -0.171 	  -39.76 	 
0.015000000	 -0.171 	  -40.21 	 
0.015200000	 -0.171 	  -40.75 	 
0.015400000	 -0.171 	  -41.34 	 
0.015600000	 -0.172 	  -41.96 	 
0.015800000	 -0.172 	  -42.47 	 
0.016000000	 -0.172 	  -42.96 	 
0.016200000	 -0.172 	  -43.42 	 
0.016400000	 -0.173 	  -43.93 	 
0.016600000	 -0.173 	  -44.55 	 
0.016800000	 -0.173 	  -45.24 	 
0.017000000	 -0.174 	  -46.02 	 
0.017200000	 -0.174 	  -46.84 	 
0.017400000	 -0.175 	  -47.66 	 
0.017600000	 -0.175 	  -48.45 	 
0.017800000	 -0.175 	  -49.19 	 
0.018000000	 -0.176 	  -49.89 	 
0.018200000	 -0.176 	  -50.64 	 
0.018400000	 -0.176 	  -51.40 	 
0.018600000	 -0.177 	  -52.28 	 
0.018800000	 -0.178 	  -53.18 	 
0.019000000	 -0.178 	  -54.14 	 
0.019200000	 -0.179 	  -55.09 	 
0.019400000	 -0.179 	  -56.04 	 
0.019600000	 -0.180 	  -56.90 	 
0.019799999	 -0.180 	  -57.72 	 
0.019999999	 -0.181 	  -58.54 	 
0.020199999	 -0.182 	  -59.39 	 
0.020399999	 -0.182 	  -60.30 	 
0.020599999	 -0.183 	  -61.26 	 
0.020799999	 -0.183 	  -62.25 	 
0.020999999	 -0.184 	  -63.26 	 
0.021199999	 -0.185 	  -64.24 	 
0.021399999	 -0.185 	  -65.14 	 
0.021599999	 -0.186 	  -65.98 	 
0.021799999	 -0.187 	  -66.79 	 
0.021999999	 -0.187 	  -67.62 	 
0.022199999	 -0.188 	  -68.47 	 
0.022399999	 -0.188 	  -69.35 	 
0.022599999	 -0.189 	  -70.23 	 
0.022799999	 -0.190 	  -71.13 	 
0.022999999	 -0.190 	  -72.03 	 
0.023199999	 -0.191 	  -72.83 	 
0.023399999	 -0.192 	  -73.59 	 
0.023599999	 -0.193 	  -74.32 	 
0.023799999	 -0.193 	  -74.97 	 
0.023999999	 -0.194 	  -75.66 	 
0.024199999	 -0.193 	  -76.36 	 
0.024399999	 -0.195 	  -77.05 	 
0.024599999	 -0.194 	  -77.75 	 
0.024799999	 -0.195 	  -78.44 	 
0.024999999	 -0.196 	  -79.08 	 
0.025199999	 -0.196 	  -79.67 	 
0.025399999	 -0.197 	  -80.20 	 
0.025599999	 -0.198 	  -80.69 	 
0.025799999	 -0.198 	  -81.18 	 
0.025999999	 -0.198 	  -81.66 	 
0.026199999	 -0.198 	  -82.14 	 
0.026399999	 -0.199 	  -82.59 	 
0.026599999	 -0.198 	  -83.02 	 
0.026799999	 -0.200 	  -83.38 	 
0.026999999	 -0.199 	  -83.70 	 
0.027199999	 -0.200 	  -83.96 	 
0.027399999	 -0.200 	  -84.22 	 
0.027599999	 -0.200 	  -84.44 	 
0.027799999	 -0.200 	  -84.62 	 
0.027999999	 -0.201 	  -84.80 	 
0.028199999	 -0.201 	  -84.95 	 
0.028399999	 -0.201 	  -85.04 	 
0.028599999	 -0.201 	  -85.11 	 
0.028799999	 -0.202 	  -85.13 	 
0.028999999	 -0.202 	  -85.13 	 
0.029199999	 -0.202 	  -85.11 	 
0.029399999	 -0.201 	  -85.06 	 
0.029599999	 -0.202 	  -84.98 	 
0.029799999	 -0.201 	  -84.90 	 
0.029999999	 -0.202 	  -84.75 	 
0.030199999	 -0.201 	  -84.57 	 
0.030399999	 -0.201 	  -84.37 	 
0.030599999	 -0.202 	  -84.12 	 
0.030799999	 -0.201 	  -83.84 	 
0.030999999	 -0.201 	  -83.55 	 
0.031199999	 -0.201 	  -83.22 	 
0.031399999	 -0.202 	  -82.86 	 
0.031599999	 -0.201 	  -82.50 	 
0.031799999	 -0.201 	  -82.08 	 
0.031999999	 -0.201 	  -81.63 	 
0.032199999	 -0.201 	  -81.14 	 
0.032399999	 -0.200 	  -80.59 	 
0.032599999	 -0.200 	  -80.02 	 
0.032799999	 -0.200 	  -79.41 	 
0.032999999	 -0.200 	  -78.82 	 
0.033199999	 -0.199 	  -78.23 	 
0.033399999	 -0.198 	  -77.59 	 
0.033599999	 -0.198 	  -76.94 	 
0.033799999	 -0.198 	  -76.25 	 
0.033999999	 -0.198 	  -75.55 	 
0.034199999	 -0.198 	  -74.77 	 
0.034399999	 -0.197 	  -73.99 	 
0.034599999	 -0.197 	  -73.15 	 
0.034799999	 -0.196 	  -72.37 	 
0.034999999	 -0.196 	  -71.54 	 
0.035199999	 -0.196 	  -70.77 	 
0.035399999	 -0.195 	  -69.96 	 
0.035599999	 -0.195 	  -69.17 	 
0.035799999	 -0.194 	  -68.36 	 
0.035999999	 -0.194 	  -67.44 	 
0.036199999	 -0.193 	  -66.28 	 
0.036399999	 -0.192 	  -65.10 	 
0.036599999	 -0.193 	  -63.98 	 
0.036799999	 -0.192 	  -63.06 	 
0.036999999	 -0.191 	  -62.20 	 
0.037199999	 -0.190 	  -61.46 	 
0.037399999	 -0.190 	  -60.65 	 
0.037599999	 -0.190 	  -59.77 	 
0.037799999	 -0.189 	  -58.85 	 
0.037999999	 -0.188 	  -57.83 	 
0.038199999	 -0.188 	  -56.79 	 
0.038399999	 -0.187 	  -55.76 	 
0.038599999	 -0.186 	  -54.82 	 
0.038799999	 -0.186 	  -53.99 	 
0.038999999	 -0.185 	  -53.22 	 
0.039199999	 -0.185 	  -52.45 	 
0.039399999	 -0.185 	  -51.67 	 
0.039599999	 -0.183 	  -50.82 	 
0.039799999	 -0.183 	  -49.98 	 
0.039999999	 -0.182 	  -49.13 	 
0.040199999	 -0.182 	  -48.31 	 
0.040399999	 -0.181 	  -47.52 	 
0.040599999	 -0.180 	  -46.78 	 
0.040799999	 -0.180 	  -46.11 	 
0.040999999	 -0.179 	  -45.51 	 
0.041199999	 -0.179 	  -44.86 	 
0.041399999	 -0.178 	  -44.20 	 
0.041599999	 -0.177 	  -43.53 	 
0.041799999	 -0.177 	  -42.90 	 
0.041999999	 -0.176 	  -42.30 	 
0.042199999	 -0.176 	  -41.75 	 
0.042399999	 -0.175 	  -41.25 	 
0.042599999	 -0.175 	  -40.73 	 
0.042799999	 -0.174 	  -40.25 	 
0.042999999	 -0.173 	  -39.83 	 
0.043199999	 -0.174 	  -39.44 	 
0.043399999	 -0.173 	  -39.07 	 
0.043599999	 -0.173 	  -38.71 	 
0.043799999	 -0.172 	  -38.40 	 
0.043999999	 -0.172 	  -38.14 	 
0.044199999	 -0.171 	  -37.92 	 
0.044399999	 -0.172 	  -37.76 	 
0.044599999	 -0.171 	  -37.62 	 
0.044799999	 -0.171 	  -37.55 	 
0.044999999	 -0.171 	  -37.46 	 
0.045199999	 -0.171 	  -37.42 	 
0.045399999	 -0.171 	  -37.35 	 
0.045599999	 -0.170 	  -37.32 	 
0.045799999	 -0.170 	  -37.31 	 
0.045999999	 -0.170 	  -37.34 	 
0.046199999	 -0.171 	  -37.40 	 
0.046399999	 -0.170 	  -37.55 	 
0.046599999	 -0.170 	  -37.75 	 
0.046799999	 -0.171 	  -37.95 	 
0.046999999	 -0.170 	  -38.17 	 
0.047199999	 -0.170 	  -38.40 	 
0.047399999	 -0.170 	  -38.61 	 
0.047599999	 -0.171 	  -38.86 	 
0.047799999	 -0.171 	  -39.16 	 
0.047999999	 -0.171 	  -39.52 	 
0.048199999	 -0.171 	  -39.96 	 
0.048399999	 -0.171 	  -40.45 	 
0.048599999	 -0.172 	  -40.95 	 
0.048799999	 -0.172 	  -41.45 	 
0.048999999	 -0.172 	  -41.94 	 
0.049199999	 -0.172 	  -42.44 	 
0.049399999	 -0.172 	  -42.96 	 
0.049599999	 -0.173 	  -43.53 	 
0.049799999	 -0.173 	  -44.16 	 
0.049999999	 -0.173 	  -44.85 	 
0.050199999	 -0.174 	  -45.58 	 
0.050399999	 -0.173 	  -46.34 	 
0.050599999	 -0.175 	  -47.07 	 
0.050799999	 -0.175 	  -47.82 	 
0.050999999	 -0.175 	  -48.54 	 
0.051199999	 -0.175 	  -49.25 	 
0.051399999	 -0.176 	  -50.04 	 
0.051599999	 -0.176 	  -50.87 	 
0.051799999	 -0.177 	  -51.72 	 
0.051999999	 -0.177 	  -52.60 	 
0.052199999	 -0.178 	  -53.52 	 
0.052399999	 -0.179 	  -54.41 	 
0.052599999	 -0.179 	  -55.29 	 
0.052799999	 -0.179 	  -56.16 	 
0.052999999	 -0.180 	  -57.06 	 
0.053199999	 -0.181 	  -57.93 	 
0.053399999	 -0.181 	  -58.83 	 
0.053599999	 -0.182 	  -59.77 	 
0.053799999	 -0.183 	  -60.73 	 
0.053999999	 -0.183 	  -61.70 	 
0.054199999	 -0.184 	  -62.64 	 
0.054399999	 -0.185 	  -63.57 	 
0.054599999	 -0.185 	  -64.45 	 
0.054799999	 -0.185 	  -65.31 	 
0.054999999	 -0.186 	  -66.17 	 
0.055199999	 -0.187 	  -67.05 	 
0.055399999	 -0.187 	  -67.93 	 
0.055599999	 -0.188 	  -68.83 	 
0.055799999	 -0.189 	  -69.72 	 
0.055999999	 -0.189 	  -70.60 	 
0.056199999	 -0.190 	  -71.43 	 
0.056399999	 -0.190 	  -72.22 	 
0.056599999	 -0.191 	  -73.02 	 
0.056799999	 -0.192 	  -73.75 	 
0.056999999	 -0.193 	  -74.48 	 
0.057199999	 -0.192 	  -75.20 	 
0.057399999	 -0.193 	  -75.95 	 
0.057599999	 -0.194 	  -76.67 	 
0.057799999	 -0.195 	  -77.37 	 
0.057999999	 -0.195 	  -78.05 	 
0.058199999	 -0.195 	  -78.68 	 
0.058399999	 -0.196 	  -79.26 	 
0.058599999	 -0.196 	  -79.82 	 
0.058799999	 -0.197 	  -80.37 	 
0.058999999	 -0.197 	  -80.89 	 
0.059199999	 -0.198 	  -81.39 	 
0.059399998	 -0.198 	  -81.87 	 
0.059599998	 -0.198 	  -82.32 	 
0.059799998	 -0.198 	  -82.74 	 
0.059999998	 -0.199 	  -83.08 	 
0.060199998	 -0.200 	  -83.43 	 
0.060399998	 -0.200 	  -83.74 	 
0.060599998	 -0.200 	  -84.05 	 
0.060799998	 -0.200 	  -84.30 	 
0.060999998	 -0.200 	  -84.53 	 
0.061199998	 -0.201 	  -84.71 	 
0.061399998	 -0.201 	  -84.84 	 
0.061599998	 -0.201 	  -84.97 	 
0.061799998	 -0.201 	  -85.02 	 
0.061999998	 -0.202 	  -85.04 	 
0.062199998	 -0.201 	  -85.11 	 
0.062399998	 -0.202 	  -85.13 	 
0.062599998	 -0.201 	  -85.13 	 
0.062799998	 -0.202 	  -85.13 	 
0.062999998	 -0.202 	  -85.05 	 
0.063199998	 -0.202 	  -84.91 	 
0.063399998	 -0.202 	  -84.69 	 
0.063599998	 -0.201 	  -84.46 	 
0.063799998	 -0.202 	  -84.20 	 
0.063999998	 -0.202 	  -83.94 	 
0.064199998	 -0.201 	  -83.70 	 
0.064399998	 -0.201 	  -83.44 	 
0.064599998	 -0.201 	  -83.14 	 
0.064799998	 -0.201 	  -82.80 	 
0.064999998	 -0.201 	  -82.36 	 
0.065199998	 -0.201 	  -81.89 	 
0.065399998	 -0.201 	  -81.38 	 
0.065599998	 -0.201 	  -80.85 	 
0.065799998	 -0.199 	  -80.33 	 
0.065999998	 -0.201 	  -79.84 	 
0.066199998	 -0.199 	  -79.31 	 
0.066399998	 -0.199 	  -78.74 	 
0.066599998	 -0.199 	  -78.12 	 
0.066799998	 -0.198 	  -77.43 	 
0.066999998	 -0.199 	  -76.68 	 
0.067199998	 -0.198 	  -75.90 	 
0.067399998	 -0.198 	  -75.12 	 
0.067599998	 -0.198 	  -74.40 	 
0.067799998	 -0.197 	  -73.71 	 
0.067999998	 -0.197 	  -72.95 	 
0.068199998	 -0.196 	  -72.18 	 
0.068399998	 -0.196 	  -71.36 	 
0.068599998	 -0.196 	  -70.48 	 
0.068799998	 -0.196 	  -69.62 	 
0.068999998	 -0.195 	  -68.76 	 
0.069199998	 -0.194 	  -67.91 	 
0.069399998	 -0.193 	  -66.96 	 
0.069599998	 -0.193 	  -66.00 	 
0.069799998	 -0.193 	  -64.98 	 
0.069999998	 -0.191 	  -63.87 	 
0.070199998	 -0.192 	  -62.88 	 
0.070399998	 -0.191 	  -61.98 	 
0.070599998	 -0.190 	  -61.09 	 
0.070799998	 -0.190 	  -60.16 	 
0.070999998	 -0.189 	  -59.25 	 
0.071199998	 -0.189 	  -58.32 	 
0.071399998	 -0.188 	  -57.42 	 
0.071599998	 -0.188 	  -56.53 	 
0.071799998	 -0.187 	  -55.61 	 
0.071999998	 -0.186 	  -54.70 	 
0.072199998	 -0.185 	  -53.81 	 
0.072399998	 -0.185 	  -52.87 	 
0.072599998	 -0.184 	  -52.03 	 
0.072799998	 -0.184 	  -51.23 	 
0.072999998	 -0.183 	  -50.47 	 
0.073199998	 -0.182 	  -49.72 	 
0.073399998	 -0.182 	  -48.96 	 
0.073599998	 -0.181 	  -48.22 	 
0.073799998	 -0.181 	  -47.46 	 
0.073999998	 -0.180 	  -46.69 	 
0.074199998	 -0.180 	  -45.97 	 
0.074399998	 -0.180 	  -45.23 	 
0.074599998	 -0.178 	  -44.50 	 
0.074799998	 -0.178 	  -43.80 	 
0.074999998	 -0.177 	  -43.21 	 
0.075199998	 -0.176 	  -42.70 	 
0.075399998	 -0.177 	  -42.18 	 
0.075599998	 -0.176 	  -41.70 	 
0.075799998	 -0.175 	  -41.24 	 
0.075999998	 -0.175 	  -40.75 	 
0.076199998	 -0.175 	  -40.26 	 
0.076399998	 -0.174 	  -39.81 	 
0.076599998	 -0.173 	  -39.36 	 
0.076799998	 -0.173 	  -38.95 	 
0.076999998	 -0.172 	  -38.58 	 
0.077199998	 -0.172 	  -38.22 	 
0.077399998	 -0.171 	  -37.98 	 
0.077599998	 -0.171 	  -37.80 	 
0.077799998	 -0.172 	  -37.65 	 
0.077999998	 -0.171 	  -37.58 	 
0.078199998	 -0.171 	  -37.51 	 
0.078399998	 -0.171 	  -37.42 	 
0.078599998	 -0.170 	  -37.36 	 
0.078799998	 -0.170 	  -37.31 	 
0.078999998	 -0.170 	  -37.31 	 
0.079199998	 -0.170 	  -37.32 	 
0.079399998	 -0.170 	  -37.36 	 
0.079599998	 -0.170 	  -37.45 	 
0.079799998	 -0.170 	  -37.61 	 
0.079999998	 -0.170 	  -37.77 	 
0.080199998	 -0.170 	  -37.97 	 
0.080399998	 -0.170 	  -38.19 	 
0.080599998	 -0.170 	  -38.43 	 
0.080799998	 -0.170 	  -38.71 	 
0.080999998	 -0.171 	  -39.01 	 
0.081199998	 -0.170 	  -39.35 	 
0.081399998	 -0.170 	  -39.72 	 
0.081599998	 -0.171 	  -40.10 	 
0.081799998	 -0.171 	  -40.54 	 
0.081999998	 -0.171 	  -41.01 	 
0.082199998	 -0.172 	  -41.54 	 
0.082399998	 -0.171 	  -42.09 	 
0.082599998	 -0.172 	  -42.66 	 
0.082799998	 -0.172 	  -43.24 	 
0.082999998	 -0.173 	  -43.82 	 
0.083199998	 -0.173 	  -44.43 	 
0.083399998	 -0.173 	  -45.09 	 
0.083599998	 -0.174 	  -45.77 	 
0.083799998	 -0.174 	  -46.48 	 
0.083999998	 -0.175 	  -47.23 	 
0.084199998	 -0.175 	  -48.00 	 
0.084399998	 -0.175 	  -48.77 	 
0.084599998	 -0.176 	  -49.54 	 
0.084799998	 -0.176 	  -50.35 	 
0.084999998	 -0.176 	  -51.17 	 
0.085199998	 -0.177 	  -52.04 	 
0.085399998	 -0.177 	  -52.90 	 
0.085599998	 -0.179 	  -53.79 	 
0.085799998	 -0.179 	  -54.68 	 
0.085999998	 -0.179 	  -55.58 	 
0.086199998	 -0.180 	  -56.44 	 
0.086399998	 -0.180 	  -57.34 	 
0.086599998	 -0.181 	  -58.23 	 
0.086799998	 -0.182 	  -59.14 	 
0.086999998	 -0.182 	  -60.07 	 
0.087199998	 -0.183 	  -61.00 	 
0.087399998	 -0.183 	  -61.97 	 
0.087599998	 -0.184 	  -62.91 	 
0.087799998	 -0.184 	  -63.86 	 
0.087999998	 -0.185 	  -64.76 	 
0.088199998	 -0.185 	  -65.64 	 
0.088399998	 -0.186 	  -66.50 	 
0.088599998	 -0.187 	  -67.36 	 
0.088799998	 -0.187 	  -68.21 	 
0.088999998	 -0.189 	  -69.08 	 
0.089199998	 -0.188 	  -69.93 	 
0.089399998	 -0.190 	  -70.81 	 
0.089599998	 -0.190 	  -71.65 	 
0.089799998	 -0.191 	  -72.47 	 
0.089999998	 -0.192 	  -73.29 	 
0.090199998	 -0.191 	  -74.06 	 
0.090399998	 -0.193 	  -74.78 	 
0.090599998	 -0.193 	  -75.51 	 
0.090799998	 -0.193 	  -76.17 	 
0.090999998	 -0.194 	  -76.87 	 
0.091199998	 -0.195 	  -77.54 	 
0.091399998	 -0.195 	  -78.19 	 
0.091599998	 -0.196 	  -78.85 	 
0.091799998	 -0.196 	  -79.45 	 
0.091999998	 -0.197 	  -80.03 	 
0.092199998	 -0.197 	  -80.55 	 
0.092399998	 -0.197 	  -81.10 	 
0.092599998	 -0.198 	  -81.56 	 
0.092799998	 -0.198 	  -82.02 	 
0.092999998	 -0.198 	  -82.43 	 
0.093199998	 -0.199 	  -82.84 	 
0.093399998	 -0.199 	  -83.22 	 
0.093599998	 -0.200 	  -83.54 	 
0.093799998	 -0.200 	  -83.86 	 
0.093999998	 -0.200 	  -84.14 	 
0.094199998	 -0.201 	  -84.41 	 
0.094399998	 -0.200 	  -84.59 	 
0.094599998	 -0.201 	  -84.76 	 
0.094799998	 -0.201 	  -84.90 	 
0.094999998	 -0.201 	  -85.01 	 
0.095199998	 -0.201 	  -85.08 	 
0.095399998	 -0.202 	  -85.12 	 
0.095599998	 -0.201 	  -85.13 	 
0.095799998	 -0.202 	  -85.13 	 
0.095999998	 -0.201 	  -85.08 	 
0.096199998	 -0.201 	  -85.04 	 
0.096399998	 -0.202 	  -84.96 	 
0.096599998	 -0.201 	  -84.85 	 
0.096799998	 -0.202 	  -84.68 	 
0.096999998	 -0.202 	  -84.47 	 
0.097199998	 -0.202 	  -84.23 	 
0.097399998	 -0.201 	  -83.94 	 
0.097599998	 -0.201 	  -83.66 	 
0.097799998	 -0.201 	  -83.33 	 
0.097999998	 -0.201 	  -82.97 	 
0.098199998	 -0.201 	  -82.61 	 
0.098399998	 -0.201 	  -82.19 	 
0.098599998	 -0.200 	  -81.78 	 
0.098799998	 -0.201 	  -81.32 	 
0.098999997	 -0.200 	  -80.81 	 
0.099199997	 -0.200 	  -80.27 	 
0.099399997	 -0.200 	  -79.68 	 
0.099599997	 -0.199 	  -79.05 	 
0.099799997	 -0.199 	  -78.43 	 
0.099999997	 -0.199 	  -77.78 	 
0.100199997	 -0.199 	  -77.12 	 
0.100399997	 -0.198 	  -76.43 	 
0.100599997	 -0.198 	  -75.70 	 
0.100799997	 -0.198 	  -74.97 	 
0.100999997	 -0.197 	  -74.22 	 
0.101199997	 -0.197 	  -73.45 	 
0.101399997	 -0.196 	  -72.66 	 
0.101599997	 -0.197 	  -71.85 	 
0.101799997	 -0.196 	  -71.03 	 
0.101999997	 -0.196 	  -70.21 	 
0.102199997	 -0.195 	  -69.39 	 
0.102399997	 -0.194 	  -68.56 	 
0.102599997	 -0.194 	  -67.67 	 
0.102799997	 -0.193 	  -66.65 	 
0.102999997	 -0.193 	  -65.51 	 
0.103199997	 -0.192 	  -64.39 	 
0.103399997	 -0.192 	  -63.38 	 
0.103599997	 -0.191 	  -62.53 	 
0.103799997	 -0.191 	  -61.75 	 
0.103999997	 -0.190 	  -60.92 	 
0.104199997	 -0.190 	  -60.07 	 
0.104399997	 -0.189 	  -59.18 	 
0.104599997	 -0.188 	  -58.21 	 
0.104799997	 -0.188 	  -57.21 	 
0.104999997	 -0.187 	  -56.15 	 
0.105199997	 -0.187 	  -55.15 	 
0.105399997	 -0.186 	  -54.25 	 
0.105599997	 -0.185 	  -53.43 	 
0.105799997	 -0.185 	  -52.69 	 
0.105999997	 -0.184 	  -51.93 	 
0.106199997	 -0.183 	  -51.14 	 
0.106399997	 -0.183 	  -50.33 	 
0.106599997	 -0.183 	  -49.46 	 
0.106799997	 -0.182 	  -48.60 	 
0.106999997	 -0.181 	  -47.79 	 
0.107199997	 -0.181 	  -47.00 	 
0.107399997	 -0.180 	  -46.26 	 
0.107599997	 -0.179 	  -45.59 	 
0.107799997	 -0.178 	  -44.96 	 
0.107999997	 -0.178 	  -44.41 	 
0.108199997	 -0.178 	  -43.83 	 
0.108399997	 -0.177 	  -43.25 	 
0.108599997	 -0.177 	  -42.61 	 
0.108799997	 -0.176 	  -42.00 	 
0.108999997	 -0.176 	  -41.43 	 
0.109199997	 -0.174 	  -40.89 	 
0.109399997	 -0.175 	  -40.40 	 
0.109599997	 -0.174 	  -39.96 	 
0.109799997	 -0.174 	  -39.57 	 
0.109999997	 -0.173 	  -39.20 	 
0.110199997	 -0.172 	  -38.83 	 
0.110399997	 -0.172 	  -38.49 	 
0.110599997	 -0.172 	  -38.21 	 
0.110799997	 -0.172 	  -37.94 	 
0.110999997	 -0.172 	  -37.77 	 
0.111199997	 -0.171 	  -37.65 	 
0.111399997	 -0.171 	  -37.57 	 
0.111599997	 -0.171 	  -37.53 	 
0.111799997	 -0.171 	  -37.47 	 
0.111999997	 -0.170 	  -37.42 	 
0.112199997	 -0.171 	  -37.38 	 
0.112399997	 -0.170 	  -37.31 	 
0.112599997	 -0.171 	  -37.31 	 
0.112799997	 -0.170 	  -37.36 	 
0.112999997	 -0.169 	  -37.46 	 
0.113199997	 -0.170 	  -37.64 	 
0.113399997	 -0.170 	  -37.86 	 
0.113599997	 -0.170 	  -38.11 	 
0.113799997	 -0.170 	  -38.34 	 
0.113999997	 -0.170 	  -38.58 	 
0.114199997	 -0.171 	  -38.82 	 
0.114399997	 -0.170 	  -39.11 	 
0.114599997	 -0.171 	  -39.39 	 
0.114799997	 -0.171 	  -39.78 	 
0.114999997	 -0.171 	  -40.23 	 
0.115199997	 -0.171 	  -40.71 	 
0.115399997	 -0.172 	  -41.23 	 
0.115599997	 -0.172 	  -41.76 	 
0.115799997	 -0.173 	  -42.30 	 
0.115999997	 -0.172 	  -42.85 	 
0.116199997	 -0.173 	  -43.43 	 
0.116399997	 -0.173 	  -44.05 	 
0.116599997	 -0.172 	  -44.72 	 
0.116799997	 -0.174 	  -45.40 	 
0.116999997	 -0.174 	  -46.08 	 
0.117199997	 -0.173 	  -46.78 	 
0.117399997	 -0.175 	  -47.50 	 
0.117599997	 -0.175 	  -48.23 	 
0.117799997	 -0.175 	  -49.01 	 
0.117999997	 -0.176 	  -49.80 	 
0.118199997	 -0.176 	  -50.64 	 
0.118399997	 -0.177 	  -51.50 	 
0.118599997	 -0.177 	  -52.37 	 
0.118799997	 -0.178 	  -53.24 	 
0.118999997	 -0.178 	  -54.12 	 
0.119199997	 -0.179 	  -55.00 	 
0.119399997	 -0.180 	  -55.86 	 
0.119599997	 -0.179 	  -56.75 	 
0.119799997	 -0.181 	  -57.63 	 
0.119999997	 -0.181 	  -58.56 	 
0.120199997	 -0.182 	  -59.49 	 
0.120399997	 -0.182 	  -60.44 	 
0.120599997	 -0.183 	  -61.38 	 
0.120799997	 -0.183 	  -62.35 	 
0.120999997	 -0.184 	  -63.25 	 
0.121199997	 -0.186 	  -64.13 	 
0.121399997	 -0.185 	  -65.03 	 
0.121599997	 -0.186 	  -65.89 	 
0.121799997	 -0.187 	  -66.76 	 
0.121999997	 -0.187 	  -67.64 	 
0.122199997	 -0.188 	  -68.52 	 
0.122399997	 -0.188 	  -69.40 	 
0.122599997	 -0.188 	  -70.29 	 
0.122799997	 -0.190 	  -71.16 	 
0.122999997	 -0.190 	  -71.99 	 
0.123199997	 -0.191 	  -72.77 	 
0.123399997	 -0.192 	  -73.54 	 
0.123599997	 -0.192 	  -74.26 	 
0.123799997	 -0.193 	  -74.98 	 
0.123999997	 -0.193 	  -75.70 	 
0.124199997	 -0.194 	  -76.40 	 
0.124399997	 -0.195 	  -77.10 	 
0.124599997	 -0.195 	  -77.77 	 
0.124799997	 -0.195 	  -78.43 	 
0.124999997	 -0.196 	  -79.05 	 
0.125199997	 -0.196 	  -79.61 	 
0.125399997	 -0.196 	  -80.18 	 
0.125599997	 -0.197 	  -80.70 	 
0.125799997	 -0.198 	  -81.22 	 
0.125999997	 -0.197 	  -81.69 	 
0.126199997	 -0.198 	  -82.17 	 
0.126399997	 -0.199 	  -82.59 	 
0.126599997	 -0.199 	  -82.98 	 
0.126799997	 -0.200 	  -83.31 	 
0.126999997	 -0.199 	  -83.66 	 
0.127199997	 -0.200 	  -83.92 	 
0.127399997	 -0.200 	  -84.20 	 
0.127599997	 -0.200 	  -84.45 	 
0.127799997	 -0.201 	  -84.68 	 
0.127999997	 -0.201 	  -84.84 	 
0.128199997	 -0.201 	  -84.95 	 
0.128399997	 -0.201 	  -85.04 	 
0.128599997	 -0.201 	  -85.07 	 
0.128799997	 -0.202 	  -85.09 	 
0.128999997	 -0.201 	  -85.06 	 
0.129199997	 -0.201 	  -85.05 	 
0.129399997	 -0.201 	  -85.05 	 
0.129599997	 -0.201 	  -85.01 	 
0.129799997	 -0.201 	  -84.92 	 
0.129999997	 -0.202 	  -84.80 	 
0.130199997	 -0.201 	  -84.61 	 
0.130399997	 -0.202 	  -84.37 	 
0.130599997	 -0.201 	  -84.11 	 
0.130799997	 -0.201 	  -83.80 	 
0.130999997	 -0.202 	  -83.50 	 
0.131199997	 -0.201 	  -83.20 	 
0.131399997	 -0.201 	  -82.87 	 
0.131599997	 -0.201 	  -82.50 	 
0.131799997	 -0.201 	  -82.10 	 
0.131999997	 -0.201 	  -81.62 	 
0.132199997	 -0.201 	  -81.10 	 
0.132399997	 -0.200 	  -80.57 	 
0.132599997	 -0.200 	  -80.02 	 
0.132799997	 -0.200 	  -79.43 	 
0.132999997	 -0.199 	  -78.89 	 
0.133199997	 -0.199 	  -78.28 	 
0.133399997	 -0.199 	  -77.63 	 
0.133599997	 -0.198 	  -76.93 	 
0.133799997	 -0.199 	  -76.21 	 
0.133999997	 -0.198 	  -75.49 	 
0.134199997	 -0.198 	  -74.74 	 
0.134399997	 -0.197 	  -73.99 	 
0.134599997	 -0.198 	  -73.21 	 
0.134799997	 -0.197 	  -72.42 	 
0.134999997	 -0.196 	  -71.59 	 
0.135199997	 -0.196 	  -70.78 	 
0.135399997	 -0.195 	  -69.93 	 
0.135599997	 -0.195 	  -69.09 	 
0.135799997	 -0.195 	  -68.29 	 
0.135999997	 -0.193 	  -67.37 	 
0.136199997	 -0.193 	  -66.32 	 
0.136399997	 -0.193 	  -65.18 	 
0.136599997	 -0.192 	  -64.15 	 
0.136799997	 -0.191 	  -63.20 	 
0.136999997	 -0.191 	  -62.29 	 
0.137199997	 -0.190 	  -61.45 	 
0.137399997	 -0.190 	  -60.56 	 
0.137599997	 -0.189 	  -59.66 	 
0.137799997	 -0.189 	  -58.68 	 
0.137999997	 -0.188 	  -57.71 	 
0.138199997	 -0.188 	  -56.77 	 
0.138399997	 -0.187 	  -55.83 	 
0.138599996	 -0.186 	  -54.97 	 
0.138799996	 -0.186 	  -54.12 	 
0.138999996	 -0.185 	  -53.29 	 
0.139199996	 -0.184 	  -52.47 	 
0.139399996	 -0.185 	  -51.65 	 
0.139599996	 -0.183 	  -50.83 	 
0.139799996	 -0.183 	  -49.95 	 
0.139999996	 -0.182 	  -49.08 	 
0.140199996	 -0.182 	  -48.27 	 
0.140399996	 -0.181 	  -47.48 	 
0.140599996	 -0.181 	  -46.81 	 
0.140799996	 -0.180 	  -46.16 	 
0.140999996	 -0.180 	  -45.56 	 
0.141199996	 -0.179 	  -44.92 	 
0.141399996	 -0.178 	  -44.26 	 
0.141599996	 -0.177 	  -43.58 	 
0.141799996	 -0.177 	  -42.94 	 
0.141999996	 -0.177 	  -42.30 	 
0.142199996	 -0.176 	  -41.71 	 
0.142399996	 -0.175 	  -41.18 	 
0.142599996	 -0.175 	  -40.75 	 
0.142799996	 -0.175 	  -40.40 	 
0.142999996	 -0.174 	  -40.07 	 
0.143199996	 -0.174 	  -39.71 	 
0.143399996	 -0.173 	  -39.31 	 
0.143599996	 -0.173 	  -38.88 	 
0.143799996	 -0.172 	  -38.43 	 
0.143999996	 -0.172 	  -37.99 	 
0.144199996	 -0.171 	  -37.69 	 
0.144399996	 -0.171 	  -37.48 	 
0.144599996	 -0.171 	  -37.43 	 
0.144799996	 -0.171 	  -37.44 	 
0.144999996	 -0.171 	  -37.47 	 
0.145199996	 -0.171 	  -37.49 	 
0.145399996	 -0.171 	  -37.45 	 
0.145599996	 -0.170 	  -37.38 	 
0.145799996	 -0.171 	  -37.31 	 
0.145999996	 -0.170 	  -37.25 	 
0.146199996	 -0.170 	  -37.33 	 
0.146399996	 -0.170 	  -37.48 	 
0.146599996	 -0.170 	  -37.70 	 
0.146799996	 -0.170 	  -37.97 	 
0.146999996	 -0.170 	  -38.23 	 
0.147199996	 -0.170 	  -38.45 	 
0.147399996	 -0.170 	  -38.66 	 
0.147599996	 -0.170 	  -38.90 	 
0.147799996	 -0.171 	  -39.17 	 
0.147999996	 -0.170 	  -39.51 	 
0.148199996	 -0.171 	  -39.91 	 
0.148399996	 -0.171 	  -40.38 	 
0.148599996	 -0.171 	  -40.88 	 
0.148799996	 -0.172 	  -41.43 	 
0.148999996	 -0.171 	  -41.98 	 
0.149199996	 -0.173 	  -42.51 	 
0.149399996	 -0.172 	  -43.06 	 
0.149599996	 -0.173 	  -43.60 	 
0.149799996	 -0.173 	  -44.18 	 
0.149999996	 -0.173 	  -44.83 	 
0.150199996	 -0.174 	  -45.55 	 
0.150399996	 -0.174 	  -46.30 	 
0.150599996	 -0.174 	  -47.09 	 
0.150799996	 -0.175 	  -47.85 	 
0.150999996	 -0.175 	  -48.60 	 
0.151199996	 -0.176 	  -49.35 	 
0.151399996	 -0.176 	  -50.10 	 
0.151599996	 -0.177 	  -50.87 	 
0.151799996	 -0.177 	  -51.71 	 
0.151999996	 -0.177 	  -52.57 	 
0.152199996	 -0.178 	  -53.49 	 
0.152399996	 -0.178 	  -54.43 	 
0.152599996	 -0.179 	  -55.35 	 
0.152799996	 -0.180 	  -56.26 	 
0.152999996	 -0.180 	  -57.13 	 
0.153199996	 -0.181 	  -58.01 	 
0.153399996	 -0.182 	  -58.87 	 
0.153599996	 -0.182 	  -59.76 	 
0.153799996	 -0.183 	  -60.70 	 
0.153999996	 -0.183 	  -61.66 	 
0.154199996	 -0.184 	  -62.62 	 
0.154399996	 -0.185 	  -63.57 	 
0.154599996	 -0.185 	  -64.50 	 
0.154799996	 -0.185 	  -65.38 	 
0.154999996	 -0.186 	  -66.25 	 
0.155199996	 -0.186 	  -67.09 	 
0.155399996	 -0.188 	  -67.95 	 
0.155599996	 -0.188 	  -68.83 	 
0.155799996	 -0.188 	  -69.70 	 
0.155999996	 -0.189 	  -70.58 	 
0.156199996	 -0.190 	  -71.44 	 
0.156399996	 -0.191 	  -72.25 	 
0.156599996	 -0.191 	  -73.03 	 
0.156799996	 -0.193 	  -73.80 	 
0.156999996	 -0.192 	  -74.50 	 
0.157199996	 -0.193 	  -75.22 	 
0.157399996	 -0.193 	  -75.95 	 
0.157599996	 -0.194 	  -76.68 	 
0.157799996	 -0.194 	  -77.35 	 
0.157999996	 -0.195 	  -78.06 	 
0.158199996	 -0.196 	  -78.68 	 
0.158399996	 -0.196 	  -79.30 	 
0.158599996	 -0.197 	  -79.85 	 
0.158799996	 -0.197 	  -80.40 	 
0.158999996	 -0.198 	  -80.91 	 
0.159199996	 -0.198 	  -81.41 	 
0.159399996	 -0.198 	  -81.88 	 
0.159599996	 -0.199 	  -82.33 	 
0.159799996	 -0.199 	  -82.75 	 
0.159999996	 -0.199 	  -83.13 	 
0.160199996	 -0.199 	  -83.48 	 
0.160399996	 -0.199 	  -83.78 	 
0.160599996	 -0.200 	  -84.05 	 
0.160799996	 -0.201 	  -84.32 	 
0.160999996	 -0.201 	  -84.51 	 
0.161199996	 -0.201 	  -84.73 	 
0.161399996	 -0.201 	  -84.89 	 
0.161599996	 -0.201 	  -85.01 	 
0.161799996	 -0.201 	  -85.08 	 
0.161999996	 -0.201 	  -85.12 	 
0.162199996	 -0.201 	  -85.12 	 
0.162399996	 -0.202 	  -85.15 	 
0.162599996	 -0.201 	  -85.13 	 
0.162799996	 -0.202 	  -85.10 	 
0.162999996	 -0.201 	  -85.04 	 
0.163199996	 -0.201 	  -84.92 	 
0.163399996	 -0.202 	  -84.77 	 
0.163599996	 -0.201 	  -84.54 	 
0.163799996	 -0.202 	  -84.30 	 
0.163999996	 -0.201 	  -84.05 	 
0.164199996	 -0.201 	  -83.75 	 
0.164399996	 -0.201 	  -83.45 	 
0.164599996	 -0.201 	  -83.12 	 
0.164799996	 -0.201 	  -82.76 	 
0.164999996	 -0.201 	  -82.36 	 
0.165199996	 -0.201 	  -81.91 	 
0.165399996	 -0.201 	  -81.45 	 
0.165599996	 -0.201 	  -80.94 	 
0.165799996	 -0.199 	  -80.41 	 
0.165999996	 -0.200 	  -79.89 	 
0.166199996	 -0.199 	  -79.32 	 
0.166399996	 -0.200 	  -78.72 	 
0.166599996	 -0.199 	  -78.08 	 
0.166799996	 -0.199 	  -77.39 	 
0.166999996	 -0.199 	  -76.69 	 
0.167199996	 -0.198 	  -75.93 	 
0.167399996	 -0.198 	  -75.19 	 
0.167599996	 -0.197 	  -74.47 	 
0.167799996	 -0.198 	  -73.73 	 
0.167999996	 -0.197 	  -72.97 	 
0.168199996	 -0.196 	  -72.20 	 
0.168399996	 -0.196 	  -71.37 	 
0.168599996	 -0.196 	  -70.53 	 
0.168799996	 -0.195 	  -69.68 	 
0.168999996	 -0.195 	  -68.82 	 
0.169199996	 -0.194 	  -67.90 	 
0.169399996	 -0.193 	  -66.91 	 
0.169599996	 -0.193 	  -65.87 	 
0.169799996	 -0.193 	  -64.83 	 
0.169999996	 -0.192 	  -63.83 	 
0.170199996	 -0.192 	  -62.93 	 
0.170399996	 -0.191 	  -62.12 	 
0.170599996	 -0.190 	  -61.26 	 
0.170799996	 -0.190 	  -60.37 	 
0.170999996	 -0.189 	  -59.42 	 
0.171199996	 -0.189 	  -58.42 	 
0.171399996	 -0.188 	  -57.45 	 
0.171599996	 -0.188 	  -56.49 	 
0.171799996	 -0.186 	  -55.56 	 
0.171999996	 -0.186 	  -54.63 	 
0.172199996	 -0.185 	  -53.78 	 
0.172399996	 -0.185 	  -53.01 	 
0.172599996	 -0.185 	  -52.19 	 
0.172799996	 -0.183 	  -51.38 	 
0.172999996	 -0.183 	  -50.55 	 
0.173199996	 -0.183 	  -49.73 	 
0.173399996	 -0.182 	  -48.93 	 
0.173599996	 -0.181 	  -48.16 	 
0.173799996	 -0.181 	  -47.39 	 
0.173999996	 -0.180 	  -46.65 	 
0.174199996	 -0.180 	  -45.97 	 
0.174399996	 -0.179 	  -45.27 	 
0.174599996	 -0.178 	  -44.63 	 
0.174799996	 -0.178 	  -44.02 	 
0.174999996	 -0.177 	  -43.37 	 
0.175199996	 -0.177 	  -42.76 	 
0.175399996	 -0.177 	  -42.17 	 
0.175599996	 -0.176 	  -41.65 	 
0.175799996	 -0.176 	  -41.15 	 
0.175999996	 -0.175 	  -40.70 	 
0.176199996	 -0.175 	  -40.25 	 
0.176399996	 -0.174 	  -39.85 	 
0.176599996	 -0.173 	  -39.43 	 
0.176799996	 -0.173 	  -39.02 	 
0.176999996	 -0.173 	  -38.62 	 
0.177199996	 -0.173 	  -38.23 	 
0.177399996	 -0.172 	  -37.91 	 
0.177599996	 -0.172 	  -37.69 	 
0.177799996	 -0.171 	  -37.57 	 
0.177999996	 -0.171 	  -37.53 	 
0.178199995	 -0.171 	  -37.53 	 
0.178399995	 -0.170 	  -37.51 	 
0.178599995	 -0.171 	  -37.49 	 
0.178799995	 -0.170 	  -37.42 	 
0.178999995	 -0.170 	  -37.35 	 
0.179199995	 -0.171 	  -37.31 	 
0.179399995	 -0.170 	  -37.33 	 
0.179599995	 -0.170 	  -37.44 	 
0.179799995	 -0.170 	  -37.59 	 
0.179999995	 -0.170 	  -37.81 	 
0.180199995	 -0.170 	  -38.06 	 
0.180399995	 -0.171 	  -38.33 	 
0.180599995	 -0.170 	  -38.56 	 
0.180799995	 -0.171 	  -38.78 	 
0.180999995	 -0.171 	  -39.01 	 
0.181199995	 -0.171 	  -39.27 	 
0.181399995	 -0.171 	  -39.63 	 
0.181599995	 -0.171 	  -40.02 	 
0.181799995	 -0.171 	  -40.51 	 
0.181999995	 -0.172 	  -41.08 	 
0.182199995	 -0.172 	  -41.68 	 
0.182399995	 -0.173 	  -42.27 	 
0.182599995	 -0.172 	  -42.81 	 
0.182799995	 -0.172 	  -43.33 	 
0.182999995	 -0.172 	  -43.83 	 
0.183199995	 -0.172 	  -44.37 	 
0.183399995	 -0.173 	  -45.00 	 
0.183599995	 -0.174 	  -45.71 	 
0.183799995	 -0.175 	  -46.51 	 
0.183999995	 -0.174 	  -47.30 	 
0.184199995	 -0.175 	  -48.12 	 
0.184399995	 -0.175 	  -48.90 	 
0.184599995	 -0.176 	  -49.65 	 
0.184799995	 -0.176 	  -50.39 	 
0.184999995	 -0.176 	  -51.16 	 
0.185199995	 -0.178 	  -51.97 	 
0.185399995	 -0.177 	  -52.85 	 
0.185599995	 -0.178 	  -53.79 	 
0.185799995	 -0.179 	  -54.72 	 
0.185999995	 -0.179 	  -55.67 	 
0.186199995	 -0.180 	  -56.61 	 
0.186399995	 -0.180 	  -57.46 	 
0.186599995	 -0.181 	  -58.33 	 
0.186799995	 -0.182 	  -59.18 	 
0.186999995	 -0.182 	  -60.07 	 
0.187199995	 -0.182 	  -60.99 	 
0.187399995	 -0.183 	  -61.94 	 
0.187599995	 -0.184 	  -62.91 	 
0.187799995	 -0.184 	  -63.87 	 
0.187999995	 -0.186 	  -64.80 	 
0.188199995	 -0.186 	  -65.69 	 
0.188399995	 -0.187 	  -66.54 	 
0.188599995	 -0.187 	  -67.38 	 
0.188799995	 -0.187 	  -68.22 	 
0.188999995	 -0.189 	  -69.07 	 
0.189199995	 -0.188 	  -69.94 	 
0.189399995	 -0.191 	  -70.83 	 
0.189599995	 -0.190 	  -71.68 	 
0.189799995	 -0.191 	  -72.55 	 
0.189999995	 -0.191 	  -73.34 	 
0.190199995	 -0.191 	  -74.09 	 
0.190399995	 -0.192 	  -74.83 	 
0.190599995	 -0.193 	  -75.52 	 
0.190799995	 -0.194 	  -76.21 	 
0.190999995	 -0.194 	  -76.90 	 
0.191199995	 -0.195 	  -77.59 	 
0.191399995	 -0.195 	  -78.25 	 
0.191599995	 -0.196 	  -78.90 	 
0.191799995	 -0.197 	  -79.52 	 
0.191999995	 -0.197 	  -80.07 	 
0.192199995	 -0.197 	  -80.59 	 
0.192399995	 -0.197 	  -81.08 	 
0.192599995	 -0.198 	  -81.55 	 
0.192799995	 -0.198 	  -82.00 	 
0.192999995	 -0.198 	  -82.45 	 
0.193199995	 -0.199 	  -82.90 	 
0.193399995	 -0.199 	  -83.30 	 
0.193599995	 -0.200 	  -83.63 	 
0.193799995	 -0.200 	  -83.93 	 
0.193999995	 -0.200 	  -84.20 	 
0.194199995	 -0.200 	  -84.41 	 
0.194399995	 -0.201 	  -84.61 	 
0.194599995	 -0.201 	  -84.77 	 
0.194799995	 -0.201 	  -84.92 	 
0.194999995	 -0.201 	  -85.05 	 
0.195199995	 -0.201 	  -85.13 	 
0.195399995	 -0.202 	  -85.19 	 
0.195599995	 -0.202 	  -85.19 	 
0.195799995	 -0.201 	  -85.17 	 
0.195999995	 -0.202 	  -85.13 	 
0.196199995	 -0.201 	  -85.06 	 
0.196399995	 -0.202 	  -84.98 	 
0.196599995	 -0.202 	  -84.89 	 
0.196799995	 -0.202 	  -84.72 	 
0.196999995	 -0.202 	  -84.51 	 
0.197199995	 -0.202 	  -84.27 	 
0.197399995	 -0.201 	  -83.98 	 
0.197599995	 -0.201 	  -83.66 	 
0.197799995	 -0.202 	  -83.35 	 
0.197999995	 -0.201 	  -83.00 	 
0.198199995	 -0.201 	  -82.64 	 
0.198399995	 -0.201 	  -82.24 	 
0.198599995	 -0.201 	  -81.84 	 
0.198799995	 -0.200 	  -81.37 	 
0.198999995	 -0.200 	  -80.85 	 
0.199199995	 -0.201 	  -80.29 	 
0.199399995	 -0.200 	  -79.69 	 
0.199599995	 -0.200 	  -79.06 	 
0.199799995	 -0.199 	  -78.46 	 
0.199999995	 -0.199 	  -77.83 	 
0.200199995	 -0.199 	  -77.16 	 
0.200399995	 -0.198 	  -76.47 	 
0.200599995	 -0.198 	  -75.77 	 
0.200799995	 -0.198 	  -75.01 	 
0.200999995	 -0.198 	  -74.25 	 
0.201199995	 -0.197 	  -73.51 	 
0.201399995	 -0.197 	  -72.70 	 
0.201599995	 -0.196 	  -71.86 	 
0.201799995	 -0.196 	  -71.06 	 
0.201999995	 -0.196 	  -70.23 	 
0.202199995	 -0.195 	  -69.44 	 
0.202399995	 -0.196 	  -68.60 	 
0.202599995	 -0.194 	  -67.74 	 
0.202799995	 -0.194 	  -66.72 	 
0.202999995	 -0.194 	  -65.60 	 
0.203199995	 -0.192 	  -64.48 	 
0.203399995	 -0.192 	  -63.49 	 
0.203599995	 -0.191 	  -62.55 	 
0.203799995	 -0.191 	  -61.61 	 
0.203999995	 -0.190 	  -60.74 	 
0.204199995	 -0.190 	  -59.90 	 
0.204399995	 -0.189 	  -59.06 	 
0.204599995	 -0.189 	  -58.21 	 
