0.000000000	  0.282 	  -77.98 	 
0.000200000	  0.282 	  -77.30 	 
0.000400000	  0.282 	  -76.60 	 
0.000600000	  0.283 	  -75.87 	 
0.000800000	  0.284 	  -75.11 	 
0.001000000	  0.285 	  -74.35 	 
0.001200000	  0.285 	  -73.56 	 
0.001400000	  0.285 	  -72.79 	 
0.001600000	  0.286 	  -72.02 	 
0.001800000	  0.287 	  -71.21 	 
0.002000000	  0.288 	  -70.45 	 
0.002200000	  0.289 	  -69.63 	 
0.002400000	  0.290 	  -68.74 	 
0.002600000	  0.291 	  -67.77 	 
0.002800000	  0.291 	  -66.73 	 
0.003000000	  0.292 	  -65.71 	 
0.003200000	  0.294 	  -64.66 	 
0.003400000	  0.295 	  -63.67 	 
0.003600000	  0.296 	  -62.71 	 
0.003800000	  0.297 	  -61.76 	 
0.004000000	  0.298 	  -60.87 	 
0.004200000	  0.299 	  -60.04 	 
0.004400000	  0.300 	  -59.25 	 
0.004600000	  0.301 	  -58.37 	 
0.004800000	  0.302 	  -57.47 	 
0.005000000	  0.303 	  -56.57 	 
0.005200000	  0.304 	  -55.64 	 
0.005400000	  0.305 	  -54.71 	 
0.005600000	  0.306 	  -53.78 	 
0.005800000	  0.307 	  -52.89 	 
0.006000000	  0.308 	  -52.02 	 
0.006200000	  0.309 	  -51.20 	 
0.006400000	  0.312 	  -50.40 	 
0.006600000	  0.313 	  -49.68 	 
0.006800000	  0.313 	  -48.98 	 
0.007000000	  0.314 	  -48.25 	 
0.007200000	  0.315 	  -47.54 	 
0.007400000	  0.316 	  -46.83 	 
0.007600000	  0.317 	  -46.12 	 
0.007800000	  0.318 	  -45.44 	 
0.008000000	  0.320 	  -44.74 	 
0.008200000	  0.320 	  -44.08 	 
0.008400000	  0.322 	  -43.42 	 
0.008600000	  0.323 	  -42.81 	 
0.008800000	  0.324 	  -42.27 	 
0.009000000	  0.324 	  -41.76 	 
0.009200000	  0.325 	  -41.31 	 
0.009400000	  0.326 	  -40.88 	 
0.009600000	  0.327 	  -40.47 	 
0.009800000	  0.327 	  -40.13 	 
0.010000000	  0.328 	  -39.81 	 
0.010200000	  0.329 	  -39.50 	 
0.010400000	  0.329 	  -39.22 	 
0.010600000	  0.330 	  -38.88 	 
0.010800000	  0.330 	  -38.56 	 
0.011000000	  0.331 	  -38.26 	 
0.011200000	  0.332 	  -38.03 	 
0.011400000	  0.333 	  -37.84 	 
0.011600000	  0.332 	  -37.73 	 
0.011800000	  0.333 	  -37.68 	 
0.012000000	  0.334 	  -37.75 	 
0.012200000	  0.333 	  -37.81 	 
0.012400000	  0.333 	  -37.92 	 
0.012600000	  0.334 	  -38.06 	 
0.012800000	  0.334 	  -38.19 	 
0.013000000	  0.333 	  -38.32 	 
0.013200000	  0.332 	  -38.44 	 
0.013400000	  0.334 	  -38.58 	 
0.013600000	  0.334 	  -38.69 	 
0.013800000	  0.333 	  -38.86 	 
0.014000000	  0.332 	  -39.07 	 
0.014200000	  0.333 	  -39.36 	 
0.014400000	  0.333 	  -39.68 	 
0.014600000	  0.333 	  -40.07 	 
0.014800000	  0.332 	  -40.52 	 
0.015000000	  0.331 	  -40.99 	 
0.015200000	  0.331 	  -41.50 	 
0.015400000	  0.330 	  -41.98 	 
0.015600000	  0.330 	  -42.46 	 
0.015800000	  0.329 	  -42.94 	 
0.016000000	  0.329 	  -43.48 	 
0.016200000	  0.329 	  -44.03 	 
0.016400000	  0.328 	  -44.61 	 
0.016600000	  0.328 	  -45.25 	 
0.016800000	  0.327 	  -45.93 	 
0.017000000	  0.326 	  -46.66 	 
0.017200000	  0.324 	  -47.42 	 
0.017400000	  0.324 	  -48.20 	 
0.017600000	  0.323 	  -49.03 	 
0.017800000	  0.322 	  -49.84 	 
0.018000000	  0.322 	  -50.67 	 
0.018200000	  0.321 	  -51.48 	 
0.018400000	  0.319 	  -52.30 	 
0.018600000	  0.318 	  -53.15 	 
0.018800000	  0.317 	  -53.97 	 
0.019000000	  0.317 	  -54.87 	 
0.019200000	  0.316 	  -55.73 	 
0.019400000	  0.315 	  -56.62 	 
0.019600000	  0.313 	  -57.52 	 
0.019799999	  0.312 	  -58.44 	 
0.019999999	  0.311 	  -59.33 	 
0.020199999	  0.310 	  -60.25 	 
0.020399999	  0.309 	  -61.15 	 
0.020599999	  0.308 	  -62.07 	 
0.020799999	  0.307 	  -62.97 	 
0.020999999	  0.305 	  -63.87 	 
0.021199999	  0.304 	  -64.77 	 
0.021399999	  0.303 	  -65.68 	 
0.021599999	  0.302 	  -66.56 	 
0.021799999	  0.302 	  -67.45 	 
0.021999999	  0.300 	  -68.33 	 
0.022199999	  0.299 	  -69.20 	 
0.022399999	  0.298 	  -70.05 	 
0.022599999	  0.297 	  -70.89 	 
0.022799999	  0.296 	  -71.74 	 
0.022999999	  0.295 	  -72.55 	 
0.023199999	  0.294 	  -73.35 	 
0.023399999	  0.293 	  -74.13 	 
0.023599999	  0.292 	  -74.89 	 
0.023799999	  0.291 	  -75.62 	 
0.023999999	  0.290 	  -76.35 	 
0.024199999	  0.289 	  -77.03 	 
0.024399999	  0.288 	  -77.72 	 
0.024599999	  0.288 	  -78.35 	 
0.024799999	  0.287 	  -78.95 	 
0.024999999	  0.286 	  -79.53 	 
0.025199999	  0.285 	  -80.08 	 
0.025399999	  0.284 	  -80.66 	 
0.025599999	  0.284 	  -81.21 	 
0.025799999	  0.283 	  -81.77 	 
0.025999999	  0.282 	  -82.28 	 
0.026199999	  0.282 	  -82.73 	 
0.026399999	  0.281 	  -83.15 	 
0.026599999	  0.280 	  -83.50 	 
0.026799999	  0.280 	  -83.81 	 
0.026999999	  0.280 	  -84.07 	 
0.027199999	  0.280 	  -84.33 	 
0.027399999	  0.279 	  -84.54 	 
0.027599999	  0.278 	  -84.79 	 
0.027799999	  0.278 	  -85.00 	 
0.027999999	  0.278 	  -85.18 	 
0.028199999	  0.277 	  -85.31 	 
0.028399999	  0.277 	  -85.43 	 
0.028599999	  0.278 	  -85.48 	 
0.028799999	  0.278 	  -85.51 	 
0.028999999	  0.277 	  -85.50 	 
0.029199999	  0.277 	  -85.44 	 
0.029399999	  0.277 	  -85.37 	 
0.029599999	  0.277 	  -85.25 	 
0.029799999	  0.277 	  -85.13 	 
0.029999999	  0.277 	  -84.97 	 
0.030199999	  0.277 	  -84.80 	 
0.030399999	  0.277 	  -84.60 	 
0.030599999	  0.277 	  -84.39 	 
0.030799999	  0.277 	  -84.14 	 
0.030999999	  0.277 	  -83.84 	 
0.031199999	  0.278 	  -83.51 	 
0.031399999	  0.278 	  -83.14 	 
0.031599999	  0.278 	  -82.73 	 
0.031799999	  0.278 	  -82.33 	 
0.031999999	  0.279 	  -81.85 	 
0.032199999	  0.279 	  -81.34 	 
0.032399999	  0.279 	  -80.80 	 
0.032599999	  0.280 	  -80.21 	 
0.032799999	  0.281 	  -79.60 	 
0.032999999	  0.280 	  -78.96 	 
0.033199999	  0.281 	  -78.31 	 
0.033399999	  0.281 	  -77.67 	 
0.033599999	  0.282 	  -77.01 	 
0.033799999	  0.283 	  -76.32 	 
0.033999999	  0.284 	  -75.62 	 
0.034199999	  0.284 	  -74.90 	 
0.034399999	  0.284 	  -74.11 	 
0.034599999	  0.285 	  -73.34 	 
0.034799999	  0.286 	  -72.53 	 
0.034999999	  0.286 	  -71.71 	 
0.035199999	  0.287 	  -70.93 	 
0.035399999	  0.288 	  -70.16 	 
0.035599999	  0.289 	  -69.31 	 
0.035799999	  0.290 	  -68.38 	 
0.035999999	  0.291 	  -67.40 	 
0.036199999	  0.292 	  -66.36 	 
0.036399999	  0.293 	  -65.32 	 
0.036599999	  0.294 	  -64.24 	 
0.036799999	  0.295 	  -63.23 	 
0.036999999	  0.297 	  -62.23 	 
0.037199999	  0.298 	  -61.28 	 
0.037399999	  0.298 	  -60.41 	 
0.037599999	  0.299 	  -59.57 	 
0.037799999	  0.301 	  -58.77 	 
0.037999999	  0.301 	  -57.97 	 
0.038199999	  0.302 	  -57.14 	 
0.038399999	  0.303 	  -56.28 	 
0.038599999	  0.304 	  -55.37 	 
0.038799999	  0.306 	  -54.49 	 
0.038999999	  0.307 	  -53.54 	 
0.039199999	  0.308 	  -52.62 	 
0.039399999	  0.309 	  -51.73 	 
0.039599999	  0.311 	  -50.89 	 
0.039799999	  0.311 	  -50.09 	 
0.039999999	  0.312 	  -49.32 	 
0.040199999	  0.313 	  -48.60 	 
0.040399999	  0.315 	  -47.92 	 
0.040599999	  0.316 	  -47.22 	 
0.040799999	  0.316 	  -46.51 	 
0.040999999	  0.317 	  -45.86 	 
0.041199999	  0.318 	  -45.20 	 
0.041399999	  0.320 	  -44.55 	 
0.041599999	  0.321 	  -43.91 	 
0.041799999	  0.322 	  -43.29 	 
0.041999999	  0.322 	  -42.68 	 
0.042199999	  0.324 	  -42.11 	 
0.042399999	  0.324 	  -41.61 	 
0.042599999	  0.325 	  -41.10 	 
0.042799999	  0.326 	  -40.68 	 
0.042999999	  0.327 	  -40.30 	 
0.043199999	  0.328 	  -39.94 	 
0.043399999	  0.328 	  -39.67 	 
0.043599999	  0.328 	  -39.37 	 
0.043799999	  0.329 	  -39.09 	 
0.043999999	  0.330 	  -38.80 	 
0.044199999	  0.331 	  -38.49 	 
0.044399999	  0.331 	  -38.18 	 
0.044599999	  0.332 	  -37.93 	 
0.044799999	  0.332 	  -37.75 	 
0.044999999	  0.333 	  -37.62 	 
0.045199999	  0.333 	  -37.56 	 
0.045399999	  0.333 	  -37.61 	 
0.045599999	  0.333 	  -37.70 	 
0.045799999	  0.334 	  -37.84 	 
0.045999999	  0.334 	  -38.00 	 
0.046199999	  0.334 	  -38.19 	 
0.046399999	  0.333 	  -38.34 	 
0.046599999	  0.334 	  -38.51 	 
0.046799999	  0.333 	  -38.66 	 
0.046999999	  0.333 	  -38.80 	 
0.047199999	  0.334 	  -38.97 	 
0.047399999	  0.333 	  -39.17 	 
0.047599999	  0.332 	  -39.41 	 
0.047799999	  0.332 	  -39.72 	 
0.047999999	  0.332 	  -40.10 	 
0.048199999	  0.332 	  -40.55 	 
0.048399999	  0.331 	  -41.03 	 
0.048599999	  0.331 	  -41.55 	 
0.048799999	  0.331 	  -42.08 	 
0.048999999	  0.330 	  -42.64 	 
0.049199999	  0.329 	  -43.17 	 
0.049399999	  0.329 	  -43.71 	 
0.049599999	  0.328 	  -44.27 	 
0.049799999	  0.327 	  -44.86 	 
0.049999999	  0.327 	  -45.48 	 
0.050199999	  0.327 	  -46.14 	 
0.050399999	  0.325 	  -46.84 	 
0.050599999	  0.325 	  -47.57 	 
0.050799999	  0.324 	  -48.37 	 
0.050999999	  0.324 	  -49.21 	 
0.051199999	  0.322 	  -50.08 	 
0.051399999	  0.321 	  -50.92 	 
0.051599999	  0.320 	  -51.78 	 
0.051799999	  0.319 	  -52.61 	 
0.051999999	  0.319 	  -53.45 	 
0.052199999	  0.317 	  -54.25 	 
0.052399999	  0.316 	  -55.08 	 
0.052599999	  0.315 	  -55.90 	 
0.052799999	  0.315 	  -56.74 	 
0.052999999	  0.313 	  -57.62 	 
0.053199999	  0.312 	  -58.53 	 
0.053399999	  0.311 	  -59.52 	 
0.053599999	  0.310 	  -60.52 	 
0.053799999	  0.309 	  -61.50 	 
0.053999999	  0.307 	  -62.49 	 
0.054199999	  0.306 	  -63.43 	 
0.054399999	  0.306 	  -64.35 	 
0.054599999	  0.304 	  -65.21 	 
0.054799999	  0.303 	  -66.05 	 
0.054999999	  0.301 	  -66.88 	 
0.055199999	  0.301 	  -67.68 	 
0.055399999	  0.300 	  -68.50 	 
0.055599999	  0.299 	  -69.31 	 
0.055799999	  0.298 	  -70.20 	 
0.055999999	  0.297 	  -71.06 	 
0.056199999	  0.296 	  -71.95 	 
0.056399999	  0.295 	  -72.79 	 
0.056599999	  0.294 	  -73.63 	 
0.056799999	  0.293 	  -74.45 	 
0.056999999	  0.291 	  -75.18 	 
0.057199999	  0.291 	  -75.90 	 
0.057399999	  0.290 	  -76.57 	 
0.057599999	  0.289 	  -77.22 	 
0.057799999	  0.288 	  -77.85 	 
0.057999999	  0.287 	  -78.49 	 
0.058199999	  0.287 	  -79.10 	 
0.058399999	  0.286 	  -79.69 	 
0.058599999	  0.285 	  -80.31 	 
0.058799999	  0.284 	  -80.88 	 
0.058999999	  0.284 	  -81.42 	 
0.059199999	  0.283 	  -81.94 	 
0.059399998	  0.282 	  -82.39 	 
0.059599998	  0.282 	  -82.83 	 
0.059799998	  0.281 	  -83.20 	 
0.059999998	  0.280 	  -83.51 	 
0.060199998	  0.279 	  -83.79 	 
0.060399998	  0.280 	  -84.08 	 
0.060599998	  0.279 	  -84.34 	 
0.060799998	  0.279 	  -84.64 	 
0.060999998	  0.278 	  -84.90 	 
0.061199998	  0.278 	  -85.15 	 
0.061399998	  0.278 	  -85.33 	 
0.061599998	  0.278 	  -85.45 	 
0.061799998	  0.277 	  -85.53 	 
0.061999998	  0.277 	  -85.54 	 
0.062199998	  0.277 	  -85.52 	 
0.062399998	  0.277 	  -85.46 	 
0.062599998	  0.277 	  -85.39 	 
0.062799998	  0.277 	  -85.30 	 
0.062999998	  0.277 	  -85.18 	 
0.063199998	  0.277 	  -85.06 	 
0.063399998	  0.277 	  -84.91 	 
0.063599998	  0.277 	  -84.75 	 
0.063799998	  0.277 	  -84.56 	 
0.063999998	  0.277 	  -84.35 	 
0.064199998	  0.278 	  -84.06 	 
0.064399998	  0.278 	  -83.75 	 
0.064599998	  0.277 	  -83.38 	 
0.064799998	  0.278 	  -82.97 	 
0.064999998	  0.278 	  -82.54 	 
0.065199998	  0.278 	  -82.07 	 
0.065399998	  0.278 	  -81.58 	 
0.065599998	  0.279 	  -81.10 	 
0.065799998	  0.280 	  -80.59 	 
0.065999998	  0.280 	  -80.02 	 
0.066199998	  0.280 	  -79.48 	 
0.066399998	  0.280 	  -78.86 	 
0.066599998	  0.281 	  -78.26 	 
0.066799998	  0.282 	  -77.59 	 
0.066999998	  0.282 	  -76.85 	 
0.067199998	  0.283 	  -76.12 	 
0.067399998	  0.283 	  -75.35 	 
0.067599998	  0.284 	  -74.57 	 
0.067799998	  0.285 	  -73.80 	 
0.067999998	  0.285 	  -73.01 	 
0.068199998	  0.286 	  -72.23 	 
0.068399998	  0.287 	  -71.45 	 
0.068599998	  0.288 	  -70.70 	 
0.068799998	  0.288 	  -69.89 	 
0.068999998	  0.290 	  -69.00 	 
0.069199998	  0.290 	  -68.03 	 
0.069399998	  0.291 	  -67.00 	 
0.069599998	  0.292 	  -65.95 	 
0.069799998	  0.294 	  -64.85 	 
0.069999998	  0.295 	  -63.84 	 
0.070199998	  0.295 	  -62.86 	 
0.070399998	  0.298 	  -61.95 	 
0.070599998	  0.297 	  -61.09 	 
0.070799998	  0.299 	  -60.24 	 
0.070999998	  0.300 	  -59.44 	 
0.071199998	  0.301 	  -58.66 	 
0.071399998	  0.302 	  -57.81 	 
0.071599998	  0.303 	  -56.95 	 
0.071799998	  0.304 	  -56.04 	 
0.071999998	  0.305 	  -55.12 	 
0.072199998	  0.306 	  -54.16 	 
0.072399998	  0.308 	  -53.26 	 
0.072599998	  0.308 	  -52.33 	 
0.072799998	  0.309 	  -51.46 	 
0.072999998	  0.310 	  -50.63 	 
0.073199998	  0.312 	  -49.86 	 
0.073399998	  0.313 	  -49.13 	 
0.073599998	  0.314 	  -48.41 	 
0.073799998	  0.315 	  -47.66 	 
0.073999998	  0.316 	  -46.96 	 
0.074199998	  0.317 	  -46.24 	 
0.074399998	  0.318 	  -45.56 	 
0.074599998	  0.320 	  -44.88 	 
0.074799998	  0.320 	  -44.24 	 
0.074999998	  0.321 	  -43.61 	 
0.075199998	  0.322 	  -43.01 	 
0.075399998	  0.323 	  -42.47 	 
0.075599998	  0.324 	  -41.92 	 
0.075799998	  0.325 	  -41.45 	 
0.075999998	  0.325 	  -41.02 	 
0.076199998	  0.326 	  -40.64 	 
0.076399998	  0.327 	  -40.26 	 
0.076599998	  0.328 	  -39.95 	 
0.076799998	  0.328 	  -39.65 	 
0.076999998	  0.329 	  -39.31 	 
0.077199998	  0.330 	  -39.02 	 
0.077399998	  0.330 	  -38.69 	 
0.077599998	  0.331 	  -38.35 	 
0.077799998	  0.331 	  -38.04 	 
0.077999998	  0.332 	  -37.78 	 
0.078199998	  0.333 	  -37.59 	 
0.078399998	  0.333 	  -37.50 	 
0.078599998	  0.333 	  -37.53 	 
0.078799998	  0.334 	  -37.62 	 
0.078999998	  0.334 	  -37.77 	 
0.079199998	  0.333 	  -37.96 	 
0.079399998	  0.334 	  -38.14 	 
0.079599998	  0.334 	  -38.34 	 
0.079799998	  0.334 	  -38.47 	 
0.079999998	  0.333 	  -38.61 	 
0.080199998	  0.333 	  -38.72 	 
0.080399998	  0.333 	  -38.87 	 
0.080599998	  0.334 	  -39.03 	 
0.080799998	  0.333 	  -39.26 	 
0.080999998	  0.332 	  -39.52 	 
0.081199998	  0.333 	  -39.85 	 
0.081399998	  0.333 	  -40.24 	 
0.081599998	  0.332 	  -40.68 	 
0.081799998	  0.331 	  -41.20 	 
0.081999998	  0.331 	  -41.70 	 
0.082199998	  0.330 	  -42.24 	 
0.082399998	  0.330 	  -42.79 	 
0.082599998	  0.329 	  -43.35 	 
0.082799998	  0.329 	  -43.93 	 
0.082999998	  0.329 	  -44.54 	 
0.083199998	  0.327 	  -45.15 	 
0.083399998	  0.326 	  -45.81 	 
0.083599998	  0.326 	  -46.49 	 
0.083799998	  0.326 	  -47.23 	 
0.083999998	  0.325 	  -47.97 	 
0.084199998	  0.324 	  -48.74 	 
0.084399998	  0.323 	  -49.54 	 
0.084599998	  0.322 	  -50.37 	 
0.084799998	  0.321 	  -51.19 	 
0.084999998	  0.320 	  -52.03 	 
0.085199998	  0.318 	  -52.87 	 
0.085399998	  0.318 	  -53.68 	 
0.085599998	  0.317 	  -54.52 	 
0.085799998	  0.316 	  -55.37 	 
0.085999998	  0.315 	  -56.22 	 
0.086199998	  0.314 	  -57.11 	 
0.086399998	  0.313 	  -58.02 	 
0.086599998	  0.312 	  -58.96 	 
0.086799998	  0.310 	  -59.90 	 
0.086999998	  0.309 	  -60.85 	 
0.087199998	  0.308 	  -61.79 	 
0.087399998	  0.307 	  -62.70 	 
0.087599998	  0.306 	  -63.61 	 
0.087799998	  0.304 	  -64.49 	 
0.087999998	  0.303 	  -65.37 	 
0.088199998	  0.303 	  -66.22 	 
0.088399998	  0.302 	  -67.08 	 
0.088599998	  0.300 	  -67.93 	 
0.088799998	  0.300 	  -68.80 	 
0.088999998	  0.299 	  -69.67 	 
0.089199998	  0.297 	  -70.55 	 
0.089399998	  0.297 	  -71.42 	 
0.089599998	  0.295 	  -72.29 	 
0.089799998	  0.295 	  -73.09 	 
0.089999998	  0.294 	  -73.89 	 
0.090199998	  0.292 	  -74.65 	 
0.090399998	  0.291 	  -75.38 	 
0.090599998	  0.290 	  -76.08 	 
0.090799998	  0.290 	  -76.76 	 
0.090999998	  0.288 	  -77.41 	 
0.091199998	  0.288 	  -78.05 	 
0.091399998	  0.287 	  -78.68 	 
0.091599998	  0.286 	  -79.29 	 
0.091799998	  0.286 	  -79.90 	 
0.091999998	  0.285 	  -80.50 	 
0.092199998	  0.284 	  -81.10 	 
0.092399998	  0.284 	  -81.64 	 
0.092599998	  0.283 	  -82.17 	 
0.092799998	  0.282 	  -82.63 	 
0.092999998	  0.281 	  -83.03 	 
0.093199998	  0.281 	  -83.35 	 
0.093399998	  0.280 	  -83.64 	 
0.093599998	  0.280 	  -83.90 	 
0.093799998	  0.280 	  -84.14 	 
0.093999998	  0.280 	  -84.39 	 
0.094199998	  0.279 	  -84.65 	 
0.094399998	  0.279 	  -84.89 	 
0.094599998	  0.278 	  -85.13 	 
0.094799998	  0.278 	  -85.32 	 
0.094999998	  0.277 	  -85.43 	 
0.095199998	  0.277 	  -85.51 	 
0.095399998	  0.277 	  -85.55 	 
0.095599998	  0.277 	  -85.50 	 
0.095799998	  0.277 	  -85.44 	 
0.095999998	  0.277 	  -85.35 	 
0.096199998	  0.277 	  -85.24 	 
0.096399998	  0.277 	  -85.11 	 
0.096599998	  0.277 	  -84.96 	 
0.096799998	  0.277 	  -84.82 	 
0.096999998	  0.277 	  -84.65 	 
0.097199998	  0.278 	  -84.44 	 
0.097399998	  0.277 	  -84.22 	 
0.097599998	  0.278 	  -83.95 	 
0.097799998	  0.278 	  -83.63 	 
0.097999998	  0.278 	  -83.27 	 
0.098199998	  0.278 	  -82.85 	 
0.098399998	  0.278 	  -82.39 	 
0.098599998	  0.278 	  -81.93 	 
0.098799998	  0.279 	  -81.42 	 
0.098999997	  0.279 	  -80.93 	 
0.099199997	  0.280 	  -80.41 	 
0.099399997	  0.280 	  -79.87 	 
0.099599997	  0.280 	  -79.29 	 
0.099799997	  0.281 	  -78.64 	 
0.099999997	  0.282 	  -77.98 	 
0.100199997	  0.283 	  -77.28 	 
0.100399997	  0.283 	  -76.57 	 
0.100599997	  0.283 	  -75.81 	 
0.100799997	  0.283 	  -75.05 	 
0.100999997	  0.285 	  -74.30 	 
0.101199997	  0.286 	  -73.56 	 
0.101399997	  0.286 	  -72.77 	 
0.101599997	  0.286 	  -72.00 	 
0.101799997	  0.287 	  -71.25 	 
0.101999997	  0.288 	  -70.49 	 
0.102199997	  0.289 	  -69.69 	 
0.102399997	  0.289 	  -68.80 	 
0.102599997	  0.290 	  -67.79 	 
0.102799997	  0.291 	  -66.76 	 
0.102999997	  0.293 	  -65.71 	 
0.103199997	  0.294 	  -64.63 	 
0.103399997	  0.294 	  -63.59 	 
0.103599997	  0.295 	  -62.62 	 
0.103799997	  0.297 	  -61.70 	 
0.103999997	  0.299 	  -60.84 	 
0.104199997	  0.299 	  -59.99 	 
0.104399997	  0.300 	  -59.16 	 
0.104599997	  0.301 	  -58.35 	 
0.104799997	  0.303 	  -57.52 	 
0.104999997	  0.303 	  -56.66 	 
0.105199997	  0.303 	  -55.74 	 
0.105399997	  0.305 	  -54.82 	 
0.105599997	  0.306 	  -53.87 	 
0.105799997	  0.307 	  -52.99 	 
0.105999997	  0.308 	  -52.11 	 
0.106199997	  0.309 	  -51.25 	 
0.106399997	  0.312 	  -50.43 	 
0.106599997	  0.312 	  -49.67 	 
0.106799997	  0.313 	  -48.96 	 
0.106999997	  0.314 	  -48.25 	 
0.107199997	  0.316 	  -47.59 	 
0.107399997	  0.316 	  -46.89 	 
0.107599997	  0.317 	  -46.21 	 
0.107799997	  0.318 	  -45.48 	 
0.107999997	  0.320 	  -44.81 	 
0.108199997	  0.321 	  -44.14 	 
0.108399997	  0.321 	  -43.49 	 
0.108599997	  0.322 	  -42.89 	 
0.108799997	  0.324 	  -42.33 	 
0.108999997	  0.324 	  -41.83 	 
0.109199997	  0.325 	  -41.39 	 
0.109399997	  0.325 	  -40.96 	 
0.109599997	  0.327 	  -40.59 	 
0.109799997	  0.328 	  -40.25 	 
0.109999997	  0.328 	  -39.96 	 
0.110199997	  0.329 	  -39.67 	 
0.110399997	  0.330 	  -39.37 	 
0.110599997	  0.330 	  -39.04 	 
0.110799997	  0.330 	  -38.70 	 
0.110999997	  0.331 	  -38.37 	 
0.111199997	  0.331 	  -38.10 	 
0.111399997	  0.332 	  -37.86 	 
0.111599997	  0.332 	  -37.73 	 
0.111799997	  0.333 	  -37.69 	 
0.111999997	  0.334 	  -37.70 	 
0.112199997	  0.334 	  -37.80 	 
0.112399997	  0.333 	  -37.93 	 
0.112599997	  0.333 	  -38.09 	 
0.112799997	  0.333 	  -38.27 	 
0.112999997	  0.334 	  -38.40 	 
0.113199997	  0.334 	  -38.54 	 
0.113399997	  0.333 	  -38.66 	 
0.113599997	  0.333 	  -38.80 	 
0.113799997	  0.334 	  -38.97 	 
0.113999997	  0.333 	  -39.16 	 
0.114199997	  0.332 	  -39.39 	 
0.114399997	  0.333 	  -39.69 	 
0.114599997	  0.332 	  -40.05 	 
0.114799997	  0.332 	  -40.49 	 
0.114999997	  0.331 	  -40.97 	 
0.115199997	  0.331 	  -41.46 	 
0.115399997	  0.330 	  -42.00 	 
0.115599997	  0.329 	  -42.54 	 
0.115799997	  0.329 	  -43.11 	 
0.115999997	  0.329 	  -43.65 	 
0.116199997	  0.328 	  -44.22 	 
0.116399997	  0.327 	  -44.78 	 
0.116599997	  0.327 	  -45.40 	 
0.116799997	  0.327 	  -46.03 	 
0.116999997	  0.326 	  -46.70 	 
0.117199997	  0.325 	  -47.43 	 
0.117399997	  0.324 	  -48.19 	 
0.117599997	  0.323 	  -49.01 	 
0.117799997	  0.322 	  -49.83 	 
0.117999997	  0.321 	  -50.66 	 
0.118199997	  0.321 	  -51.51 	 
0.118399997	  0.320 	  -52.37 	 
0.118599997	  0.318 	  -53.21 	 
0.118799997	  0.317 	  -54.03 	 
0.118999997	  0.316 	  -54.89 	 
0.119199997	  0.315 	  -55.74 	 
0.119399997	  0.314 	  -56.60 	 
0.119599997	  0.313 	  -57.45 	 
0.119799997	  0.312 	  -58.31 	 
0.119999997	  0.311 	  -59.21 	 
0.120199997	  0.310 	  -60.17 	 
0.120399997	  0.309 	  -61.15 	 
0.120599997	  0.307 	  -62.14 	 
0.120799997	  0.307 	  -63.12 	 
0.120999997	  0.305 	  -64.07 	 
0.121199997	  0.304 	  -64.97 	 
0.121399997	  0.303 	  -65.85 	 
0.121599997	  0.302 	  -66.70 	 
0.121799997	  0.302 	  -67.52 	 
0.121999997	  0.299 	  -68.33 	 
0.122199997	  0.299 	  -69.13 	 
0.122399997	  0.298 	  -69.96 	 
0.122599997	  0.297 	  -70.79 	 
0.122799997	  0.296 	  -71.65 	 
0.122999997	  0.295 	  -72.49 	 
0.123199997	  0.294 	  -73.33 	 
0.123399997	  0.293 	  -74.15 	 
0.123599997	  0.292 	  -74.92 	 
0.123799997	  0.291 	  -75.66 	 
0.123999997	  0.290 	  -76.38 	 
0.124199997	  0.290 	  -77.04 	 
0.124399997	  0.289 	  -77.71 	 
0.124599997	  0.287 	  -78.30 	 
0.124799997	  0.287 	  -78.93 	 
0.124999997	  0.286 	  -79.52 	 
0.125199997	  0.285 	  -80.11 	 
0.125399997	  0.284 	  -80.68 	 
0.125599997	  0.283 	  -81.23 	 
0.125799997	  0.283 	  -81.71 	 
0.125999997	  0.283 	  -82.20 	 
0.126199997	  0.281 	  -82.65 	 
0.126399997	  0.281 	  -83.05 	 
0.126599997	  0.280 	  -83.41 	 
0.126799997	  0.280 	  -83.73 	 
0.126999997	  0.280 	  -84.03 	 
0.127199997	  0.279 	  -84.28 	 
0.127399997	  0.279 	  -84.51 	 
0.127599997	  0.279 	  -84.74 	 
0.127799997	  0.278 	  -84.94 	 
0.127999997	  0.278 	  -85.13 	 
0.128199997	  0.278 	  -85.29 	 
0.128399997	  0.278 	  -85.40 	 
0.128599997	  0.277 	  -85.47 	 
0.128799997	  0.277 	  -85.52 	 
0.128999997	  0.277 	  -85.52 	 
0.129199997	  0.276 	  -85.48 	 
0.129399997	  0.277 	  -85.44 	 
0.129599997	  0.277 	  -85.30 	 
0.129799997	  0.277 	  -85.16 	 
0.129999997	  0.277 	  -84.98 	 
0.130199997	  0.277 	  -84.78 	 
0.130399997	  0.277 	  -84.55 	 
0.130599997	  0.277 	  -84.32 	 
0.130799997	  0.277 	  -84.06 	 
0.130999997	  0.277 	  -83.78 	 
0.131199997	  0.278 	  -83.47 	 
0.131399997	  0.277 	  -83.14 	 
0.131599997	  0.278 	  -82.74 	 
0.131799997	  0.278 	  -82.30 	 
0.131999997	  0.278 	  -81.81 	 
0.132199997	  0.279 	  -81.28 	 
0.132399997	  0.279 	  -80.70 	 
0.132599997	  0.280 	  -80.11 	 
0.132799997	  0.280 	  -79.54 	 
0.132999997	  0.280 	  -78.95 	 
0.133199997	  0.281 	  -78.34 	 
0.133399997	  0.282 	  -77.72 	 
0.133599997	  0.283 	  -77.08 	 
0.133799997	  0.283 	  -76.40 	 
0.133999997	  0.283 	  -75.68 	 
0.134199997	  0.284 	  -74.92 	 
0.134399997	  0.285 	  -74.14 	 
0.134599997	  0.285 	  -73.33 	 
0.134799997	  0.286 	  -72.52 	 
0.134999997	  0.287 	  -71.70 	 
0.135199997	  0.287 	  -70.90 	 
0.135399997	  0.288 	  -70.12 	 
0.135599997	  0.288 	  -69.30 	 
0.135799997	  0.290 	  -68.39 	 
0.135999997	  0.291 	  -67.44 	 
0.136199997	  0.292 	  -66.42 	 
0.136399997	  0.292 	  -65.40 	 
0.136599997	  0.294 	  -64.35 	 
0.136799997	  0.295 	  -63.32 	 
0.136999997	  0.296 	  -62.36 	 
0.137199997	  0.297 	  -61.35 	 
0.137399997	  0.298 	  -60.47 	 
0.137599997	  0.300 	  -59.62 	 
0.137799997	  0.300 	  -58.80 	 
0.137999997	  0.301 	  -58.00 	 
0.138199997	  0.302 	  -57.19 	 
0.138399997	  0.303 	  -56.33 	 
0.138599996	  0.305 	  -55.46 	 
0.138799996	  0.306 	  -54.60 	 
0.138999996	  0.306 	  -53.70 	 
0.139199996	  0.308 	  -52.80 	 
0.139399996	  0.309 	  -51.91 	 
0.139599996	  0.310 	  -51.05 	 
0.139799996	  0.311 	  -50.23 	 
0.139999996	  0.312 	  -49.44 	 
0.140199996	  0.313 	  -48.69 	 
0.140399996	  0.315 	  -47.98 	 
0.140599996	  0.316 	  -47.27 	 
0.140799996	  0.316 	  -46.58 	 
0.140999996	  0.317 	  -45.87 	 
0.141199996	  0.319 	  -45.20 	 
0.141399996	  0.320 	  -44.59 	 
0.141599996	  0.320 	  -43.97 	 
0.141799996	  0.322 	  -43.36 	 
0.141999996	  0.323 	  -42.74 	 
0.142199996	  0.323 	  -42.22 	 
0.142399996	  0.324 	  -41.71 	 
0.142599996	  0.325 	  -41.24 	 
0.142799996	  0.326 	  -40.84 	 
0.142999996	  0.327 	  -40.46 	 
0.143199996	  0.328 	  -40.09 	 
0.143399996	  0.328 	  -39.75 	 
0.143599996	  0.328 	  -39.45 	 
0.143799996	  0.329 	  -39.11 	 
0.143999996	  0.330 	  -38.78 	 
0.144199996	  0.330 	  -38.47 	 
0.144399996	  0.331 	  -38.22 	 
0.144599996	  0.332 	  -38.00 	 
0.144799996	  0.332 	  -37.86 	 
0.144999996	  0.332 	  -37.79 	 
0.145199996	  0.333 	  -37.78 	 
0.145399996	  0.333 	  -37.81 	 
0.145599996	  0.333 	  -37.92 	 
0.145799996	  0.334 	  -38.04 	 
0.145999996	  0.333 	  -38.18 	 
0.146199996	  0.333 	  -38.33 	 
0.146399996	  0.334 	  -38.45 	 
0.146599996	  0.333 	  -38.59 	 
0.146799996	  0.333 	  -38.73 	 
0.146999996	  0.333 	  -38.89 	 
0.147199996	  0.333 	  -39.05 	 
0.147399996	  0.333 	  -39.27 	 
0.147599996	  0.332 	  -39.55 	 
0.147799996	  0.332 	  -39.87 	 
0.147999996	  0.332 	  -40.26 	 
0.148199996	  0.331 	  -40.66 	 
0.148399996	  0.331 	  -41.13 	 
0.148599996	  0.331 	  -41.61 	 
0.148799996	  0.331 	  -42.13 	 
0.148999996	  0.330 	  -42.66 	 
0.149199996	  0.329 	  -43.18 	 
0.149399996	  0.329 	  -43.72 	 
0.149599996	  0.329 	  -44.32 	 
0.149799996	  0.327 	  -44.98 	 
0.149999996	  0.327 	  -45.64 	 
0.150199996	  0.327 	  -46.34 	 
0.150399996	  0.326 	  -47.05 	 
0.150599996	  0.325 	  -47.81 	 
0.150799996	  0.323 	  -48.60 	 
0.150999996	  0.323 	  -49.38 	 
0.151199996	  0.322 	  -50.17 	 
0.151399996	  0.321 	  -50.99 	 
0.151599996	  0.320 	  -51.78 	 
0.151799996	  0.319 	  -52.58 	 
0.151999996	  0.318 	  -53.41 	 
0.152199996	  0.317 	  -54.23 	 
0.152399996	  0.316 	  -55.08 	 
0.152599996	  0.315 	  -55.94 	 
0.152799996	  0.314 	  -56.85 	 
0.152999996	  0.313 	  -57.75 	 
0.153199996	  0.312 	  -58.68 	 
0.153399996	  0.310 	  -59.56 	 
0.153599996	  0.309 	  -60.50 	 
0.153799996	  0.309 	  -61.42 	 
0.153999996	  0.308 	  -62.34 	 
0.154199996	  0.306 	  -63.29 	 
0.154399996	  0.305 	  -64.25 	 
0.154599996	  0.304 	  -65.23 	 
0.154799996	  0.303 	  -66.15 	 
0.154999996	  0.302 	  -67.05 	 
0.155199996	  0.300 	  -67.90 	 
0.155399996	  0.300 	  -68.75 	 
0.155599996	  0.299 	  -69.57 	 
0.155799996	  0.297 	  -70.35 	 
0.155999996	  0.296 	  -71.13 	 
0.156199996	  0.296 	  -71.93 	 
0.156399996	  0.294 	  -72.72 	 
0.156599996	  0.294 	  -73.51 	 
0.156799996	  0.293 	  -74.29 	 
0.156999996	  0.292 	  -75.06 	 
0.157199996	  0.291 	  -75.84 	 
0.157399996	  0.290 	  -76.56 	 
0.157599996	  0.289 	  -77.25 	 
0.157799996	  0.289 	  -77.94 	 
0.157999996	  0.287 	  -78.55 	 
0.158199996	  0.286 	  -79.15 	 
0.158399996	  0.285 	  -79.74 	 
0.158599996	  0.284 	  -80.30 	 
0.158799996	  0.284 	  -80.86 	 
0.158999996	  0.284 	  -81.36 	 
0.159199996	  0.283 	  -81.84 	 
0.159399996	  0.282 	  -82.30 	 
0.159599996	  0.282 	  -82.72 	 
0.159799996	  0.281 	  -83.13 	 
0.159999996	  0.280 	  -83.48 	 
0.160199996	  0.280 	  -83.81 	 
0.160399996	  0.280 	  -84.10 	 
0.160599996	  0.279 	  -84.38 	 
0.160799996	  0.279 	  -84.63 	 
0.160999996	  0.279 	  -84.83 	 
0.161199996	  0.278 	  -85.02 	 
0.161399996	  0.278 	  -85.19 	 
0.161599996	  0.277 	  -85.33 	 
0.161799996	  0.278 	  -85.44 	 
0.161999996	  0.277 	  -85.52 	 
0.162199996	  0.278 	  -85.55 	 
0.162399996	  0.277 	  -85.55 	 
0.162599996	  0.276 	  -85.47 	 
0.162799996	  0.277 	  -85.38 	 
0.162999996	  0.276 	  -85.26 	 
0.163199996	  0.277 	  -85.08 	 
0.163399996	  0.277 	  -84.89 	 
0.163599996	  0.277 	  -84.68 	 
0.163799996	  0.277 	  -84.49 	 
0.163999996	  0.277 	  -84.27 	 
0.164199996	  0.277 	  -84.00 	 
0.164399996	  0.277 	  -83.69 	 
0.164599996	  0.277 	  -83.35 	 
0.164799996	  0.278 	  -83.00 	 
0.164999996	  0.278 	  -82.58 	 
0.165199996	  0.278 	  -82.12 	 
0.165399996	  0.278 	  -81.62 	 
0.165599996	  0.279 	  -81.08 	 
0.165799996	  0.280 	  -80.54 	 
0.165999996	  0.280 	  -79.97 	 
0.166199996	  0.280 	  -79.41 	 
0.166399996	  0.280 	  -78.80 	 
0.166599996	  0.282 	  -78.17 	 
0.166799996	  0.282 	  -77.54 	 
0.166999996	  0.282 	  -76.87 	 
0.167199996	  0.283 	  -76.16 	 
0.167399996	  0.284 	  -75.42 	 
0.167599996	  0.283 	  -74.65 	 
0.167799996	  0.285 	  -73.86 	 
0.167999996	  0.286 	  -73.05 	 
0.168199996	  0.286 	  -72.24 	 
0.168399996	  0.286 	  -71.43 	 
0.168599996	  0.288 	  -70.64 	 
0.168799996	  0.289 	  -69.83 	 
0.168999996	  0.289 	  -68.96 	 
0.169199996	  0.290 	  -68.05 	 
0.169399996	  0.291 	  -67.04 	 
0.169599996	  0.292 	  -66.04 	 
0.169799996	  0.293 	  -65.00 	 
0.169999996	  0.294 	  -63.97 	 
0.170199996	  0.295 	  -62.97 	 
0.170399996	  0.297 	  -62.03 	 
0.170599996	  0.298 	  -61.15 	 
0.170799996	  0.299 	  -60.29 	 
0.170999996	  0.300 	  -59.49 	 
0.171199996	  0.300 	  -58.66 	 
0.171399996	  0.301 	  -57.83 	 
0.171599996	  0.303 	  -56.97 	 
0.171799996	  0.303 	  -56.06 	 
0.171999996	  0.305 	  -55.13 	 
0.172199996	  0.306 	  -54.18 	 
0.172399996	  0.306 	  -53.25 	 
0.172599996	  0.308 	  -52.36 	 
0.172799996	  0.309 	  -51.52 	 
0.172999996	  0.310 	  -50.72 	 
0.173199996	  0.312 	  -49.92 	 
0.173399996	  0.313 	  -49.15 	 
0.173599996	  0.313 	  -48.44 	 
0.173799996	  0.314 	  -47.76 	 
0.173999996	  0.316 	  -47.12 	 
0.174199996	  0.317 	  -46.44 	 
0.174399996	  0.318 	  -45.78 	 
0.174599996	  0.319 	  -45.07 	 
0.174799996	  0.320 	  -44.43 	 
0.174999996	  0.321 	  -43.77 	 
0.175199996	  0.322 	  -43.14 	 
0.175399996	  0.322 	  -42.55 	 
0.175599996	  0.323 	  -41.98 	 
0.175799996	  0.325 	  -41.49 	 
0.175999996	  0.325 	  -41.01 	 
0.176199996	  0.326 	  -40.62 	 
0.176399996	  0.327 	  -40.27 	 
0.176599996	  0.328 	  -39.96 	 
0.176799996	  0.328 	  -39.68 	 
0.176999996	  0.329 	  -39.39 	 
0.177199996	  0.330 	  -39.10 	 
0.177399996	  0.331 	  -38.78 	 
0.177599996	  0.331 	  -38.46 	 
0.177799996	  0.332 	  -38.16 	 
0.177999996	  0.332 	  -37.92 	 
0.178199995	  0.333 	  -37.75 	 
0.178399995	  0.333 	  -37.70 	 
0.178599995	  0.333 	  -37.68 	 
0.178799995	  0.333 	  -37.77 	 
0.178999995	  0.334 	  -37.90 	 
0.179199995	  0.334 	  -38.07 	 
0.179399995	  0.334 	  -38.25 	 
0.179599995	  0.333 	  -38.43 	 
0.179799995	  0.333 	  -38.56 	 
0.179999995	  0.333 	  -38.69 	 
0.180199995	  0.333 	  -38.82 	 
0.180399995	  0.333 	  -38.93 	 
0.180599995	  0.332 	  -39.08 	 
0.180799995	  0.332 	  -39.31 	 
0.180999995	  0.333 	  -39.57 	 
0.181199995	  0.332 	  -39.93 	 
0.181399995	  0.332 	  -40.31 	 
0.181599995	  0.331 	  -40.82 	 
0.181799995	  0.331 	  -41.30 	 
0.181999995	  0.331 	  -41.84 	 
0.182199995	  0.330 	  -42.39 	 
0.182399995	  0.330 	  -42.92 	 
0.182599995	  0.329 	  -43.43 	 
0.182799995	  0.329 	  -44.00 	 
0.182999995	  0.328 	  -44.57 	 
0.183199995	  0.328 	  -45.18 	 
0.183399995	  0.327 	  -45.83 	 
0.183599995	  0.326 	  -46.51 	 
0.183799995	  0.325 	  -47.25 	 
0.183999995	  0.324 	  -48.01 	 
0.184199995	  0.323 	  -48.80 	 
0.184399995	  0.322 	  -49.63 	 
0.184599995	  0.322 	  -50.44 	 
0.184799995	  0.321 	  -51.27 	 
0.184999995	  0.320 	  -52.09 	 
0.185199995	  0.319 	  -52.89 	 
0.185399995	  0.317 	  -53.71 	 
0.185599995	  0.316 	  -54.55 	 
0.185799995	  0.316 	  -55.38 	 
0.185999995	  0.314 	  -56.25 	 
0.186199995	  0.314 	  -57.15 	 
0.186399995	  0.313 	  -58.06 	 
0.186599995	  0.311 	  -59.00 	 
0.186799995	  0.310 	  -59.95 	 
0.186999995	  0.309 	  -60.90 	 
0.187199995	  0.307 	  -61.79 	 
0.187399995	  0.306 	  -62.69 	 
0.187599995	  0.306 	  -63.59 	 
0.187799995	  0.304 	  -64.51 	 
0.187999995	  0.303 	  -65.43 	 
0.188199995	  0.303 	  -66.35 	 
0.188399995	  0.302 	  -67.25 	 
0.188599995	  0.300 	  -68.13 	 
0.188799995	  0.299 	  -69.00 	 
0.188999995	  0.299 	  -69.84 	 
0.189199995	  0.297 	  -70.65 	 
0.189399995	  0.296 	  -71.47 	 
0.189599995	  0.295 	  -72.27 	 
0.189799995	  0.294 	  -73.05 	 
0.189999995	  0.294 	  -73.81 	 
0.190199995	  0.292 	  -74.57 	 
0.190399995	  0.291 	  -75.31 	 
0.190599995	  0.291 	  -76.06 	 
0.190799995	  0.290 	  -76.74 	 
0.190999995	  0.289 	  -77.44 	 
0.191199995	  0.288 	  -78.13 	 
0.191399995	  0.287 	  -78.74 	 
0.191599995	  0.286 	  -79.35 	 
0.191799995	  0.285 	  -79.92 	 
0.191999995	  0.284 	  -80.47 	 
0.192199995	  0.284 	  -80.99 	 
0.192399995	  0.284 	  -81.49 	 
0.192599995	  0.283 	  -81.98 	 
0.192799995	  0.282 	  -82.42 	 
0.192999995	  0.281 	  -82.84 	 
0.193199995	  0.281 	  -83.22 	 
0.193399995	  0.280 	  -83.59 	 
0.193599995	  0.279 	  -83.92 	 
0.193799995	  0.280 	  -84.22 	 
0.193999995	  0.279 	  -84.49 	 
0.194199995	  0.279 	  -84.70 	 
0.194399995	  0.279 	  -84.90 	 
0.194599995	  0.278 	  -85.06 	 
0.194799995	  0.278 	  -85.22 	 
0.194999995	  0.278 	  -85.32 	 
0.195199995	  0.278 	  -85.39 	 
0.195399995	  0.277 	  -85.43 	 
0.195599995	  0.277 	  -85.44 	 
0.195799995	  0.277 	  -85.42 	 
0.195999995	  0.277 	  -85.39 	 
0.196199995	  0.277 	  -85.35 	 
0.196399995	  0.277 	  -85.25 	 
0.196599995	  0.277 	  -85.09 	 
0.196799995	  0.277 	  -84.90 	 
0.196999995	  0.276 	  -84.68 	 
0.197199995	  0.277 	  -84.41 	 
0.197399995	  0.277 	  -84.12 	 
0.197599995	  0.277 	  -83.84 	 
0.197799995	  0.278 	  -83.51 	 
0.197999995	  0.278 	  -83.17 	 
0.198199995	  0.278 	  -82.80 	 
0.198399995	  0.278 	  -82.39 	 
0.198599995	  0.278 	  -81.94 	 
0.198799995	  0.279 	  -81.49 	 
0.198999995	  0.280 	  -80.98 	 
0.199199995	  0.279 	  -80.40 	 
0.199399995	  0.279 	  -79.80 	 
0.199599995	  0.281 	  -79.18 	 
0.199799995	  0.281 	  -78.55 	 
0.199999995	  0.282 	  -77.89 	 
0.200199995	  0.281 	  -77.22 	 
0.200399995	  0.283 	  -76.52 	 
0.200599995	  0.284 	  -75.84 	 
0.200799995	  0.284 	  -75.11 	 
0.200999995	  0.284 	  -74.38 	 
0.201199995	  0.285 	  -73.63 	 
0.201399995	  0.286 	  -72.84 	 
0.201599995	  0.286 	  -72.06 	 
0.201799995	  0.287 	  -71.27 	 
0.201999995	  0.287 	  -70.48 	 
0.202199995	  0.289 	  -69.62 	 
0.202399995	  0.290 	  -68.69 	 
0.202599995	  0.291 	  -67.67 	 
0.202799995	  0.291 	  -66.62 	 
0.202999995	  0.292 	  -65.55 	 
0.203199995	  0.294 	  -64.55 	 
0.203399995	  0.295 	  -63.58 	 
0.203599995	  0.296 	  -62.68 	 
0.203799995	  0.297 	  -61.79 	 
0.203999995	  0.298 	  -60.95 	 
0.204199995	  0.299 	  -60.12 	 
0.204399995	  0.300 	  -59.27 	 
0.204599995	  0.301 	  -58.37 	 
