0.000000000	  0.145 	  -78.05 	 
0.000200000	  0.146 	  -77.37 	 
0.000400000	  0.147 	  -76.67 	 
0.000600000	  0.147 	  -75.96 	 
0.000800000	  0.147 	  -75.22 	 
0.001000000	  0.148 	  -74.44 	 
0.001200000	  0.149 	  -73.67 	 
0.001400000	  0.150 	  -72.86 	 
0.001600000	  0.150 	  -72.05 	 
0.001800000	  0.152 	  -71.22 	 
0.002000000	  0.152 	  -70.44 	 
0.002200000	  0.152 	  -69.63 	 
0.002400000	  0.153 	  -68.72 	 
0.002600000	  0.154 	  -67.80 	 
0.002800000	  0.155 	  -66.79 	 
0.003000000	  0.156 	  -65.74 	 
0.003200000	  0.158 	  -64.70 	 
0.003400000	  0.158 	  -63.65 	 
0.003600000	  0.159 	  -62.65 	 
0.003800000	  0.161 	  -61.69 	 
0.004000000	  0.162 	  -60.77 	 
0.004200000	  0.162 	  -59.89 	 
0.004400000	  0.164 	  -59.04 	 
0.004600000	  0.165 	  -58.24 	 
0.004800000	  0.166 	  -57.41 	 
0.005000000	  0.167 	  -56.55 	 
0.005200000	  0.167 	  -55.68 	 
0.005400000	  0.169 	  -54.76 	 
0.005600000	  0.170 	  -53.88 	 
0.005800000	  0.171 	  -52.94 	 
0.006000000	  0.172 	  -52.01 	 
0.006200000	  0.174 	  -51.12 	 
0.006400000	  0.174 	  -50.28 	 
0.006600000	  0.176 	  -49.44 	 
0.006800000	  0.177 	  -48.71 	 
0.007000000	  0.178 	  -48.05 	 
0.007200000	  0.179 	  -47.33 	 
0.007400000	  0.179 	  -46.69 	 
0.007600000	  0.181 	  -45.99 	 
0.007800000	  0.182 	  -45.35 	 
0.008000000	  0.183 	  -44.69 	 
0.008200000	  0.183 	  -44.02 	 
0.008400000	  0.184 	  -43.38 	 
0.008600000	  0.186 	  -42.76 	 
0.008800000	  0.186 	  -42.16 	 
0.009000000	  0.187 	  -41.62 	 
0.009200000	  0.188 	  -41.13 	 
0.009400000	  0.189 	  -40.74 	 
0.009600000	  0.190 	  -40.35 	 
0.009800000	  0.190 	  -40.01 	 
0.010000000	  0.191 	  -39.71 	 
0.010200000	  0.191 	  -39.39 	 
0.010400000	  0.192 	  -39.08 	 
0.010600000	  0.192 	  -38.73 	 
0.010800000	  0.193 	  -38.37 	 
0.011000000	  0.194 	  -38.06 	 
0.011200000	  0.195 	  -37.82 	 
0.011400000	  0.195 	  -37.65 	 
0.011600000	  0.195 	  -37.55 	 
0.011800000	  0.195 	  -37.53 	 
0.012000000	  0.195 	  -37.59 	 
0.012200000	  0.195 	  -37.73 	 
0.012400000	  0.196 	  -37.88 	 
0.012600000	  0.196 	  -38.02 	 
0.012800000	  0.196 	  -38.14 	 
0.013000000	  0.196 	  -38.23 	 
0.013200000	  0.195 	  -38.32 	 
0.013400000	  0.195 	  -38.43 	 
0.013600000	  0.196 	  -38.56 	 
0.013800000	  0.195 	  -38.70 	 
0.014000000	  0.195 	  -38.93 	 
0.014200000	  0.195 	  -39.20 	 
0.014400000	  0.195 	  -39.55 	 
0.014600000	  0.194 	  -39.95 	 
0.014800000	  0.194 	  -40.40 	 
0.015000000	  0.194 	  -40.90 	 
0.015200000	  0.194 	  -41.41 	 
0.015400000	  0.192 	  -41.90 	 
0.015600000	  0.191 	  -42.39 	 
0.015800000	  0.191 	  -42.90 	 
0.016000000	  0.191 	  -43.40 	 
0.016200000	  0.191 	  -43.93 	 
0.016400000	  0.190 	  -44.52 	 
0.016600000	  0.189 	  -45.15 	 
0.016800000	  0.189 	  -45.84 	 
0.017000000	  0.188 	  -46.59 	 
0.017200000	  0.187 	  -47.37 	 
0.017400000	  0.186 	  -48.21 	 
0.017600000	  0.186 	  -49.06 	 
0.017800000	  0.184 	  -49.88 	 
0.018000000	  0.184 	  -50.71 	 
0.018200000	  0.182 	  -51.51 	 
0.018400000	  0.181 	  -52.28 	 
0.018600000	  0.180 	  -53.09 	 
0.018800000	  0.179 	  -53.88 	 
0.019000000	  0.179 	  -54.70 	 
0.019200000	  0.177 	  -55.57 	 
0.019400000	  0.176 	  -56.49 	 
0.019600000	  0.175 	  -57.44 	 
0.019799999	  0.174 	  -58.42 	 
0.019999999	  0.174 	  -59.39 	 
0.020199999	  0.171 	  -60.36 	 
0.020399999	  0.171 	  -61.27 	 
0.020599999	  0.169 	  -62.16 	 
0.020799999	  0.169 	  -63.03 	 
0.020999999	  0.167 	  -63.86 	 
0.021199999	  0.167 	  -64.70 	 
0.021399999	  0.166 	  -65.54 	 
0.021599999	  0.164 	  -66.42 	 
0.021799999	  0.163 	  -67.33 	 
0.021999999	  0.162 	  -68.25 	 
0.022199999	  0.161 	  -69.18 	 
0.022399999	  0.160 	  -70.12 	 
0.022599999	  0.159 	  -71.03 	 
0.022799999	  0.158 	  -71.88 	 
0.022999999	  0.157 	  -72.70 	 
0.023199999	  0.157 	  -73.45 	 
0.023399999	  0.155 	  -74.17 	 
0.023599999	  0.154 	  -74.86 	 
0.023799999	  0.154 	  -75.52 	 
0.023999999	  0.152 	  -76.19 	 
0.024199999	  0.152 	  -76.91 	 
0.024399999	  0.151 	  -77.64 	 
0.024599999	  0.151 	  -78.33 	 
0.024799999	  0.150 	  -79.05 	 
0.024999999	  0.149 	  -79.72 	 
0.025199999	  0.148 	  -80.33 	 
0.025399999	  0.147 	  -80.89 	 
0.025599999	  0.147 	  -81.35 	 
0.025799999	  0.147 	  -81.78 	 
0.025999999	  0.145 	  -82.21 	 
0.026199999	  0.145 	  -82.63 	 
0.026399999	  0.144 	  -83.03 	 
0.026599999	  0.144 	  -83.46 	 
0.026799999	  0.144 	  -83.86 	 
0.026999999	  0.144 	  -84.23 	 
0.027199999	  0.142 	  -84.55 	 
0.027399999	  0.142 	  -84.82 	 
0.027599999	  0.142 	  -85.02 	 
0.027799999	  0.142 	  -85.16 	 
0.027999999	  0.142 	  -85.24 	 
0.028199999	  0.141 	  -85.30 	 
0.028399999	  0.141 	  -85.33 	 
0.028599999	  0.141 	  -85.39 	 
0.028799999	  0.140 	  -85.45 	 
0.028999999	  0.140 	  -85.50 	 
0.029199999	  0.141 	  -85.54 	 
0.029399999	  0.140 	  -85.54 	 
0.029599999	  0.140 	  -85.49 	 
0.029799999	  0.141 	  -85.35 	 
0.029999999	  0.140 	  -85.18 	 
0.030199999	  0.141 	  -84.94 	 
0.030399999	  0.140 	  -84.66 	 
0.030599999	  0.141 	  -84.40 	 
0.030799999	  0.140 	  -84.12 	 
0.030999999	  0.142 	  -83.83 	 
0.031199999	  0.142 	  -83.53 	 
0.031399999	  0.142 	  -83.19 	 
0.031599999	  0.142 	  -82.85 	 
0.031799999	  0.142 	  -82.47 	 
0.031999999	  0.142 	  -82.04 	 
0.032199999	  0.142 	  -81.56 	 
0.032399999	  0.143 	  -81.01 	 
0.032599999	  0.144 	  -80.39 	 
0.032799999	  0.144 	  -79.76 	 
0.032999999	  0.144 	  -79.10 	 
0.033199999	  0.145 	  -78.45 	 
0.033399999	  0.146 	  -77.83 	 
0.033599999	  0.146 	  -77.17 	 
0.033799999	  0.147 	  -76.52 	 
0.033999999	  0.147 	  -75.84 	 
0.034199999	  0.147 	  -75.11 	 
0.034399999	  0.149 	  -74.35 	 
0.034599999	  0.149 	  -73.55 	 
0.034799999	  0.150 	  -72.70 	 
0.034999999	  0.150 	  -71.85 	 
0.035199999	  0.151 	  -71.01 	 
0.035399999	  0.152 	  -70.20 	 
0.035599999	  0.153 	  -69.37 	 
0.035799999	  0.154 	  -68.45 	 
0.035999999	  0.154 	  -67.46 	 
0.036199999	  0.155 	  -66.45 	 
0.036399999	  0.156 	  -65.43 	 
0.036599999	  0.157 	  -64.46 	 
0.036799999	  0.159 	  -63.47 	 
0.036999999	  0.160 	  -62.54 	 
0.037199999	  0.160 	  -61.62 	 
0.037399999	  0.161 	  -60.70 	 
0.037599999	  0.162 	  -59.79 	 
0.037799999	  0.163 	  -58.90 	 
0.037999999	  0.165 	  -58.01 	 
0.038199999	  0.166 	  -57.13 	 
0.038399999	  0.167 	  -56.26 	 
0.038599999	  0.168 	  -55.37 	 
0.038799999	  0.169 	  -54.47 	 
0.038999999	  0.169 	  -53.61 	 
0.039199999	  0.172 	  -52.74 	 
0.039399999	  0.172 	  -51.87 	 
0.039599999	  0.174 	  -51.07 	 
0.039799999	  0.174 	  -50.23 	 
0.039999999	  0.176 	  -49.43 	 
0.040199999	  0.176 	  -48.65 	 
0.040399999	  0.179 	  -47.90 	 
0.040599999	  0.179 	  -47.21 	 
0.040799999	  0.180 	  -46.50 	 
0.040999999	  0.181 	  -45.83 	 
0.041199999	  0.182 	  -45.17 	 
0.041399999	  0.183 	  -44.53 	 
0.041599999	  0.184 	  -43.88 	 
0.041799999	  0.184 	  -43.28 	 
0.041999999	  0.185 	  -42.68 	 
0.042199999	  0.187 	  -42.13 	 
0.042399999	  0.187 	  -41.63 	 
0.042599999	  0.188 	  -41.12 	 
0.042799999	  0.189 	  -40.71 	 
0.042999999	  0.190 	  -40.34 	 
0.043199999	  0.190 	  -40.02 	 
0.043399999	  0.191 	  -39.72 	 
0.043599999	  0.192 	  -39.42 	 
0.043799999	  0.192 	  -39.10 	 
0.043999999	  0.193 	  -38.77 	 
0.044199999	  0.193 	  -38.43 	 
0.044399999	  0.193 	  -38.13 	 
0.044599999	  0.194 	  -37.90 	 
0.044799999	  0.194 	  -37.75 	 
0.044999999	  0.195 	  -37.65 	 
0.045199999	  0.195 	  -37.68 	 
0.045399999	  0.195 	  -37.73 	 
0.045599999	  0.196 	  -37.87 	 
0.045799999	  0.195 	  -37.99 	 
0.045999999	  0.195 	  -38.15 	 
0.046199999	  0.196 	  -38.27 	 
0.046399999	  0.195 	  -38.39 	 
0.046599999	  0.195 	  -38.49 	 
0.046799999	  0.196 	  -38.56 	 
0.046999999	  0.195 	  -38.70 	 
0.047199999	  0.195 	  -38.87 	 
0.047399999	  0.195 	  -39.09 	 
0.047599999	  0.195 	  -39.39 	 
0.047799999	  0.195 	  -39.74 	 
0.047999999	  0.194 	  -40.17 	 
0.048199999	  0.194 	  -40.63 	 
0.048399999	  0.194 	  -41.12 	 
0.048599999	  0.192 	  -41.62 	 
0.048799999	  0.192 	  -42.10 	 
0.048999999	  0.192 	  -42.62 	 
0.049199999	  0.191 	  -43.12 	 
0.049399999	  0.191 	  -43.65 	 
0.049599999	  0.190 	  -44.21 	 
0.049799999	  0.190 	  -44.81 	 
0.049999999	  0.189 	  -45.45 	 
0.050199999	  0.188 	  -46.14 	 
0.050399999	  0.187 	  -46.89 	 
0.050599999	  0.187 	  -47.65 	 
0.050799999	  0.186 	  -48.49 	 
0.050999999	  0.184 	  -49.31 	 
0.051199999	  0.184 	  -50.19 	 
0.051399999	  0.183 	  -51.03 	 
0.051599999	  0.182 	  -51.89 	 
0.051799999	  0.181 	  -52.71 	 
0.051999999	  0.180 	  -53.53 	 
0.052199999	  0.179 	  -54.32 	 
0.052399999	  0.178 	  -55.17 	 
0.052599999	  0.177 	  -56.02 	 
0.052799999	  0.176 	  -56.89 	 
0.052999999	  0.175 	  -57.79 	 
0.053199999	  0.173 	  -58.72 	 
0.053399999	  0.172 	  -59.69 	 
0.053599999	  0.171 	  -60.63 	 
0.053799999	  0.170 	  -61.57 	 
0.053999999	  0.169 	  -62.50 	 
0.054199999	  0.168 	  -63.40 	 
0.054399999	  0.167 	  -64.30 	 
0.054599999	  0.166 	  -65.17 	 
0.054799999	  0.165 	  -66.01 	 
0.054999999	  0.164 	  -66.87 	 
0.055199999	  0.162 	  -67.72 	 
0.055399999	  0.161 	  -68.60 	 
0.055599999	  0.161 	  -69.50 	 
0.055799999	  0.160 	  -70.40 	 
0.055999999	  0.159 	  -71.29 	 
0.056199999	  0.158 	  -72.15 	 
0.056399999	  0.157 	  -73.00 	 
0.056599999	  0.156 	  -73.78 	 
0.056799999	  0.154 	  -74.54 	 
0.056999999	  0.154 	  -75.22 	 
0.057199999	  0.153 	  -75.93 	 
0.057399999	  0.153 	  -76.60 	 
0.057599999	  0.151 	  -77.26 	 
0.057799999	  0.151 	  -77.93 	 
0.057999999	  0.150 	  -78.58 	 
0.058199999	  0.149 	  -79.23 	 
0.058399999	  0.149 	  -79.85 	 
0.058599999	  0.148 	  -80.48 	 
0.058799999	  0.147 	  -81.03 	 
0.058999999	  0.147 	  -81.56 	 
0.059199999	  0.146 	  -82.04 	 
0.059399998	  0.145 	  -82.45 	 
0.059599998	  0.145 	  -82.83 	 
0.059799998	  0.144 	  -83.21 	 
0.059999998	  0.144 	  -83.56 	 
0.060199998	  0.143 	  -83.88 	 
0.060399998	  0.143 	  -84.21 	 
0.060599998	  0.142 	  -84.51 	 
0.060799998	  0.142 	  -84.78 	 
0.060999998	  0.142 	  -85.02 	 
0.061199998	  0.142 	  -85.21 	 
0.061399998	  0.141 	  -85.33 	 
0.061599998	  0.141 	  -85.41 	 
0.061799998	  0.142 	  -85.46 	 
0.061999998	  0.140 	  -85.49 	 
0.062199998	  0.140 	  -85.50 	 
0.062399998	  0.140 	  -85.52 	 
0.062599998	  0.141 	  -85.50 	 
0.062799998	  0.140 	  -85.49 	 
0.062999998	  0.140 	  -85.43 	 
0.063199998	  0.140 	  -85.28 	 
0.063399998	  0.140 	  -85.13 	 
0.063599998	  0.140 	  -84.90 	 
0.063799998	  0.140 	  -84.65 	 
0.063999998	  0.140 	  -84.38 	 
0.064199998	  0.141 	  -84.08 	 
0.064399998	  0.141 	  -83.81 	 
0.064599998	  0.142 	  -83.46 	 
0.064799998	  0.141 	  -83.13 	 
0.064999998	  0.142 	  -82.76 	 
0.065199998	  0.142 	  -82.35 	 
0.065399998	  0.143 	  -81.86 	 
0.065599998	  0.142 	  -81.34 	 
0.065799998	  0.143 	  -80.78 	 
0.065999998	  0.143 	  -80.18 	 
0.066199998	  0.144 	  -79.54 	 
0.066399998	  0.145 	  -78.91 	 
0.066599998	  0.145 	  -78.28 	 
0.066799998	  0.145 	  -77.66 	 
0.066999998	  0.146 	  -77.01 	 
0.067199998	  0.147 	  -76.34 	 
0.067399998	  0.147 	  -75.60 	 
0.067599998	  0.148 	  -74.81 	 
0.067799998	  0.148 	  -74.02 	 
0.067999998	  0.150 	  -73.21 	 
0.068199998	  0.150 	  -72.36 	 
0.068399998	  0.151 	  -71.52 	 
0.068599998	  0.152 	  -70.72 	 
0.068799998	  0.152 	  -69.92 	 
0.068999998	  0.153 	  -69.10 	 
0.069199998	  0.154 	  -68.19 	 
0.069399998	  0.155 	  -67.30 	 
0.069599998	  0.155 	  -66.27 	 
0.069799998	  0.157 	  -65.30 	 
0.069999998	  0.158 	  -64.23 	 
0.070199998	  0.159 	  -63.19 	 
0.070399998	  0.160 	  -62.16 	 
0.070599998	  0.161 	  -61.20 	 
0.070799998	  0.162 	  -60.26 	 
0.070999998	  0.163 	  -59.40 	 
0.071199998	  0.163 	  -58.52 	 
0.071399998	  0.165 	  -57.67 	 
0.071599998	  0.166 	  -56.85 	 
0.071799998	  0.167 	  -56.03 	 
0.071999998	  0.168 	  -55.14 	 
0.072199998	  0.169 	  -54.24 	 
0.072399998	  0.171 	  -53.37 	 
0.072599998	  0.172 	  -52.49 	 
0.072799998	  0.173 	  -51.62 	 
0.072999998	  0.174 	  -50.78 	 
0.073199998	  0.175 	  -49.98 	 
0.073399998	  0.176 	  -49.16 	 
0.073599998	  0.177 	  -48.39 	 
0.073799998	  0.178 	  -47.63 	 
0.073999998	  0.179 	  -46.96 	 
0.074199998	  0.181 	  -46.24 	 
0.074399998	  0.181 	  -45.55 	 
0.074599998	  0.183 	  -44.90 	 
0.074799998	  0.183 	  -44.27 	 
0.074999998	  0.184 	  -43.62 	 
0.075199998	  0.185 	  -43.07 	 
0.075399998	  0.186 	  -42.53 	 
0.075599998	  0.187 	  -42.00 	 
0.075799998	  0.188 	  -41.51 	 
0.075999998	  0.188 	  -41.07 	 
0.076199998	  0.189 	  -40.68 	 
0.076399998	  0.190 	  -40.32 	 
0.076599998	  0.191 	  -40.02 	 
0.076799998	  0.191 	  -39.70 	 
0.076999998	  0.191 	  -39.39 	 
0.077199998	  0.192 	  -39.06 	 
0.077399998	  0.193 	  -38.71 	 
0.077599998	  0.193 	  -38.36 	 
0.077799998	  0.194 	  -38.02 	 
0.077999998	  0.194 	  -37.76 	 
0.078199998	  0.195 	  -37.57 	 
0.078399998	  0.195 	  -37.50 	 
0.078599998	  0.196 	  -37.53 	 
0.078799998	  0.195 	  -37.64 	 
0.078999998	  0.196 	  -37.81 	 
0.079199998	  0.195 	  -37.99 	 
0.079399998	  0.195 	  -38.17 	 
0.079599998	  0.195 	  -38.32 	 
0.079799998	  0.195 	  -38.44 	 
0.079999998	  0.195 	  -38.55 	 
0.080199998	  0.195 	  -38.67 	 
0.080399998	  0.195 	  -38.80 	 
0.080599998	  0.195 	  -38.97 	 
0.080799998	  0.195 	  -39.22 	 
0.080999998	  0.194 	  -39.52 	 
0.081199998	  0.195 	  -39.91 	 
0.081399998	  0.194 	  -40.33 	 
0.081599998	  0.194 	  -40.79 	 
0.081799998	  0.193 	  -41.28 	 
0.081999998	  0.192 	  -41.75 	 
0.082199998	  0.192 	  -42.24 	 
0.082399998	  0.192 	  -42.74 	 
0.082599998	  0.191 	  -43.24 	 
0.082799998	  0.190 	  -43.79 	 
0.082999998	  0.190 	  -44.34 	 
0.083199998	  0.189 	  -44.97 	 
0.083399998	  0.189 	  -45.64 	 
0.083599998	  0.188 	  -46.38 	 
0.083799998	  0.187 	  -47.19 	 
0.083999998	  0.187 	  -48.01 	 
0.084199998	  0.185 	  -48.92 	 
0.084399998	  0.185 	  -49.78 	 
0.084599998	  0.183 	  -50.64 	 
0.084799998	  0.182 	  -51.47 	 
0.084999998	  0.181 	  -52.26 	 
0.085199998	  0.180 	  -53.02 	 
0.085399998	  0.180 	  -53.78 	 
0.085599998	  0.179 	  -54.54 	 
0.085799998	  0.178 	  -55.31 	 
0.085999998	  0.176 	  -56.14 	 
0.086199998	  0.175 	  -57.06 	 
0.086399998	  0.174 	  -58.00 	 
0.086599998	  0.173 	  -58.99 	 
0.086799998	  0.172 	  -59.99 	 
0.086999998	  0.171 	  -60.98 	 
0.087199998	  0.169 	  -61.95 	 
0.087399998	  0.168 	  -62.88 	 
0.087599998	  0.167 	  -63.79 	 
0.087799998	  0.167 	  -64.66 	 
0.087999998	  0.165 	  -65.49 	 
0.088199998	  0.164 	  -66.32 	 
0.088399998	  0.163 	  -67.17 	 
0.088599998	  0.162 	  -68.02 	 
0.088799998	  0.161 	  -68.91 	 
0.088999998	  0.160 	  -69.79 	 
0.089199998	  0.160 	  -70.69 	 
0.089399998	  0.158 	  -71.53 	 
0.089599998	  0.158 	  -72.39 	 
0.089799998	  0.157 	  -73.22 	 
0.089999998	  0.156 	  -73.98 	 
0.090199998	  0.154 	  -74.70 	 
0.090399998	  0.154 	  -75.42 	 
0.090599998	  0.153 	  -76.11 	 
0.090799998	  0.153 	  -76.78 	 
0.090999998	  0.152 	  -77.46 	 
0.091199998	  0.151 	  -78.15 	 
0.091399998	  0.150 	  -78.82 	 
0.091599998	  0.150 	  -79.48 	 
0.091799998	  0.149 	  -80.11 	 
0.091999998	  0.148 	  -80.71 	 
0.092199998	  0.147 	  -81.24 	 
0.092399998	  0.146 	  -81.76 	 
0.092599998	  0.146 	  -82.21 	 
0.092799998	  0.146 	  -82.60 	 
0.092999998	  0.144 	  -82.96 	 
0.093199998	  0.144 	  -83.26 	 
0.093399998	  0.144 	  -83.57 	 
0.093599998	  0.143 	  -83.88 	 
0.093799998	  0.143 	  -84.20 	 
0.093999998	  0.142 	  -84.50 	 
0.094199998	  0.142 	  -84.82 	 
0.094399998	  0.142 	  -85.11 	 
0.094599998	  0.142 	  -85.33 	 
0.094799998	  0.141 	  -85.46 	 
0.094999998	  0.140 	  -85.54 	 
0.095199998	  0.140 	  -85.56 	 
0.095399998	  0.140 	  -85.56 	 
0.095599998	  0.141 	  -85.50 	 
0.095799998	  0.140 	  -85.46 	 
0.095999998	  0.141 	  -85.44 	 
0.096199998	  0.140 	  -85.39 	 
0.096399998	  0.141 	  -85.31 	 
0.096599998	  0.141 	  -85.22 	 
0.096799998	  0.141 	  -85.09 	 
0.096999998	  0.140 	  -84.91 	 
0.097199998	  0.140 	  -84.70 	 
0.097399998	  0.141 	  -84.41 	 
0.097599998	  0.141 	  -84.10 	 
0.097799998	  0.142 	  -83.77 	 
0.097999998	  0.141 	  -83.35 	 
0.098199998	  0.142 	  -82.96 	 
0.098399998	  0.142 	  -82.53 	 
0.098599998	  0.143 	  -82.13 	 
0.098799998	  0.142 	  -81.64 	 
0.098999997	  0.143 	  -81.16 	 
0.099199997	  0.143 	  -80.62 	 
0.099399997	  0.144 	  -80.04 	 
0.099599997	  0.144 	  -79.43 	 
0.099799997	  0.144 	  -78.79 	 
0.099999997	  0.145 	  -78.12 	 
0.100199997	  0.146 	  -77.43 	 
0.100399997	  0.147 	  -76.72 	 
0.100599997	  0.147 	  -76.00 	 
0.100799997	  0.147 	  -75.27 	 
0.100999997	  0.149 	  -74.51 	 
0.101199997	  0.149 	  -73.72 	 
0.101399997	  0.150 	  -72.93 	 
0.101599997	  0.150 	  -72.13 	 
0.101799997	  0.151 	  -71.32 	 
0.101999997	  0.152 	  -70.54 	 
0.102199997	  0.153 	  -69.77 	 
0.102399997	  0.153 	  -68.94 	 
0.102599997	  0.154 	  -68.00 	 
0.102799997	  0.155 	  -66.98 	 
0.102999997	  0.156 	  -65.93 	 
0.103199997	  0.157 	  -64.83 	 
0.103399997	  0.158 	  -63.74 	 
0.103599997	  0.159 	  -62.75 	 
0.103799997	  0.160 	  -61.75 	 
0.103999997	  0.162 	  -60.87 	 
0.104199997	  0.162 	  -60.03 	 
0.104399997	  0.163 	  -59.20 	 
0.104599997	  0.164 	  -58.39 	 
0.104799997	  0.165 	  -57.56 	 
0.104999997	  0.166 	  -56.73 	 
0.105199997	  0.167 	  -55.80 	 
0.105399997	  0.168 	  -54.89 	 
0.105599997	  0.170 	  -53.95 	 
0.105799997	  0.171 	  -53.08 	 
0.105999997	  0.172 	  -52.16 	 
0.106199997	  0.174 	  -51.26 	 
0.106399997	  0.174 	  -50.44 	 
0.106599997	  0.176 	  -49.63 	 
0.106799997	  0.176 	  -48.89 	 
0.106999997	  0.177 	  -48.16 	 
0.107199997	  0.179 	  -47.44 	 
0.107399997	  0.180 	  -46.78 	 
0.107599997	  0.180 	  -46.07 	 
0.107799997	  0.182 	  -45.39 	 
0.107999997	  0.182 	  -44.76 	 
0.108199997	  0.183 	  -44.12 	 
0.108399997	  0.185 	  -43.55 	 
0.108599997	  0.185 	  -42.93 	 
0.108799997	  0.187 	  -42.33 	 
0.108999997	  0.187 	  -41.76 	 
0.109199997	  0.188 	  -41.30 	 
0.109399997	  0.188 	  -40.90 	 
0.109599997	  0.189 	  -40.55 	 
0.109799997	  0.190 	  -40.24 	 
0.109999997	  0.191 	  -39.92 	 
0.110199997	  0.191 	  -39.62 	 
0.110399997	  0.191 	  -39.30 	 
0.110599997	  0.193 	  -38.90 	 
0.110799997	  0.193 	  -38.54 	 
0.110999997	  0.193 	  -38.21 	 
0.111199997	  0.194 	  -37.95 	 
0.111399997	  0.194 	  -37.75 	 
0.111599997	  0.194 	  -37.66 	 
0.111799997	  0.195 	  -37.66 	 
0.111999997	  0.195 	  -37.70 	 
0.112199997	  0.195 	  -37.84 	 
0.112399997	  0.195 	  -38.00 	 
0.112599997	  0.195 	  -38.15 	 
0.112799997	  0.195 	  -38.30 	 
0.112999997	  0.195 	  -38.42 	 
0.113199997	  0.195 	  -38.52 	 
0.113399997	  0.196 	  -38.61 	 
0.113599997	  0.195 	  -38.69 	 
0.113799997	  0.195 	  -38.83 	 
0.113999997	  0.194 	  -39.03 	 
0.114199997	  0.195 	  -39.33 	 
0.114399997	  0.195 	  -39.69 	 
0.114599997	  0.194 	  -40.06 	 
0.114799997	  0.194 	  -40.51 	 
0.114999997	  0.193 	  -40.99 	 
0.115199997	  0.193 	  -41.47 	 
0.115399997	  0.192 	  -41.99 	 
0.115599997	  0.192 	  -42.52 	 
0.115799997	  0.191 	  -43.02 	 
0.115999997	  0.191 	  -43.55 	 
0.116199997	  0.190 	  -44.07 	 
0.116399997	  0.191 	  -44.67 	 
0.116599997	  0.189 	  -45.29 	 
0.116799997	  0.189 	  -45.95 	 
0.116999997	  0.187 	  -46.71 	 
0.117199997	  0.187 	  -47.49 	 
0.117399997	  0.186 	  -48.33 	 
0.117599997	  0.185 	  -49.17 	 
0.117799997	  0.183 	  -50.01 	 
0.117999997	  0.183 	  -50.82 	 
0.118199997	  0.182 	  -51.62 	 
0.118399997	  0.181 	  -52.38 	 
0.118599997	  0.180 	  -53.15 	 
0.118799997	  0.179 	  -53.92 	 
0.118999997	  0.178 	  -54.73 	 
0.119199997	  0.177 	  -55.57 	 
0.119399997	  0.176 	  -56.51 	 
0.119599997	  0.175 	  -57.48 	 
0.119799997	  0.174 	  -58.47 	 
0.119999997	  0.173 	  -59.47 	 
0.120199997	  0.171 	  -60.47 	 
0.120399997	  0.170 	  -61.44 	 
0.120599997	  0.169 	  -62.36 	 
0.120799997	  0.168 	  -63.26 	 
0.120999997	  0.167 	  -64.07 	 
0.121199997	  0.166 	  -64.86 	 
0.121399997	  0.165 	  -65.65 	 
0.121599997	  0.164 	  -66.45 	 
0.121799997	  0.163 	  -67.31 	 
0.121999997	  0.162 	  -68.19 	 
0.122199997	  0.161 	  -69.11 	 
0.122399997	  0.161 	  -70.07 	 
0.122599997	  0.159 	  -71.00 	 
0.122799997	  0.159 	  -71.91 	 
0.122999997	  0.158 	  -72.77 	 
0.123199997	  0.156 	  -73.56 	 
0.123399997	  0.155 	  -74.30 	 
0.123599997	  0.155 	  -74.98 	 
0.123799997	  0.154 	  -75.62 	 
0.123999997	  0.153 	  -76.27 	 
0.124199997	  0.152 	  -76.95 	 
0.124399997	  0.151 	  -77.65 	 
0.124599997	  0.150 	  -78.33 	 
0.124799997	  0.150 	  -79.05 	 
0.124999997	  0.150 	  -79.73 	 
0.125199997	  0.148 	  -80.36 	 
0.125399997	  0.147 	  -80.95 	 
0.125599997	  0.147 	  -81.43 	 
0.125799997	  0.146 	  -81.87 	 
0.125999997	  0.145 	  -82.24 	 
0.126199997	  0.145 	  -82.62 	 
0.126399997	  0.144 	  -83.00 	 
0.126599997	  0.144 	  -83.37 	 
0.126799997	  0.143 	  -83.77 	 
0.126999997	  0.143 	  -84.16 	 
0.127199997	  0.142 	  -84.54 	 
0.127399997	  0.142 	  -84.85 	 
0.127599997	  0.142 	  -85.09 	 
0.127799997	  0.141 	  -85.27 	 
0.127999997	  0.140 	  -85.35 	 
0.128199997	  0.141 	  -85.41 	 
0.128399997	  0.141 	  -85.42 	 
0.128599997	  0.141 	  -85.42 	 
0.128799997	  0.141 	  -85.45 	 
0.128999997	  0.140 	  -85.46 	 
0.129199997	  0.140 	  -85.48 	 
0.129399997	  0.140 	  -85.48 	 
0.129599997	  0.140 	  -85.45 	 
0.129799997	  0.140 	  -85.35 	 
0.129999997	  0.140 	  -85.22 	 
0.130199997	  0.140 	  -84.99 	 
0.130399997	  0.141 	  -84.74 	 
0.130599997	  0.140 	  -84.47 	 
0.130799997	  0.140 	  -84.16 	 
0.130999997	  0.141 	  -83.83 	 
0.131199997	  0.141 	  -83.51 	 
0.131399997	  0.141 	  -83.20 	 
0.131599997	  0.142 	  -82.85 	 
0.131799997	  0.142 	  -82.52 	 
0.131999997	  0.142 	  -82.09 	 
0.132199997	  0.143 	  -81.60 	 
0.132399997	  0.143 	  -81.04 	 
0.132599997	  0.144 	  -80.43 	 
0.132799997	  0.144 	  -79.78 	 
0.132999997	  0.144 	  -79.12 	 
0.133199997	  0.145 	  -78.47 	 
0.133399997	  0.145 	  -77.81 	 
0.133599997	  0.146 	  -77.14 	 
0.133799997	  0.147 	  -76.49 	 
0.133999997	  0.147 	  -75.81 	 
0.134199997	  0.148 	  -75.09 	 
0.134399997	  0.149 	  -74.36 	 
0.134599997	  0.149 	  -73.58 	 
0.134799997	  0.150 	  -72.75 	 
0.134999997	  0.151 	  -71.94 	 
0.135199997	  0.151 	  -71.10 	 
0.135399997	  0.152 	  -70.29 	 
0.135599997	  0.153 	  -69.44 	 
0.135799997	  0.154 	  -68.54 	 
0.135999997	  0.154 	  -67.55 	 
0.136199997	  0.155 	  -66.52 	 
0.136399997	  0.156 	  -65.51 	 
0.136599997	  0.157 	  -64.46 	 
0.136799997	  0.158 	  -63.44 	 
0.136999997	  0.159 	  -62.47 	 
0.137199997	  0.160 	  -61.53 	 
0.137399997	  0.161 	  -60.63 	 
0.137599997	  0.162 	  -59.79 	 
0.137799997	  0.164 	  -58.93 	 
0.137999997	  0.165 	  -58.13 	 
0.138199997	  0.165 	  -57.28 	 
0.138399997	  0.167 	  -56.40 	 
0.138599996	  0.168 	  -55.53 	 
0.138799996	  0.168 	  -54.58 	 
0.138999996	  0.170 	  -53.68 	 
0.139199996	  0.171 	  -52.82 	 
0.139399996	  0.173 	  -51.91 	 
0.139599996	  0.173 	  -51.06 	 
0.139799996	  0.175 	  -50.24 	 
0.139999996	  0.176 	  -49.42 	 
0.140199996	  0.177 	  -48.62 	 
0.140399996	  0.178 	  -47.89 	 
0.140599996	  0.179 	  -47.17 	 
0.140799996	  0.180 	  -46.47 	 
0.140999996	  0.181 	  -45.81 	 
0.141199996	  0.182 	  -45.19 	 
0.141399996	  0.183 	  -44.56 	 
0.141599996	  0.184 	  -43.97 	 
0.141799996	  0.185 	  -43.34 	 
0.141999996	  0.186 	  -42.79 	 
0.142199996	  0.186 	  -42.20 	 
0.142399996	  0.188 	  -41.67 	 
0.142599996	  0.188 	  -41.21 	 
0.142799996	  0.189 	  -40.77 	 
0.142999996	  0.189 	  -40.36 	 
0.143199996	  0.191 	  -40.02 	 
0.143399996	  0.191 	  -39.69 	 
0.143599996	  0.191 	  -39.37 	 
0.143799996	  0.192 	  -39.04 	 
0.143999996	  0.193 	  -38.69 	 
0.144199996	  0.193 	  -38.41 	 
0.144399996	  0.194 	  -38.14 	 
0.144599996	  0.195 	  -37.94 	 
0.144799996	  0.194 	  -37.83 	 
0.144999996	  0.195 	  -37.79 	 
0.145199996	  0.195 	  -37.81 	 
0.145399996	  0.195 	  -37.87 	 
0.145599996	  0.195 	  -37.96 	 
0.145799996	  0.195 	  -38.09 	 
0.145999996	  0.195 	  -38.20 	 
0.146199996	  0.195 	  -38.28 	 
0.146399996	  0.196 	  -38.38 	 
0.146599996	  0.195 	  -38.47 	 
0.146799996	  0.195 	  -38.58 	 
0.146999996	  0.195 	  -38.71 	 
0.147199996	  0.195 	  -38.88 	 
0.147399996	  0.195 	  -39.15 	 
0.147599996	  0.194 	  -39.44 	 
0.147799996	  0.195 	  -39.82 	 
0.147999996	  0.194 	  -40.24 	 
0.148199996	  0.193 	  -40.71 	 
0.148399996	  0.193 	  -41.19 	 
0.148599996	  0.192 	  -41.68 	 
0.148799996	  0.192 	  -42.15 	 
0.148999996	  0.191 	  -42.66 	 
0.149199996	  0.192 	  -43.14 	 
0.149399996	  0.190 	  -43.66 	 
0.149599996	  0.190 	  -44.23 	 
0.149799996	  0.189 	  -44.82 	 
0.149999996	  0.189 	  -45.48 	 
0.150199996	  0.188 	  -46.19 	 
0.150399996	  0.187 	  -46.97 	 
0.150599996	  0.186 	  -47.77 	 
0.150799996	  0.185 	  -48.61 	 
0.150999996	  0.184 	  -49.42 	 
0.151199996	  0.184 	  -50.26 	 
0.151399996	  0.183 	  -51.07 	 
0.151599996	  0.182 	  -51.89 	 
0.151799996	  0.181 	  -52.70 	 
0.151999996	  0.180 	  -53.53 	 
0.152199996	  0.179 	  -54.36 	 
0.152399996	  0.178 	  -55.19 	 
0.152599996	  0.176 	  -56.05 	 
0.152799996	  0.175 	  -56.95 	 
0.152999996	  0.174 	  -57.87 	 
0.153199996	  0.173 	  -58.81 	 
0.153399996	  0.172 	  -59.75 	 
0.153599996	  0.171 	  -60.69 	 
0.153799996	  0.170 	  -61.62 	 
0.153999996	  0.169 	  -62.55 	 
0.154199996	  0.168 	  -63.41 	 
0.154399996	  0.166 	  -64.29 	 
0.154599996	  0.166 	  -65.16 	 
0.154799996	  0.165 	  -66.02 	 
0.154999996	  0.164 	  -66.89 	 
0.155199996	  0.162 	  -67.75 	 
0.155399996	  0.162 	  -68.65 	 
0.155599996	  0.161 	  -69.55 	 
0.155799996	  0.159 	  -70.45 	 
0.155999996	  0.159 	  -71.35 	 
0.156199996	  0.158 	  -72.20 	 
0.156399996	  0.157 	  -73.03 	 
0.156599996	  0.156 	  -73.80 	 
0.156799996	  0.155 	  -74.55 	 
0.156999996	  0.154 	  -75.24 	 
0.157199996	  0.154 	  -75.96 	 
0.157399996	  0.153 	  -76.63 	 
0.157599996	  0.152 	  -77.29 	 
0.157799996	  0.151 	  -77.96 	 
0.157999996	  0.150 	  -78.59 	 
0.158199996	  0.149 	  -79.24 	 
0.158399996	  0.148 	  -79.86 	 
0.158599996	  0.148 	  -80.46 	 
0.158799996	  0.147 	  -81.03 	 
0.158999996	  0.146 	  -81.56 	 
0.159199996	  0.146 	  -82.04 	 
0.159399996	  0.145 	  -82.47 	 
0.159599996	  0.145 	  -82.85 	 
0.159799996	  0.144 	  -83.20 	 
0.159999996	  0.144 	  -83.54 	 
0.160199996	  0.143 	  -83.86 	 
0.160399996	  0.143 	  -84.18 	 
0.160599996	  0.143 	  -84.49 	 
0.160799996	  0.142 	  -84.78 	 
0.160999996	  0.142 	  -85.04 	 
0.161199996	  0.142 	  -85.27 	 
0.161399996	  0.141 	  -85.43 	 
0.161599996	  0.141 	  -85.52 	 
0.161799996	  0.141 	  -85.57 	 
0.161999996	  0.140 	  -85.56 	 
0.162199996	  0.140 	  -85.54 	 
0.162399996	  0.140 	  -85.48 	 
0.162599996	  0.140 	  -85.42 	 
0.162799996	  0.140 	  -85.37 	 
0.162999996	  0.140 	  -85.34 	 
0.163199996	  0.140 	  -85.28 	 
0.163399996	  0.140 	  -85.19 	 
0.163599996	  0.140 	  -85.04 	 
0.163799996	  0.141 	  -84.87 	 
0.163999996	  0.140 	  -84.59 	 
0.164199996	  0.140 	  -84.27 	 
0.164399996	  0.141 	  -83.90 	 
0.164599996	  0.141 	  -83.47 	 
0.164799996	  0.142 	  -83.06 	 
0.164999996	  0.142 	  -82.63 	 
0.165199996	  0.142 	  -82.19 	 
0.165399996	  0.142 	  -81.76 	 
0.165599996	  0.143 	  -81.29 	 
0.165799996	  0.143 	  -80.79 	 
0.165999996	  0.144 	  -80.29 	 
0.166199996	  0.144 	  -79.69 	 
0.166399996	  0.144 	  -79.06 	 
0.166599996	  0.145 	  -78.40 	 
0.166799996	  0.146 	  -77.70 	 
0.166999996	  0.146 	  -76.95 	 
0.167199996	  0.146 	  -76.21 	 
0.167399996	  0.147 	  -75.46 	 
0.167599996	  0.148 	  -74.73 	 
0.167799996	  0.149 	  -73.98 	 
0.167999996	  0.149 	  -73.23 	 
0.168199996	  0.150 	  -72.47 	 
0.168399996	  0.150 	  -71.69 	 
0.168599996	  0.151 	  -70.91 	 
0.168799996	  0.152 	  -70.10 	 
0.168999996	  0.153 	  -69.24 	 
0.169199996	  0.153 	  -68.28 	 
0.169399996	  0.154 	  -67.27 	 
0.169599996	  0.156 	  -66.18 	 
0.169799996	  0.157 	  -65.19 	 
0.169999996	  0.157 	  -64.12 	 
0.170199996	  0.159 	  -63.21 	 
0.170399996	  0.159 	  -62.28 	 
0.170599996	  0.161 	  -61.32 	 
0.170799996	  0.161 	  -60.50 	 
0.170999996	  0.163 	  -59.56 	 
0.171199996	  0.164 	  -58.74 	 
0.171399996	  0.164 	  -57.84 	 
0.171599996	  0.166 	  -56.92 	 
0.171799996	  0.167 	  -56.05 	 
0.171999996	  0.168 	  -55.11 	 
0.172199996	  0.169 	  -54.24 	 
0.172399996	  0.171 	  -53.33 	 
0.172599996	  0.172 	  -52.47 	 
0.172799996	  0.174 	  -51.66 	 
0.172999996	  0.174 	  -50.83 	 
0.173199996	  0.175 	  -50.03 	 
0.173399996	  0.176 	  -49.22 	 
0.173599996	  0.177 	  -48.46 	 
0.173799996	  0.178 	  -47.76 	 
0.173999996	  0.179 	  -47.03 	 
0.174199996	  0.180 	  -46.39 	 
0.174399996	  0.181 	  -45.69 	 
0.174599996	  0.182 	  -45.07 	 
0.174799996	  0.183 	  -44.42 	 
0.174999996	  0.184 	  -43.76 	 
0.175199996	  0.185 	  -43.15 	 
0.175399996	  0.187 	  -42.52 	 
0.175599996	  0.187 	  -41.98 	 
0.175799996	  0.188 	  -41.48 	 
0.175999996	  0.188 	  -41.03 	 
0.176199996	  0.189 	  -40.62 	 
0.176399996	  0.190 	  -40.27 	 
0.176599996	  0.191 	  -40.00 	 
0.176799996	  0.191 	  -39.70 	 
0.176999996	  0.191 	  -39.42 	 
0.177199996	  0.192 	  -39.10 	 
0.177399996	  0.192 	  -38.76 	 
0.177599996	  0.193 	  -38.43 	 
0.177799996	  0.193 	  -38.14 	 
0.177999996	  0.194 	  -37.92 	 
0.178199995	  0.194 	  -37.79 	 
0.178399995	  0.195 	  -37.74 	 
0.178599995	  0.195 	  -37.75 	 
0.178799995	  0.195 	  -37.83 	 
0.178999995	  0.195 	  -37.94 	 
0.179199995	  0.195 	  -38.09 	 
0.179399995	  0.196 	  -38.23 	 
0.179599995	  0.195 	  -38.36 	 
0.179799995	  0.195 	  -38.47 	 
0.179999995	  0.195 	  -38.59 	 
0.180199995	  0.195 	  -38.71 	 
0.180399995	  0.195 	  -38.84 	 
0.180599995	  0.195 	  -39.05 	 
0.180799995	  0.194 	  -39.32 	 
0.180999995	  0.194 	  -39.68 	 
0.181199995	  0.194 	  -40.05 	 
0.181399995	  0.194 	  -40.47 	 
0.181599995	  0.192 	  -40.93 	 
0.181799995	  0.193 	  -41.40 	 
0.181999995	  0.192 	  -41.87 	 
0.182199995	  0.192 	  -42.34 	 
0.182399995	  0.191 	  -42.83 	 
0.182599995	  0.191 	  -43.30 	 
0.182799995	  0.191 	  -43.83 	 
0.182999995	  0.190 	  -44.39 	 
0.183199995	  0.190 	  -45.03 	 
0.183399995	  0.189 	  -45.70 	 
0.183599995	  0.188 	  -46.44 	 
0.183799995	  0.187 	  -47.26 	 
0.183999995	  0.186 	  -48.09 	 
0.184199995	  0.185 	  -48.95 	 
0.184399995	  0.184 	  -49.82 	 
0.184599995	  0.183 	  -50.65 	 
0.184799995	  0.182 	  -51.45 	 
0.184999995	  0.181 	  -52.22 	 
0.185199995	  0.180 	  -53.00 	 
0.185399995	  0.179 	  -53.75 	 
0.185599995	  0.178 	  -54.55 	 
0.185799995	  0.177 	  -55.36 	 
0.185999995	  0.177 	  -56.24 	 
0.186199995	  0.175 	  -57.13 	 
0.186399995	  0.175 	  -58.05 	 
0.186599995	  0.173 	  -59.01 	 
0.186799995	  0.172 	  -59.97 	 
0.186999995	  0.171 	  -60.96 	 
0.187199995	  0.169 	  -61.94 	 
0.187399995	  0.169 	  -62.94 	 
0.187599995	  0.167 	  -63.87 	 
0.187799995	  0.166 	  -64.79 	 
0.187999995	  0.164 	  -65.66 	 
0.188199995	  0.165 	  -66.50 	 
0.188399995	  0.164 	  -67.34 	 
0.188599995	  0.162 	  -68.15 	 
0.188799995	  0.161 	  -68.97 	 
0.188999995	  0.160 	  -69.84 	 
0.189199995	  0.159 	  -70.70 	 
0.189399995	  0.159 	  -71.58 	 
0.189599995	  0.157 	  -72.44 	 
0.189799995	  0.157 	  -73.25 	 
0.189999995	  0.155 	  -74.08 	 
0.190199995	  0.155 	  -74.81 	 
0.190399995	  0.153 	  -75.53 	 
0.190599995	  0.153 	  -76.19 	 
0.190799995	  0.152 	  -76.82 	 
0.190999995	  0.152 	  -77.48 	 
0.191199995	  0.150 	  -78.11 	 
0.191399995	  0.150 	  -78.75 	 
0.191599995	  0.149 	  -79.39 	 
0.191799995	  0.149 	  -80.02 	 
0.191999995	  0.148 	  -80.67 	 
0.192199995	  0.147 	  -81.25 	 
0.192399995	  0.145 	  -81.78 	 
0.192599995	  0.145 	  -82.27 	 
0.192799995	  0.145 	  -82.68 	 
0.192999995	  0.145 	  -83.05 	 
0.193199995	  0.144 	  -83.38 	 
0.193399995	  0.143 	  -83.68 	 
0.193599995	  0.143 	  -83.97 	 
0.193799995	  0.143 	  -84.26 	 
0.193999995	  0.143 	  -84.53 	 
0.194199995	  0.142 	  -84.76 	 
0.194399995	  0.142 	  -85.02 	 
0.194599995	  0.141 	  -85.23 	 
0.194799995	  0.140 	  -85.41 	 
0.194999995	  0.141 	  -85.54 	 
0.195199995	  0.140 	  -85.63 	 
0.195399995	  0.140 	  -85.65 	 
0.195599995	  0.140 	  -85.63 	 
0.195799995	  0.141 	  -85.57 	 
0.195999995	  0.140 	  -85.50 	 
0.196199995	  0.140 	  -85.42 	 
0.196399995	  0.140 	  -85.33 	 
0.196599995	  0.140 	  -85.23 	 
0.196799995	  0.140 	  -85.08 	 
0.196999995	  0.141 	  -84.89 	 
0.197199995	  0.140 	  -84.67 	 
0.197399995	  0.141 	  -84.38 	 
0.197599995	  0.140 	  -84.08 	 
0.197799995	  0.141 	  -83.71 	 
0.197999995	  0.141 	  -83.33 	 
0.198199995	  0.141 	  -82.93 	 
0.198399995	  0.142 	  -82.54 	 
0.198599995	  0.143 	  -82.11 	 
0.198799995	  0.142 	  -81.69 	 
0.198999995	  0.143 	  -81.20 	 
0.199199995	  0.143 	  -80.71 	 
0.199399995	  0.144 	  -80.15 	 
0.199599995	  0.144 	  -79.52 	 
0.199799995	  0.145 	  -78.86 	 
0.199999995	  0.145 	  -78.16 	 
0.200199995	  0.146 	  -77.48 	 
0.200399995	  0.146 	  -76.77 	 
0.200599995	  0.146 	  -76.06 	 
0.200799995	  0.148 	  -75.30 	 
0.200999995	  0.149 	  -74.55 	 
0.201199995	  0.149 	  -73.79 	 
0.201399995	  0.150 	  -72.99 	 
0.201599995	  0.150 	  -72.18 	 
0.201799995	  0.151 	  -71.36 	 
0.201999995	  0.152 	  -70.57 	 
0.202199995	  0.152 	  -69.77 	 
0.202399995	  0.153 	  -68.89 	 
0.202599995	  0.154 	  -67.93 	 
0.202799995	  0.154 	  -66.99 	 
0.202999995	  0.156 	  -65.94 	 
0.203199995	  0.157 	  -64.91 	 
0.203399995	  0.158 	  -63.91 	 
0.203599995	  0.159 	  -62.87 	 
0.203799995	  0.160 	  -61.92 	 
0.203999995	  0.161 	  -61.02 	 
0.204199995	  0.162 	  -60.10 	 
0.204399995	  0.163 	  -59.24 	 
0.204599995	  0.164 	  -58.37 	 
