0.000000000	  0.153 	  -77.90 	 
0.000200000	  0.154 	  -77.24 	 
0.000400000	  0.154 	  -76.58 	 
0.000600000	  0.154 	  -75.88 	 
0.000800000	  0.155 	  -75.16 	 
0.001000000	  0.155 	  -74.42 	 
0.001200000	  0.155 	  -73.64 	 
0.001400000	  0.156 	  -72.80 	 
0.001600000	  0.157 	  -72.00 	 
0.001800000	  0.158 	  -71.16 	 
0.002000000	  0.158 	  -70.36 	 
0.002200000	  0.158 	  -69.52 	 
0.002400000	  0.159 	  -68.55 	 
0.002600000	  0.160 	  -67.53 	 
0.002800000	  0.160 	  -66.48 	 
0.003000000	  0.161 	  -65.47 	 
0.003200000	  0.161 	  -64.46 	 
0.003400000	  0.163 	  -63.50 	 
0.003600000	  0.163 	  -62.59 	 
0.003800000	  0.164 	  -61.72 	 
0.004000000	  0.165 	  -60.87 	 
0.004200000	  0.166 	  -59.97 	 
0.004400000	  0.166 	  -59.05 	 
0.004600000	  0.166 	  -58.14 	 
0.004800000	  0.168 	  -57.21 	 
0.005000000	  0.168 	  -56.29 	 
0.005200000	  0.169 	  -55.37 	 
0.005400000	  0.171 	  -54.45 	 
0.005600000	  0.171 	  -53.57 	 
0.005800000	  0.171 	  -52.72 	 
0.006000000	  0.172 	  -51.91 	 
0.006200000	  0.173 	  -51.13 	 
0.006400000	  0.173 	  -50.35 	 
0.006600000	  0.174 	  -49.60 	 
0.006800000	  0.175 	  -48.76 	 
0.007000000	  0.176 	  -48.00 	 
0.007200000	  0.176 	  -47.22 	 
0.007400000	  0.178 	  -46.49 	 
0.007600000	  0.177 	  -45.79 	 
0.007800000	  0.178 	  -45.13 	 
0.008000000	  0.179 	  -44.50 	 
0.008200000	  0.180 	  -43.93 	 
0.008400000	  0.180 	  -43.34 	 
0.008600000	  0.181 	  -42.70 	 
0.008800000	  0.181 	  -42.12 	 
0.009000000	  0.182 	  -41.60 	 
0.009200000	  0.183 	  -41.16 	 
0.009400000	  0.183 	  -40.70 	 
0.009600000	  0.184 	  -40.26 	 
0.009800000	  0.184 	  -39.82 	 
0.010000000	  0.185 	  -39.44 	 
0.010200000	  0.185 	  -39.09 	 
0.010400000	  0.185 	  -38.77 	 
0.010600000	  0.186 	  -38.42 	 
0.010800000	  0.186 	  -38.18 	 
0.011000000	  0.187 	  -37.97 	 
0.011200000	  0.187 	  -37.84 	 
0.011400000	  0.187 	  -37.77 	 
0.011600000	  0.188 	  -37.75 	 
0.011800000	  0.187 	  -37.75 	 
0.012000000	  0.188 	  -37.79 	 
0.012200000	  0.188 	  -37.82 	 
0.012400000	  0.187 	  -37.84 	 
0.012600000	  0.188 	  -37.86 	 
0.012800000	  0.188 	  -37.91 	 
0.013000000	  0.188 	  -37.99 	 
0.013200000	  0.188 	  -38.10 	 
0.013400000	  0.188 	  -38.26 	 
0.013600000	  0.188 	  -38.47 	 
0.013800000	  0.188 	  -38.74 	 
0.014000000	  0.188 	  -39.04 	 
0.014200000	  0.187 	  -39.38 	 
0.014400000	  0.186 	  -39.70 	 
0.014600000	  0.186 	  -40.04 	 
0.014800000	  0.187 	  -40.39 	 
0.015000000	  0.186 	  -40.76 	 
0.015200000	  0.186 	  -41.17 	 
0.015400000	  0.185 	  -41.63 	 
0.015600000	  0.186 	  -42.13 	 
0.015800000	  0.184 	  -42.72 	 
0.016000000	  0.185 	  -43.36 	 
0.016200000	  0.183 	  -44.05 	 
0.016400000	  0.184 	  -44.74 	 
0.016600000	  0.183 	  -45.42 	 
0.016800000	  0.182 	  -46.08 	 
0.017000000	  0.182 	  -46.76 	 
0.017200000	  0.181 	  -47.42 	 
0.017400000	  0.181 	  -48.11 	 
0.017600000	  0.180 	  -48.86 	 
0.017800000	  0.180 	  -49.64 	 
0.018000000	  0.180 	  -50.45 	 
0.018200000	  0.179 	  -51.31 	 
0.018400000	  0.178 	  -52.19 	 
0.018600000	  0.177 	  -53.09 	 
0.018800000	  0.177 	  -53.97 	 
0.019000000	  0.176 	  -54.84 	 
0.019200000	  0.175 	  -55.71 	 
0.019400000	  0.174 	  -56.61 	 
0.019600000	  0.175 	  -57.52 	 
0.019799999	  0.173 	  -58.44 	 
0.019999999	  0.173 	  -59.40 	 
0.020199999	  0.172 	  -60.32 	 
0.020399999	  0.170 	  -61.24 	 
0.020599999	  0.169 	  -62.17 	 
0.020799999	  0.169 	  -63.06 	 
0.020999999	  0.169 	  -63.96 	 
0.021199999	  0.167 	  -64.84 	 
0.021399999	  0.167 	  -65.73 	 
0.021599999	  0.166 	  -66.62 	 
0.021799999	  0.166 	  -67.51 	 
0.021999999	  0.165 	  -68.41 	 
0.022199999	  0.164 	  -69.28 	 
0.022399999	  0.164 	  -70.14 	 
0.022599999	  0.162 	  -70.99 	 
0.022799999	  0.162 	  -71.81 	 
0.022999999	  0.161 	  -72.59 	 
0.023199999	  0.161 	  -73.37 	 
0.023399999	  0.160 	  -74.13 	 
0.023599999	  0.159 	  -74.87 	 
0.023799999	  0.159 	  -75.60 	 
0.023999999	  0.158 	  -76.36 	 
0.024199999	  0.157 	  -77.09 	 
0.024399999	  0.158 	  -77.82 	 
0.024599999	  0.157 	  -78.51 	 
0.024799999	  0.156 	  -79.15 	 
0.024999999	  0.156 	  -79.72 	 
0.025199999	  0.156 	  -80.26 	 
0.025399999	  0.154 	  -80.75 	 
0.025599999	  0.153 	  -81.25 	 
0.025799999	  0.154 	  -81.72 	 
0.025999999	  0.154 	  -82.20 	 
0.026199999	  0.153 	  -82.65 	 
0.026399999	  0.153 	  -83.08 	 
0.026599999	  0.153 	  -83.50 	 
0.026799999	  0.152 	  -83.84 	 
0.026999999	  0.152 	  -84.16 	 
0.027199999	  0.151 	  -84.44 	 
0.027399999	  0.151 	  -84.69 	 
0.027599999	  0.150 	  -84.89 	 
0.027799999	  0.150 	  -85.07 	 
0.027999999	  0.150 	  -85.20 	 
0.028199999	  0.150 	  -85.33 	 
0.028399999	  0.150 	  -85.46 	 
0.028599999	  0.150 	  -85.55 	 
0.028799999	  0.150 	  -85.61 	 
0.028999999	  0.149 	  -85.58 	 
0.029199999	  0.149 	  -85.52 	 
0.029399999	  0.150 	  -85.42 	 
0.029599999	  0.149 	  -85.28 	 
0.029799999	  0.150 	  -85.14 	 
0.029999999	  0.150 	  -84.98 	 
0.030199999	  0.150 	  -84.82 	 
0.030399999	  0.150 	  -84.65 	 
0.030599999	  0.150 	  -84.42 	 
0.030799999	  0.150 	  -84.18 	 
0.030999999	  0.150 	  -83.88 	 
0.031199999	  0.150 	  -83.54 	 
0.031399999	  0.150 	  -83.16 	 
0.031599999	  0.152 	  -82.74 	 
0.031799999	  0.151 	  -82.32 	 
0.031999999	  0.151 	  -81.84 	 
0.032199999	  0.151 	  -81.35 	 
0.032399999	  0.152 	  -80.85 	 
0.032599999	  0.152 	  -80.30 	 
0.032799999	  0.152 	  -79.73 	 
0.032999999	  0.152 	  -79.12 	 
0.033199999	  0.153 	  -78.47 	 
0.033399999	  0.153 	  -77.79 	 
0.033599999	  0.154 	  -77.12 	 
0.033799999	  0.154 	  -76.39 	 
0.033999999	  0.155 	  -75.68 	 
0.034199999	  0.155 	  -74.92 	 
0.034399999	  0.156 	  -74.15 	 
0.034599999	  0.157 	  -73.34 	 
0.034799999	  0.157 	  -72.58 	 
0.034999999	  0.157 	  -71.77 	 
0.035199999	  0.158 	  -70.98 	 
0.035399999	  0.158 	  -70.20 	 
0.035599999	  0.158 	  -69.34 	 
0.035799999	  0.159 	  -68.32 	 
0.035999999	  0.160 	  -67.26 	 
0.036199999	  0.160 	  -66.20 	 
0.036399999	  0.162 	  -65.16 	 
0.036599999	  0.162 	  -64.18 	 
0.036799999	  0.163 	  -63.25 	 
0.036999999	  0.163 	  -62.37 	 
0.037199999	  0.165 	  -61.56 	 
0.037399999	  0.165 	  -60.76 	 
0.037599999	  0.166 	  -59.90 	 
0.037799999	  0.167 	  -58.98 	 
0.037999999	  0.167 	  -58.02 	 
0.038199999	  0.168 	  -57.06 	 
0.038399999	  0.168 	  -56.10 	 
0.038599999	  0.169 	  -55.10 	 
0.038799999	  0.170 	  -54.16 	 
0.038999999	  0.171 	  -53.26 	 
0.039199999	  0.172 	  -52.45 	 
0.039399999	  0.173 	  -51.64 	 
0.039599999	  0.173 	  -50.92 	 
0.039799999	  0.173 	  -50.23 	 
0.039999999	  0.175 	  -49.52 	 
0.040199999	  0.175 	  -48.76 	 
0.040399999	  0.175 	  -47.98 	 
0.040599999	  0.177 	  -47.18 	 
0.040799999	  0.177 	  -46.34 	 
0.040999999	  0.178 	  -45.57 	 
0.041199999	  0.179 	  -44.85 	 
0.041399999	  0.180 	  -44.20 	 
0.041599999	  0.179 	  -43.60 	 
0.041799999	  0.181 	  -43.03 	 
0.041999999	  0.181 	  -42.55 	 
0.042199999	  0.182 	  -42.11 	 
0.042399999	  0.182 	  -41.67 	 
0.042599999	  0.183 	  -41.25 	 
0.042799999	  0.183 	  -40.81 	 
0.042999999	  0.183 	  -40.35 	 
0.043199999	  0.184 	  -39.87 	 
0.043399999	  0.185 	  -39.42 	 
0.043599999	  0.186 	  -38.99 	 
0.043799999	  0.185 	  -38.59 	 
0.043999999	  0.186 	  -38.27 	 
0.044199999	  0.186 	  -38.01 	 
0.044399999	  0.187 	  -37.86 	 
0.044599999	  0.187 	  -37.82 	 
0.044799999	  0.187 	  -37.82 	 
0.044999999	  0.187 	  -37.89 	 
0.045199999	  0.187 	  -37.92 	 
0.045399999	  0.187 	  -37.96 	 
0.045599999	  0.187 	  -37.96 	 
0.045799999	  0.187 	  -37.92 	 
0.045999999	  0.187 	  -37.89 	 
0.046199999	  0.187 	  -37.90 	 
0.046399999	  0.188 	  -37.97 	 
0.046599999	  0.187 	  -38.14 	 
0.046799999	  0.188 	  -38.36 	 
0.046999999	  0.187 	  -38.65 	 
0.047199999	  0.187 	  -38.96 	 
0.047399999	  0.187 	  -39.32 	 
0.047599999	  0.186 	  -39.67 	 
0.047799999	  0.186 	  -39.97 	 
0.047999999	  0.186 	  -40.30 	 
0.048199999	  0.186 	  -40.60 	 
0.048399999	  0.186 	  -40.95 	 
0.048599999	  0.185 	  -41.35 	 
0.048799999	  0.186 	  -41.82 	 
0.048999999	  0.185 	  -42.37 	 
0.049199999	  0.185 	  -42.97 	 
0.049399999	  0.184 	  -43.64 	 
0.049599999	  0.184 	  -44.34 	 
0.049799999	  0.183 	  -45.00 	 
0.049999999	  0.183 	  -45.67 	 
0.050199999	  0.182 	  -46.31 	 
0.050399999	  0.182 	  -46.96 	 
0.050599999	  0.181 	  -47.64 	 
0.050799999	  0.181 	  -48.37 	 
0.050999999	  0.181 	  -49.13 	 
0.051199999	  0.180 	  -49.98 	 
0.051399999	  0.179 	  -50.87 	 
0.051599999	  0.179 	  -51.76 	 
0.051799999	  0.178 	  -52.66 	 
0.051999999	  0.177 	  -53.53 	 
0.052199999	  0.176 	  -54.38 	 
0.052399999	  0.176 	  -55.23 	 
0.052599999	  0.175 	  -56.06 	 
0.052799999	  0.174 	  -56.90 	 
0.052999999	  0.173 	  -57.78 	 
0.053199999	  0.173 	  -58.66 	 
0.053399999	  0.173 	  -59.62 	 
0.053599999	  0.171 	  -60.56 	 
0.053799999	  0.171 	  -61.53 	 
0.053999999	  0.169 	  -62.49 	 
0.054199999	  0.169 	  -63.43 	 
0.054399999	  0.168 	  -64.36 	 
0.054599999	  0.167 	  -65.26 	 
0.054799999	  0.166 	  -66.11 	 
0.054999999	  0.166 	  -66.94 	 
0.055199999	  0.166 	  -67.77 	 
0.055399999	  0.165 	  -68.68 	 
0.055599999	  0.164 	  -69.54 	 
0.055799999	  0.163 	  -70.47 	 
0.055999999	  0.162 	  -71.35 	 
0.056199999	  0.162 	  -72.24 	 
0.056399999	  0.161 	  -73.03 	 
0.056599999	  0.161 	  -73.80 	 
0.056799999	  0.160 	  -74.53 	 
0.056999999	  0.159 	  -75.23 	 
0.057199999	  0.159 	  -75.91 	 
0.057399999	  0.158 	  -76.60 	 
0.057599999	  0.158 	  -77.25 	 
0.057799999	  0.158 	  -77.94 	 
0.057999999	  0.157 	  -78.59 	 
0.058199999	  0.156 	  -79.22 	 
0.058399999	  0.155 	  -79.85 	 
0.058599999	  0.154 	  -80.46 	 
0.058799999	  0.155 	  -81.02 	 
0.058999999	  0.154 	  -81.54 	 
0.059199999	  0.154 	  -82.00 	 
0.059399998	  0.154 	  -82.45 	 
0.059599998	  0.152 	  -82.84 	 
0.059799998	  0.151 	  -83.17 	 
0.059999998	  0.152 	  -83.53 	 
0.060199998	  0.151 	  -83.87 	 
0.060399998	  0.151 	  -84.24 	 
0.060599998	  0.151 	  -84.59 	 
0.060799998	  0.151 	  -84.91 	 
0.060999998	  0.151 	  -85.15 	 
0.061199998	  0.150 	  -85.32 	 
0.061399998	  0.150 	  -85.39 	 
0.061599998	  0.150 	  -85.44 	 
0.061799998	  0.150 	  -85.44 	 
0.061999998	  0.149 	  -85.46 	 
0.062199998	  0.150 	  -85.44 	 
0.062399998	  0.150 	  -85.43 	 
0.062599998	  0.150 	  -85.40 	 
0.062799998	  0.149 	  -85.37 	 
0.062999998	  0.150 	  -85.32 	 
0.063199998	  0.150 	  -85.22 	 
0.063399998	  0.150 	  -85.06 	 
0.063599998	  0.149 	  -84.91 	 
0.063799998	  0.149 	  -84.66 	 
0.063999998	  0.150 	  -84.35 	 
0.064199998	  0.150 	  -84.01 	 
0.064399998	  0.150 	  -83.66 	 
0.064599998	  0.151 	  -83.31 	 
0.064799998	  0.150 	  -82.99 	 
0.064999998	  0.151 	  -82.67 	 
0.065199998	  0.151 	  -82.30 	 
0.065399998	  0.151 	  -81.86 	 
0.065599998	  0.151 	  -81.35 	 
0.065799998	  0.151 	  -80.74 	 
0.065999998	  0.152 	  -80.08 	 
0.066199998	  0.153 	  -79.42 	 
0.066399998	  0.153 	  -78.73 	 
0.066599998	  0.153 	  -78.12 	 
0.066799998	  0.153 	  -77.48 	 
0.066999998	  0.154 	  -76.87 	 
0.067199998	  0.154 	  -76.20 	 
0.067399998	  0.154 	  -75.52 	 
0.067599998	  0.155 	  -74.79 	 
0.067799998	  0.156 	  -74.01 	 
0.067999998	  0.156 	  -73.19 	 
0.068199998	  0.156 	  -72.34 	 
0.068399998	  0.158 	  -71.50 	 
0.068599998	  0.158 	  -70.66 	 
0.068799998	  0.158 	  -69.84 	 
0.068999998	  0.159 	  -68.94 	 
0.069199998	  0.160 	  -67.97 	 
0.069399998	  0.160 	  -66.92 	 
0.069599998	  0.161 	  -65.90 	 
0.069799998	  0.161 	  -64.88 	 
0.069999998	  0.163 	  -63.91 	 
0.070199998	  0.163 	  -62.97 	 
0.070399998	  0.164 	  -62.10 	 
0.070599998	  0.165 	  -61.15 	 
0.070799998	  0.166 	  -60.28 	 
0.070999998	  0.166 	  -59.38 	 
0.071199998	  0.166 	  -58.51 	 
0.071399998	  0.168 	  -57.65 	 
0.071599998	  0.168 	  -56.73 	 
0.071799998	  0.169 	  -55.81 	 
0.071999998	  0.170 	  -54.91 	 
0.072199998	  0.170 	  -54.03 	 
0.072399998	  0.171 	  -53.18 	 
0.072599998	  0.172 	  -52.27 	 
0.072799998	  0.173 	  -51.43 	 
0.072999998	  0.173 	  -50.65 	 
0.073199998	  0.174 	  -49.83 	 
0.073399998	  0.174 	  -49.06 	 
0.073599998	  0.175 	  -48.31 	 
0.073799998	  0.176 	  -47.57 	 
0.073999998	  0.177 	  -46.80 	 
0.074199998	  0.177 	  -46.09 	 
0.074399998	  0.178 	  -45.42 	 
0.074599998	  0.179 	  -44.73 	 
0.074799998	  0.179 	  -44.13 	 
0.074999998	  0.180 	  -43.50 	 
0.075199998	  0.181 	  -42.93 	 
0.075399998	  0.181 	  -42.40 	 
0.075599998	  0.181 	  -41.87 	 
0.075799998	  0.182 	  -41.35 	 
0.075999998	  0.183 	  -40.89 	 
0.076199998	  0.184 	  -40.46 	 
0.076399998	  0.183 	  -40.11 	 
0.076599998	  0.184 	  -39.76 	 
0.076799998	  0.185 	  -39.46 	 
0.076999998	  0.185 	  -39.11 	 
0.077199998	  0.185 	  -38.77 	 
0.077399998	  0.186 	  -38.41 	 
0.077599998	  0.187 	  -38.08 	 
0.077799998	  0.187 	  -37.79 	 
0.077999998	  0.187 	  -37.64 	 
0.078199998	  0.187 	  -37.59 	 
0.078399998	  0.188 	  -37.61 	 
0.078599998	  0.188 	  -37.72 	 
0.078799998	  0.187 	  -37.83 	 
0.078999998	  0.188 	  -37.93 	 
0.079199998	  0.188 	  -38.01 	 
0.079399998	  0.187 	  -38.07 	 
0.079599998	  0.187 	  -38.11 	 
0.079799998	  0.187 	  -38.14 	 
0.079999998	  0.188 	  -38.21 	 
0.080199998	  0.187 	  -38.33 	 
0.080399998	  0.187 	  -38.56 	 
0.080599998	  0.187 	  -38.87 	 
0.080799998	  0.187 	  -39.26 	 
0.080999998	  0.187 	  -39.68 	 
0.081199998	  0.187 	  -40.10 	 
0.081399998	  0.186 	  -40.50 	 
0.081599998	  0.186 	  -40.87 	 
0.081799998	  0.186 	  -41.21 	 
0.081999998	  0.186 	  -41.55 	 
0.082199998	  0.185 	  -41.94 	 
0.082399998	  0.185 	  -42.46 	 
0.082599998	  0.184 	  -43.02 	 
0.082799998	  0.185 	  -43.68 	 
0.082999998	  0.183 	  -44.41 	 
0.083199998	  0.183 	  -45.15 	 
0.083399998	  0.183 	  -45.88 	 
0.083599998	  0.182 	  -46.60 	 
0.083799998	  0.182 	  -47.32 	 
0.083999998	  0.181 	  -48.02 	 
0.084199998	  0.180 	  -48.73 	 
0.084399998	  0.180 	  -49.47 	 
0.084599998	  0.179 	  -50.25 	 
0.084799998	  0.179 	  -51.07 	 
0.084999998	  0.178 	  -51.91 	 
0.085199998	  0.178 	  -52.77 	 
0.085399998	  0.177 	  -53.67 	 
0.085599998	  0.176 	  -54.58 	 
0.085799998	  0.175 	  -55.49 	 
0.085999998	  0.175 	  -56.39 	 
0.086199998	  0.174 	  -57.31 	 
0.086399998	  0.173 	  -58.19 	 
0.086599998	  0.173 	  -59.07 	 
0.086799998	  0.172 	  -59.95 	 
0.086999998	  0.171 	  -60.87 	 
0.087199998	  0.170 	  -61.79 	 
0.087399998	  0.169 	  -62.72 	 
0.087599998	  0.169 	  -63.65 	 
0.087799998	  0.168 	  -64.60 	 
0.087999998	  0.167 	  -65.53 	 
0.088199998	  0.166 	  -66.43 	 
0.088399998	  0.166 	  -67.31 	 
0.088599998	  0.165 	  -68.20 	 
0.088799998	  0.164 	  -69.05 	 
0.088999998	  0.164 	  -69.92 	 
0.089199998	  0.163 	  -70.75 	 
0.089399998	  0.162 	  -71.57 	 
0.089599998	  0.162 	  -72.36 	 
0.089799998	  0.161 	  -73.15 	 
0.089999998	  0.160 	  -73.92 	 
0.090199998	  0.160 	  -74.69 	 
0.090399998	  0.160 	  -75.46 	 
0.090599998	  0.158 	  -76.21 	 
0.090799998	  0.158 	  -76.94 	 
0.090999998	  0.158 	  -77.62 	 
0.091199998	  0.157 	  -78.25 	 
0.091399998	  0.156 	  -78.86 	 
0.091599998	  0.156 	  -79.43 	 
0.091799998	  0.155 	  -79.99 	 
0.091999998	  0.154 	  -80.59 	 
0.092199998	  0.154 	  -81.14 	 
0.092399998	  0.154 	  -81.67 	 
0.092599998	  0.153 	  -82.17 	 
0.092799998	  0.153 	  -82.65 	 
0.092999998	  0.152 	  -83.04 	 
0.093199998	  0.152 	  -83.42 	 
0.093399998	  0.152 	  -83.75 	 
0.093599998	  0.152 	  -84.07 	 
0.093799998	  0.151 	  -84.34 	 
0.093999998	  0.151 	  -84.63 	 
0.094199998	  0.151 	  -84.89 	 
0.094399998	  0.150 	  -85.11 	 
0.094599998	  0.150 	  -85.30 	 
0.094799998	  0.150 	  -85.43 	 
0.094999998	  0.150 	  -85.52 	 
0.095199998	  0.150 	  -85.61 	 
0.095399998	  0.150 	  -85.61 	 
0.095599998	  0.150 	  -85.59 	 
0.095799998	  0.149 	  -85.50 	 
0.095999998	  0.149 	  -85.39 	 
0.096199998	  0.150 	  -85.30 	 
0.096399998	  0.150 	  -85.21 	 
0.096599998	  0.149 	  -85.11 	 
0.096799998	  0.149 	  -85.02 	 
0.096999998	  0.150 	  -84.84 	 
0.097199998	  0.150 	  -84.63 	 
0.097399998	  0.150 	  -84.35 	 
0.097599998	  0.149 	  -84.03 	 
0.097799998	  0.150 	  -83.65 	 
0.097999998	  0.151 	  -83.27 	 
0.098199998	  0.150 	  -82.88 	 
0.098399998	  0.151 	  -82.50 	 
0.098599998	  0.151 	  -82.10 	 
0.098799998	  0.150 	  -81.65 	 
0.098999997	  0.151 	  -81.14 	 
0.099199997	  0.152 	  -80.56 	 
0.099399997	  0.152 	  -79.96 	 
0.099599997	  0.152 	  -79.33 	 
0.099799997	  0.153 	  -78.67 	 
0.099999997	  0.153 	  -78.01 	 
0.100199997	  0.153 	  -77.33 	 
0.100399997	  0.154 	  -76.62 	 
0.100599997	  0.154 	  -75.90 	 
0.100799997	  0.155 	  -75.20 	 
0.100999997	  0.155 	  -74.45 	 
0.101199997	  0.155 	  -73.69 	 
0.101399997	  0.156 	  -72.93 	 
0.101599997	  0.157 	  -72.10 	 
0.101799997	  0.158 	  -71.30 	 
0.101999997	  0.158 	  -70.49 	 
0.102199997	  0.158 	  -69.59 	 
0.102399997	  0.159 	  -68.62 	 
0.102599997	  0.160 	  -67.54 	 
0.102799997	  0.160 	  -66.49 	 
0.102999997	  0.161 	  -65.49 	 
0.103199997	  0.162 	  -64.49 	 
0.103399997	  0.162 	  -63.58 	 
0.103599997	  0.164 	  -62.64 	 
0.103799997	  0.164 	  -61.76 	 
0.103999997	  0.165 	  -60.90 	 
0.104199997	  0.165 	  -60.01 	 
0.104399997	  0.166 	  -59.08 	 
0.104599997	  0.167 	  -58.15 	 
0.104799997	  0.168 	  -57.24 	 
0.104999997	  0.168 	  -56.35 	 
0.105199997	  0.169 	  -55.39 	 
0.105399997	  0.171 	  -54.44 	 
0.105599997	  0.171 	  -53.53 	 
0.105799997	  0.171 	  -52.66 	 
0.105999997	  0.172 	  -51.92 	 
0.106199997	  0.173 	  -51.21 	 
0.106399997	  0.174 	  -50.49 	 
0.106599997	  0.174 	  -49.73 	 
0.106799997	  0.174 	  -48.92 	 
0.106999997	  0.175 	  -48.08 	 
0.107199997	  0.176 	  -47.23 	 
0.107399997	  0.177 	  -46.40 	 
0.107599997	  0.178 	  -45.66 	 
0.107799997	  0.178 	  -44.98 	 
0.107999997	  0.179 	  -44.37 	 
0.108199997	  0.180 	  -43.85 	 
0.108399997	  0.180 	  -43.29 	 
0.108599997	  0.181 	  -42.77 	 
0.108799997	  0.182 	  -42.23 	 
0.108999997	  0.182 	  -41.71 	 
0.109199997	  0.183 	  -41.19 	 
0.109399997	  0.183 	  -40.72 	 
0.109599997	  0.184 	  -40.22 	 
0.109799997	  0.183 	  -39.75 	 
0.109999997	  0.184 	  -39.33 	 
0.110199997	  0.185 	  -38.95 	 
0.110399997	  0.185 	  -38.63 	 
0.110599997	  0.186 	  -38.33 	 
0.110799997	  0.187 	  -38.12 	 
0.110999997	  0.187 	  -37.95 	 
0.111199997	  0.187 	  -37.84 	 
0.111399997	  0.187 	  -37.79 	 
0.111599997	  0.187 	  -37.75 	 
0.111799997	  0.187 	  -37.74 	 
0.111999997	  0.187 	  -37.77 	 
0.112199997	  0.188 	  -37.77 	 
0.112399997	  0.188 	  -37.79 	 
0.112599997	  0.187 	  -37.81 	 
0.112799997	  0.187 	  -37.86 	 
0.112999997	  0.187 	  -37.93 	 
0.113199997	  0.188 	  -38.03 	 
0.113399997	  0.188 	  -38.23 	 
0.113599997	  0.187 	  -38.46 	 
0.113799997	  0.187 	  -38.74 	 
0.113999997	  0.187 	  -39.03 	 
0.114199997	  0.187 	  -39.39 	 
0.114399997	  0.187 	  -39.68 	 
0.114599997	  0.186 	  -40.01 	 
0.114799997	  0.186 	  -40.31 	 
0.114999997	  0.186 	  -40.67 	 
0.115199997	  0.186 	  -41.11 	 
0.115399997	  0.185 	  -41.61 	 
0.115599997	  0.185 	  -42.19 	 
0.115799997	  0.185 	  -42.79 	 
0.115999997	  0.185 	  -43.44 	 
0.116199997	  0.183 	  -44.10 	 
0.116399997	  0.184 	  -44.72 	 
0.116599997	  0.183 	  -45.34 	 
0.116799997	  0.183 	  -45.94 	 
0.116999997	  0.182 	  -46.62 	 
0.117199997	  0.182 	  -47.31 	 
0.117399997	  0.181 	  -48.04 	 
0.117599997	  0.181 	  -48.86 	 
0.117799997	  0.180 	  -49.66 	 
0.117999997	  0.179 	  -50.51 	 
0.118199997	  0.179 	  -51.38 	 
0.118399997	  0.178 	  -52.25 	 
0.118599997	  0.177 	  -53.16 	 
0.118799997	  0.177 	  -54.05 	 
0.118999997	  0.176 	  -54.91 	 
0.119199997	  0.175 	  -55.76 	 
0.119399997	  0.174 	  -56.62 	 
0.119599997	  0.174 	  -57.48 	 
0.119799997	  0.173 	  -58.39 	 
0.119999997	  0.173 	  -59.29 	 
0.120199997	  0.172 	  -60.23 	 
0.120399997	  0.171 	  -61.20 	 
0.120599997	  0.170 	  -62.18 	 
0.120799997	  0.169 	  -63.10 	 
0.120999997	  0.168 	  -64.05 	 
0.121199997	  0.167 	  -64.94 	 
0.121399997	  0.167 	  -65.80 	 
0.121599997	  0.167 	  -66.66 	 
0.121799997	  0.166 	  -67.52 	 
0.121999997	  0.164 	  -68.39 	 
0.122199997	  0.164 	  -69.24 	 
0.122399997	  0.164 	  -70.14 	 
0.122599997	  0.163 	  -70.99 	 
0.122799997	  0.162 	  -71.83 	 
0.122999997	  0.161 	  -72.62 	 
0.123199997	  0.161 	  -73.40 	 
0.123399997	  0.159 	  -74.19 	 
0.123599997	  0.159 	  -74.94 	 
0.123799997	  0.159 	  -75.68 	 
0.123999997	  0.159 	  -76.41 	 
0.124199997	  0.158 	  -77.11 	 
0.124399997	  0.157 	  -77.81 	 
0.124599997	  0.157 	  -78.53 	 
0.124799997	  0.156 	  -79.17 	 
0.124999997	  0.156 	  -79.80 	 
0.125199997	  0.155 	  -80.35 	 
0.125399997	  0.155 	  -80.88 	 
0.125599997	  0.154 	  -81.33 	 
0.125799997	  0.154 	  -81.78 	 
0.125999997	  0.154 	  -82.22 	 
0.126199997	  0.152 	  -82.66 	 
0.126399997	  0.152 	  -83.11 	 
0.126599997	  0.152 	  -83.51 	 
0.126799997	  0.152 	  -83.89 	 
0.126999997	  0.151 	  -84.23 	 
0.127199997	  0.152 	  -84.54 	 
0.127399997	  0.151 	  -84.79 	 
0.127599997	  0.150 	  -85.00 	 
0.127799997	  0.150 	  -85.12 	 
0.127999997	  0.150 	  -85.29 	 
0.128199997	  0.150 	  -85.40 	 
0.128399997	  0.150 	  -85.48 	 
0.128599997	  0.150 	  -85.56 	 
0.128799997	  0.150 	  -85.58 	 
0.128999997	  0.149 	  -85.57 	 
0.129199997	  0.150 	  -85.55 	 
0.129399997	  0.149 	  -85.48 	 
0.129599997	  0.150 	  -85.39 	 
0.129799997	  0.150 	  -85.23 	 
0.129999997	  0.150 	  -85.11 	 
0.130199997	  0.150 	  -84.90 	 
0.130399997	  0.150 	  -84.68 	 
0.130599997	  0.150 	  -84.45 	 
0.130799997	  0.150 	  -84.19 	 
0.130999997	  0.150 	  -83.90 	 
0.131199997	  0.150 	  -83.57 	 
0.131399997	  0.151 	  -83.21 	 
0.131599997	  0.151 	  -82.81 	 
0.131799997	  0.151 	  -82.38 	 
0.131999997	  0.151 	  -81.88 	 
0.132199997	  0.151 	  -81.40 	 
0.132399997	  0.152 	  -80.86 	 
0.132599997	  0.152 	  -80.29 	 
0.132799997	  0.152 	  -79.73 	 
0.132999997	  0.153 	  -79.12 	 
0.133199997	  0.153 	  -78.50 	 
0.133399997	  0.153 	  -77.83 	 
0.133599997	  0.154 	  -77.15 	 
0.133799997	  0.154 	  -76.43 	 
0.133999997	  0.154 	  -75.69 	 
0.134199997	  0.155 	  -74.94 	 
0.134399997	  0.155 	  -74.15 	 
0.134599997	  0.156 	  -73.38 	 
0.134799997	  0.157 	  -72.57 	 
0.134999997	  0.157 	  -71.76 	 
0.135199997	  0.157 	  -70.96 	 
0.135399997	  0.158 	  -70.18 	 
0.135599997	  0.159 	  -69.30 	 
0.135799997	  0.159 	  -68.34 	 
0.135999997	  0.160 	  -67.31 	 
0.136199997	  0.160 	  -66.19 	 
0.136399997	  0.162 	  -65.14 	 
0.136599997	  0.162 	  -64.13 	 
0.136799997	  0.163 	  -63.18 	 
0.136999997	  0.164 	  -62.36 	 
0.137199997	  0.165 	  -61.47 	 
0.137399997	  0.165 	  -60.59 	 
0.137599997	  0.166 	  -59.75 	 
0.137799997	  0.166 	  -58.88 	 
0.137999997	  0.167 	  -57.94 	 
0.138199997	  0.168 	  -56.98 	 
0.138399997	  0.168 	  -56.00 	 
0.138599996	  0.169 	  -55.07 	 
0.138799996	  0.170 	  -54.13 	 
0.138999996	  0.172 	  -53.23 	 
0.139199996	  0.171 	  -52.39 	 
0.139399996	  0.173 	  -51.66 	 
0.139599996	  0.173 	  -50.90 	 
0.139799996	  0.174 	  -50.13 	 
0.139999996	  0.175 	  -49.37 	 
0.140199996	  0.175 	  -48.51 	 
0.140399996	  0.176 	  -47.72 	 
0.140599996	  0.177 	  -46.97 	 
0.140799996	  0.177 	  -46.25 	 
0.140999996	  0.178 	  -45.53 	 
0.141199996	  0.179 	  -44.86 	 
0.141399996	  0.179 	  -44.24 	 
0.141599996	  0.180 	  -43.62 	 
0.141799996	  0.181 	  -43.06 	 
0.141999996	  0.181 	  -42.53 	 
0.142199996	  0.182 	  -42.02 	 
0.142399996	  0.182 	  -41.52 	 
0.142599996	  0.182 	  -41.01 	 
0.142799996	  0.183 	  -40.55 	 
0.142999996	  0.184 	  -40.14 	 
0.143199996	  0.184 	  -39.75 	 
0.143399996	  0.185 	  -39.35 	 
0.143599996	  0.185 	  -38.95 	 
0.143799996	  0.186 	  -38.58 	 
0.143999996	  0.186 	  -38.21 	 
0.144199996	  0.187 	  -37.92 	 
0.144399996	  0.186 	  -37.74 	 
0.144599996	  0.187 	  -37.64 	 
0.144799996	  0.187 	  -37.64 	 
0.144999996	  0.187 	  -37.70 	 
0.145199996	  0.187 	  -37.77 	 
0.145399996	  0.187 	  -37.85 	 
0.145599996	  0.188 	  -37.86 	 
0.145799996	  0.188 	  -37.88 	 
0.145999996	  0.187 	  -37.88 	 
0.146199996	  0.188 	  -37.86 	 
0.146399996	  0.187 	  -37.92 	 
0.146599996	  0.188 	  -38.03 	 
0.146799996	  0.188 	  -38.22 	 
0.146999996	  0.188 	  -38.50 	 
0.147199996	  0.187 	  -38.84 	 
0.147399996	  0.187 	  -39.20 	 
0.147599996	  0.187 	  -39.55 	 
0.147799996	  0.187 	  -39.88 	 
0.147999996	  0.187 	  -40.20 	 
0.148199996	  0.186 	  -40.49 	 
0.148399996	  0.186 	  -40.82 	 
0.148599996	  0.186 	  -41.22 	 
0.148799996	  0.185 	  -41.71 	 
0.148999996	  0.185 	  -42.28 	 
0.149199996	  0.184 	  -42.92 	 
0.149399996	  0.184 	  -43.57 	 
0.149599996	  0.184 	  -44.26 	 
0.149799996	  0.183 	  -44.91 	 
0.149999996	  0.183 	  -45.57 	 
0.150199996	  0.182 	  -46.20 	 
0.150399996	  0.182 	  -46.85 	 
0.150599996	  0.182 	  -47.55 	 
0.150799996	  0.181 	  -48.28 	 
0.150999996	  0.180 	  -49.07 	 
0.151199996	  0.179 	  -49.90 	 
0.151399996	  0.179 	  -50.77 	 
0.151599996	  0.178 	  -51.63 	 
0.151799996	  0.177 	  -52.54 	 
0.151999996	  0.176 	  -53.42 	 
0.152199996	  0.177 	  -54.31 	 
0.152399996	  0.176 	  -55.19 	 
0.152599996	  0.175 	  -56.06 	 
0.152799996	  0.175 	  -56.90 	 
0.152999996	  0.174 	  -57.78 	 
0.153199996	  0.173 	  -58.66 	 
0.153399996	  0.173 	  -59.56 	 
0.153599996	  0.171 	  -60.50 	 
0.153799996	  0.170 	  -61.43 	 
0.153999996	  0.169 	  -62.38 	 
0.154199996	  0.169 	  -63.34 	 
0.154399996	  0.168 	  -64.27 	 
0.154599996	  0.167 	  -65.19 	 
0.154799996	  0.167 	  -66.09 	 
0.154999996	  0.166 	  -66.98 	 
0.155199996	  0.165 	  -67.85 	 
0.155399996	  0.165 	  -68.71 	 
0.155599996	  0.165 	  -69.54 	 
0.155799996	  0.163 	  -70.37 	 
0.155999996	  0.162 	  -71.17 	 
0.156199996	  0.162 	  -72.00 	 
0.156399996	  0.162 	  -72.83 	 
0.156599996	  0.160 	  -73.67 	 
0.156799996	  0.160 	  -74.52 	 
0.156999996	  0.159 	  -75.31 	 
0.157199996	  0.158 	  -76.06 	 
0.157399996	  0.158 	  -76.74 	 
0.157599996	  0.157 	  -77.38 	 
0.157799996	  0.157 	  -77.98 	 
0.157999996	  0.156 	  -78.55 	 
0.158199996	  0.156 	  -79.13 	 
0.158399996	  0.155 	  -79.74 	 
0.158599996	  0.155 	  -80.33 	 
0.158799996	  0.154 	  -80.92 	 
0.158999996	  0.154 	  -81.51 	 
0.159199996	  0.154 	  -82.05 	 
0.159399996	  0.153 	  -82.53 	 
0.159599996	  0.153 	  -82.94 	 
0.159799996	  0.153 	  -83.27 	 
0.159999996	  0.152 	  -83.56 	 
0.160199996	  0.151 	  -83.86 	 
0.160399996	  0.152 	  -84.14 	 
0.160599996	  0.152 	  -84.41 	 
0.160799996	  0.151 	  -84.71 	 
0.160999996	  0.150 	  -84.98 	 
0.161199996	  0.151 	  -85.22 	 
0.161399996	  0.151 	  -85.45 	 
0.161599996	  0.150 	  -85.58 	 
0.161799996	  0.150 	  -85.61 	 
0.161999996	  0.150 	  -85.59 	 
0.162199996	  0.150 	  -85.52 	 
0.162399996	  0.149 	  -85.41 	 
0.162599996	  0.150 	  -85.33 	 
0.162799996	  0.149 	  -85.26 	 
0.162999996	  0.150 	  -85.24 	 
0.163199996	  0.149 	  -85.14 	 
0.163399996	  0.150 	  -85.05 	 
0.163599996	  0.149 	  -84.91 	 
0.163799996	  0.149 	  -84.71 	 
0.163999996	  0.150 	  -84.43 	 
0.164199996	  0.151 	  -84.08 	 
0.164399996	  0.150 	  -83.71 	 
0.164599996	  0.150 	  -83.29 	 
0.164799996	  0.151 	  -82.91 	 
0.164999996	  0.151 	  -82.51 	 
0.165199996	  0.151 	  -82.13 	 
0.165399996	  0.151 	  -81.74 	 
0.165599996	  0.152 	  -81.31 	 
0.165799996	  0.151 	  -80.81 	 
0.165999996	  0.152 	  -80.22 	 
0.166199996	  0.153 	  -79.56 	 
0.166399996	  0.153 	  -78.84 	 
0.166599996	  0.153 	  -78.11 	 
0.166799996	  0.154 	  -77.36 	 
0.166999996	  0.154 	  -76.71 	 
0.167199996	  0.154 	  -76.03 	 
0.167399996	  0.154 	  -75.37 	 
0.167599996	  0.156 	  -74.70 	 
0.167799996	  0.155 	  -73.98 	 
0.167999996	  0.156 	  -73.21 	 
0.168199996	  0.156 	  -72.38 	 
0.168399996	  0.157 	  -71.54 	 
0.168599996	  0.157 	  -70.69 	 
0.168799996	  0.158 	  -69.75 	 
0.168999996	  0.159 	  -68.75 	 
0.169199996	  0.160 	  -67.73 	 
0.169399996	  0.160 	  -66.71 	 
0.169599996	  0.161 	  -65.69 	 
0.169799996	  0.162 	  -64.73 	 
0.169999996	  0.163 	  -63.76 	 
0.170199996	  0.164 	  -62.90 	 
0.170399996	  0.164 	  -62.02 	 
0.170599996	  0.165 	  -61.17 	 
0.170799996	  0.165 	  -60.33 	 
0.170999996	  0.166 	  -59.40 	 
0.171199996	  0.167 	  -58.44 	 
0.171399996	  0.168 	  -57.49 	 
0.171599996	  0.168 	  -56.58 	 
0.171799996	  0.168 	  -55.64 	 
0.171999996	  0.169 	  -54.77 	 
0.172199996	  0.171 	  -53.90 	 
0.172399996	  0.171 	  -53.07 	 
0.172599996	  0.172 	  -52.26 	 
0.172799996	  0.173 	  -51.46 	 
0.172999996	  0.174 	  -50.63 	 
0.173199996	  0.174 	  -49.81 	 
0.173399996	  0.174 	  -48.98 	 
0.173599996	  0.175 	  -48.14 	 
0.173799996	  0.177 	  -47.35 	 
0.173999996	  0.177 	  -46.59 	 
0.174199996	  0.177 	  -45.88 	 
0.174399996	  0.178 	  -45.19 	 
0.174599996	  0.179 	  -44.61 	 
0.174799996	  0.180 	  -44.07 	 
0.174999996	  0.181 	  -43.51 	 
0.175199996	  0.181 	  -42.94 	 
0.175399996	  0.181 	  -42.33 	 
0.175599996	  0.182 	  -41.75 	 
0.175799996	  0.183 	  -41.20 	 
0.175999996	  0.183 	  -40.69 	 
0.176199996	  0.183 	  -40.21 	 
0.176399996	  0.183 	  -39.83 	 
0.176599996	  0.184 	  -39.50 	 
0.176799996	  0.185 	  -39.22 	 
0.176999996	  0.186 	  -38.93 	 
0.177199996	  0.186 	  -38.63 	 
0.177399996	  0.186 	  -38.33 	 
0.177599996	  0.186 	  -38.03 	 
0.177799996	  0.186 	  -37.78 	 
0.177999996	  0.187 	  -37.63 	 
0.178199995	  0.187 	  -37.55 	 
0.178399995	  0.187 	  -37.55 	 
0.178599995	  0.188 	  -37.58 	 
0.178799995	  0.187 	  -37.69 	 
0.178999995	  0.188 	  -37.78 	 
0.179199995	  0.187 	  -37.88 	 
0.179399995	  0.187 	  -37.95 	 
0.179599995	  0.188 	  -38.01 	 
0.179799995	  0.188 	  -38.06 	 
0.179999995	  0.187 	  -38.15 	 
0.180199995	  0.187 	  -38.28 	 
0.180399995	  0.187 	  -38.52 	 
0.180599995	  0.188 	  -38.77 	 
0.180799995	  0.187 	  -39.10 	 
0.180999995	  0.187 	  -39.46 	 
0.181199995	  0.187 	  -39.87 	 
0.181399995	  0.187 	  -40.25 	 
0.181599995	  0.186 	  -40.66 	 
0.181799995	  0.186 	  -41.08 	 
0.181999995	  0.186 	  -41.53 	 
0.182199995	  0.185 	  -41.97 	 
0.182399995	  0.184 	  -42.50 	 
0.182599995	  0.184 	  -43.06 	 
0.182799995	  0.185 	  -43.65 	 
0.182999995	  0.183 	  -44.28 	 
0.183199995	  0.183 	  -44.95 	 
0.183399995	  0.183 	  -45.67 	 
0.183599995	  0.182 	  -46.40 	 
0.183799995	  0.182 	  -47.16 	 
0.183999995	  0.181 	  -47.92 	 
0.184199995	  0.181 	  -48.67 	 
0.184399995	  0.180 	  -49.43 	 
0.184599995	  0.179 	  -50.20 	 
0.184799995	  0.179 	  -50.98 	 
0.184999995	  0.178 	  -51.81 	 
0.185199995	  0.177 	  -52.66 	 
0.185399995	  0.177 	  -53.55 	 
0.185599995	  0.176 	  -54.46 	 
0.185799995	  0.175 	  -55.38 	 
0.185999995	  0.175 	  -56.30 	 
0.186199995	  0.174 	  -57.24 	 
0.186399995	  0.173 	  -58.13 	 
0.186599995	  0.173 	  -59.01 	 
0.186799995	  0.172 	  -59.92 	 
0.186999995	  0.171 	  -60.81 	 
0.187199995	  0.171 	  -61.72 	 
0.187399995	  0.169 	  -62.64 	 
0.187599995	  0.169 	  -63.55 	 
0.187799995	  0.168 	  -64.51 	 
0.187999995	  0.168 	  -65.44 	 
0.188199995	  0.166 	  -66.35 	 
0.188399995	  0.166 	  -67.25 	 
0.188599995	  0.165 	  -68.12 	 
0.188799995	  0.164 	  -68.96 	 
0.188999995	  0.164 	  -69.78 	 
0.189199995	  0.164 	  -70.61 	 
0.189399995	  0.162 	  -71.44 	 
0.189599995	  0.161 	  -72.27 	 
0.189799995	  0.161 	  -73.12 	 
0.189999995	  0.160 	  -73.94 	 
0.190199995	  0.160 	  -74.71 	 
0.190399995	  0.159 	  -75.49 	 
0.190599995	  0.158 	  -76.18 	 
0.190799995	  0.158 	  -76.86 	 
0.190999995	  0.158 	  -77.50 	 
0.191199995	  0.157 	  -78.14 	 
0.191399995	  0.156 	  -78.73 	 
0.191599995	  0.156 	  -79.35 	 
0.191799995	  0.155 	  -79.95 	 
0.191999995	  0.155 	  -80.55 	 
0.192199995	  0.154 	  -81.12 	 
0.192399995	  0.154 	  -81.69 	 
0.192599995	  0.154 	  -82.15 	 
0.192799995	  0.153 	  -82.58 	 
0.192999995	  0.152 	  -82.96 	 
0.193199995	  0.152 	  -83.31 	 
0.193399995	  0.152 	  -83.64 	 
0.193599995	  0.152 	  -83.92 	 
0.193799995	  0.151 	  -84.25 	 
0.193999995	  0.151 	  -84.51 	 
0.194199995	  0.151 	  -84.80 	 
0.194399995	  0.151 	  -85.06 	 
0.194599995	  0.150 	  -85.29 	 
0.194799995	  0.150 	  -85.44 	 
0.194999995	  0.149 	  -85.52 	 
0.195199995	  0.150 	  -85.52 	 
0.195399995	  0.150 	  -85.51 	 
0.195599995	  0.149 	  -85.46 	 
0.195799995	  0.149 	  -85.41 	 
0.195999995	  0.150 	  -85.35 	 
0.196199995	  0.150 	  -85.26 	 
0.196399995	  0.149 	  -85.19 	 
0.196599995	  0.150 	  -85.06 	 
0.196799995	  0.150 	  -84.95 	 
0.196999995	  0.149 	  -84.79 	 
0.197199995	  0.149 	  -84.57 	 
0.197399995	  0.150 	  -84.29 	 
0.197599995	  0.150 	  -83.96 	 
0.197799995	  0.150 	  -83.57 	 
0.197999995	  0.150 	  -83.18 	 
0.198199995	  0.151 	  -82.77 	 
0.198399995	  0.151 	  -82.39 	 
0.198599995	  0.151 	  -82.01 	 
0.198799995	  0.151 	  -81.59 	 
0.198999995	  0.152 	  -81.12 	 
0.199199995	  0.152 	  -80.57 	 
0.199399995	  0.152 	  -79.96 	 
0.199599995	  0.153 	  -79.28 	 
0.199799995	  0.153 	  -78.60 	 
0.199999995	  0.153 	  -77.91 	 
0.200199995	  0.154 	  -77.21 	 
0.200399995	  0.154 	  -76.52 	 
0.200599995	  0.155 	  -75.84 	 
0.200799995	  0.155 	  -75.13 	 
0.200999995	  0.155 	  -74.42 	 
0.201199995	  0.156 	  -73.64 	 
0.201399995	  0.156 	  -72.88 	 
0.201599995	  0.157 	  -72.07 	 
0.201799995	  0.158 	  -71.24 	 
0.201999995	  0.159 	  -70.41 	 
0.202199995	  0.158 	  -69.51 	 
0.202399995	  0.159 	  -68.49 	 
0.202599995	  0.161 	  -67.40 	 
0.202799995	  0.160 	  -66.32 	 
0.202999995	  0.161 	  -65.36 	 
0.203199995	  0.162 	  -64.48 	 
0.203399995	  0.163 	  -63.57 	 
0.203599995	  0.163 	  -62.73 	 
0.203799995	  0.164 	  -61.90 	 
0.203999995	  0.165 	  -61.04 	 
0.204199995	  0.166 	  -60.12 	 
0.204399995	  0.166 	  -59.11 	 
0.204599995	  0.167 	  -58.06 	 
