0.000000000	 -0.106 	  -78.53 	 
0.000200000	 -0.106 	  -77.87 	 
0.000400000	 -0.106 	  -77.18 	 
0.000600000	 -0.104 	  -76.46 	 
0.000800000	 -0.105 	  -75.73 	 
0.001000000	 -0.104 	  -74.97 	 
0.001200000	 -0.104 	  -74.21 	 
0.001400000	 -0.102 	  -73.45 	 
0.001600000	 -0.102 	  -72.66 	 
0.001800000	 -0.102 	  -71.85 	 
0.002000000	 -0.101 	  -71.03 	 
0.002200000	 -0.100 	  -70.19 	 
0.002400000	 -0.099 	  -69.38 	 
0.002600000	 -0.099 	  -68.48 	 
0.002800000	 -0.098 	  -67.54 	 
0.003000000	 -0.097 	  -66.52 	 
0.003200000	 -0.097 	  -65.46 	 
0.003400000	 -0.095 	  -64.45 	 
0.003600000	 -0.094 	  -63.43 	 
0.003800000	 -0.093 	  -62.48 	 
0.004000000	 -0.094 	  -61.55 	 
0.004200000	 -0.092 	  -60.70 	 
0.004400000	 -0.091 	  -59.90 	 
0.004600000	 -0.091 	  -59.00 	 
0.004800000	 -0.089 	  -58.12 	 
0.005000000	 -0.088 	  -57.13 	 
0.005200000	 -0.088 	  -56.18 	 
0.005400000	 -0.087 	  -55.25 	 
0.005600000	 -0.086 	  -54.29 	 
0.005800000	 -0.085 	  -53.44 	 
0.006000000	 -0.083 	  -52.60 	 
0.006200000	 -0.083 	  -51.80 	 
0.006400000	 -0.082 	  -50.99 	 
0.006600000	 -0.081 	  -50.22 	 
0.006800000	 -0.080 	  -49.43 	 
0.007000000	 -0.079 	  -48.62 	 
0.007200000	 -0.078 	  -47.85 	 
0.007400000	 -0.078 	  -47.11 	 
0.007600000	 -0.076 	  -46.38 	 
0.007800000	 -0.075 	  -45.69 	 
0.008000000	 -0.074 	  -45.04 	 
0.008200000	 -0.074 	  -44.39 	 
0.008400000	 -0.073 	  -43.73 	 
0.008600000	 -0.072 	  -43.14 	 
0.008800000	 -0.071 	  -42.60 	 
0.009000000	 -0.070 	  -42.15 	 
0.009200000	 -0.069 	  -41.65 	 
0.009400000	 -0.069 	  -41.15 	 
0.009600000	 -0.069 	  -40.68 	 
0.009800000	 -0.068 	  -40.27 	 
0.010000000	 -0.067 	  -39.87 	 
0.010200000	 -0.066 	  -39.50 	 
0.010400000	 -0.065 	  -39.06 	 
0.010600000	 -0.064 	  -38.67 	 
0.010800000	 -0.064 	  -38.33 	 
0.011000000	 -0.064 	  -38.01 	 
0.011200000	 -0.063 	  -37.78 	 
0.011400000	 -0.062 	  -37.65 	 
0.011600000	 -0.063 	  -37.58 	 
0.011800000	 -0.062 	  -37.60 	 
0.012000000	 -0.061 	  -37.64 	 
0.012200000	 -0.061 	  -37.70 	 
0.012400000	 -0.062 	  -37.75 	 
0.012600000	 -0.061 	  -37.79 	 
0.012800000	 -0.061 	  -37.79 	 
0.013000000	 -0.060 	  -37.86 	 
0.013200000	 -0.061 	  -37.98 	 
0.013400000	 -0.061 	  -38.14 	 
0.013600000	 -0.061 	  -38.32 	 
0.013800000	 -0.061 	  -38.56 	 
0.014000000	 -0.061 	  -38.78 	 
0.014200000	 -0.061 	  -39.07 	 
0.014400000	 -0.061 	  -39.36 	 
0.014600000	 -0.061 	  -39.68 	 
0.014800000	 -0.061 	  -39.99 	 
0.015000000	 -0.062 	  -40.36 	 
0.015200000	 -0.062 	  -40.78 	 
0.015400000	 -0.062 	  -41.23 	 
0.015600000	 -0.064 	  -41.71 	 
0.015800000	 -0.064 	  -42.26 	 
0.016000000	 -0.064 	  -42.80 	 
0.016200000	 -0.065 	  -43.42 	 
0.016400000	 -0.064 	  -44.08 	 
0.016600000	 -0.065 	  -44.77 	 
0.016800000	 -0.065 	  -45.48 	 
0.017000000	 -0.066 	  -46.17 	 
0.017200000	 -0.067 	  -46.85 	 
0.017400000	 -0.067 	  -47.57 	 
0.017600000	 -0.069 	  -48.29 	 
0.017800000	 -0.069 	  -49.05 	 
0.018000000	 -0.069 	  -49.80 	 
0.018200000	 -0.070 	  -50.59 	 
0.018400000	 -0.070 	  -51.41 	 
0.018600000	 -0.072 	  -52.27 	 
0.018800000	 -0.072 	  -53.17 	 
0.019000000	 -0.074 	  -54.05 	 
0.019200000	 -0.074 	  -54.93 	 
0.019400000	 -0.075 	  -55.78 	 
0.019600000	 -0.075 	  -56.67 	 
0.019799999	 -0.077 	  -57.58 	 
0.019999999	 -0.078 	  -58.51 	 
0.020199999	 -0.079 	  -59.43 	 
0.020399999	 -0.080 	  -60.36 	 
0.020599999	 -0.081 	  -61.29 	 
0.020799999	 -0.081 	  -62.24 	 
0.020999999	 -0.083 	  -63.17 	 
0.021199999	 -0.083 	  -64.07 	 
0.021399999	 -0.085 	  -64.97 	 
0.021599999	 -0.085 	  -65.85 	 
0.021799999	 -0.086 	  -66.73 	 
0.021999999	 -0.087 	  -67.59 	 
0.022199999	 -0.088 	  -68.44 	 
0.022399999	 -0.089 	  -69.28 	 
0.022599999	 -0.090 	  -70.15 	 
0.022799999	 -0.091 	  -70.97 	 
0.022999999	 -0.091 	  -71.80 	 
0.023199999	 -0.092 	  -72.64 	 
0.023399999	 -0.093 	  -73.46 	 
0.023599999	 -0.094 	  -74.21 	 
0.023799999	 -0.095 	  -74.99 	 
0.023999999	 -0.096 	  -75.73 	 
0.024199999	 -0.098 	  -76.44 	 
0.024399999	 -0.098 	  -77.12 	 
0.024599999	 -0.099 	  -77.78 	 
0.024799999	 -0.099 	  -78.45 	 
0.024999999	 -0.100 	  -79.15 	 
0.025199999	 -0.101 	  -79.78 	 
0.025399999	 -0.102 	  -80.37 	 
0.025599999	 -0.102 	  -80.90 	 
0.025799999	 -0.104 	  -81.38 	 
0.025999999	 -0.104 	  -81.83 	 
0.026199999	 -0.104 	  -82.25 	 
0.026399999	 -0.105 	  -82.63 	 
0.026599999	 -0.105 	  -83.03 	 
0.026799999	 -0.105 	  -83.40 	 
0.026999999	 -0.106 	  -83.74 	 
0.027199999	 -0.107 	  -84.08 	 
0.027399999	 -0.108 	  -84.37 	 
0.027599999	 -0.107 	  -84.65 	 
0.027799999	 -0.108 	  -84.84 	 
0.027999999	 -0.108 	  -85.04 	 
0.028199999	 -0.108 	  -85.19 	 
0.028399999	 -0.110 	  -85.29 	 
0.028599999	 -0.109 	  -85.38 	 
0.028799999	 -0.109 	  -85.41 	 
0.028999999	 -0.109 	  -85.41 	 
0.029199999	 -0.109 	  -85.44 	 
0.029399999	 -0.109 	  -85.42 	 
0.029599999	 -0.110 	  -85.37 	 
0.029799999	 -0.110 	  -85.27 	 
0.029999999	 -0.110 	  -85.14 	 
0.030199999	 -0.109 	  -84.93 	 
0.030399999	 -0.109 	  -84.75 	 
0.030599999	 -0.109 	  -84.51 	 
0.030799999	 -0.109 	  -84.27 	 
0.030999999	 -0.109 	  -84.01 	 
0.031199999	 -0.110 	  -83.73 	 
0.031399999	 -0.109 	  -83.42 	 
0.031599999	 -0.109 	  -83.06 	 
0.031799999	 -0.109 	  -82.66 	 
0.031999999	 -0.109 	  -82.21 	 
0.032199999	 -0.109 	  -81.72 	 
0.032399999	 -0.109 	  -81.24 	 
0.032599999	 -0.108 	  -80.72 	 
0.032799999	 -0.107 	  -80.13 	 
0.032999999	 -0.107 	  -79.57 	 
0.033199999	 -0.107 	  -78.92 	 
0.033399999	 -0.106 	  -78.29 	 
0.033599999	 -0.106 	  -77.60 	 
0.033799999	 -0.106 	  -76.89 	 
0.033999999	 -0.105 	  -76.15 	 
0.034199999	 -0.104 	  -75.39 	 
0.034399999	 -0.104 	  -74.67 	 
0.034599999	 -0.104 	  -73.91 	 
0.034799999	 -0.102 	  -73.16 	 
0.034999999	 -0.102 	  -72.38 	 
0.035199999	 -0.102 	  -71.56 	 
0.035399999	 -0.101 	  -70.75 	 
0.035599999	 -0.100 	  -69.92 	 
0.035799999	 -0.099 	  -69.09 	 
0.035999999	 -0.099 	  -68.14 	 
0.036199999	 -0.098 	  -67.14 	 
0.036399999	 -0.097 	  -66.17 	 
0.036599999	 -0.096 	  -65.23 	 
0.036799999	 -0.095 	  -64.24 	 
0.036999999	 -0.095 	  -63.22 	 
0.037199999	 -0.094 	  -62.29 	 
0.037399999	 -0.093 	  -61.36 	 
0.037599999	 -0.091 	  -60.42 	 
0.037799999	 -0.091 	  -59.51 	 
0.037999999	 -0.090 	  -58.59 	 
0.038199999	 -0.090 	  -57.65 	 
0.038399999	 -0.088 	  -56.72 	 
0.038599999	 -0.087 	  -55.78 	 
0.038799999	 -0.086 	  -54.91 	 
0.038999999	 -0.085 	  -54.03 	 
0.039199999	 -0.085 	  -53.13 	 
0.039399999	 -0.083 	  -52.29 	 
0.039599999	 -0.082 	  -51.48 	 
0.039799999	 -0.081 	  -50.70 	 
0.039999999	 -0.081 	  -49.98 	 
0.040199999	 -0.080 	  -49.20 	 
0.040399999	 -0.078 	  -48.44 	 
0.040599999	 -0.078 	  -47.65 	 
0.040799999	 -0.077 	  -46.89 	 
0.040999999	 -0.076 	  -46.17 	 
0.041199999	 -0.075 	  -45.46 	 
0.041399999	 -0.074 	  -44.76 	 
0.041599999	 -0.073 	  -44.10 	 
0.041799999	 -0.073 	  -43.46 	 
0.041999999	 -0.071 	  -42.88 	 
0.042199999	 -0.071 	  -42.40 	 
0.042399999	 -0.070 	  -41.91 	 
0.042599999	 -0.069 	  -41.39 	 
0.042799999	 -0.068 	  -40.89 	 
0.042999999	 -0.068 	  -40.46 	 
0.043199999	 -0.067 	  -40.05 	 
0.043399999	 -0.066 	  -39.69 	 
0.043599999	 -0.065 	  -39.28 	 
0.043799999	 -0.065 	  -38.91 	 
0.043999999	 -0.065 	  -38.58 	 
0.044199999	 -0.065 	  -38.31 	 
0.044399999	 -0.064 	  -38.12 	 
0.044599999	 -0.063 	  -37.97 	 
0.044799999	 -0.062 	  -37.86 	 
0.044999999	 -0.062 	  -37.80 	 
0.045199999	 -0.062 	  -37.77 	 
0.045399999	 -0.062 	  -37.77 	 
0.045599999	 -0.061 	  -37.77 	 
0.045799999	 -0.061 	  -37.76 	 
0.045999999	 -0.061 	  -37.76 	 
0.046199999	 -0.061 	  -37.81 	 
0.046399999	 -0.062 	  -37.90 	 
0.046599999	 -0.061 	  -38.01 	 
0.046799999	 -0.061 	  -38.22 	 
0.046999999	 -0.061 	  -38.43 	 
0.047199999	 -0.061 	  -38.67 	 
0.047399999	 -0.062 	  -38.91 	 
0.047599999	 -0.061 	  -39.24 	 
0.047799999	 -0.062 	  -39.51 	 
0.047999999	 -0.061 	  -39.82 	 
0.048199999	 -0.062 	  -40.17 	 
0.048399999	 -0.062 	  -40.51 	 
0.048599999	 -0.063 	  -40.93 	 
0.048799999	 -0.063 	  -41.40 	 
0.048999999	 -0.063 	  -41.95 	 
0.049199999	 -0.063 	  -42.51 	 
0.049399999	 -0.064 	  -43.10 	 
0.049599999	 -0.065 	  -43.73 	 
0.049799999	 -0.065 	  -44.37 	 
0.049999999	 -0.066 	  -45.01 	 
0.050199999	 -0.066 	  -45.67 	 
0.050399999	 -0.066 	  -46.37 	 
0.050599999	 -0.067 	  -47.08 	 
0.050799999	 -0.068 	  -47.80 	 
0.050999999	 -0.068 	  -48.56 	 
0.051199999	 -0.069 	  -49.31 	 
0.051399999	 -0.070 	  -50.14 	 
0.051599999	 -0.070 	  -50.96 	 
0.051799999	 -0.071 	  -51.82 	 
0.051999999	 -0.072 	  -52.68 	 
0.052199999	 -0.073 	  -53.54 	 
0.052399999	 -0.074 	  -54.40 	 
0.052599999	 -0.075 	  -55.28 	 
0.052799999	 -0.075 	  -56.14 	 
0.052999999	 -0.076 	  -57.02 	 
0.053199999	 -0.077 	  -57.89 	 
0.053399999	 -0.078 	  -58.76 	 
0.053599999	 -0.079 	  -59.71 	 
0.053799999	 -0.079 	  -60.66 	 
0.053999999	 -0.080 	  -61.58 	 
0.054199999	 -0.081 	  -62.58 	 
0.054399999	 -0.083 	  -63.51 	 
0.054599999	 -0.085 	  -64.45 	 
0.054799999	 -0.084 	  -65.32 	 
0.054999999	 -0.085 	  -66.19 	 
0.055199999	 -0.086 	  -67.03 	 
0.055399999	 -0.088 	  -67.88 	 
0.055599999	 -0.088 	  -68.71 	 
0.055799999	 -0.090 	  -69.57 	 
0.055999999	 -0.090 	  -70.45 	 
0.056199999	 -0.091 	  -71.32 	 
0.056399999	 -0.092 	  -72.16 	 
0.056599999	 -0.093 	  -73.02 	 
0.056799999	 -0.094 	  -73.82 	 
0.056999999	 -0.095 	  -74.58 	 
0.057199999	 -0.096 	  -75.31 	 
0.057399999	 -0.097 	  -76.01 	 
0.057599999	 -0.097 	  -76.71 	 
0.057799999	 -0.099 	  -77.37 	 
0.057999999	 -0.099 	  -78.04 	 
0.058199999	 -0.099 	  -78.69 	 
0.058399999	 -0.101 	  -79.31 	 
0.058599999	 -0.102 	  -79.90 	 
0.058799999	 -0.102 	  -80.48 	 
0.058999999	 -0.103 	  -81.05 	 
0.059199999	 -0.103 	  -81.58 	 
0.059399998	 -0.104 	  -82.06 	 
0.059599998	 -0.104 	  -82.48 	 
0.059799998	 -0.105 	  -82.89 	 
0.059999998	 -0.106 	  -83.25 	 
0.060199998	 -0.107 	  -83.62 	 
0.060399998	 -0.107 	  -83.92 	 
0.060599998	 -0.107 	  -84.22 	 
0.060799998	 -0.108 	  -84.50 	 
0.060999998	 -0.108 	  -84.76 	 
0.061199998	 -0.109 	  -84.97 	 
0.061399998	 -0.109 	  -85.13 	 
0.061599998	 -0.108 	  -85.29 	 
0.061799998	 -0.109 	  -85.39 	 
0.061999998	 -0.109 	  -85.42 	 
0.062199998	 -0.109 	  -85.47 	 
0.062399998	 -0.110 	  -85.48 	 
0.062599998	 -0.109 	  -85.44 	 
0.062799998	 -0.110 	  -85.37 	 
0.062999998	 -0.110 	  -85.31 	 
0.063199998	 -0.109 	  -85.22 	 
0.063399998	 -0.109 	  -85.12 	 
0.063599998	 -0.110 	  -85.00 	 
0.063799998	 -0.110 	  -84.83 	 
0.063999998	 -0.109 	  -84.60 	 
0.064199998	 -0.109 	  -84.37 	 
0.064399998	 -0.110 	  -84.06 	 
0.064599998	 -0.109 	  -83.70 	 
0.064799998	 -0.110 	  -83.33 	 
0.064999998	 -0.109 	  -82.93 	 
0.065199998	 -0.109 	  -82.54 	 
0.065399998	 -0.109 	  -82.10 	 
0.065599998	 -0.108 	  -81.62 	 
0.065799998	 -0.108 	  -81.14 	 
0.065999998	 -0.108 	  -80.61 	 
0.066199998	 -0.107 	  -80.03 	 
0.066399998	 -0.107 	  -79.42 	 
0.066599998	 -0.107 	  -78.78 	 
0.066799998	 -0.107 	  -78.09 	 
0.066999998	 -0.106 	  -77.40 	 
0.067199998	 -0.105 	  -76.71 	 
0.067399998	 -0.104 	  -76.01 	 
0.067599998	 -0.104 	  -75.28 	 
0.067799998	 -0.104 	  -74.55 	 
0.067999998	 -0.103 	  -73.78 	 
0.068199998	 -0.103 	  -72.99 	 
0.068399998	 -0.102 	  -72.23 	 
0.068599998	 -0.101 	  -71.38 	 
0.068799998	 -0.100 	  -70.56 	 
0.068999998	 -0.100 	  -69.73 	 
0.069199998	 -0.100 	  -68.88 	 
0.069399998	 -0.098 	  -67.90 	 
0.069599998	 -0.098 	  -66.83 	 
0.069799998	 -0.097 	  -65.82 	 
0.069999998	 -0.096 	  -64.88 	 
0.070199998	 -0.095 	  -63.89 	 
0.070399998	 -0.094 	  -62.91 	 
0.070599998	 -0.093 	  -61.96 	 
0.070799998	 -0.093 	  -61.08 	 
0.070999998	 -0.091 	  -60.21 	 
0.071199998	 -0.091 	  -59.35 	 
0.071399998	 -0.090 	  -58.42 	 
0.071599998	 -0.089 	  -57.51 	 
0.071799998	 -0.088 	  -56.60 	 
0.071999998	 -0.087 	  -55.70 	 
0.072199998	 -0.086 	  -54.81 	 
0.072399998	 -0.085 	  -53.92 	 
0.072599998	 -0.084 	  -53.04 	 
0.072799998	 -0.084 	  -52.17 	 
0.072999998	 -0.083 	  -51.31 	 
0.073199998	 -0.081 	  -50.52 	 
0.073399998	 -0.081 	  -49.76 	 
0.073599998	 -0.080 	  -48.97 	 
0.073799998	 -0.079 	  -48.18 	 
0.073999998	 -0.078 	  -47.38 	 
0.074199998	 -0.077 	  -46.69 	 
0.074399998	 -0.076 	  -45.95 	 
0.074599998	 -0.074 	  -45.27 	 
0.074799998	 -0.074 	  -44.63 	 
0.074999998	 -0.073 	  -44.01 	 
0.075199998	 -0.072 	  -43.44 	 
0.075399998	 -0.071 	  -42.89 	 
0.075599998	 -0.071 	  -42.38 	 
0.075799998	 -0.070 	  -41.85 	 
0.075999998	 -0.070 	  -41.36 	 
0.076199998	 -0.069 	  -40.85 	 
0.076399998	 -0.068 	  -40.39 	 
0.076599998	 -0.067 	  -39.96 	 
0.076799998	 -0.066 	  -39.57 	 
0.076999998	 -0.066 	  -39.18 	 
0.077199998	 -0.065 	  -38.82 	 
0.077399998	 -0.065 	  -38.51 	 
0.077599998	 -0.064 	  -38.28 	 
0.077799998	 -0.063 	  -38.12 	 
0.077999998	 -0.063 	  -38.03 	 
0.078199998	 -0.063 	  -37.95 	 
0.078399998	 -0.062 	  -37.92 	 
0.078599998	 -0.062 	  -37.88 	 
0.078799998	 -0.062 	  -37.85 	 
0.078999998	 -0.062 	  -37.82 	 
0.079199998	 -0.061 	  -37.83 	 
0.079399998	 -0.061 	  -37.85 	 
0.079599998	 -0.061 	  -37.92 	 
0.079799998	 -0.062 	  -38.01 	 
0.079999998	 -0.061 	  -38.19 	 
0.080199998	 -0.061 	  -38.40 	 
0.080399998	 -0.061 	  -38.60 	 
0.080599998	 -0.061 	  -38.83 	 
0.080799998	 -0.061 	  -39.11 	 
0.080999998	 -0.062 	  -39.39 	 
0.081199998	 -0.061 	  -39.71 	 
0.081399998	 -0.062 	  -40.03 	 
0.081599998	 -0.062 	  -40.38 	 
0.081799998	 -0.062 	  -40.75 	 
0.081999998	 -0.063 	  -41.17 	 
0.082199998	 -0.063 	  -41.64 	 
0.082399998	 -0.064 	  -42.17 	 
0.082599998	 -0.064 	  -42.73 	 
0.082799998	 -0.064 	  -43.33 	 
0.082999998	 -0.065 	  -43.98 	 
0.083199998	 -0.065 	  -44.64 	 
0.083399998	 -0.066 	  -45.32 	 
0.083599998	 -0.067 	  -45.99 	 
0.083799998	 -0.067 	  -46.65 	 
0.083999998	 -0.068 	  -47.36 	 
0.084199998	 -0.068 	  -48.10 	 
0.084399998	 -0.069 	  -48.90 	 
0.084599998	 -0.069 	  -49.69 	 
0.084799998	 -0.070 	  -50.53 	 
0.084999998	 -0.071 	  -51.36 	 
0.085199998	 -0.071 	  -52.21 	 
0.085399998	 -0.073 	  -53.07 	 
0.085599998	 -0.073 	  -53.90 	 
0.085799998	 -0.074 	  -54.72 	 
0.085999998	 -0.075 	  -55.59 	 
0.086199998	 -0.076 	  -56.46 	 
0.086399998	 -0.077 	  -57.34 	 
0.086599998	 -0.077 	  -58.24 	 
0.086799998	 -0.078 	  -59.16 	 
0.086999998	 -0.079 	  -60.08 	 
0.087199998	 -0.080 	  -61.04 	 
0.087399998	 -0.081 	  -61.99 	 
0.087599998	 -0.082 	  -62.91 	 
0.087799998	 -0.083 	  -63.83 	 
0.087999998	 -0.084 	  -64.73 	 
0.088199998	 -0.085 	  -65.64 	 
0.088399998	 -0.086 	  -66.52 	 
0.088599998	 -0.087 	  -67.42 	 
0.088799998	 -0.087 	  -68.30 	 
0.088999998	 -0.089 	  -69.16 	 
0.089199998	 -0.090 	  -69.99 	 
0.089399998	 -0.091 	  -70.85 	 
0.089599998	 -0.093 	  -71.67 	 
0.089799998	 -0.092 	  -72.48 	 
0.089999998	 -0.094 	  -73.27 	 
0.090199998	 -0.094 	  -74.04 	 
0.090399998	 -0.095 	  -74.81 	 
0.090599998	 -0.096 	  -75.54 	 
0.090799998	 -0.097 	  -76.28 	 
0.090999998	 -0.098 	  -76.98 	 
0.091199998	 -0.098 	  -77.67 	 
0.091399998	 -0.099 	  -78.33 	 
0.091599998	 -0.100 	  -78.95 	 
0.091799998	 -0.101 	  -79.57 	 
0.091999998	 -0.102 	  -80.11 	 
0.092199998	 -0.103 	  -80.67 	 
0.092399998	 -0.103 	  -81.21 	 
0.092599998	 -0.104 	  -81.67 	 
0.092799998	 -0.104 	  -82.12 	 
0.092999998	 -0.105 	  -82.58 	 
0.093199998	 -0.105 	  -83.00 	 
0.093399998	 -0.106 	  -83.44 	 
0.093599998	 -0.107 	  -83.81 	 
0.093799998	 -0.107 	  -84.14 	 
0.093999998	 -0.107 	  -84.44 	 
0.094199998	 -0.108 	  -84.67 	 
0.094399998	 -0.108 	  -84.87 	 
0.094599998	 -0.109 	  -85.02 	 
0.094799998	 -0.108 	  -85.17 	 
0.094999998	 -0.109 	  -85.27 	 
0.095199998	 -0.108 	  -85.37 	 
0.095399998	 -0.109 	  -85.42 	 
0.095599998	 -0.109 	  -85.46 	 
0.095799998	 -0.110 	  -85.48 	 
0.095999998	 -0.110 	  -85.45 	 
0.096199998	 -0.110 	  -85.41 	 
0.096399998	 -0.110 	  -85.34 	 
0.096599998	 -0.109 	  -85.23 	 
0.096799998	 -0.110 	  -85.09 	 
0.096999998	 -0.109 	  -84.88 	 
0.097199998	 -0.110 	  -84.68 	 
0.097399998	 -0.110 	  -84.44 	 
0.097599998	 -0.110 	  -84.21 	 
0.097799998	 -0.110 	  -83.95 	 
0.097999998	 -0.109 	  -83.68 	 
0.098199998	 -0.109 	  -83.32 	 
0.098399998	 -0.109 	  -82.90 	 
0.098599998	 -0.108 	  -82.44 	 
0.098799998	 -0.109 	  -81.94 	 
0.098999997	 -0.108 	  -81.42 	 
0.099199997	 -0.108 	  -80.85 	 
0.099399997	 -0.107 	  -80.30 	 
0.099599997	 -0.107 	  -79.75 	 
0.099799997	 -0.107 	  -79.17 	 
0.099999997	 -0.106 	  -78.56 	 
0.100199997	 -0.106 	  -77.94 	 
0.100399997	 -0.106 	  -77.26 	 
0.100599997	 -0.105 	  -76.55 	 
0.100799997	 -0.105 	  -75.84 	 
0.100999997	 -0.104 	  -75.06 	 
0.101199997	 -0.104 	  -74.28 	 
0.101399997	 -0.103 	  -73.51 	 
0.101599997	 -0.103 	  -72.71 	 
0.101799997	 -0.102 	  -71.87 	 
0.101999997	 -0.102 	  -71.06 	 
0.102199997	 -0.101 	  -70.26 	 
0.102399997	 -0.099 	  -69.48 	 
0.102599997	 -0.099 	  -68.58 	 
0.102799997	 -0.099 	  -67.60 	 
0.102999997	 -0.097 	  -66.59 	 
0.103199997	 -0.097 	  -65.53 	 
0.103399997	 -0.095 	  -64.52 	 
0.103599997	 -0.094 	  -63.55 	 
0.103799997	 -0.093 	  -62.67 	 
0.103999997	 -0.093 	  -61.75 	 
0.104199997	 -0.092 	  -60.87 	 
0.104399997	 -0.092 	  -59.99 	 
0.104599997	 -0.090 	  -59.08 	 
0.104799997	 -0.090 	  -58.16 	 
0.104999997	 -0.088 	  -57.21 	 
0.105199997	 -0.088 	  -56.26 	 
0.105399997	 -0.087 	  -55.36 	 
0.105599997	 -0.086 	  -54.46 	 
0.105799997	 -0.085 	  -53.57 	 
0.105999997	 -0.084 	  -52.68 	 
0.106199997	 -0.082 	  -51.85 	 
0.106399997	 -0.082 	  -51.04 	 
0.106599997	 -0.081 	  -50.25 	 
0.106799997	 -0.081 	  -49.46 	 
0.106999997	 -0.079 	  -48.71 	 
0.107199997	 -0.078 	  -47.94 	 
0.107399997	 -0.077 	  -47.22 	 
0.107599997	 -0.076 	  -46.49 	 
0.107799997	 -0.076 	  -45.80 	 
0.107999997	 -0.075 	  -45.12 	 
0.108199997	 -0.074 	  -44.48 	 
0.108399997	 -0.073 	  -43.84 	 
0.108599997	 -0.072 	  -43.23 	 
0.108799997	 -0.071 	  -42.69 	 
0.108999997	 -0.071 	  -42.13 	 
0.109199997	 -0.070 	  -41.63 	 
0.109399997	 -0.069 	  -41.18 	 
0.109599997	 -0.068 	  -40.74 	 
0.109799997	 -0.067 	  -40.32 	 
0.109999997	 -0.067 	  -39.91 	 
0.110199997	 -0.067 	  -39.49 	 
0.110399997	 -0.066 	  -39.09 	 
0.110599997	 -0.064 	  -38.70 	 
0.110799997	 -0.065 	  -38.36 	 
0.110999997	 -0.064 	  -38.10 	 
0.111199997	 -0.064 	  -37.94 	 
0.111399997	 -0.063 	  -37.83 	 
0.111599997	 -0.062 	  -37.79 	 
0.111799997	 -0.062 	  -37.82 	 
0.111999997	 -0.061 	  -37.84 	 
0.112199997	 -0.062 	  -37.86 	 
0.112399997	 -0.062 	  -37.86 	 
0.112599997	 -0.061 	  -37.88 	 
0.112799997	 -0.062 	  -37.88 	 
0.112999997	 -0.061 	  -37.93 	 
0.113199997	 -0.061 	  -38.03 	 
0.113399997	 -0.061 	  -38.18 	 
0.113599997	 -0.062 	  -38.34 	 
0.113799997	 -0.062 	  -38.58 	 
0.113999997	 -0.061 	  -38.84 	 
0.114199997	 -0.061 	  -39.12 	 
0.114399997	 -0.061 	  -39.42 	 
0.114599997	 -0.061 	  -39.76 	 
0.114799997	 -0.061 	  -40.12 	 
0.114999997	 -0.061 	  -40.49 	 
0.115199997	 -0.062 	  -40.90 	 
0.115399997	 -0.064 	  -41.32 	 
0.115599997	 -0.063 	  -41.80 	 
0.115799997	 -0.064 	  -42.31 	 
0.115999997	 -0.064 	  -42.91 	 
0.116199997	 -0.065 	  -43.52 	 
0.116399997	 -0.065 	  -44.16 	 
0.116599997	 -0.065 	  -44.80 	 
0.116799997	 -0.066 	  -45.48 	 
0.116999997	 -0.066 	  -46.17 	 
0.117199997	 -0.066 	  -46.87 	 
0.117399997	 -0.068 	  -47.58 	 
0.117599997	 -0.069 	  -48.30 	 
0.117799997	 -0.069 	  -49.08 	 
0.117999997	 -0.070 	  -49.90 	 
0.118199997	 -0.071 	  -50.72 	 
0.118399997	 -0.070 	  -51.58 	 
0.118599997	 -0.072 	  -52.43 	 
0.118799997	 -0.073 	  -53.28 	 
0.118999997	 -0.074 	  -54.14 	 
0.119199997	 -0.074 	  -55.00 	 
0.119399997	 -0.076 	  -55.87 	 
0.119599997	 -0.076 	  -56.74 	 
0.119799997	 -0.077 	  -57.63 	 
0.119999997	 -0.078 	  -58.53 	 
0.120199997	 -0.079 	  -59.45 	 
0.120399997	 -0.080 	  -60.39 	 
0.120599997	 -0.080 	  -61.31 	 
0.120799997	 -0.082 	  -62.27 	 
0.120999997	 -0.083 	  -63.21 	 
0.121199997	 -0.083 	  -64.13 	 
0.121399997	 -0.084 	  -65.03 	 
0.121599997	 -0.085 	  -65.93 	 
0.121799997	 -0.086 	  -66.76 	 
0.121999997	 -0.087 	  -67.58 	 
0.122199997	 -0.088 	  -68.45 	 
0.122399997	 -0.090 	  -69.35 	 
0.122599997	 -0.090 	  -70.23 	 
0.122799997	 -0.090 	  -71.12 	 
0.122999997	 -0.092 	  -72.00 	 
0.123199997	 -0.093 	  -72.81 	 
0.123399997	 -0.094 	  -73.61 	 
0.123599997	 -0.095 	  -74.35 	 
0.123799997	 -0.096 	  -75.09 	 
0.123999997	 -0.097 	  -75.79 	 
0.124199997	 -0.097 	  -76.47 	 
0.124399997	 -0.098 	  -77.17 	 
0.124599997	 -0.099 	  -77.86 	 
0.124799997	 -0.100 	  -78.53 	 
0.124999997	 -0.100 	  -79.18 	 
0.125199997	 -0.101 	  -79.78 	 
0.125399997	 -0.102 	  -80.35 	 
0.125599997	 -0.102 	  -80.90 	 
0.125799997	 -0.103 	  -81.39 	 
0.125999997	 -0.104 	  -81.86 	 
0.126199997	 -0.105 	  -82.30 	 
0.126399997	 -0.105 	  -82.73 	 
0.126599997	 -0.105 	  -83.10 	 
0.126799997	 -0.105 	  -83.48 	 
0.126999997	 -0.107 	  -83.85 	 
0.127199997	 -0.107 	  -84.21 	 
0.127399997	 -0.108 	  -84.55 	 
0.127599997	 -0.108 	  -84.80 	 
0.127799997	 -0.108 	  -85.04 	 
0.127999997	 -0.109 	  -85.17 	 
0.128199997	 -0.109 	  -85.28 	 
0.128399997	 -0.109 	  -85.35 	 
0.128599997	 -0.109 	  -85.42 	 
0.128799997	 -0.109 	  -85.45 	 
0.128999997	 -0.109 	  -85.48 	 
0.129199997	 -0.110 	  -85.48 	 
0.129399997	 -0.110 	  -85.44 	 
0.129599997	 -0.110 	  -85.37 	 
0.129799997	 -0.110 	  -85.28 	 
0.129999997	 -0.110 	  -85.14 	 
0.130199997	 -0.110 	  -85.01 	 
0.130399997	 -0.110 	  -84.82 	 
0.130599997	 -0.110 	  -84.65 	 
0.130799997	 -0.110 	  -84.41 	 
0.130999997	 -0.109 	  -84.13 	 
0.131199997	 -0.109 	  -83.82 	 
0.131399997	 -0.109 	  -83.50 	 
0.131599997	 -0.109 	  -83.15 	 
0.131799997	 -0.109 	  -82.76 	 
0.131999997	 -0.108 	  -82.32 	 
0.132199997	 -0.108 	  -81.83 	 
0.132399997	 -0.108 	  -81.32 	 
0.132599997	 -0.108 	  -80.79 	 
0.132799997	 -0.108 	  -80.19 	 
0.132999997	 -0.107 	  -79.58 	 
0.133199997	 -0.107 	  -78.97 	 
0.133399997	 -0.107 	  -78.29 	 
0.133599997	 -0.105 	  -77.63 	 
0.133799997	 -0.106 	  -76.91 	 
0.133999997	 -0.106 	  -76.24 	 
0.134199997	 -0.105 	  -75.49 	 
0.134399997	 -0.104 	  -74.76 	 
0.134599997	 -0.103 	  -74.00 	 
0.134799997	 -0.103 	  -73.23 	 
0.134999997	 -0.102 	  -72.44 	 
0.135199997	 -0.102 	  -71.61 	 
0.135399997	 -0.100 	  -70.77 	 
0.135599997	 -0.100 	  -69.94 	 
0.135799997	 -0.100 	  -69.13 	 
0.135999997	 -0.099 	  -68.20 	 
0.136199997	 -0.098 	  -67.24 	 
0.136399997	 -0.097 	  -66.28 	 
0.136599997	 -0.097 	  -65.31 	 
0.136799997	 -0.095 	  -64.27 	 
0.136999997	 -0.095 	  -63.26 	 
0.137199997	 -0.094 	  -62.30 	 
0.137399997	 -0.093 	  -61.34 	 
0.137599997	 -0.092 	  -60.40 	 
0.137799997	 -0.091 	  -59.50 	 
0.137999997	 -0.089 	  -58.59 	 
0.138199997	 -0.090 	  -57.70 	 
0.138399997	 -0.088 	  -56.82 	 
0.138599996	 -0.087 	  -55.92 	 
0.138799996	 -0.086 	  -55.02 	 
0.138999996	 -0.085 	  -54.12 	 
0.139199996	 -0.084 	  -53.17 	 
0.139399996	 -0.083 	  -52.30 	 
0.139599996	 -0.083 	  -51.47 	 
0.139799996	 -0.082 	  -50.67 	 
0.139999996	 -0.081 	  -49.93 	 
0.140199996	 -0.080 	  -49.18 	 
0.140399996	 -0.078 	  -48.41 	 
0.140599996	 -0.077 	  -47.67 	 
0.140799996	 -0.077 	  -46.92 	 
0.140999996	 -0.076 	  -46.17 	 
0.141199996	 -0.075 	  -45.46 	 
0.141399996	 -0.075 	  -44.78 	 
0.141599996	 -0.073 	  -44.14 	 
0.141799996	 -0.072 	  -43.55 	 
0.141999996	 -0.072 	  -42.94 	 
0.142199996	 -0.071 	  -42.38 	 
0.142399996	 -0.070 	  -41.84 	 
0.142599996	 -0.070 	  -41.32 	 
0.142799996	 -0.069 	  -40.86 	 
0.142999996	 -0.067 	  -40.40 	 
0.143199996	 -0.067 	  -40.00 	 
0.143399996	 -0.067 	  -39.63 	 
0.143599996	 -0.066 	  -39.28 	 
0.143799996	 -0.066 	  -38.91 	 
0.143999996	 -0.065 	  -38.56 	 
0.144199996	 -0.064 	  -38.27 	 
0.144399996	 -0.064 	  -38.03 	 
0.144599996	 -0.063 	  -37.88 	 
0.144799996	 -0.063 	  -37.76 	 
0.144999996	 -0.062 	  -37.73 	 
0.145199996	 -0.062 	  -37.71 	 
0.145399996	 -0.061 	  -37.73 	 
0.145599996	 -0.062 	  -37.75 	 
0.145799996	 -0.062 	  -37.77 	 
0.145999996	 -0.061 	  -37.81 	 
0.146199996	 -0.061 	  -37.84 	 
0.146399996	 -0.061 	  -37.90 	 
0.146599996	 -0.062 	  -38.00 	 
0.146799996	 -0.061 	  -38.13 	 
0.146999996	 -0.061 	  -38.32 	 
0.147199996	 -0.061 	  -38.54 	 
0.147399996	 -0.061 	  -38.82 	 
0.147599996	 -0.061 	  -39.11 	 
0.147799996	 -0.062 	  -39.46 	 
0.147999996	 -0.062 	  -39.80 	 
0.148199996	 -0.062 	  -40.15 	 
0.148399996	 -0.062 	  -40.54 	 
0.148599996	 -0.062 	  -40.99 	 
0.148799996	 -0.062 	  -41.45 	 
0.148999996	 -0.063 	  -41.95 	 
0.149199996	 -0.064 	  -42.49 	 
0.149399996	 -0.064 	  -43.07 	 
0.149599996	 -0.064 	  -43.67 	 
0.149799996	 -0.065 	  -44.30 	 
0.149999996	 -0.066 	  -44.96 	 
0.150199996	 -0.066 	  -45.62 	 
0.150399996	 -0.067 	  -46.31 	 
0.150599996	 -0.066 	  -47.03 	 
0.150799996	 -0.068 	  -47.76 	 
0.150999996	 -0.069 	  -48.52 	 
0.151199996	 -0.069 	  -49.28 	 
0.151399996	 -0.070 	  -50.09 	 
0.151599996	 -0.070 	  -50.92 	 
0.151799996	 -0.071 	  -51.75 	 
0.151999996	 -0.072 	  -52.63 	 
0.152199996	 -0.073 	  -53.53 	 
0.152399996	 -0.074 	  -54.42 	 
0.152599996	 -0.075 	  -55.33 	 
0.152799996	 -0.076 	  -56.21 	 
0.152999996	 -0.076 	  -57.10 	 
0.153199996	 -0.077 	  -57.95 	 
0.153399996	 -0.078 	  -58.79 	 
0.153599996	 -0.079 	  -59.66 	 
0.153799996	 -0.080 	  -60.58 	 
0.153999996	 -0.081 	  -61.53 	 
0.154199996	 -0.081 	  -62.47 	 
0.154399996	 -0.083 	  -63.41 	 
0.154599996	 -0.084 	  -64.38 	 
0.154799996	 -0.085 	  -65.30 	 
0.154999996	 -0.085 	  -66.20 	 
0.155199996	 -0.087 	  -67.07 	 
0.155399996	 -0.088 	  -67.91 	 
0.155599996	 -0.088 	  -68.76 	 
0.155799996	 -0.089 	  -69.61 	 
0.155999996	 -0.091 	  -70.46 	 
0.156199996	 -0.091 	  -71.31 	 
0.156399996	 -0.092 	  -72.13 	 
0.156599996	 -0.092 	  -72.97 	 
0.156799996	 -0.094 	  -73.76 	 
0.156999996	 -0.094 	  -74.55 	 
0.157199996	 -0.096 	  -75.32 	 
0.157399996	 -0.097 	  -76.10 	 
0.157599996	 -0.097 	  -76.81 	 
0.157799996	 -0.098 	  -77.52 	 
0.157999996	 -0.099 	  -78.16 	 
0.158199996	 -0.100 	  -78.79 	 
0.158399996	 -0.101 	  -79.39 	 
0.158599996	 -0.101 	  -79.92 	 
0.158799996	 -0.102 	  -80.46 	 
0.158999996	 -0.103 	  -80.96 	 
0.159199996	 -0.104 	  -81.49 	 
0.159399996	 -0.104 	  -81.96 	 
0.159599996	 -0.105 	  -82.43 	 
0.159799996	 -0.105 	  -82.88 	 
0.159999996	 -0.106 	  -83.31 	 
0.160199996	 -0.106 	  -83.66 	 
0.160399996	 -0.106 	  -84.00 	 
0.160599996	 -0.107 	  -84.30 	 
0.160799996	 -0.108 	  -84.54 	 
0.160999996	 -0.108 	  -84.77 	 
0.161199996	 -0.109 	  -84.95 	 
0.161399996	 -0.109 	  -85.13 	 
0.161599996	 -0.109 	  -85.27 	 
0.161799996	 -0.109 	  -85.42 	 
0.161999996	 -0.109 	  -85.51 	 
0.162199996	 -0.109 	  -85.55 	 
0.162399996	 -0.110 	  -85.58 	 
0.162599996	 -0.110 	  -85.53 	 
0.162799996	 -0.110 	  -85.47 	 
0.162999996	 -0.110 	  -85.37 	 
0.163199996	 -0.110 	  -85.24 	 
0.163399996	 -0.110 	  -85.11 	 
0.163599996	 -0.110 	  -84.91 	 
0.163799996	 -0.110 	  -84.74 	 
0.163999996	 -0.109 	  -84.56 	 
0.164199996	 -0.109 	  -84.32 	 
0.164399996	 -0.109 	  -84.08 	 
0.164599996	 -0.109 	  -83.76 	 
0.164799996	 -0.109 	  -83.39 	 
0.164999996	 -0.109 	  -82.98 	 
0.165199996	 -0.109 	  -82.59 	 
0.165399996	 -0.109 	  -82.11 	 
0.165599996	 -0.108 	  -81.60 	 
0.165799996	 -0.109 	  -81.08 	 
0.165999996	 -0.108 	  -80.57 	 
0.166199996	 -0.107 	  -80.02 	 
0.166399996	 -0.107 	  -79.45 	 
0.166599996	 -0.107 	  -78.82 	 
0.166799996	 -0.107 	  -78.16 	 
0.166999996	 -0.106 	  -77.46 	 
0.167199996	 -0.105 	  -76.76 	 
0.167399996	 -0.105 	  -76.01 	 
0.167599996	 -0.105 	  -75.26 	 
0.167799996	 -0.104 	  -74.48 	 
0.167999996	 -0.103 	  -73.69 	 
0.168199996	 -0.103 	  -72.94 	 
0.168399996	 -0.102 	  -72.14 	 
0.168599996	 -0.101 	  -71.34 	 
0.168799996	 -0.101 	  -70.54 	 
0.168999996	 -0.101 	  -69.74 	 
0.169199996	 -0.099 	  -68.89 	 
0.169399996	 -0.098 	  -67.93 	 
0.169599996	 -0.097 	  -66.94 	 
0.169799996	 -0.097 	  -65.80 	 
0.169999996	 -0.096 	  -64.75 	 
0.170199996	 -0.095 	  -63.78 	 
0.170399996	 -0.094 	  -62.81 	 
0.170599996	 -0.094 	  -61.88 	 
0.170799996	 -0.092 	  -61.02 	 
0.170999996	 -0.092 	  -60.06 	 
0.171199996	 -0.091 	  -59.14 	 
0.171399996	 -0.090 	  -58.28 	 
0.171599996	 -0.090 	  -57.41 	 
0.171799996	 -0.088 	  -56.55 	 
0.171999996	 -0.087 	  -55.62 	 
0.172199996	 -0.086 	  -54.74 	 
0.172399996	 -0.085 	  -53.88 	 
0.172599996	 -0.085 	  -52.99 	 
0.172799996	 -0.084 	  -52.15 	 
0.172999996	 -0.083 	  -51.27 	 
0.173199996	 -0.082 	  -50.44 	 
0.173399996	 -0.080 	  -49.64 	 
0.173599996	 -0.080 	  -48.86 	 
0.173799996	 -0.079 	  -48.17 	 
0.173999996	 -0.078 	  -47.43 	 
0.174199996	 -0.077 	  -46.72 	 
0.174399996	 -0.076 	  -45.94 	 
0.174599996	 -0.076 	  -45.22 	 
0.174799996	 -0.074 	  -44.52 	 
0.174999996	 -0.074 	  -43.88 	 
0.175199996	 -0.072 	  -43.27 	 
0.175399996	 -0.071 	  -42.68 	 
0.175599996	 -0.071 	  -42.15 	 
0.175799996	 -0.069 	  -41.69 	 
0.175999996	 -0.070 	  -41.25 	 
0.176199996	 -0.068 	  -40.77 	 
0.176399996	 -0.067 	  -40.31 	 
0.176599996	 -0.067 	  -39.87 	 
0.176799996	 -0.066 	  -39.46 	 
0.176999996	 -0.066 	  -39.09 	 
0.177199996	 -0.065 	  -38.71 	 
0.177399996	 -0.065 	  -38.39 	 
0.177599996	 -0.064 	  -38.12 	 
0.177799996	 -0.064 	  -37.95 	 
0.177999996	 -0.063 	  -37.87 	 
0.178199995	 -0.063 	  -37.79 	 
0.178399995	 -0.062 	  -37.77 	 
0.178599995	 -0.062 	  -37.74 	 
0.178799995	 -0.062 	  -37.72 	 
0.178999995	 -0.061 	  -37.70 	 
0.179199995	 -0.061 	  -37.68 	 
0.179399995	 -0.062 	  -37.73 	 
0.179599995	 -0.061 	  -37.80 	 
0.179799995	 -0.061 	  -37.91 	 
0.179999995	 -0.061 	  -38.07 	 
0.180199995	 -0.061 	  -38.25 	 
0.180399995	 -0.061 	  -38.46 	 
0.180599995	 -0.061 	  -38.69 	 
0.180799995	 -0.061 	  -38.96 	 
0.180999995	 -0.062 	  -39.22 	 
0.181199995	 -0.062 	  -39.55 	 
0.181399995	 -0.062 	  -39.89 	 
0.181599995	 -0.062 	  -40.23 	 
0.181799995	 -0.063 	  -40.65 	 
0.181999995	 -0.063 	  -41.07 	 
0.182199995	 -0.063 	  -41.54 	 
0.182399995	 -0.063 	  -42.09 	 
0.182599995	 -0.064 	  -42.67 	 
0.182799995	 -0.064 	  -43.27 	 
0.182999995	 -0.064 	  -43.91 	 
0.183199995	 -0.065 	  -44.56 	 
0.183399995	 -0.066 	  -45.22 	 
0.183599995	 -0.066 	  -45.92 	 
0.183799995	 -0.066 	  -46.57 	 
0.183999995	 -0.067 	  -47.27 	 
0.184199995	 -0.068 	  -47.98 	 
0.184399995	 -0.069 	  -48.74 	 
0.184599995	 -0.070 	  -49.55 	 
0.184799995	 -0.070 	  -50.39 	 
0.184999995	 -0.071 	  -51.21 	 
0.185199995	 -0.071 	  -52.07 	 
0.185399995	 -0.072 	  -52.91 	 
0.185599995	 -0.073 	  -53.78 	 
0.185799995	 -0.073 	  -54.66 	 
0.185999995	 -0.075 	  -55.54 	 
0.186199995	 -0.076 	  -56.44 	 
0.186399995	 -0.076 	  -57.33 	 
0.186599995	 -0.078 	  -58.20 	 
0.186799995	 -0.078 	  -59.12 	 
0.186999995	 -0.080 	  -60.05 	 
0.187199995	 -0.081 	  -60.96 	 
0.187399995	 -0.081 	  -61.87 	 
0.187599995	 -0.082 	  -62.82 	 
0.187799995	 -0.083 	  -63.74 	 
0.187999995	 -0.084 	  -64.68 	 
0.188199995	 -0.085 	  -65.58 	 
0.188399995	 -0.086 	  -66.47 	 
0.188599995	 -0.087 	  -67.36 	 
0.188799995	 -0.088 	  -68.20 	 
0.188999995	 -0.089 	  -69.06 	 
0.189199995	 -0.090 	  -69.91 	 
0.189399995	 -0.091 	  -70.74 	 
0.189599995	 -0.092 	  -71.58 	 
0.189799995	 -0.093 	  -72.40 	 
0.189999995	 -0.093 	  -73.18 	 
0.190199995	 -0.094 	  -73.98 	 
0.190399995	 -0.095 	  -74.75 	 
0.190599995	 -0.096 	  -75.49 	 
0.190799995	 -0.097 	  -76.20 	 
0.190999995	 -0.098 	  -76.90 	 
0.191199995	 -0.099 	  -77.58 	 
0.191399995	 -0.099 	  -78.22 	 
0.191599995	 -0.099 	  -78.85 	 
0.191799995	 -0.102 	  -79.52 	 
0.191999995	 -0.102 	  -80.13 	 
0.192199995	 -0.102 	  -80.73 	 
0.192399995	 -0.103 	  -81.31 	 
0.192599995	 -0.103 	  -81.76 	 
0.192799995	 -0.104 	  -82.21 	 
0.192999995	 -0.105 	  -82.62 	 
0.193199995	 -0.106 	  -82.96 	 
0.193399995	 -0.106 	  -83.29 	 
0.193599995	 -0.106 	  -83.64 	 
0.193799995	 -0.106 	  -83.98 	 
0.193999995	 -0.107 	  -84.29 	 
0.194199995	 -0.108 	  -84.58 	 
0.194399995	 -0.108 	  -84.82 	 
0.194599995	 -0.108 	  -85.02 	 
0.194799995	 -0.108 	  -85.16 	 
0.194999995	 -0.108 	  -85.30 	 
0.195199995	 -0.109 	  -85.36 	 
0.195399995	 -0.109 	  -85.41 	 
0.195599995	 -0.110 	  -85.41 	 
0.195799995	 -0.109 	  -85.42 	 
0.195999995	 -0.110 	  -85.39 	 
0.196199995	 -0.110 	  -85.36 	 
0.196399995	 -0.110 	  -85.31 	 
0.196599995	 -0.110 	  -85.20 	 
0.196799995	 -0.110 	  -85.08 	 
0.196999995	 -0.110 	  -84.91 	 
0.197199995	 -0.110 	  -84.69 	 
0.197399995	 -0.110 	  -84.43 	 
0.197599995	 -0.110 	  -84.14 	 
0.197799995	 -0.110 	  -83.85 	 
0.197999995	 -0.110 	  -83.51 	 
0.198199995	 -0.110 	  -83.16 	 
0.198399995	 -0.109 	  -82.77 	 
0.198599995	 -0.109 	  -82.37 	 
0.198799995	 -0.108 	  -81.90 	 
0.198999995	 -0.109 	  -81.41 	 
0.199199995	 -0.108 	  -80.88 	 
0.199399995	 -0.108 	  -80.35 	 
0.199599995	 -0.107 	  -79.75 	 
0.199799995	 -0.106 	  -79.15 	 
0.199999995	 -0.107 	  -78.51 	 
0.200199995	 -0.106 	  -77.85 	 
0.200399995	 -0.106 	  -77.16 	 
0.200599995	 -0.106 	  -76.44 	 
0.200799995	 -0.104 	  -75.73 	 
0.200999995	 -0.104 	  -74.98 	 
0.201199995	 -0.103 	  -74.24 	 
0.201399995	 -0.103 	  -73.47 	 
0.201599995	 -0.102 	  -72.65 	 
0.201799995	 -0.102 	  -71.85 	 
0.201999995	 -0.101 	  -70.98 	 
0.202199995	 -0.100 	  -70.16 	 
0.202399995	 -0.100 	  -69.35 	 
0.202599995	 -0.099 	  -68.46 	 
0.202799995	 -0.099 	  -67.44 	 
0.202999995	 -0.098 	  -66.45 	 
0.203199995	 -0.097 	  -65.40 	 
0.203399995	 -0.095 	  -64.44 	 
0.203599995	 -0.095 	  -63.48 	 
0.203799995	 -0.094 	  -62.53 	 
0.203999995	 -0.093 	  -61.66 	 
0.204199995	 -0.093 	  -60.76 	 
0.204399995	 -0.092 	  -59.84 	 
0.204599995	 -0.091 	  -58.93 	 
