0.000000000	 -0.577 	  -84.01 	 
0.000200000	 -0.577 	  -83.53 	 
0.000400000	 -0.576 	  -82.94 	 
0.000600000	 -0.576 	  -82.28 	 
0.000800000	 -0.576 	  -81.52 	 
0.001000000	 -0.575 	  -80.67 	 
0.001200000	 -0.574 	  -79.75 	 
0.001400000	 -0.574 	  -78.75 	 
0.001600000	 -0.573 	  -77.72 	 
0.001800000	 -0.572 	  -76.69 	 
0.002000000	 -0.572 	  -75.58 	 
0.002200000	 -0.571 	  -74.32 	 
0.002400000	 -0.570 	  -72.94 	 
0.002600000	 -0.570 	  -71.39 	 
0.002800000	 -0.569 	  -69.81 	 
0.003000000	 -0.567 	  -68.17 	 
0.003200000	 -0.567 	  -66.61 	 
0.003400000	 -0.565 	  -65.07 	 
0.003600000	 -0.564 	  -63.66 	 
0.003800000	 -0.563 	  -62.21 	 
0.004000000	 -0.562 	  -60.85 	 
0.004200000	 -0.560 	  -59.36 	 
0.004400000	 -0.559 	  -57.93 	 
0.004600000	 -0.557 	  -56.35 	 
0.004800000	 -0.556 	  -54.86 	 
0.005000000	 -0.554 	  -53.40 	 
0.005200000	 -0.553 	  -52.02 	 
0.005400000	 -0.552 	  -50.68 	 
0.005600000	 -0.550 	  -49.35 	 
0.005800000	 -0.549 	  -48.06 	 
0.006000000	 -0.548 	  -46.82 	 
0.006200000	 -0.546 	  -45.65 	 
0.006400000	 -0.545 	  -44.54 	 
0.006600000	 -0.544 	  -43.42 	 
0.006800000	 -0.542 	  -42.39 	 
0.007000000	 -0.541 	  -41.43 	 
0.007200000	 -0.540 	  -40.61 	 
0.007400000	 -0.538 	  -39.88 	 
0.007600000	 -0.538 	  -39.26 	 
0.007800000	 -0.535 	  -38.78 	 
0.008000000	 -0.535 	  -38.43 	 
0.008200000	 -0.534 	  -38.15 	 
0.008400000	 -0.534 	  -37.91 	 
0.008600000	 -0.534 	  -37.76 	 
0.008800000	 -0.533 	  -37.71 	 
0.009000000	 -0.533 	  -37.79 	 
0.009200000	 -0.533 	  -37.99 	 
0.009400000	 -0.532 	  -38.28 	 
0.009600000	 -0.533 	  -38.69 	 
0.009800000	 -0.532 	  -39.18 	 
0.010000000	 -0.533 	  -39.71 	 
0.010200000	 -0.533 	  -40.29 	 
0.010400000	 -0.533 	  -40.93 	 
0.010600000	 -0.534 	  -41.61 	 
0.010800000	 -0.535 	  -42.35 	 
0.011000000	 -0.536 	  -43.20 	 
0.011200000	 -0.536 	  -44.15 	 
0.011400000	 -0.536 	  -45.17 	 
0.011600000	 -0.537 	  -46.28 	 
0.011800000	 -0.538 	  -47.42 	 
0.012000000	 -0.539 	  -48.68 	 
0.012200000	 -0.540 	  -49.97 	 
0.012400000	 -0.541 	  -51.31 	 
0.012600000	 -0.542 	  -52.69 	 
0.012800000	 -0.544 	  -54.17 	 
0.013000000	 -0.545 	  -55.67 	 
0.013200000	 -0.546 	  -57.22 	 
0.013400000	 -0.547 	  -58.78 	 
0.013600000	 -0.549 	  -60.34 	 
0.013800000	 -0.550 	  -61.88 	 
0.014000000	 -0.551 	  -63.41 	 
0.014200000	 -0.552 	  -64.91 	 
0.014400000	 -0.554 	  -66.39 	 
0.014600000	 -0.555 	  -67.86 	 
0.014800000	 -0.556 	  -69.30 	 
0.015000000	 -0.558 	  -70.72 	 
0.015200000	 -0.559 	  -72.13 	 
0.015400000	 -0.561 	  -73.50 	 
0.015600000	 -0.563 	  -74.81 	 
0.015800000	 -0.564 	  -76.06 	 
0.016000000	 -0.566 	  -77.24 	 
0.016200000	 -0.567 	  -78.35 	 
0.016400000	 -0.568 	  -79.37 	 
0.016600000	 -0.569 	  -80.31 	 
0.016800000	 -0.570 	  -81.18 	 
0.017000000	 -0.572 	  -81.97 	 
0.017200000	 -0.572 	  -82.71 	 
0.017400000	 -0.573 	  -83.39 	 
0.017600000	 -0.574 	  -83.97 	 
0.017800000	 -0.574 	  -84.48 	 
0.018000000	 -0.576 	  -84.89 	 
0.018200000	 -0.576 	  -85.19 	 
0.018400000	 -0.576 	  -85.37 	 
0.018600000	 -0.577 	  -85.47 	 
0.018800000	 -0.576 	  -85.49 	 
0.019000000	 -0.577 	  -85.41 	 
0.019200000	 -0.577 	  -85.28 	 
0.019400000	 -0.577 	  -85.04 	 
0.019600000	 -0.578 	  -84.77 	 
0.019799999	 -0.578 	  -84.42 	 
0.019999999	 -0.577 	  -84.01 	 
0.020199999	 -0.577 	  -83.53 	 
0.020399999	 -0.576 	  -82.96 	 
0.020599999	 -0.575 	  -82.28 	 
0.020799999	 -0.575 	  -81.53 	 
0.020999999	 -0.574 	  -80.69 	 
0.021199999	 -0.575 	  -79.76 	 
0.021399999	 -0.574 	  -78.77 	 
0.021599999	 -0.573 	  -77.76 	 
0.021799999	 -0.573 	  -76.69 	 
0.021999999	 -0.572 	  -75.58 	 
0.022199999	 -0.572 	  -74.31 	 
0.022399999	 -0.571 	  -72.88 	 
0.022599999	 -0.570 	  -71.30 	 
0.022799999	 -0.569 	  -69.74 	 
0.022999999	 -0.568 	  -68.13 	 
0.023199999	 -0.566 	  -66.60 	 
0.023399999	 -0.565 	  -65.11 	 
0.023599999	 -0.564 	  -63.69 	 
0.023799999	 -0.562 	  -62.23 	 
0.023999999	 -0.561 	  -60.84 	 
0.024199999	 -0.560 	  -59.35 	 
0.024399999	 -0.558 	  -57.93 	 
0.024599999	 -0.557 	  -56.38 	 
0.024799999	 -0.556 	  -54.86 	 
0.024999999	 -0.555 	  -53.41 	 
0.025199999	 -0.553 	  -52.01 	 
0.025399999	 -0.551 	  -50.66 	 
0.025599999	 -0.550 	  -49.34 	 
0.025799999	 -0.549 	  -48.06 	 
0.025999999	 -0.548 	  -46.82 	 
0.026199999	 -0.546 	  -45.68 	 
0.026399999	 -0.545 	  -44.49 	 
0.026599999	 -0.544 	  -43.37 	 
0.026799999	 -0.542 	  -42.30 	 
0.026999999	 -0.541 	  -41.36 	 
0.027199999	 -0.539 	  -40.47 	 
0.027399999	 -0.539 	  -39.77 	 
0.027599999	 -0.538 	  -39.22 	 
0.027799999	 -0.537 	  -38.79 	 
0.027999999	 -0.535 	  -38.44 	 
0.028199999	 -0.535 	  -38.14 	 
0.028399999	 -0.534 	  -37.95 	 
0.028599999	 -0.533 	  -37.78 	 
0.028799999	 -0.533 	  -37.77 	 
0.028999999	 -0.533 	  -37.86 	 
0.029199999	 -0.533 	  -38.05 	 
0.029399999	 -0.533 	  -38.34 	 
0.029599999	 -0.533 	  -38.73 	 
0.029799999	 -0.533 	  -39.22 	 
0.029999999	 -0.533 	  -39.73 	 
0.030199999	 -0.534 	  -40.30 	 
0.030399999	 -0.534 	  -40.91 	 
0.030599999	 -0.534 	  -41.61 	 
0.030799999	 -0.534 	  -42.35 	 
0.030999999	 -0.534 	  -43.21 	 
0.031199999	 -0.536 	  -44.16 	 
0.031399999	 -0.536 	  -45.18 	 
0.031599999	 -0.537 	  -46.28 	 
0.031799999	 -0.538 	  -47.46 	 
0.031999999	 -0.538 	  -48.68 	 
0.032199999	 -0.540 	  -49.96 	 
0.032399999	 -0.541 	  -51.29 	 
0.032599999	 -0.542 	  -52.69 	 
0.032799999	 -0.543 	  -54.16 	 
0.032999999	 -0.545 	  -55.70 	 
0.033199999	 -0.546 	  -57.22 	 
0.033399999	 -0.547 	  -58.79 	 
0.033599999	 -0.549 	  -60.36 	 
0.033799999	 -0.550 	  -61.92 	 
0.033999999	 -0.552 	  -63.44 	 
0.034199999	 -0.553 	  -64.93 	 
0.034399999	 -0.555 	  -66.41 	 
0.034599999	 -0.555 	  -67.86 	 
0.034799999	 -0.557 	  -69.32 	 
0.034999999	 -0.558 	  -70.71 	 
0.035199999	 -0.560 	  -72.12 	 
0.035399999	 -0.562 	  -73.48 	 
0.035599999	 -0.562 	  -74.78 	 
0.035799999	 -0.564 	  -76.04 	 
0.035999999	 -0.566 	  -77.24 	 
0.036199999	 -0.567 	  -78.33 	 
0.036399999	 -0.568 	  -79.39 	 
0.036599999	 -0.570 	  -80.32 	 
0.036799999	 -0.570 	  -81.18 	 
0.036999999	 -0.572 	  -82.00 	 
0.037199999	 -0.572 	  -82.72 	 
0.037399999	 -0.573 	  -83.38 	 
0.037599999	 -0.574 	  -84.00 	 
0.037799999	 -0.575 	  -84.48 	 
0.037999999	 -0.575 	  -84.87 	 
0.038199999	 -0.576 	  -85.17 	 
0.038399999	 -0.575 	  -85.36 	 
0.038599999	 -0.576 	  -85.48 	 
0.038799999	 -0.577 	  -85.48 	 
0.038999999	 -0.576 	  -85.41 	 
0.039199999	 -0.576 	  -85.29 	 
0.039399999	 -0.577 	  -85.06 	 
0.039599999	 -0.576 	  -84.78 	 
0.039799999	 -0.577 	  -84.45 	 
0.039999999	 -0.576 	  -84.03 	 
0.040199999	 -0.576 	  -83.51 	 
0.040399999	 -0.576 	  -82.92 	 
0.040599999	 -0.575 	  -82.24 	 
0.040799999	 -0.576 	  -81.47 	 
0.040999999	 -0.575 	  -80.64 	 
0.041199999	 -0.575 	  -79.74 	 
0.041399999	 -0.574 	  -78.75 	 
0.041599999	 -0.573 	  -77.76 	 
0.041799999	 -0.573 	  -76.71 	 
0.041999999	 -0.573 	  -75.55 	 
0.042199999	 -0.572 	  -74.26 	 
0.042399999	 -0.571 	  -72.86 	 
0.042599999	 -0.570 	  -71.34 	 
0.042799999	 -0.569 	  -69.77 	 
0.042999999	 -0.568 	  -68.19 	 
0.043199999	 -0.567 	  -66.65 	 
0.043399999	 -0.565 	  -65.14 	 
0.043599999	 -0.564 	  -63.74 	 
0.043799999	 -0.562 	  -62.29 	 
0.043999999	 -0.561 	  -60.91 	 
0.044199999	 -0.560 	  -59.42 	 
0.044399999	 -0.559 	  -57.96 	 
0.044599999	 -0.557 	  -56.33 	 
0.044799999	 -0.556 	  -54.82 	 
0.044999999	 -0.555 	  -53.37 	 
0.045199999	 -0.553 	  -51.88 	 
0.045399999	 -0.552 	  -50.48 	 
0.045599999	 -0.550 	  -49.17 	 
0.045799999	 -0.549 	  -47.85 	 
0.045999999	 -0.548 	  -46.61 	 
0.046199999	 -0.546 	  -45.46 	 
0.046399999	 -0.545 	  -44.32 	 
0.046599999	 -0.543 	  -43.29 	 
0.046799999	 -0.542 	  -42.31 	 
0.046999999	 -0.541 	  -41.41 	 
0.047199999	 -0.539 	  -40.62 	 
0.047399999	 -0.538 	  -39.97 	 
0.047599999	 -0.537 	  -39.39 	 
0.047799999	 -0.536 	  -38.89 	 
0.047999999	 -0.536 	  -38.46 	 
0.048199999	 -0.534 	  -38.12 	 
0.048399999	 -0.534 	  -37.85 	 
0.048599999	 -0.533 	  -37.71 	 
0.048799999	 -0.533 	  -37.68 	 
0.048999999	 -0.532 	  -37.81 	 
0.049199999	 -0.533 	  -38.06 	 
0.049399999	 -0.532 	  -38.39 	 
0.049599999	 -0.532 	  -38.81 	 
0.049799999	 -0.533 	  -39.28 	 
0.049999999	 -0.533 	  -39.80 	 
0.050199999	 -0.533 	  -40.33 	 
0.050399999	 -0.534 	  -40.93 	 
0.050599999	 -0.534 	  -41.56 	 
0.050799999	 -0.535 	  -42.29 	 
0.050999999	 -0.535 	  -43.15 	 
0.051199999	 -0.536 	  -44.12 	 
0.051399999	 -0.536 	  -45.18 	 
0.051599999	 -0.537 	  -46.30 	 
0.051799999	 -0.537 	  -47.48 	 
0.051999999	 -0.538 	  -48.71 	 
0.052199999	 -0.540 	  -49.99 	 
0.052399999	 -0.541 	  -51.32 	 
0.052599999	 -0.542 	  -52.74 	 
0.052799999	 -0.543 	  -54.18 	 
0.052999999	 -0.545 	  -55.69 	 
0.053199999	 -0.546 	  -57.25 	 
0.053399999	 -0.547 	  -58.79 	 
0.053599999	 -0.549 	  -60.35 	 
0.053799999	 -0.550 	  -61.88 	 
0.053999999	 -0.551 	  -63.41 	 
0.054199999	 -0.553 	  -64.90 	 
0.054399999	 -0.555 	  -66.37 	 
0.054599999	 -0.556 	  -67.84 	 
0.054799999	 -0.558 	  -69.29 	 
0.054999999	 -0.559 	  -70.72 	 
0.055199999	 -0.561 	  -72.13 	 
0.055399999	 -0.562 	  -73.50 	 
0.055599999	 -0.563 	  -74.83 	 
0.055799999	 -0.565 	  -76.06 	 
0.055999999	 -0.565 	  -77.25 	 
0.056199999	 -0.567 	  -78.36 	 
0.056399999	 -0.568 	  -79.39 	 
0.056599999	 -0.568 	  -80.31 	 
0.056799999	 -0.570 	  -81.18 	 
0.056999999	 -0.571 	  -81.97 	 
0.057199999	 -0.572 	  -82.71 	 
0.057399999	 -0.572 	  -83.36 	 
0.057599999	 -0.574 	  -83.95 	 
0.057799999	 -0.574 	  -84.46 	 
0.057999999	 -0.575 	  -84.85 	 
0.058199999	 -0.576 	  -85.16 	 
0.058399999	 -0.576 	  -85.36 	 
0.058599999	 -0.577 	  -85.48 	 
0.058799999	 -0.576 	  -85.52 	 
0.058999999	 -0.577 	  -85.46 	 
0.059199999	 -0.577 	  -85.33 	 
0.059399998	 -0.576 	  -85.06 	 
0.059599998	 -0.577 	  -84.78 	 
0.059799998	 -0.576 	  -84.44 	 
0.059999998	 -0.577 	  -84.03 	 
0.060199998	 -0.576 	  -83.49 	 
0.060399998	 -0.576 	  -82.91 	 
0.060599998	 -0.576 	  -82.25 	 
0.060799998	 -0.576 	  -81.48 	 
0.060999998	 -0.575 	  -80.64 	 
0.061199998	 -0.575 	  -79.74 	 
0.061399998	 -0.574 	  -78.75 	 
0.061599998	 -0.574 	  -77.74 	 
0.061799998	 -0.573 	  -76.70 	 
0.061999998	 -0.572 	  -75.58 	 
0.062199998	 -0.571 	  -74.30 	 
0.062399998	 -0.570 	  -72.85 	 
0.062599998	 -0.570 	  -71.34 	 
0.062799998	 -0.569 	  -69.79 	 
0.062999998	 -0.568 	  -68.19 	 
0.063199998	 -0.567 	  -66.64 	 
0.063399998	 -0.565 	  -65.11 	 
0.063599998	 -0.565 	  -63.67 	 
0.063799998	 -0.563 	  -62.22 	 
0.063999998	 -0.562 	  -60.85 	 
0.064199998	 -0.560 	  -59.35 	 
0.064399998	 -0.558 	  -57.93 	 
0.064599998	 -0.558 	  -56.34 	 
0.064799998	 -0.556 	  -54.84 	 
0.064999998	 -0.554 	  -53.40 	 
0.065199998	 -0.554 	  -51.91 	 
0.065399998	 -0.552 	  -50.52 	 
0.065599998	 -0.550 	  -49.19 	 
0.065799998	 -0.549 	  -47.88 	 
0.065999998	 -0.547 	  -46.64 	 
0.066199998	 -0.546 	  -45.44 	 
0.066399998	 -0.545 	  -44.31 	 
0.066599998	 -0.543 	  -43.25 	 
0.066799998	 -0.541 	  -42.31 	 
0.066999998	 -0.541 	  -41.39 	 
0.067199998	 -0.539 	  -40.62 	 
0.067399998	 -0.539 	  -39.95 	 
0.067599998	 -0.537 	  -39.39 	 
0.067799998	 -0.536 	  -38.91 	 
0.067999998	 -0.536 	  -38.57 	 
0.068199998	 -0.535 	  -38.28 	 
0.068399998	 -0.534 	  -38.03 	 
0.068599998	 -0.534 	  -37.84 	 
0.068799998	 -0.533 	  -37.73 	 
0.068999998	 -0.532 	  -37.79 	 
0.069199998	 -0.533 	  -37.97 	 
0.069399998	 -0.532 	  -38.28 	 
0.069599998	 -0.532 	  -38.66 	 
0.069799998	 -0.532 	  -39.18 	 
0.069999998	 -0.533 	  -39.74 	 
0.070199998	 -0.534 	  -40.33 	 
0.070399998	 -0.533 	  -40.95 	 
0.070599998	 -0.534 	  -41.61 	 
0.070799998	 -0.535 	  -42.37 	 
0.070999998	 -0.535 	  -43.19 	 
0.071199998	 -0.536 	  -44.12 	 
0.071399998	 -0.536 	  -45.13 	 
0.071599998	 -0.538 	  -46.24 	 
0.071799998	 -0.538 	  -47.41 	 
0.071999998	 -0.539 	  -48.66 	 
0.072199998	 -0.540 	  -49.95 	 
0.072399998	 -0.541 	  -51.30 	 
0.072599998	 -0.542 	  -52.72 	 
0.072799998	 -0.543 	  -54.21 	 
0.072999998	 -0.544 	  -55.70 	 
0.073199998	 -0.546 	  -57.24 	 
0.073399998	 -0.547 	  -58.79 	 
0.073599998	 -0.548 	  -60.34 	 
0.073799998	 -0.550 	  -61.90 	 
0.073999998	 -0.551 	  -63.41 	 
0.074199998	 -0.553 	  -64.92 	 
0.074399998	 -0.555 	  -66.39 	 
0.074599998	 -0.555 	  -67.82 	 
0.074799998	 -0.557 	  -69.26 	 
0.074999998	 -0.558 	  -70.68 	 
0.075199998	 -0.560 	  -72.09 	 
0.075399998	 -0.561 	  -73.46 	 
0.075599998	 -0.563 	  -74.78 	 
0.075799998	 -0.565 	  -76.05 	 
0.075999998	 -0.566 	  -77.24 	 
0.076199998	 -0.567 	  -78.36 	 
0.076399998	 -0.568 	  -79.41 	 
0.076599998	 -0.569 	  -80.34 	 
0.076799998	 -0.570 	  -81.22 	 
0.076999998	 -0.572 	  -82.00 	 
0.077199998	 -0.572 	  -82.73 	 
0.077399998	 -0.573 	  -83.38 	 
0.077599998	 -0.573 	  -83.96 	 
0.077799998	 -0.574 	  -84.46 	 
0.077999998	 -0.574 	  -84.83 	 
0.078199998	 -0.576 	  -85.16 	 
0.078399998	 -0.576 	  -85.36 	 
0.078599998	 -0.576 	  -85.46 	 
0.078799998	 -0.577 	  -85.50 	 
0.078999998	 -0.577 	  -85.44 	 
0.079199998	 -0.577 	  -85.29 	 
0.079399998	 -0.577 	  -85.05 	 
0.079599998	 -0.577 	  -84.80 	 
0.079799998	 -0.577 	  -84.44 	 
0.079999998	 -0.577 	  -84.03 	 
0.080199998	 -0.577 	  -83.51 	 
0.080399998	 -0.576 	  -82.93 	 
0.080599998	 -0.576 	  -82.26 	 
0.080799998	 -0.576 	  -81.50 	 
0.080999998	 -0.575 	  -80.65 	 
0.081199998	 -0.574 	  -79.73 	 
0.081399998	 -0.573 	  -78.73 	 
0.081599998	 -0.573 	  -77.73 	 
0.081799998	 -0.573 	  -76.68 	 
0.081999998	 -0.572 	  -75.58 	 
0.082199998	 -0.572 	  -74.32 	 
0.082399998	 -0.571 	  -72.90 	 
0.082599998	 -0.570 	  -71.36 	 
0.082799998	 -0.569 	  -69.81 	 
0.082999998	 -0.567 	  -68.28 	 
0.083199998	 -0.566 	  -66.76 	 
0.083399998	 -0.565 	  -65.23 	 
0.083599998	 -0.564 	  -63.70 	 
0.083799998	 -0.563 	  -62.16 	 
0.083999998	 -0.561 	  -60.72 	 
0.084199998	 -0.560 	  -59.22 	 
0.084399998	 -0.559 	  -57.80 	 
0.084599998	 -0.558 	  -56.27 	 
0.084799998	 -0.556 	  -54.80 	 
0.084999998	 -0.555 	  -53.36 	 
0.085199998	 -0.554 	  -52.02 	 
0.085399998	 -0.553 	  -50.68 	 
0.085599998	 -0.551 	  -49.36 	 
0.085799998	 -0.549 	  -48.10 	 
0.085999998	 -0.547 	  -46.84 	 
0.086199998	 -0.546 	  -45.66 	 
0.086399998	 -0.545 	  -44.56 	 
0.086599998	 -0.543 	  -43.42 	 
0.086799998	 -0.542 	  -42.38 	 
0.086999998	 -0.541 	  -41.41 	 
0.087199998	 -0.540 	  -40.55 	 
0.087399998	 -0.538 	  -39.83 	 
0.087599998	 -0.537 	  -39.20 	 
0.087799998	 -0.536 	  -38.76 	 
0.087999998	 -0.536 	  -38.46 	 
0.088199998	 -0.535 	  -38.20 	 
0.088399998	 -0.534 	  -37.97 	 
0.088599998	 -0.534 	  -37.81 	 
0.088799998	 -0.533 	  -37.75 	 
0.088999998	 -0.533 	  -37.77 	 
0.089199998	 -0.532 	  -37.95 	 
0.089399998	 -0.533 	  -38.24 	 
0.089599998	 -0.532 	  -38.64 	 
0.089799998	 -0.533 	  -39.12 	 
0.089999998	 -0.533 	  -39.68 	 
0.090199998	 -0.534 	  -40.28 	 
0.090399998	 -0.534 	  -40.93 	 
0.090599998	 -0.534 	  -41.59 	 
0.090799998	 -0.535 	  -42.37 	 
0.090999998	 -0.535 	  -43.19 	 
0.091199998	 -0.536 	  -44.13 	 
0.091399998	 -0.536 	  -45.15 	 
0.091599998	 -0.537 	  -46.23 	 
0.091799998	 -0.538 	  -47.40 	 
0.091999998	 -0.539 	  -48.65 	 
0.092199998	 -0.540 	  -49.95 	 
0.092399998	 -0.540 	  -51.29 	 
0.092599998	 -0.541 	  -52.69 	 
0.092799998	 -0.543 	  -54.16 	 
0.092999998	 -0.544 	  -55.67 	 
0.093199998	 -0.546 	  -57.21 	 
0.093399998	 -0.548 	  -58.78 	 
0.093599998	 -0.548 	  -60.32 	 
0.093799998	 -0.550 	  -61.88 	 
0.093999998	 -0.552 	  -63.41 	 
0.094199998	 -0.553 	  -64.94 	 
0.094399998	 -0.555 	  -66.41 	 
0.094599998	 -0.556 	  -67.86 	 
0.094799998	 -0.557 	  -69.30 	 
0.094999998	 -0.558 	  -70.71 	 
0.095199998	 -0.559 	  -72.11 	 
0.095399998	 -0.562 	  -73.46 	 
0.095599998	 -0.562 	  -74.76 	 
0.095799998	 -0.564 	  -76.01 	 
0.095999998	 -0.565 	  -77.20 	 
0.096199998	 -0.566 	  -78.31 	 
0.096399998	 -0.568 	  -79.36 	 
0.096599998	 -0.569 	  -80.30 	 
0.096799998	 -0.570 	  -81.19 	 
0.096999998	 -0.572 	  -81.97 	 
0.097199998	 -0.572 	  -82.72 	 
0.097399998	 -0.573 	  -83.38 	 
0.097599998	 -0.573 	  -83.95 	 
0.097799998	 -0.574 	  -84.44 	 
0.097999998	 -0.575 	  -84.82 	 
0.098199998	 -0.576 	  -85.13 	 
0.098399998	 -0.576 	  -85.33 	 
0.098599998	 -0.576 	  -85.43 	 
0.098799998	 -0.576 	  -85.46 	 
0.098999997	 -0.577 	  -85.41 	 
0.099199997	 -0.577 	  -85.28 	 
0.099399997	 -0.577 	  -85.08 	 
0.099599997	 -0.577 	  -84.78 	 
0.099799997	 -0.577 	  -84.43 	 
0.099999997	 -0.577 	  -84.01 	 
0.100199997	 -0.576 	  -83.48 	 
0.100399997	 -0.576 	  -82.91 	 
0.100599997	 -0.576 	  -82.24 	 
0.100799997	 -0.576 	  -81.47 	 
0.100999997	 -0.575 	  -80.64 	 
0.101199997	 -0.574 	  -79.72 	 
0.101399997	 -0.574 	  -78.75 	 
0.101599997	 -0.573 	  -77.74 	 
0.101799997	 -0.572 	  -76.71 	 
0.101999997	 -0.572 	  -75.60 	 
0.102199997	 -0.572 	  -74.31 	 
0.102399997	 -0.570 	  -72.93 	 
0.102599997	 -0.570 	  -71.36 	 
0.102799997	 -0.569 	  -69.77 	 
0.102999997	 -0.567 	  -68.19 	 
0.103199997	 -0.566 	  -66.63 	 
0.103399997	 -0.565 	  -65.09 	 
0.103599997	 -0.564 	  -63.59 	 
0.103799997	 -0.563 	  -62.14 	 
0.103999997	 -0.562 	  -60.76 	 
0.104199997	 -0.560 	  -59.29 	 
0.104399997	 -0.559 	  -57.86 	 
0.104599997	 -0.557 	  -56.35 	 
0.104799997	 -0.556 	  -54.89 	 
0.104999997	 -0.555 	  -53.35 	 
0.105199997	 -0.553 	  -51.91 	 
0.105399997	 -0.552 	  -50.50 	 
0.105599997	 -0.551 	  -49.19 	 
0.105799997	 -0.549 	  -47.95 	 
0.105999997	 -0.547 	  -46.77 	 
0.106199997	 -0.546 	  -45.62 	 
0.106399997	 -0.545 	  -44.54 	 
0.106599997	 -0.544 	  -43.47 	 
0.106799997	 -0.543 	  -42.44 	 
0.106999997	 -0.541 	  -41.45 	 
0.107199997	 -0.540 	  -40.62 	 
0.107399997	 -0.538 	  -39.86 	 
0.107599997	 -0.537 	  -39.25 	 
0.107799997	 -0.536 	  -38.80 	 
0.107999997	 -0.536 	  -38.44 	 
0.108199997	 -0.534 	  -38.14 	 
0.108399997	 -0.534 	  -37.87 	 
0.108599997	 -0.533 	  -37.69 	 
0.108799997	 -0.532 	  -37.67 	 
0.108999997	 -0.533 	  -37.77 	 
0.109199997	 -0.533 	  -37.97 	 
0.109399997	 -0.533 	  -38.28 	 
0.109599997	 -0.532 	  -38.69 	 
0.109799997	 -0.533 	  -39.15 	 
0.109999997	 -0.533 	  -39.69 	 
0.110199997	 -0.533 	  -40.27 	 
0.110399997	 -0.534 	  -40.91 	 
0.110599997	 -0.534 	  -41.59 	 
0.110799997	 -0.534 	  -42.35 	 
0.110999997	 -0.534 	  -43.19 	 
0.111199997	 -0.535 	  -44.13 	 
0.111399997	 -0.536 	  -45.15 	 
0.111599997	 -0.538 	  -46.27 	 
0.111799997	 -0.538 	  -47.44 	 
0.111999997	 -0.539 	  -48.65 	 
0.112199997	 -0.540 	  -49.95 	 
0.112399997	 -0.540 	  -51.30 	 
0.112599997	 -0.541 	  -52.74 	 
0.112799997	 -0.543 	  -54.18 	 
0.112999997	 -0.545 	  -55.70 	 
0.113199997	 -0.546 	  -57.23 	 
0.113399997	 -0.548 	  -58.76 	 
0.113599997	 -0.549 	  -60.33 	 
0.113799997	 -0.550 	  -61.88 	 
0.113999997	 -0.552 	  -63.43 	 
0.114199997	 -0.554 	  -64.93 	 
0.114399997	 -0.554 	  -66.41 	 
0.114599997	 -0.555 	  -67.86 	 
0.114799997	 -0.557 	  -69.30 	 
0.114999997	 -0.558 	  -70.74 	 
0.115199997	 -0.560 	  -72.13 	 
0.115399997	 -0.561 	  -73.48 	 
0.115599997	 -0.563 	  -74.79 	 
0.115799997	 -0.564 	  -76.07 	 
0.115999997	 -0.566 	  -77.25 	 
0.116199997	 -0.567 	  -78.36 	 
0.116399997	 -0.568 	  -79.37 	 
0.116599997	 -0.570 	  -80.32 	 
0.116799997	 -0.570 	  -81.19 	 
0.116999997	 -0.571 	  -81.98 	 
0.117199997	 -0.572 	  -82.73 	 
0.117399997	 -0.573 	  -83.37 	 
0.117599997	 -0.574 	  -83.97 	 
0.117799997	 -0.574 	  -84.47 	 
0.117999997	 -0.575 	  -84.86 	 
0.118199997	 -0.576 	  -85.18 	 
0.118399997	 -0.576 	  -85.39 	 
0.118599997	 -0.577 	  -85.49 	 
0.118799997	 -0.577 	  -85.51 	 
0.118999997	 -0.577 	  -85.44 	 
0.119199997	 -0.577 	  -85.30 	 
0.119399997	 -0.577 	  -85.08 	 
0.119599997	 -0.576 	  -84.78 	 
0.119799997	 -0.577 	  -84.43 	 
0.119999997	 -0.577 	  -84.03 	 
0.120199997	 -0.576 	  -83.53 	 
0.120399997	 -0.576 	  -83.00 	 
0.120599997	 -0.576 	  -82.31 	 
0.120799997	 -0.576 	  -81.55 	 
0.120999997	 -0.576 	  -80.70 	 
0.121199997	 -0.575 	  -79.76 	 
0.121399997	 -0.574 	  -78.77 	 
0.121599997	 -0.574 	  -77.76 	 
0.121799997	 -0.573 	  -76.73 	 
0.121999997	 -0.572 	  -75.62 	 
0.122199997	 -0.572 	  -74.28 	 
0.122399997	 -0.571 	  -72.82 	 
0.122599997	 -0.570 	  -71.23 	 
0.122799997	 -0.569 	  -69.66 	 
0.122999997	 -0.567 	  -68.10 	 
0.123199997	 -0.566 	  -66.61 	 
0.123399997	 -0.565 	  -65.12 	 
0.123599997	 -0.563 	  -63.72 	 
0.123799997	 -0.562 	  -62.25 	 
0.123999997	 -0.561 	  -60.86 	 
0.124199997	 -0.560 	  -59.36 	 
0.124399997	 -0.559 	  -57.93 	 
0.124599997	 -0.557 	  -56.42 	 
0.124799997	 -0.556 	  -54.90 	 
0.124999997	 -0.554 	  -53.41 	 
0.125199997	 -0.553 	  -51.98 	 
0.125399997	 -0.551 	  -50.60 	 
0.125599997	 -0.550 	  -49.28 	 
0.125799997	 -0.549 	  -47.98 	 
0.125999997	 -0.548 	  -46.73 	 
0.126199997	 -0.546 	  -45.59 	 
0.126399997	 -0.545 	  -44.42 	 
0.126599997	 -0.543 	  -43.33 	 
0.126799997	 -0.542 	  -42.29 	 
0.126999997	 -0.541 	  -41.36 	 
0.127199997	 -0.539 	  -40.49 	 
0.127399997	 -0.539 	  -39.78 	 
0.127599997	 -0.537 	  -39.19 	 
0.127799997	 -0.536 	  -38.75 	 
0.127999997	 -0.535 	  -38.39 	 
0.128199997	 -0.534 	  -38.12 	 
0.128399997	 -0.534 	  -37.86 	 
0.128599997	 -0.534 	  -37.70 	 
0.128799997	 -0.533 	  -37.66 	 
0.128999997	 -0.533 	  -37.72 	 
0.129199997	 -0.532 	  -37.93 	 
0.129399997	 -0.533 	  -38.26 	 
0.129599997	 -0.533 	  -38.65 	 
0.129799997	 -0.532 	  -39.15 	 
0.129999997	 -0.533 	  -39.68 	 
0.130199997	 -0.533 	  -40.24 	 
0.130399997	 -0.534 	  -40.86 	 
0.130599997	 -0.534 	  -41.55 	 
0.130799997	 -0.535 	  -42.31 	 
0.130999997	 -0.535 	  -43.14 	 
0.131199997	 -0.536 	  -44.08 	 
0.131399997	 -0.536 	  -45.10 	 
0.131599997	 -0.537 	  -46.23 	 
0.131799997	 -0.538 	  -47.40 	 
0.131999997	 -0.539 	  -48.64 	 
0.132199997	 -0.540 	  -49.93 	 
0.132399997	 -0.541 	  -51.29 	 
0.132599997	 -0.542 	  -52.69 	 
0.132799997	 -0.544 	  -54.18 	 
0.132999997	 -0.545 	  -55.67 	 
0.133199997	 -0.546 	  -57.21 	 
0.133399997	 -0.548 	  -58.78 	 
0.133599997	 -0.549 	  -60.31 	 
0.133799997	 -0.550 	  -61.87 	 
0.133999997	 -0.551 	  -63.40 	 
0.134199997	 -0.553 	  -64.88 	 
0.134399997	 -0.554 	  -66.37 	 
0.134599997	 -0.555 	  -67.82 	 
0.134799997	 -0.558 	  -69.28 	 
0.134999997	 -0.559 	  -70.72 	 
0.135199997	 -0.560 	  -72.13 	 
0.135399997	 -0.561 	  -73.49 	 
0.135599997	 -0.563 	  -74.81 	 
0.135799997	 -0.564 	  -76.08 	 
0.135999997	 -0.566 	  -77.26 	 
0.136199997	 -0.567 	  -78.35 	 
0.136399997	 -0.568 	  -79.38 	 
0.136599997	 -0.569 	  -80.33 	 
0.136799997	 -0.570 	  -81.18 	 
0.136999997	 -0.571 	  -81.99 	 
0.137199997	 -0.572 	  -82.72 	 
0.137399997	 -0.573 	  -83.38 	 
0.137599997	 -0.573 	  -83.98 	 
0.137799997	 -0.574 	  -84.46 	 
0.137999997	 -0.576 	  -84.84 	 
0.138199997	 -0.575 	  -85.14 	 
0.138399997	 -0.576 	  -85.37 	 
0.138599996	 -0.577 	  -85.47 	 
0.138799996	 -0.577 	  -85.49 	 
0.138999996	 -0.576 	  -85.46 	 
0.139199996	 -0.577 	  -85.30 	 
0.139399996	 -0.577 	  -85.12 	 
0.139599996	 -0.577 	  -84.82 	 
0.139799996	 -0.577 	  -84.45 	 
0.139999996	 -0.577 	  -84.05 	 
0.140199996	 -0.577 	  -83.53 	 
0.140399996	 -0.577 	  -82.95 	 
0.140599996	 -0.576 	  -82.28 	 
0.140799996	 -0.576 	  -81.49 	 
0.140999996	 -0.575 	  -80.66 	 
0.141199996	 -0.574 	  -79.74 	 
0.141399996	 -0.575 	  -78.74 	 
0.141599996	 -0.574 	  -77.71 	 
0.141799996	 -0.573 	  -76.71 	 
0.141999996	 -0.572 	  -75.56 	 
0.142199996	 -0.572 	  -74.28 	 
0.142399996	 -0.571 	  -72.86 	 
0.142599996	 -0.570 	  -71.34 	 
0.142799996	 -0.569 	  -69.73 	 
0.142999996	 -0.567 	  -68.16 	 
0.143199996	 -0.566 	  -66.62 	 
0.143399996	 -0.565 	  -65.08 	 
0.143599996	 -0.564 	  -63.59 	 
0.143799996	 -0.563 	  -62.15 	 
0.143999996	 -0.561 	  -60.72 	 
0.144199996	 -0.560 	  -59.33 	 
0.144399996	 -0.559 	  -57.84 	 
0.144599996	 -0.558 	  -56.38 	 
0.144799996	 -0.556 	  -54.93 	 
0.144999996	 -0.555 	  -53.46 	 
0.145199996	 -0.553 	  -51.95 	 
0.145399996	 -0.552 	  -50.59 	 
0.145599996	 -0.550 	  -49.17 	 
0.145799996	 -0.549 	  -47.82 	 
0.145999996	 -0.547 	  -46.60 	 
0.146199996	 -0.546 	  -45.40 	 
0.146399996	 -0.545 	  -44.30 	 
0.146599996	 -0.544 	  -43.26 	 
0.146799996	 -0.543 	  -42.32 	 
0.146999996	 -0.541 	  -41.43 	 
0.147199996	 -0.540 	  -40.62 	 
0.147399996	 -0.539 	  -39.89 	 
0.147599996	 -0.537 	  -39.26 	 
0.147799996	 -0.536 	  -38.73 	 
0.147999996	 -0.536 	  -38.34 	 
0.148199996	 -0.535 	  -38.04 	 
0.148399996	 -0.534 	  -37.82 	 
0.148599996	 -0.533 	  -37.71 	 
0.148799996	 -0.533 	  -37.73 	 
0.148999996	 -0.532 	  -37.85 	 
0.149199996	 -0.533 	  -38.08 	 
0.149399996	 -0.532 	  -38.43 	 
0.149599996	 -0.533 	  -38.80 	 
0.149799996	 -0.533 	  -39.25 	 
0.149999996	 -0.533 	  -39.74 	 
0.150199996	 -0.533 	  -40.26 	 
0.150399996	 -0.534 	  -40.88 	 
0.150599996	 -0.534 	  -41.55 	 
0.150799996	 -0.534 	  -42.28 	 
0.150999996	 -0.535 	  -43.15 	 
0.151199996	 -0.535 	  -44.09 	 
0.151399996	 -0.536 	  -45.13 	 
0.151599996	 -0.536 	  -46.27 	 
0.151799996	 -0.537 	  -47.44 	 
0.151999996	 -0.539 	  -48.68 	 
0.152199996	 -0.540 	  -49.97 	 
0.152399996	 -0.541 	  -51.31 	 
0.152599996	 -0.542 	  -52.72 	 
0.152799996	 -0.543 	  -54.17 	 
0.152999996	 -0.545 	  -55.67 	 
0.153199996	 -0.546 	  -57.21 	 
0.153399996	 -0.547 	  -58.76 	 
0.153599996	 -0.549 	  -60.32 	 
0.153799996	 -0.550 	  -61.87 	 
0.153999996	 -0.552 	  -63.40 	 
0.154199996	 -0.553 	  -64.90 	 
0.154399996	 -0.554 	  -66.37 	 
0.154599996	 -0.555 	  -67.86 	 
0.154799996	 -0.557 	  -69.28 	 
0.154999996	 -0.559 	  -70.69 	 
0.155199996	 -0.560 	  -72.10 	 
0.155399996	 -0.562 	  -73.45 	 
0.155599996	 -0.563 	  -74.78 	 
0.155799996	 -0.564 	  -76.06 	 
0.155999996	 -0.565 	  -77.24 	 
0.156199996	 -0.567 	  -78.38 	 
0.156399996	 -0.568 	  -79.43 	 
0.156599996	 -0.570 	  -80.37 	 
0.156799996	 -0.570 	  -81.26 	 
0.156999996	 -0.572 	  -82.02 	 
0.157199996	 -0.572 	  -82.76 	 
0.157399996	 -0.573 	  -83.37 	 
0.157599996	 -0.574 	  -83.95 	 
0.157799996	 -0.575 	  -84.45 	 
0.157999996	 -0.575 	  -84.85 	 
0.158199996	 -0.576 	  -85.18 	 
0.158399996	 -0.575 	  -85.41 	 
0.158599996	 -0.576 	  -85.52 	 
0.158799996	 -0.576 	  -85.55 	 
0.158999996	 -0.576 	  -85.49 	 
0.159199996	 -0.576 	  -85.35 	 
0.159399996	 -0.577 	  -85.10 	 
0.159599996	 -0.577 	  -84.79 	 
0.159799996	 -0.577 	  -84.43 	 
0.159999996	 -0.577 	  -84.03 	 
0.160199996	 -0.577 	  -83.53 	 
0.160399996	 -0.577 	  -83.00 	 
0.160599996	 -0.576 	  -82.35 	 
0.160799996	 -0.576 	  -81.59 	 
0.160999996	 -0.576 	  -80.75 	 
0.161199996	 -0.575 	  -79.78 	 
0.161399996	 -0.574 	  -78.77 	 
0.161599996	 -0.574 	  -77.74 	 
0.161799996	 -0.573 	  -76.66 	 
0.161999996	 -0.572 	  -75.56 	 
0.162199996	 -0.572 	  -74.32 	 
0.162399996	 -0.570 	  -72.92 	 
0.162599996	 -0.570 	  -71.37 	 
0.162799996	 -0.569 	  -69.82 	 
0.162999996	 -0.567 	  -68.28 	 
0.163199996	 -0.566 	  -66.74 	 
0.163399996	 -0.565 	  -65.16 	 
0.163599996	 -0.563 	  -63.64 	 
0.163799996	 -0.563 	  -62.14 	 
0.163999996	 -0.561 	  -60.72 	 
0.164199996	 -0.560 	  -59.25 	 
0.164399996	 -0.558 	  -57.82 	 
0.164599996	 -0.557 	  -56.30 	 
0.164799996	 -0.556 	  -54.84 	 
0.164999996	 -0.555 	  -53.35 	 
0.165199996	 -0.553 	  -51.91 	 
0.165399996	 -0.552 	  -50.53 	 
0.165599996	 -0.551 	  -49.25 	 
0.165799996	 -0.549 	  -47.98 	 
0.165999996	 -0.548 	  -46.80 	 
0.166199996	 -0.546 	  -45.67 	 
0.166399996	 -0.545 	  -44.50 	 
0.166599996	 -0.544 	  -43.41 	 
0.166799996	 -0.542 	  -42.35 	 
0.166999996	 -0.541 	  -41.43 	 
0.167199996	 -0.540 	  -40.52 	 
0.167399996	 -0.539 	  -39.81 	 
0.167599996	 -0.536 	  -39.19 	 
0.167799996	 -0.536 	  -38.73 	 
0.167999996	 -0.535 	  -38.43 	 
0.168199996	 -0.534 	  -38.19 	 
0.168399996	 -0.534 	  -37.98 	 
0.168599996	 -0.534 	  -37.82 	 
0.168799996	 -0.533 	  -37.79 	 
0.168999996	 -0.533 	  -37.86 	 
0.169199996	 -0.533 	  -38.05 	 
0.169399996	 -0.532 	  -38.32 	 
0.169599996	 -0.532 	  -38.68 	 
0.169799996	 -0.533 	  -39.17 	 
0.169999996	 -0.533 	  -39.68 	 
0.170199996	 -0.534 	  -40.25 	 
0.170399996	 -0.533 	  -40.89 	 
0.170599996	 -0.534 	  -41.60 	 
0.170799996	 -0.534 	  -42.37 	 
0.170999996	 -0.535 	  -43.20 	 
0.171199996	 -0.536 	  -44.15 	 
0.171399996	 -0.536 	  -45.15 	 
0.171599996	 -0.537 	  -46.27 	 
0.171799996	 -0.538 	  -47.46 	 
0.171999996	 -0.539 	  -48.67 	 
0.172199996	 -0.540 	  -49.94 	 
0.172399996	 -0.540 	  -51.28 	 
0.172599996	 -0.543 	  -52.68 	 
0.172799996	 -0.543 	  -54.14 	 
0.172999996	 -0.545 	  -55.65 	 
0.173199996	 -0.546 	  -57.19 	 
0.173399996	 -0.547 	  -58.74 	 
0.173599996	 -0.549 	  -60.32 	 
0.173799996	 -0.549 	  -61.88 	 
0.173999996	 -0.550 	  -63.43 	 
0.174199996	 -0.552 	  -64.93 	 
0.174399996	 -0.554 	  -66.39 	 
0.174599996	 -0.555 	  -67.87 	 
0.174799996	 -0.557 	  -69.32 	 
0.174999996	 -0.559 	  -70.73 	 
0.175199996	 -0.561 	  -72.14 	 
0.175399996	 -0.562 	  -73.49 	 
0.175599996	 -0.563 	  -74.82 	 
0.175799996	 -0.564 	  -76.06 	 
0.175999996	 -0.566 	  -77.25 	 
0.176199996	 -0.567 	  -78.36 	 
0.176399996	 -0.568 	  -79.40 	 
0.176599996	 -0.570 	  -80.33 	 
0.176799996	 -0.571 	  -81.23 	 
0.176999996	 -0.571 	  -82.02 	 
0.177199996	 -0.572 	  -82.75 	 
0.177399996	 -0.573 	  -83.40 	 
0.177599996	 -0.574 	  -83.97 	 
0.177799996	 -0.575 	  -84.47 	 
0.177999996	 -0.575 	  -84.87 	 
0.178199995	 -0.576 	  -85.18 	 
0.178399995	 -0.577 	  -85.39 	 
0.178599995	 -0.576 	  -85.48 	 
0.178799995	 -0.577 	  -85.52 	 
0.178999995	 -0.577 	  -85.46 	 
0.179199995	 -0.577 	  -85.31 	 
0.179399995	 -0.577 	  -85.10 	 
0.179599995	 -0.577 	  -84.80 	 
0.179799995	 -0.578 	  -84.45 	 
0.179999995	 -0.577 	  -84.06 	 
0.180199995	 -0.577 	  -83.59 	 
0.180399995	 -0.576 	  -83.00 	 
0.180599995	 -0.576 	  -82.34 	 
0.180799995	 -0.575 	  -81.57 	 
0.180999995	 -0.575 	  -80.70 	 
0.181199995	 -0.574 	  -79.74 	 
0.181399995	 -0.574 	  -78.77 	 
0.181599995	 -0.573 	  -77.75 	 
0.181799995	 -0.573 	  -76.72 	 
0.181999995	 -0.572 	  -75.62 	 
0.182199995	 -0.572 	  -74.33 	 
0.182399995	 -0.571 	  -72.93 	 
0.182599995	 -0.570 	  -71.36 	 
0.182799995	 -0.569 	  -69.73 	 
0.182999995	 -0.567 	  -68.13 	 
0.183199995	 -0.567 	  -66.59 	 
0.183399995	 -0.565 	  -65.10 	 
0.183599995	 -0.564 	  -63.70 	 
0.183799995	 -0.562 	  -62.25 	 
0.183999995	 -0.561 	  -60.87 	 
0.184199995	 -0.560 	  -59.39 	 
0.184399995	 -0.559 	  -57.93 	 
0.184599995	 -0.557 	  -56.35 	 
0.184799995	 -0.556 	  -54.84 	 
0.184999995	 -0.554 	  -53.37 	 
0.185199995	 -0.554 	  -51.96 	 
0.185399995	 -0.552 	  -50.60 	 
0.185599995	 -0.551 	  -49.30 	 
0.185799995	 -0.549 	  -48.02 	 
0.185999995	 -0.548 	  -46.80 	 
0.186199995	 -0.546 	  -45.66 	 
0.186399995	 -0.545 	  -44.50 	 
0.186599995	 -0.544 	  -43.40 	 
0.186799995	 -0.542 	  -42.35 	 
0.186999995	 -0.541 	  -41.39 	 
0.187199995	 -0.539 	  -40.51 	 
0.187399995	 -0.539 	  -39.83 	 
0.187599995	 -0.537 	  -39.25 	 
0.187799995	 -0.536 	  -38.79 	 
0.187999995	 -0.536 	  -38.45 	 
0.188199995	 -0.535 	  -38.18 	 
0.188399995	 -0.534 	  -37.91 	 
0.188599995	 -0.535 	  -37.73 	 
0.188799995	 -0.533 	  -37.65 	 
0.188999995	 -0.533 	  -37.71 	 
0.189199995	 -0.533 	  -37.90 	 
0.189399995	 -0.533 	  -38.20 	 
0.189599995	 -0.533 	  -38.61 	 
0.189799995	 -0.533 	  -39.09 	 
0.189999995	 -0.533 	  -39.65 	 
0.190199995	 -0.533 	  -40.21 	 
0.190399995	 -0.533 	  -40.84 	 
0.190599995	 -0.533 	  -41.53 	 
0.190799995	 -0.533 	  -42.30 	 
0.190999995	 -0.534 	  -43.16 	 
0.191199995	 -0.535 	  -44.09 	 
0.191399995	 -0.536 	  -45.13 	 
0.191599995	 -0.537 	  -46.25 	 
0.191799995	 -0.537 	  -47.42 	 
0.191999995	 -0.539 	  -48.66 	 
0.192199995	 -0.539 	  -49.94 	 
0.192399995	 -0.541 	  -51.27 	 
0.192599995	 -0.541 	  -52.69 	 
0.192799995	 -0.543 	  -54.16 	 
0.192999995	 -0.545 	  -55.66 	 
0.193199995	 -0.546 	  -57.19 	 
0.193399995	 -0.548 	  -58.76 	 
0.193599995	 -0.549 	  -60.30 	 
0.193799995	 -0.550 	  -61.85 	 
0.193999995	 -0.552 	  -63.39 	 
0.194199995	 -0.553 	  -64.89 	 
0.194399995	 -0.554 	  -66.37 	 
0.194599995	 -0.556 	  -67.86 	 
0.194799995	 -0.557 	  -69.31 	 
0.194999995	 -0.558 	  -70.72 	 
0.195199995	 -0.560 	  -72.14 	 
0.195399995	 -0.562 	  -73.51 	 
0.195599995	 -0.563 	  -74.81 	 
0.195799995	 -0.564 	  -76.05 	 
0.195999995	 -0.565 	  -77.22 	 
0.196199995	 -0.567 	  -78.34 	 
0.196399995	 -0.568 	  -79.37 	 
0.196599995	 -0.569 	  -80.31 	 
0.196799995	 -0.571 	  -81.21 	 
0.196999995	 -0.572 	  -81.98 	 
0.197199995	 -0.572 	  -82.71 	 
0.197399995	 -0.573 	  -83.38 	 
0.197599995	 -0.573 	  -83.95 	 
0.197799995	 -0.574 	  -84.43 	 
0.197999995	 -0.575 	  -84.82 	 
0.198199995	 -0.575 	  -85.15 	 
0.198399995	 -0.576 	  -85.36 	 
0.198599995	 -0.576 	  -85.47 	 
0.198799995	 -0.577 	  -85.52 	 
0.198999995	 -0.577 	  -85.45 	 
0.199199995	 -0.577 	  -85.33 	 
0.199399995	 -0.577 	  -85.08 	 
0.199599995	 -0.577 	  -84.81 	 
0.199799995	 -0.577 	  -84.45 	 
0.199999995	 -0.577 	  -84.02 	 
0.200199995	 -0.576 	  -83.55 	 
0.200399995	 -0.576 	  -82.96 	 
0.200599995	 -0.576 	  -82.28 	 
0.200799995	 -0.575 	  -81.51 	 
0.200999995	 -0.575 	  -80.66 	 
0.201199995	 -0.575 	  -79.72 	 
0.201399995	 -0.574 	  -78.73 	 
0.201599995	 -0.574 	  -77.72 	 
0.201799995	 -0.573 	  -76.66 	 
0.201999995	 -0.573 	  -75.51 	 
0.202199995	 -0.571 	  -74.21 	 
0.202399995	 -0.571 	  -72.81 	 
0.202599995	 -0.570 	  -71.29 	 
0.202799995	 -0.568 	  -69.75 	 
0.202999995	 -0.567 	  -68.17 	 
0.203199995	 -0.567 	  -66.61 	 
0.203399995	 -0.565 	  -65.08 	 
0.203599995	 -0.563 	  -63.58 	 
0.203799995	 -0.563 	  -62.12 	 
0.203999995	 -0.561 	  -60.67 	 
0.204199995	 -0.560 	  -59.25 	 
0.204399995	 -0.559 	  -57.78 	 
0.204599995	 -0.558 	  -56.33 	 
