0.000000000	 -0.266 	  -83.81 	 
0.000200000	 -0.265 	  -83.26 	 
0.000400000	 -0.265 	  -82.65 	 
0.000600000	 -0.264 	  -81.97 	 
0.000800000	 -0.264 	  -81.19 	 
0.001000000	 -0.264 	  -80.38 	 
0.001200000	 -0.262 	  -79.51 	 
0.001400000	 -0.261 	  -78.58 	 
0.001600000	 -0.261 	  -77.64 	 
0.001800000	 -0.260 	  -76.64 	 
0.002000000	 -0.259 	  -75.53 	 
0.002200000	 -0.258 	  -74.30 	 
0.002400000	 -0.256 	  -72.93 	 
0.002600000	 -0.255 	  -71.44 	 
0.002800000	 -0.253 	  -69.92 	 
0.003000000	 -0.251 	  -68.34 	 
0.003200000	 -0.250 	  -66.76 	 
0.003400000	 -0.248 	  -65.14 	 
0.003600000	 -0.245 	  -63.64 	 
0.003800000	 -0.244 	  -62.12 	 
0.004000000	 -0.241 	  -60.64 	 
0.004200000	 -0.239 	  -59.18 	 
0.004400000	 -0.237 	  -57.76 	 
0.004600000	 -0.235 	  -56.38 	 
0.004800000	 -0.233 	  -54.97 	 
0.005000000	 -0.231 	  -53.61 	 
0.005200000	 -0.229 	  -52.20 	 
0.005400000	 -0.226 	  -50.83 	 
0.005600000	 -0.224 	  -49.48 	 
0.005800000	 -0.221 	  -48.15 	 
0.006000000	 -0.219 	  -46.85 	 
0.006200000	 -0.217 	  -45.62 	 
0.006400000	 -0.215 	  -44.47 	 
0.006600000	 -0.212 	  -43.39 	 
0.006800000	 -0.211 	  -42.39 	 
0.007000000	 -0.209 	  -41.43 	 
0.007200000	 -0.207 	  -40.60 	 
0.007400000	 -0.205 	  -39.85 	 
0.007600000	 -0.203 	  -39.22 	 
0.007800000	 -0.202 	  -38.71 	 
0.008000000	 -0.200 	  -38.32 	 
0.008200000	 -0.199 	  -38.01 	 
0.008400000	 -0.198 	  -37.82 	 
0.008600000	 -0.197 	  -37.70 	 
0.008800000	 -0.197 	  -37.72 	 
0.009000000	 -0.196 	  -37.84 	 
0.009200000	 -0.196 	  -38.10 	 
0.009400000	 -0.195 	  -38.49 	 
0.009600000	 -0.196 	  -38.95 	 
0.009800000	 -0.196 	  -39.48 	 
0.010000000	 -0.197 	  -40.09 	 
0.010200000	 -0.196 	  -40.74 	 
0.010400000	 -0.197 	  -41.43 	 
0.010600000	 -0.198 	  -42.15 	 
0.010800000	 -0.199 	  -42.92 	 
0.011000000	 -0.199 	  -43.73 	 
0.011200000	 -0.200 	  -44.60 	 
0.011400000	 -0.201 	  -45.51 	 
0.011600000	 -0.202 	  -46.50 	 
0.011800000	 -0.204 	  -47.56 	 
0.012000000	 -0.204 	  -48.73 	 
0.012200000	 -0.206 	  -49.99 	 
0.012400000	 -0.209 	  -51.31 	 
0.012600000	 -0.209 	  -52.74 	 
0.012800000	 -0.211 	  -54.27 	 
0.013000000	 -0.213 	  -55.81 	 
0.013200000	 -0.216 	  -57.42 	 
0.013400000	 -0.218 	  -59.05 	 
0.013600000	 -0.220 	  -60.72 	 
0.013800000	 -0.223 	  -62.36 	 
0.014000000	 -0.225 	  -63.94 	 
0.014200000	 -0.228 	  -65.51 	 
0.014400000	 -0.230 	  -67.03 	 
0.014600000	 -0.233 	  -68.48 	 
0.014800000	 -0.235 	  -69.88 	 
0.015000000	 -0.238 	  -71.21 	 
0.015200000	 -0.240 	  -72.52 	 
0.015400000	 -0.242 	  -73.75 	 
0.015600000	 -0.245 	  -74.98 	 
0.015800000	 -0.246 	  -76.16 	 
0.016000000	 -0.248 	  -77.32 	 
0.016200000	 -0.250 	  -78.40 	 
0.016400000	 -0.252 	  -79.45 	 
0.016600000	 -0.254 	  -80.42 	 
0.016800000	 -0.255 	  -81.32 	 
0.017000000	 -0.257 	  -82.15 	 
0.017200000	 -0.258 	  -82.89 	 
0.017400000	 -0.259 	  -83.54 	 
0.017600000	 -0.261 	  -84.12 	 
0.017800000	 -0.262 	  -84.57 	 
0.018000000	 -0.263 	  -84.95 	 
0.018200000	 -0.263 	  -85.22 	 
0.018400000	 -0.264 	  -85.41 	 
0.018600000	 -0.265 	  -85.50 	 
0.018800000	 -0.266 	  -85.51 	 
0.019000000	 -0.266 	  -85.41 	 
0.019200000	 -0.266 	  -85.26 	 
0.019400000	 -0.266 	  -85.02 	 
0.019600000	 -0.266 	  -84.70 	 
0.019799999	 -0.266 	  -84.31 	 
0.019999999	 -0.266 	  -83.84 	 
0.020199999	 -0.265 	  -83.30 	 
0.020399999	 -0.265 	  -82.65 	 
0.020599999	 -0.264 	  -81.96 	 
0.020799999	 -0.264 	  -81.18 	 
0.020999999	 -0.264 	  -80.35 	 
0.021199999	 -0.262 	  -79.50 	 
0.021399999	 -0.261 	  -78.57 	 
0.021599999	 -0.261 	  -77.61 	 
0.021799999	 -0.260 	  -76.65 	 
0.021999999	 -0.258 	  -75.54 	 
0.022199999	 -0.257 	  -74.32 	 
0.022399999	 -0.256 	  -72.94 	 
0.022599999	 -0.255 	  -71.46 	 
0.022799999	 -0.253 	  -69.92 	 
0.022999999	 -0.251 	  -68.34 	 
0.023199999	 -0.250 	  -66.76 	 
0.023399999	 -0.247 	  -65.17 	 
0.023599999	 -0.245 	  -63.67 	 
0.023799999	 -0.243 	  -62.12 	 
0.023999999	 -0.242 	  -60.65 	 
0.024199999	 -0.239 	  -59.19 	 
0.024399999	 -0.237 	  -57.76 	 
0.024599999	 -0.235 	  -56.38 	 
0.024799999	 -0.233 	  -54.96 	 
0.024999999	 -0.231 	  -53.59 	 
0.025199999	 -0.229 	  -52.20 	 
0.025399999	 -0.226 	  -50.83 	 
0.025599999	 -0.224 	  -49.47 	 
0.025799999	 -0.222 	  -48.16 	 
0.025999999	 -0.219 	  -46.86 	 
0.026199999	 -0.217 	  -45.62 	 
0.026399999	 -0.215 	  -44.48 	 
0.026599999	 -0.212 	  -43.40 	 
0.026799999	 -0.210 	  -42.38 	 
0.026999999	 -0.208 	  -41.45 	 
0.027199999	 -0.207 	  -40.62 	 
0.027399999	 -0.205 	  -39.91 	 
0.027599999	 -0.203 	  -39.27 	 
0.027799999	 -0.202 	  -38.75 	 
0.027999999	 -0.201 	  -38.41 	 
0.028199999	 -0.199 	  -38.12 	 
0.028399999	 -0.198 	  -37.97 	 
0.028599999	 -0.198 	  -37.84 	 
0.028799999	 -0.197 	  -37.82 	 
0.028999999	 -0.196 	  -37.91 	 
0.029199999	 -0.196 	  -38.12 	 
0.029399999	 -0.196 	  -38.42 	 
0.029599999	 -0.196 	  -38.83 	 
0.029799999	 -0.196 	  -39.35 	 
0.029999999	 -0.197 	  -39.93 	 
0.030199999	 -0.196 	  -40.60 	 
0.030399999	 -0.197 	  -41.29 	 
0.030599999	 -0.198 	  -42.04 	 
0.030799999	 -0.198 	  -42.87 	 
0.030999999	 -0.200 	  -43.72 	 
0.031199999	 -0.200 	  -44.60 	 
0.031399999	 -0.201 	  -45.55 	 
0.031599999	 -0.202 	  -46.57 	 
0.031799999	 -0.203 	  -47.63 	 
0.031999999	 -0.204 	  -48.78 	 
0.032199999	 -0.205 	  -50.01 	 
0.032399999	 -0.208 	  -51.34 	 
0.032599999	 -0.210 	  -52.75 	 
0.032799999	 -0.211 	  -54.23 	 
0.032999999	 -0.214 	  -55.80 	 
0.033199999	 -0.215 	  -57.39 	 
0.033399999	 -0.218 	  -59.04 	 
0.033599999	 -0.220 	  -60.69 	 
0.033799999	 -0.222 	  -62.31 	 
0.033999999	 -0.225 	  -63.94 	 
0.034199999	 -0.228 	  -65.51 	 
0.034399999	 -0.231 	  -67.02 	 
0.034599999	 -0.233 	  -68.48 	 
0.034799999	 -0.235 	  -69.88 	 
0.034999999	 -0.237 	  -71.21 	 
0.035199999	 -0.239 	  -72.50 	 
0.035399999	 -0.242 	  -73.76 	 
0.035599999	 -0.244 	  -74.96 	 
0.035799999	 -0.246 	  -76.17 	 
0.035999999	 -0.248 	  -77.32 	 
0.036199999	 -0.250 	  -78.41 	 
0.036399999	 -0.252 	  -79.45 	 
0.036599999	 -0.254 	  -80.44 	 
0.036799999	 -0.255 	  -81.34 	 
0.036999999	 -0.256 	  -82.15 	 
0.037199999	 -0.259 	  -82.90 	 
0.037399999	 -0.259 	  -83.55 	 
0.037599999	 -0.260 	  -84.12 	 
0.037799999	 -0.262 	  -84.59 	 
0.037999999	 -0.263 	  -84.96 	 
0.038199999	 -0.264 	  -85.24 	 
0.038399999	 -0.264 	  -85.39 	 
0.038599999	 -0.264 	  -85.47 	 
0.038799999	 -0.265 	  -85.47 	 
0.038999999	 -0.266 	  -85.39 	 
0.039199999	 -0.266 	  -85.23 	 
0.039399999	 -0.266 	  -85.00 	 
0.039599999	 -0.266 	  -84.69 	 
0.039799999	 -0.266 	  -84.32 	 
0.039999999	 -0.265 	  -83.86 	 
0.040199999	 -0.265 	  -83.30 	 
0.040399999	 -0.265 	  -82.70 	 
0.040599999	 -0.265 	  -82.01 	 
0.040799999	 -0.264 	  -81.23 	 
0.040999999	 -0.263 	  -80.39 	 
0.041199999	 -0.263 	  -79.50 	 
0.041399999	 -0.261 	  -78.53 	 
0.041599999	 -0.261 	  -77.55 	 
0.041799999	 -0.260 	  -76.56 	 
0.041999999	 -0.259 	  -75.45 	 
0.042199999	 -0.258 	  -74.21 	 
0.042399999	 -0.256 	  -72.86 	 
0.042599999	 -0.255 	  -71.37 	 
0.042799999	 -0.254 	  -69.87 	 
0.042999999	 -0.251 	  -68.33 	 
0.043199999	 -0.250 	  -66.78 	 
0.043399999	 -0.248 	  -65.27 	 
0.043599999	 -0.245 	  -63.74 	 
0.043799999	 -0.244 	  -62.26 	 
0.043999999	 -0.242 	  -60.75 	 
0.044199999	 -0.239 	  -59.23 	 
0.044399999	 -0.238 	  -57.77 	 
0.044599999	 -0.235 	  -56.29 	 
0.044799999	 -0.233 	  -54.89 	 
0.044999999	 -0.231 	  -53.47 	 
0.045199999	 -0.228 	  -52.10 	 
0.045399999	 -0.226 	  -50.74 	 
0.045599999	 -0.224 	  -49.41 	 
0.045799999	 -0.221 	  -48.14 	 
0.045999999	 -0.219 	  -46.86 	 
0.046199999	 -0.218 	  -45.67 	 
0.046399999	 -0.215 	  -44.54 	 
0.046599999	 -0.213 	  -43.41 	 
0.046799999	 -0.210 	  -42.42 	 
0.046999999	 -0.208 	  -41.45 	 
0.047199999	 -0.207 	  -40.59 	 
0.047399999	 -0.205 	  -39.85 	 
0.047599999	 -0.203 	  -39.24 	 
0.047799999	 -0.202 	  -38.73 	 
0.047999999	 -0.200 	  -38.33 	 
0.048199999	 -0.199 	  -38.05 	 
0.048399999	 -0.198 	  -37.83 	 
0.048599999	 -0.198 	  -37.73 	 
0.048799999	 -0.196 	  -37.75 	 
0.048999999	 -0.196 	  -37.87 	 
0.049199999	 -0.196 	  -38.10 	 
0.049399999	 -0.195 	  -38.47 	 
0.049599999	 -0.196 	  -38.91 	 
0.049799999	 -0.196 	  -39.46 	 
0.049999999	 -0.196 	  -40.06 	 
0.050199999	 -0.197 	  -40.71 	 
0.050399999	 -0.197 	  -41.40 	 
0.050599999	 -0.198 	  -42.13 	 
0.050799999	 -0.198 	  -42.90 	 
0.050999999	 -0.199 	  -43.70 	 
0.051199999	 -0.200 	  -44.59 	 
0.051399999	 -0.201 	  -45.54 	 
0.051599999	 -0.202 	  -46.56 	 
0.051799999	 -0.203 	  -47.67 	 
0.051999999	 -0.205 	  -48.84 	 
0.052199999	 -0.207 	  -50.08 	 
0.052399999	 -0.207 	  -51.40 	 
0.052599999	 -0.209 	  -52.81 	 
0.052799999	 -0.212 	  -54.29 	 
0.052999999	 -0.213 	  -55.78 	 
0.053199999	 -0.216 	  -57.36 	 
0.053399999	 -0.217 	  -58.99 	 
0.053599999	 -0.220 	  -60.61 	 
0.053799999	 -0.223 	  -62.23 	 
0.053999999	 -0.225 	  -63.83 	 
0.054199999	 -0.228 	  -65.42 	 
0.054399999	 -0.231 	  -66.96 	 
0.054599999	 -0.233 	  -68.43 	 
0.054799999	 -0.235 	  -69.85 	 
0.054999999	 -0.237 	  -71.23 	 
0.055199999	 -0.240 	  -72.54 	 
0.055399999	 -0.242 	  -73.80 	 
0.055599999	 -0.244 	  -75.02 	 
0.055799999	 -0.246 	  -76.19 	 
0.055999999	 -0.248 	  -77.34 	 
0.056199999	 -0.250 	  -78.41 	 
0.056399999	 -0.252 	  -79.43 	 
0.056599999	 -0.254 	  -80.40 	 
0.056799999	 -0.255 	  -81.30 	 
0.056999999	 -0.256 	  -82.12 	 
0.057199999	 -0.258 	  -82.87 	 
0.057399999	 -0.259 	  -83.55 	 
0.057599999	 -0.261 	  -84.13 	 
0.057799999	 -0.261 	  -84.60 	 
0.057999999	 -0.263 	  -84.99 	 
0.058199999	 -0.264 	  -85.26 	 
0.058399999	 -0.264 	  -85.43 	 
0.058599999	 -0.265 	  -85.52 	 
0.058799999	 -0.264 	  -85.51 	 
0.058999999	 -0.266 	  -85.39 	 
0.059199999	 -0.266 	  -85.20 	 
0.059399998	 -0.266 	  -84.97 	 
0.059599998	 -0.266 	  -84.65 	 
0.059799998	 -0.266 	  -84.25 	 
0.059999998	 -0.266 	  -83.81 	 
0.060199998	 -0.265 	  -83.28 	 
0.060399998	 -0.265 	  -82.67 	 
0.060599998	 -0.265 	  -81.97 	 
0.060799998	 -0.264 	  -81.21 	 
0.060999998	 -0.264 	  -80.42 	 
0.061199998	 -0.262 	  -79.53 	 
0.061399998	 -0.262 	  -78.58 	 
0.061599998	 -0.261 	  -77.61 	 
0.061799998	 -0.260 	  -76.62 	 
0.061999998	 -0.259 	  -75.51 	 
0.062199998	 -0.257 	  -74.24 	 
0.062399998	 -0.256 	  -72.86 	 
0.062599998	 -0.255 	  -71.34 	 
0.062799998	 -0.253 	  -69.82 	 
0.062999998	 -0.252 	  -68.26 	 
0.063199998	 -0.250 	  -66.72 	 
0.063399998	 -0.248 	  -65.21 	 
0.063599998	 -0.246 	  -63.67 	 
0.063799998	 -0.243 	  -62.19 	 
0.063999998	 -0.243 	  -60.76 	 
0.064199998	 -0.240 	  -59.31 	 
0.064399998	 -0.238 	  -57.91 	 
0.064599998	 -0.235 	  -56.49 	 
0.064799998	 -0.233 	  -55.05 	 
0.064999998	 -0.232 	  -53.61 	 
0.065199998	 -0.229 	  -52.19 	 
0.065399998	 -0.226 	  -50.79 	 
0.065599998	 -0.224 	  -49.41 	 
0.065799998	 -0.222 	  -48.09 	 
0.065999998	 -0.219 	  -46.79 	 
0.066199998	 -0.217 	  -45.57 	 
0.066399998	 -0.215 	  -44.43 	 
0.066599998	 -0.212 	  -43.33 	 
0.066799998	 -0.210 	  -42.31 	 
0.066999998	 -0.209 	  -41.38 	 
0.067199998	 -0.207 	  -40.56 	 
0.067399998	 -0.205 	  -39.87 	 
0.067599998	 -0.203 	  -39.25 	 
0.067799998	 -0.201 	  -38.76 	 
0.067999998	 -0.200 	  -38.39 	 
0.068199998	 -0.199 	  -38.12 	 
0.068399998	 -0.198 	  -37.90 	 
0.068599998	 -0.197 	  -37.80 	 
0.068799998	 -0.196 	  -37.76 	 
0.068999998	 -0.196 	  -37.86 	 
0.069199998	 -0.196 	  -38.08 	 
0.069399998	 -0.196 	  -38.41 	 
0.069599998	 -0.196 	  -38.84 	 
0.069799998	 -0.196 	  -39.38 	 
0.069999998	 -0.196 	  -39.98 	 
0.070199998	 -0.197 	  -40.64 	 
0.070399998	 -0.197 	  -41.35 	 
0.070599998	 -0.198 	  -42.11 	 
0.070799998	 -0.198 	  -42.88 	 
0.070999998	 -0.199 	  -43.72 	 
0.071199998	 -0.200 	  -44.62 	 
0.071399998	 -0.201 	  -45.62 	 
0.071599998	 -0.202 	  -46.64 	 
0.071799998	 -0.204 	  -47.73 	 
0.071999998	 -0.205 	  -48.90 	 
0.072199998	 -0.206 	  -50.15 	 
0.072399998	 -0.208 	  -51.43 	 
0.072599998	 -0.209 	  -52.81 	 
0.072799998	 -0.212 	  -54.25 	 
0.072999998	 -0.214 	  -55.76 	 
0.073199998	 -0.216 	  -57.34 	 
0.073399998	 -0.218 	  -58.93 	 
0.073599998	 -0.220 	  -60.56 	 
0.073799998	 -0.223 	  -62.16 	 
0.073999998	 -0.224 	  -63.76 	 
0.074199998	 -0.228 	  -65.33 	 
0.074399998	 -0.231 	  -66.85 	 
0.074599998	 -0.233 	  -68.33 	 
0.074799998	 -0.235 	  -69.75 	 
0.074999998	 -0.238 	  -71.12 	 
0.075199998	 -0.239 	  -72.46 	 
0.075399998	 -0.242 	  -73.76 	 
0.075599998	 -0.244 	  -75.00 	 
0.075799998	 -0.246 	  -76.21 	 
0.075999998	 -0.248 	  -77.35 	 
0.076199998	 -0.250 	  -78.44 	 
0.076399998	 -0.252 	  -79.50 	 
0.076599998	 -0.254 	  -80.48 	 
0.076799998	 -0.255 	  -81.35 	 
0.076999998	 -0.256 	  -82.17 	 
0.077199998	 -0.258 	  -82.89 	 
0.077399998	 -0.259 	  -83.53 	 
0.077599998	 -0.261 	  -84.08 	 
0.077799998	 -0.261 	  -84.53 	 
0.077999998	 -0.263 	  -84.90 	 
0.078199998	 -0.263 	  -85.17 	 
0.078399998	 -0.264 	  -85.35 	 
0.078599998	 -0.265 	  -85.41 	 
0.078799998	 -0.265 	  -85.44 	 
0.078999998	 -0.266 	  -85.36 	 
0.079199998	 -0.266 	  -85.24 	 
0.079399998	 -0.266 	  -85.03 	 
0.079599998	 -0.266 	  -84.72 	 
0.079799998	 -0.266 	  -84.36 	 
0.079999998	 -0.266 	  -83.88 	 
0.080199998	 -0.265 	  -83.31 	 
0.080399998	 -0.265 	  -82.67 	 
0.080599998	 -0.264 	  -81.98 	 
0.080799998	 -0.264 	  -81.21 	 
0.080999998	 -0.263 	  -80.38 	 
0.081199998	 -0.263 	  -79.49 	 
0.081399998	 -0.261 	  -78.56 	 
0.081599998	 -0.261 	  -77.59 	 
0.081799998	 -0.260 	  -76.60 	 
0.081999998	 -0.258 	  -75.49 	 
0.082199998	 -0.258 	  -74.26 	 
0.082399998	 -0.256 	  -72.86 	 
0.082599998	 -0.255 	  -71.41 	 
0.082799998	 -0.253 	  -69.85 	 
0.082999998	 -0.251 	  -68.32 	 
0.083199998	 -0.250 	  -66.76 	 
0.083399998	 -0.248 	  -65.21 	 
0.083599998	 -0.246 	  -63.70 	 
0.083799998	 -0.244 	  -62.17 	 
0.083999998	 -0.242 	  -60.69 	 
0.084199998	 -0.239 	  -59.23 	 
0.084399998	 -0.237 	  -57.80 	 
0.084599998	 -0.235 	  -56.38 	 
0.084799998	 -0.233 	  -54.95 	 
0.084999998	 -0.231 	  -53.57 	 
0.085199998	 -0.229 	  -52.12 	 
0.085399998	 -0.225 	  -50.75 	 
0.085599998	 -0.224 	  -49.39 	 
0.085799998	 -0.221 	  -48.04 	 
0.085999998	 -0.219 	  -46.78 	 
0.086199998	 -0.217 	  -45.54 	 
0.086399998	 -0.215 	  -44.39 	 
0.086599998	 -0.213 	  -43.33 	 
0.086799998	 -0.210 	  -42.37 	 
0.086999998	 -0.209 	  -41.45 	 
0.087199998	 -0.207 	  -40.63 	 
0.087399998	 -0.204 	  -39.89 	 
0.087599998	 -0.204 	  -39.28 	 
0.087799998	 -0.202 	  -38.78 	 
0.087999998	 -0.200 	  -38.41 	 
0.088199998	 -0.199 	  -38.12 	 
0.088399998	 -0.198 	  -37.92 	 
0.088599998	 -0.198 	  -37.79 	 
0.088799998	 -0.197 	  -37.73 	 
0.088999998	 -0.196 	  -37.83 	 
0.089199998	 -0.196 	  -38.03 	 
0.089399998	 -0.196 	  -38.35 	 
0.089599998	 -0.196 	  -38.79 	 
0.089799998	 -0.195 	  -39.30 	 
0.089999998	 -0.196 	  -39.92 	 
0.090199998	 -0.197 	  -40.58 	 
0.090399998	 -0.197 	  -41.32 	 
0.090599998	 -0.198 	  -42.09 	 
0.090799998	 -0.198 	  -42.89 	 
0.090999998	 -0.199 	  -43.74 	 
0.091199998	 -0.200 	  -44.64 	 
0.091399998	 -0.201 	  -45.60 	 
0.091599998	 -0.202 	  -46.62 	 
0.091799998	 -0.203 	  -47.72 	 
0.091999998	 -0.205 	  -48.86 	 
0.092199998	 -0.207 	  -50.11 	 
0.092399998	 -0.208 	  -51.36 	 
0.092599998	 -0.209 	  -52.75 	 
0.092799998	 -0.211 	  -54.18 	 
0.092999998	 -0.214 	  -55.70 	 
0.093199998	 -0.215 	  -57.27 	 
0.093399998	 -0.218 	  -58.90 	 
0.093599998	 -0.220 	  -60.51 	 
0.093799998	 -0.222 	  -62.18 	 
0.093999998	 -0.225 	  -63.78 	 
0.094199998	 -0.228 	  -65.36 	 
0.094399998	 -0.230 	  -66.90 	 
0.094599998	 -0.232 	  -68.36 	 
0.094799998	 -0.235 	  -69.78 	 
0.094999998	 -0.238 	  -71.15 	 
0.095199998	 -0.240 	  -72.47 	 
0.095399998	 -0.242 	  -73.73 	 
0.095599998	 -0.244 	  -74.97 	 
0.095799998	 -0.246 	  -76.17 	 
0.095999998	 -0.248 	  -77.29 	 
0.096199998	 -0.250 	  -78.38 	 
0.096399998	 -0.252 	  -79.41 	 
0.096599998	 -0.253 	  -80.39 	 
0.096799998	 -0.255 	  -81.29 	 
0.096999998	 -0.256 	  -82.14 	 
0.097199998	 -0.258 	  -82.89 	 
0.097399998	 -0.259 	  -83.55 	 
0.097599998	 -0.260 	  -84.11 	 
0.097799998	 -0.261 	  -84.58 	 
0.097999998	 -0.263 	  -84.94 	 
0.098199998	 -0.263 	  -85.18 	 
0.098399998	 -0.264 	  -85.33 	 
0.098599998	 -0.264 	  -85.42 	 
0.098799998	 -0.266 	  -85.43 	 
0.098999997	 -0.266 	  -85.35 	 
0.099199997	 -0.266 	  -85.20 	 
0.099399997	 -0.266 	  -85.01 	 
0.099599997	 -0.266 	  -84.69 	 
0.099799997	 -0.266 	  -84.30 	 
0.099999997	 -0.266 	  -83.86 	 
0.100199997	 -0.265 	  -83.31 	 
0.100399997	 -0.265 	  -82.69 	 
0.100599997	 -0.265 	  -81.99 	 
0.100799997	 -0.264 	  -81.23 	 
0.100999997	 -0.263 	  -80.38 	 
0.101199997	 -0.262 	  -79.50 	 
0.101399997	 -0.262 	  -78.57 	 
0.101599997	 -0.261 	  -77.60 	 
0.101799997	 -0.259 	  -76.58 	 
0.101999997	 -0.259 	  -75.42 	 
0.102199997	 -0.257 	  -74.19 	 
0.102399997	 -0.256 	  -72.81 	 
0.102599997	 -0.255 	  -71.39 	 
0.102799997	 -0.253 	  -69.88 	 
0.102999997	 -0.251 	  -68.34 	 
0.103199997	 -0.250 	  -66.79 	 
0.103399997	 -0.247 	  -65.23 	 
0.103599997	 -0.246 	  -63.70 	 
0.103799997	 -0.244 	  -62.20 	 
0.103999997	 -0.241 	  -60.69 	 
0.104199997	 -0.239 	  -59.22 	 
0.104399997	 -0.238 	  -57.77 	 
0.104599997	 -0.235 	  -56.33 	 
0.104799997	 -0.233 	  -54.90 	 
0.104999997	 -0.231 	  -53.48 	 
0.105199997	 -0.229 	  -52.09 	 
0.105399997	 -0.227 	  -50.72 	 
0.105599997	 -0.224 	  -49.36 	 
0.105799997	 -0.222 	  -48.06 	 
0.105999997	 -0.219 	  -46.81 	 
0.106199997	 -0.217 	  -45.58 	 
0.106399997	 -0.215 	  -44.45 	 
0.106599997	 -0.213 	  -43.36 	 
0.106799997	 -0.210 	  -42.33 	 
0.106999997	 -0.208 	  -41.43 	 
0.107199997	 -0.207 	  -40.55 	 
0.107399997	 -0.205 	  -39.85 	 
0.107599997	 -0.203 	  -39.21 	 
0.107799997	 -0.202 	  -38.72 	 
0.107999997	 -0.201 	  -38.35 	 
0.108199997	 -0.199 	  -38.08 	 
0.108399997	 -0.198 	  -37.90 	 
0.108599997	 -0.197 	  -37.79 	 
0.108799997	 -0.197 	  -37.76 	 
0.108999997	 -0.196 	  -37.87 	 
0.109199997	 -0.196 	  -38.08 	 
0.109399997	 -0.196 	  -38.41 	 
0.109599997	 -0.196 	  -38.82 	 
0.109799997	 -0.196 	  -39.35 	 
0.109999997	 -0.196 	  -39.92 	 
0.110199997	 -0.197 	  -40.60 	 
0.110399997	 -0.196 	  -41.31 	 
0.110599997	 -0.197 	  -42.09 	 
0.110799997	 -0.198 	  -42.90 	 
0.110999997	 -0.200 	  -43.75 	 
0.111199997	 -0.201 	  -44.64 	 
0.111399997	 -0.201 	  -45.59 	 
0.111599997	 -0.202 	  -46.61 	 
0.111799997	 -0.203 	  -47.67 	 
0.111999997	 -0.205 	  -48.82 	 
0.112199997	 -0.206 	  -50.06 	 
0.112399997	 -0.208 	  -51.35 	 
0.112599997	 -0.209 	  -52.74 	 
0.112799997	 -0.212 	  -54.20 	 
0.112999997	 -0.213 	  -55.75 	 
0.113199997	 -0.216 	  -57.31 	 
0.113399997	 -0.218 	  -58.92 	 
0.113599997	 -0.220 	  -60.53 	 
0.113799997	 -0.222 	  -62.14 	 
0.113999997	 -0.225 	  -63.76 	 
0.114199997	 -0.228 	  -65.34 	 
0.114399997	 -0.230 	  -66.89 	 
0.114599997	 -0.233 	  -68.36 	 
0.114799997	 -0.235 	  -69.81 	 
0.114999997	 -0.238 	  -71.19 	 
0.115199997	 -0.239 	  -72.51 	 
0.115399997	 -0.241 	  -73.80 	 
0.115599997	 -0.244 	  -75.05 	 
0.115799997	 -0.247 	  -76.23 	 
0.115999997	 -0.248 	  -77.36 	 
0.116199997	 -0.250 	  -78.43 	 
0.116399997	 -0.252 	  -79.48 	 
0.116599997	 -0.254 	  -80.44 	 
0.116799997	 -0.255 	  -81.35 	 
0.116999997	 -0.257 	  -82.19 	 
0.117199997	 -0.258 	  -82.92 	 
0.117399997	 -0.259 	  -83.57 	 
0.117599997	 -0.261 	  -84.14 	 
0.117799997	 -0.262 	  -84.59 	 
0.117999997	 -0.264 	  -84.95 	 
0.118199997	 -0.263 	  -85.21 	 
0.118399997	 -0.265 	  -85.38 	 
0.118599997	 -0.264 	  -85.48 	 
0.118799997	 -0.265 	  -85.48 	 
0.118999997	 -0.266 	  -85.41 	 
0.119199997	 -0.265 	  -85.28 	 
0.119399997	 -0.266 	  -85.03 	 
0.119599997	 -0.266 	  -84.72 	 
0.119799997	 -0.266 	  -84.34 	 
0.119999997	 -0.266 	  -83.87 	 
0.120199997	 -0.266 	  -83.33 	 
0.120399997	 -0.265 	  -82.71 	 
0.120599997	 -0.264 	  -82.05 	 
0.120799997	 -0.264 	  -81.27 	 
0.120999997	 -0.263 	  -80.44 	 
0.121199997	 -0.262 	  -79.58 	 
0.121399997	 -0.262 	  -78.62 	 
0.121599997	 -0.261 	  -77.62 	 
0.121799997	 -0.260 	  -76.61 	 
0.121999997	 -0.259 	  -75.46 	 
0.122199997	 -0.257 	  -74.22 	 
0.122399997	 -0.256 	  -72.84 	 
0.122599997	 -0.255 	  -71.39 	 
0.122799997	 -0.253 	  -69.90 	 
0.122999997	 -0.252 	  -68.37 	 
0.123199997	 -0.250 	  -66.79 	 
0.123399997	 -0.247 	  -65.24 	 
0.123599997	 -0.245 	  -63.69 	 
0.123799997	 -0.244 	  -62.18 	 
0.123999997	 -0.241 	  -60.69 	 
0.124199997	 -0.239 	  -59.20 	 
0.124399997	 -0.238 	  -57.76 	 
0.124599997	 -0.235 	  -56.31 	 
0.124799997	 -0.233 	  -54.93 	 
0.124999997	 -0.231 	  -53.51 	 
0.125199997	 -0.229 	  -52.12 	 
0.125399997	 -0.225 	  -50.72 	 
0.125599997	 -0.224 	  -49.40 	 
0.125799997	 -0.222 	  -48.07 	 
0.125999997	 -0.220 	  -46.82 	 
0.126199997	 -0.217 	  -45.60 	 
0.126399997	 -0.215 	  -44.43 	 
0.126599997	 -0.212 	  -43.38 	 
0.126799997	 -0.211 	  -42.37 	 
0.126999997	 -0.208 	  -41.45 	 
0.127199997	 -0.206 	  -40.59 	 
0.127399997	 -0.205 	  -39.84 	 
0.127599997	 -0.203 	  -39.21 	 
0.127799997	 -0.201 	  -38.67 	 
0.127999997	 -0.200 	  -38.32 	 
0.128199997	 -0.199 	  -38.03 	 
0.128399997	 -0.198 	  -37.87 	 
0.128599997	 -0.198 	  -37.78 	 
0.128799997	 -0.197 	  -37.79 	 
0.128999997	 -0.196 	  -37.91 	 
0.129199997	 -0.196 	  -38.12 	 
0.129399997	 -0.195 	  -38.46 	 
0.129599997	 -0.196 	  -38.87 	 
0.129799997	 -0.196 	  -39.37 	 
0.129999997	 -0.196 	  -39.96 	 
0.130199997	 -0.197 	  -40.59 	 
0.130399997	 -0.197 	  -41.27 	 
0.130599997	 -0.198 	  -42.04 	 
0.130799997	 -0.198 	  -42.81 	 
0.130999997	 -0.199 	  -43.64 	 
0.131199997	 -0.200 	  -44.53 	 
0.131399997	 -0.200 	  -45.50 	 
0.131599997	 -0.202 	  -46.51 	 
0.131799997	 -0.203 	  -47.58 	 
0.131999997	 -0.204 	  -48.77 	 
0.132199997	 -0.206 	  -50.01 	 
0.132399997	 -0.208 	  -51.36 	 
0.132599997	 -0.210 	  -52.76 	 
0.132799997	 -0.211 	  -54.27 	 
0.132999997	 -0.214 	  -55.81 	 
0.133199997	 -0.216 	  -57.39 	 
0.133399997	 -0.218 	  -58.98 	 
0.133599997	 -0.220 	  -60.62 	 
0.133799997	 -0.223 	  -62.23 	 
0.133999997	 -0.225 	  -63.86 	 
0.134199997	 -0.228 	  -65.43 	 
0.134399997	 -0.230 	  -66.98 	 
0.134599997	 -0.233 	  -68.47 	 
0.134799997	 -0.235 	  -69.88 	 
0.134999997	 -0.238 	  -71.23 	 
0.135199997	 -0.240 	  -72.55 	 
0.135399997	 -0.242 	  -73.80 	 
0.135599997	 -0.244 	  -75.02 	 
0.135799997	 -0.246 	  -76.20 	 
0.135999997	 -0.248 	  -77.36 	 
0.136199997	 -0.250 	  -78.42 	 
0.136399997	 -0.252 	  -79.47 	 
0.136599997	 -0.254 	  -80.44 	 
0.136799997	 -0.255 	  -81.34 	 
0.136999997	 -0.256 	  -82.19 	 
0.137199997	 -0.258 	  -82.93 	 
0.137399997	 -0.260 	  -83.60 	 
0.137599997	 -0.261 	  -84.16 	 
0.137799997	 -0.262 	  -84.65 	 
0.137999997	 -0.262 	  -85.03 	 
0.138199997	 -0.264 	  -85.30 	 
0.138399997	 -0.264 	  -85.48 	 
0.138599996	 -0.265 	  -85.54 	 
0.138799996	 -0.265 	  -85.54 	 
0.138999996	 -0.265 	  -85.41 	 
0.139199996	 -0.266 	  -85.23 	 
0.139399996	 -0.266 	  -84.98 	 
0.139599996	 -0.266 	  -84.67 	 
0.139799996	 -0.266 	  -84.31 	 
0.139999996	 -0.266 	  -83.85 	 
0.140199996	 -0.266 	  -83.35 	 
0.140399996	 -0.265 	  -82.76 	 
0.140599996	 -0.265 	  -82.05 	 
0.140799996	 -0.264 	  -81.29 	 
0.140999996	 -0.264 	  -80.47 	 
0.141199996	 -0.263 	  -79.56 	 
0.141399996	 -0.262 	  -78.60 	 
0.141599996	 -0.261 	  -77.60 	 
0.141799996	 -0.260 	  -76.58 	 
0.141999996	 -0.259 	  -75.49 	 
0.142199996	 -0.257 	  -74.23 	 
0.142399996	 -0.257 	  -72.87 	 
0.142599996	 -0.255 	  -71.43 	 
0.142799996	 -0.254 	  -69.91 	 
0.142999996	 -0.252 	  -68.36 	 
0.143199996	 -0.250 	  -66.80 	 
0.143399996	 -0.248 	  -65.23 	 
0.143599996	 -0.246 	  -63.74 	 
0.143799996	 -0.244 	  -62.19 	 
0.143999996	 -0.242 	  -60.72 	 
0.144199996	 -0.240 	  -59.25 	 
0.144399996	 -0.238 	  -57.79 	 
0.144599996	 -0.235 	  -56.38 	 
0.144799996	 -0.233 	  -54.93 	 
0.144999996	 -0.231 	  -53.53 	 
0.145199996	 -0.229 	  -52.12 	 
0.145399996	 -0.226 	  -50.75 	 
0.145599996	 -0.225 	  -49.40 	 
0.145799996	 -0.222 	  -48.07 	 
0.145999996	 -0.219 	  -46.82 	 
0.146199996	 -0.217 	  -45.57 	 
0.146399996	 -0.214 	  -44.42 	 
0.146599996	 -0.212 	  -43.31 	 
0.146799996	 -0.210 	  -42.30 	 
0.146999996	 -0.208 	  -41.39 	 
0.147199996	 -0.207 	  -40.53 	 
0.147399996	 -0.205 	  -39.81 	 
0.147599996	 -0.203 	  -39.18 	 
0.147799996	 -0.201 	  -38.68 	 
0.147999996	 -0.200 	  -38.31 	 
0.148199996	 -0.199 	  -38.03 	 
0.148399996	 -0.198 	  -37.84 	 
0.148599996	 -0.197 	  -37.74 	 
0.148799996	 -0.197 	  -37.72 	 
0.148999996	 -0.196 	  -37.84 	 
0.149199996	 -0.196 	  -38.09 	 
0.149399996	 -0.196 	  -38.38 	 
0.149599996	 -0.196 	  -38.82 	 
0.149799996	 -0.196 	  -39.33 	 
0.149999996	 -0.196 	  -39.93 	 
0.150199996	 -0.197 	  -40.58 	 
0.150399996	 -0.198 	  -41.26 	 
0.150599996	 -0.197 	  -42.00 	 
0.150799996	 -0.199 	  -42.80 	 
0.150999996	 -0.199 	  -43.63 	 
0.151199996	 -0.200 	  -44.52 	 
0.151399996	 -0.202 	  -45.51 	 
0.151599996	 -0.202 	  -46.53 	 
0.151799996	 -0.203 	  -47.65 	 
0.151999996	 -0.205 	  -48.82 	 
0.152199996	 -0.206 	  -50.07 	 
0.152399996	 -0.207 	  -51.39 	 
0.152599996	 -0.209 	  -52.80 	 
0.152799996	 -0.212 	  -54.25 	 
0.152999996	 -0.213 	  -55.76 	 
0.153199996	 -0.215 	  -57.33 	 
0.153399996	 -0.218 	  -58.90 	 
0.153599996	 -0.220 	  -60.52 	 
0.153799996	 -0.223 	  -62.13 	 
0.153999996	 -0.225 	  -63.76 	 
0.154199996	 -0.227 	  -65.35 	 
0.154399996	 -0.230 	  -66.90 	 
0.154599996	 -0.233 	  -68.41 	 
0.154799996	 -0.235 	  -69.85 	 
0.154999996	 -0.238 	  -71.21 	 
0.155199996	 -0.240 	  -72.52 	 
0.155399996	 -0.242 	  -73.81 	 
0.155599996	 -0.245 	  -75.03 	 
0.155799996	 -0.246 	  -76.19 	 
0.155999996	 -0.248 	  -77.35 	 
0.156199996	 -0.250 	  -78.44 	 
0.156399996	 -0.252 	  -79.45 	 
0.156599996	 -0.254 	  -80.42 	 
0.156799996	 -0.255 	  -81.31 	 
0.156999996	 -0.257 	  -82.15 	 
0.157199996	 -0.258 	  -82.90 	 
0.157399996	 -0.260 	  -83.59 	 
0.157599996	 -0.261 	  -84.15 	 
0.157799996	 -0.262 	  -84.62 	 
0.157999996	 -0.263 	  -85.00 	 
0.158199996	 -0.264 	  -85.26 	 
0.158399996	 -0.264 	  -85.44 	 
0.158599996	 -0.265 	  -85.49 	 
0.158799996	 -0.265 	  -85.48 	 
0.158999996	 -0.266 	  -85.37 	 
0.159199996	 -0.266 	  -85.19 	 
0.159399996	 -0.266 	  -85.00 	 
0.159599996	 -0.266 	  -84.67 	 
0.159799996	 -0.266 	  -84.32 	 
0.159999996	 -0.266 	  -83.86 	 
0.160199996	 -0.265 	  -83.33 	 
0.160399996	 -0.265 	  -82.70 	 
0.160599996	 -0.264 	  -81.99 	 
0.160799996	 -0.264 	  -81.22 	 
0.160999996	 -0.263 	  -80.39 	 
0.161199996	 -0.262 	  -79.51 	 
0.161399996	 -0.261 	  -78.55 	 
0.161599996	 -0.261 	  -77.59 	 
0.161799996	 -0.260 	  -76.56 	 
0.161999996	 -0.259 	  -75.35 	 
0.162199996	 -0.257 	  -74.14 	 
0.162399996	 -0.256 	  -72.77 	 
0.162599996	 -0.255 	  -71.30 	 
0.162799996	 -0.253 	  -69.83 	 
0.162999996	 -0.252 	  -68.28 	 
0.163199996	 -0.250 	  -66.76 	 
0.163399996	 -0.248 	  -65.24 	 
0.163599996	 -0.246 	  -63.71 	 
0.163799996	 -0.244 	  -62.22 	 
0.163999996	 -0.242 	  -60.69 	 
0.164199996	 -0.240 	  -59.21 	 
0.164399996	 -0.238 	  -57.75 	 
0.164599996	 -0.235 	  -56.31 	 
0.164799996	 -0.233 	  -54.85 	 
0.164999996	 -0.231 	  -53.41 	 
0.165199996	 -0.229 	  -52.01 	 
0.165399996	 -0.226 	  -50.64 	 
0.165599996	 -0.224 	  -49.30 	 
0.165799996	 -0.222 	  -47.98 	 
0.165999996	 -0.219 	  -46.73 	 
0.166199996	 -0.217 	  -45.51 	 
0.166399996	 -0.215 	  -44.37 	 
0.166599996	 -0.212 	  -43.31 	 
0.166799996	 -0.210 	  -42.28 	 
0.166999996	 -0.208 	  -41.39 	 
0.167199996	 -0.206 	  -40.54 	 
0.167399996	 -0.205 	  -39.78 	 
0.167599996	 -0.203 	  -39.15 	 
0.167799996	 -0.202 	  -38.63 	 
0.167999996	 -0.200 	  -38.25 	 
0.168199996	 -0.198 	  -37.99 	 
0.168399996	 -0.198 	  -37.81 	 
0.168599996	 -0.198 	  -37.71 	 
0.168799996	 -0.196 	  -37.70 	 
0.168999996	 -0.196 	  -37.79 	 
0.169199996	 -0.196 	  -38.00 	 
0.169399996	 -0.195 	  -38.34 	 
0.169599996	 -0.196 	  -38.75 	 
0.169799996	 -0.196 	  -39.29 	 
0.169999996	 -0.196 	  -39.85 	 
0.170199996	 -0.196 	  -40.52 	 
0.170399996	 -0.197 	  -41.21 	 
0.170599996	 -0.197 	  -41.96 	 
0.170799996	 -0.198 	  -42.78 	 
0.170999996	 -0.199 	  -43.63 	 
0.171199996	 -0.200 	  -44.53 	 
0.171399996	 -0.201 	  -45.49 	 
0.171599996	 -0.202 	  -46.51 	 
0.171799996	 -0.203 	  -47.61 	 
0.171999996	 -0.204 	  -48.75 	 
0.172199996	 -0.206 	  -49.97 	 
0.172399996	 -0.207 	  -51.29 	 
0.172599996	 -0.209 	  -52.67 	 
0.172799996	 -0.211 	  -54.13 	 
0.172999996	 -0.213 	  -55.68 	 
0.173199996	 -0.215 	  -57.27 	 
0.173399996	 -0.218 	  -58.87 	 
0.173599996	 -0.220 	  -60.48 	 
0.173799996	 -0.222 	  -62.10 	 
0.173999996	 -0.225 	  -63.68 	 
0.174199996	 -0.227 	  -65.25 	 
0.174399996	 -0.230 	  -66.79 	 
0.174599996	 -0.232 	  -68.26 	 
0.174799996	 -0.234 	  -69.70 	 
0.174999996	 -0.237 	  -71.07 	 
0.175199996	 -0.239 	  -72.42 	 
0.175399996	 -0.242 	  -73.73 	 
0.175599996	 -0.244 	  -75.00 	 
0.175799996	 -0.246 	  -76.22 	 
0.175999996	 -0.248 	  -77.37 	 
0.176199996	 -0.249 	  -78.47 	 
0.176399996	 -0.252 	  -79.54 	 
0.176599996	 -0.254 	  -80.48 	 
0.176799996	 -0.255 	  -81.39 	 
0.176999996	 -0.257 	  -82.21 	 
0.177199996	 -0.258 	  -82.94 	 
0.177399996	 -0.260 	  -83.59 	 
0.177599996	 -0.261 	  -84.14 	 
0.177799996	 -0.261 	  -84.60 	 
0.177999996	 -0.263 	  -85.00 	 
0.178199995	 -0.264 	  -85.26 	 
0.178399995	 -0.264 	  -85.46 	 
0.178599995	 -0.265 	  -85.53 	 
0.178799995	 -0.266 	  -85.53 	 
0.178999995	 -0.266 	  -85.42 	 
0.179199995	 -0.266 	  -85.26 	 
0.179399995	 -0.266 	  -85.00 	 
0.179599995	 -0.266 	  -84.67 	 
0.179799995	 -0.266 	  -84.29 	 
0.179999995	 -0.266 	  -83.83 	 
0.180199995	 -0.265 	  -83.29 	 
0.180399995	 -0.265 	  -82.67 	 
0.180599995	 -0.265 	  -82.01 	 
0.180799995	 -0.264 	  -81.27 	 
0.180999995	 -0.263 	  -80.42 	 
0.181199995	 -0.262 	  -79.52 	 
0.181399995	 -0.262 	  -78.56 	 
0.181599995	 -0.261 	  -77.58 	 
0.181799995	 -0.259 	  -76.51 	 
0.181999995	 -0.259 	  -75.33 	 
0.182199995	 -0.257 	  -74.08 	 
0.182399995	 -0.257 	  -72.72 	 
0.182599995	 -0.255 	  -71.31 	 
0.182799995	 -0.253 	  -69.81 	 
0.182999995	 -0.251 	  -68.28 	 
0.183199995	 -0.250 	  -66.75 	 
0.183399995	 -0.248 	  -65.21 	 
0.183599995	 -0.246 	  -63.73 	 
0.183799995	 -0.245 	  -62.21 	 
0.183999995	 -0.241 	  -60.74 	 
0.184199995	 -0.239 	  -59.22 	 
0.184399995	 -0.237 	  -57.69 	 
0.184599995	 -0.235 	  -56.23 	 
0.184799995	 -0.233 	  -54.74 	 
0.184999995	 -0.230 	  -53.34 	 
0.185199995	 -0.229 	  -51.91 	 
0.185399995	 -0.226 	  -50.57 	 
0.185599995	 -0.224 	  -49.25 	 
0.185799995	 -0.222 	  -47.95 	 
0.185999995	 -0.219 	  -46.71 	 
0.186199995	 -0.217 	  -45.50 	 
0.186399995	 -0.215 	  -44.42 	 
0.186599995	 -0.213 	  -43.31 	 
0.186799995	 -0.210 	  -42.32 	 
0.186999995	 -0.209 	  -41.39 	 
0.187199995	 -0.207 	  -40.53 	 
0.187399995	 -0.205 	  -39.79 	 
0.187599995	 -0.203 	  -39.13 	 
0.187799995	 -0.201 	  -38.61 	 
0.187999995	 -0.200 	  -38.19 	 
0.188199995	 -0.199 	  -37.90 	 
0.188399995	 -0.198 	  -37.68 	 
0.188599995	 -0.197 	  -37.62 	 
0.188799995	 -0.196 	  -37.62 	 
0.188999995	 -0.195 	  -37.77 	 
0.189199995	 -0.196 	  -38.04 	 
0.189399995	 -0.195 	  -38.39 	 
0.189599995	 -0.196 	  -38.83 	 
0.189799995	 -0.196 	  -39.39 	 
0.189999995	 -0.196 	  -39.98 	 
0.190199995	 -0.197 	  -40.64 	 
0.190399995	 -0.197 	  -41.33 	 
0.190599995	 -0.198 	  -42.04 	 
0.190799995	 -0.198 	  -42.81 	 
0.190999995	 -0.200 	  -43.61 	 
0.191199995	 -0.200 	  -44.46 	 
0.191399995	 -0.201 	  -45.42 	 
0.191599995	 -0.202 	  -46.43 	 
0.191799995	 -0.203 	  -47.52 	 
0.191999995	 -0.204 	  -48.69 	 
0.192199995	 -0.205 	  -49.95 	 
0.192399995	 -0.207 	  -51.29 	 
0.192599995	 -0.209 	  -52.71 	 
0.192799995	 -0.212 	  -54.19 	 
0.192999995	 -0.213 	  -55.70 	 
0.193199995	 -0.216 	  -57.29 	 
0.193399995	 -0.218 	  -58.90 	 
0.193599995	 -0.220 	  -60.51 	 
0.193799995	 -0.223 	  -62.14 	 
0.193999995	 -0.225 	  -63.75 	 
0.194199995	 -0.228 	  -65.30 	 
0.194399995	 -0.230 	  -66.83 	 
0.194599995	 -0.232 	  -68.32 	 
0.194799995	 -0.235 	  -69.76 	 
0.194999995	 -0.238 	  -71.13 	 
0.195199995	 -0.240 	  -72.45 	 
0.195399995	 -0.242 	  -73.73 	 
0.195599995	 -0.244 	  -74.99 	 
0.195799995	 -0.246 	  -76.19 	 
0.195999995	 -0.248 	  -77.33 	 
0.196199995	 -0.250 	  -78.40 	 
0.196399995	 -0.252 	  -79.43 	 
0.196599995	 -0.254 	  -80.41 	 
0.196799995	 -0.255 	  -81.32 	 
0.196999995	 -0.257 	  -82.13 	 
0.197199995	 -0.258 	  -82.89 	 
0.197399995	 -0.260 	  -83.54 	 
0.197599995	 -0.261 	  -84.12 	 
0.197799995	 -0.262 	  -84.61 	 
0.197999995	 -0.262 	  -84.99 	 
0.198199995	 -0.264 	  -85.26 	 
0.198399995	 -0.264 	  -85.45 	 
0.198599995	 -0.265 	  -85.52 	 
0.198799995	 -0.266 	  -85.48 	 
0.198999995	 -0.265 	  -85.39 	 
0.199199995	 -0.266 	  -85.22 	 
0.199399995	 -0.266 	  -84.97 	 
0.199599995	 -0.266 	  -84.64 	 
0.199799995	 -0.266 	  -84.25 	 
0.199999995	 -0.266 	  -83.79 	 
0.200199995	 -0.266 	  -83.27 	 
0.200399995	 -0.264 	  -82.67 	 
0.200599995	 -0.264 	  -82.00 	 
0.200799995	 -0.264 	  -81.23 	 
0.200999995	 -0.264 	  -80.41 	 
0.201199995	 -0.262 	  -79.54 	 
0.201399995	 -0.262 	  -78.57 	 
0.201599995	 -0.261 	  -77.58 	 
0.201799995	 -0.260 	  -76.52 	 
0.201999995	 -0.258 	  -75.38 	 
0.202199995	 -0.257 	  -74.13 	 
0.202399995	 -0.257 	  -72.78 	 
0.202599995	 -0.255 	  -71.32 	 
0.202799995	 -0.253 	  -69.82 	 
0.202999995	 -0.252 	  -68.27 	 
0.203199995	 -0.250 	  -66.71 	 
0.203399995	 -0.248 	  -65.15 	 
0.203599995	 -0.246 	  -63.63 	 
0.203799995	 -0.244 	  -62.14 	 
0.203999995	 -0.242 	  -60.63 	 
0.204199995	 -0.240 	  -59.13 	 
0.204399995	 -0.237 	  -57.69 	 
0.204599995	 -0.235 	  -56.23 	 
