0.000000000	  0.116 	  -83.09 	 
0.000200000	  0.116 	  -82.48 	 
0.000400000	  0.116 	  -81.73 	 
0.000600000	  0.116 	  -80.93 	 
0.000800000	  0.117 	  -80.00 	 
0.001000000	  0.117 	  -79.00 	 
0.001200000	  0.118 	  -78.01 	 
0.001400000	  0.118 	  -76.98 	 
0.001600000	  0.119 	  -75.81 	 
0.001800000	  0.119 	  -74.44 	 
0.002000000	  0.119 	  -72.90 	 
0.002200000	  0.120 	  -71.34 	 
0.002400000	  0.121 	  -69.84 	 
0.002600000	  0.122 	  -68.41 	 
0.002800000	  0.123 	  -67.09 	 
0.003000000	  0.123 	  -65.79 	 
0.003200000	  0.124 	  -64.42 	 
0.003400000	  0.125 	  -63.04 	 
0.003600000	  0.126 	  -61.46 	 
0.003800000	  0.127 	  -59.85 	 
0.004000000	  0.128 	  -58.24 	 
0.004200000	  0.130 	  -56.68 	 
0.004400000	  0.131 	  -55.15 	 
0.004600000	  0.131 	  -53.69 	 
0.004800000	  0.133 	  -52.32 	 
0.005000000	  0.133 	  -50.99 	 
0.005200000	  0.135 	  -49.74 	 
0.005400000	  0.135 	  -48.46 	 
0.005600000	  0.136 	  -47.22 	 
0.005800000	  0.137 	  -46.01 	 
0.006000000	  0.139 	  -44.84 	 
0.006200000	  0.139 	  -43.75 	 
0.006400000	  0.140 	  -42.77 	 
0.006600000	  0.141 	  -41.84 	 
0.006800000	  0.142 	  -40.97 	 
0.007000000	  0.142 	  -40.18 	 
0.007200000	  0.143 	  -39.52 	 
0.007400000	  0.144 	  -38.98 	 
0.007600000	  0.144 	  -38.58 	 
0.007800000	  0.144 	  -38.26 	 
0.008000000	  0.145 	  -38.03 	 
0.008200000	  0.145 	  -37.86 	 
0.008400000	  0.146 	  -37.76 	 
0.008600000	  0.146 	  -37.75 	 
0.008800000	  0.146 	  -37.88 	 
0.009000000	  0.146 	  -38.12 	 
0.009200000	  0.146 	  -38.45 	 
0.009400000	  0.146 	  -38.88 	 
0.009600000	  0.146 	  -39.39 	 
0.009800000	  0.146 	  -39.98 	 
0.010000000	  0.145 	  -40.63 	 
0.010200000	  0.145 	  -41.32 	 
0.010400000	  0.145 	  -42.08 	 
0.010600000	  0.145 	  -42.85 	 
0.010800000	  0.144 	  -43.73 	 
0.011000000	  0.145 	  -44.70 	 
0.011200000	  0.144 	  -45.78 	 
0.011400000	  0.143 	  -46.95 	 
0.011600000	  0.142 	  -48.22 	 
0.011800000	  0.142 	  -49.52 	 
0.012000000	  0.141 	  -50.87 	 
0.012200000	  0.140 	  -52.25 	 
0.012400000	  0.139 	  -53.62 	 
0.012600000	  0.139 	  -55.02 	 
0.012800000	  0.137 	  -56.49 	 
0.013000000	  0.137 	  -58.00 	 
0.013200000	  0.136 	  -59.56 	 
0.013400000	  0.134 	  -61.18 	 
0.013600000	  0.133 	  -62.75 	 
0.013800000	  0.133 	  -64.29 	 
0.014000000	  0.132 	  -65.80 	 
0.014200000	  0.131 	  -67.27 	 
0.014400000	  0.130 	  -68.69 	 
0.014600000	  0.128 	  -70.12 	 
0.014800000	  0.127 	  -71.50 	 
0.015000000	  0.126 	  -72.85 	 
0.015200000	  0.126 	  -74.19 	 
0.015400000	  0.125 	  -75.46 	 
0.015600000	  0.124 	  -76.65 	 
0.015800000	  0.123 	  -77.80 	 
0.016000000	  0.122 	  -78.84 	 
0.016200000	  0.122 	  -79.82 	 
0.016400000	  0.120 	  -80.74 	 
0.016600000	  0.119 	  -81.56 	 
0.016800000	  0.119 	  -82.35 	 
0.017000000	  0.118 	  -83.04 	 
0.017200000	  0.117 	  -83.69 	 
0.017400000	  0.117 	  -84.24 	 
0.017600000	  0.116 	  -84.68 	 
0.017800000	  0.117 	  -85.00 	 
0.018000000	  0.115 	  -85.21 	 
0.018200000	  0.116 	  -85.36 	 
0.018400000	  0.115 	  -85.41 	 
0.018600000	  0.115 	  -85.41 	 
0.018800000	  0.115 	  -85.33 	 
0.019000000	  0.115 	  -85.18 	 
0.019200000	  0.116 	  -84.93 	 
0.019400000	  0.115 	  -84.59 	 
0.019600000	  0.115 	  -84.21 	 
0.019799999	  0.116 	  -83.73 	 
0.019999999	  0.115 	  -83.12 	 
0.020199999	  0.116 	  -82.45 	 
0.020399999	  0.116 	  -81.67 	 
0.020599999	  0.116 	  -80.82 	 
0.020799999	  0.117 	  -79.91 	 
0.020999999	  0.118 	  -78.97 	 
0.021199999	  0.118 	  -78.03 	 
0.021399999	  0.118 	  -77.05 	 
0.021599999	  0.118 	  -75.86 	 
0.021799999	  0.119 	  -74.48 	 
0.021999999	  0.120 	  -72.93 	 
0.022199999	  0.120 	  -71.35 	 
0.022399999	  0.121 	  -69.81 	 
0.022599999	  0.122 	  -68.37 	 
0.022799999	  0.122 	  -67.04 	 
0.022999999	  0.123 	  -65.74 	 
0.023199999	  0.124 	  -64.40 	 
0.023399999	  0.125 	  -63.01 	 
0.023599999	  0.126 	  -61.47 	 
0.023799999	  0.127 	  -59.90 	 
0.023999999	  0.128 	  -58.28 	 
0.024199999	  0.129 	  -56.70 	 
0.024399999	  0.130 	  -55.15 	 
0.024599999	  0.132 	  -53.69 	 
0.024799999	  0.132 	  -52.30 	 
0.024999999	  0.133 	  -50.98 	 
0.025199999	  0.135 	  -49.69 	 
0.025399999	  0.135 	  -48.48 	 
0.025599999	  0.137 	  -47.26 	 
0.025799999	  0.138 	  -46.03 	 
0.025999999	  0.139 	  -44.83 	 
0.026199999	  0.139 	  -43.73 	 
0.026399999	  0.139 	  -42.75 	 
0.026599999	  0.141 	  -41.76 	 
0.026799999	  0.141 	  -40.93 	 
0.026999999	  0.142 	  -40.16 	 
0.027199999	  0.144 	  -39.56 	 
0.027399999	  0.144 	  -39.10 	 
0.027599999	  0.144 	  -38.67 	 
0.027799999	  0.145 	  -38.30 	 
0.027999999	  0.146 	  -38.04 	 
0.028199999	  0.146 	  -37.80 	 
0.028399999	  0.146 	  -37.67 	 
0.028599999	  0.146 	  -37.65 	 
0.028799999	  0.147 	  -37.79 	 
0.028999999	  0.146 	  -38.09 	 
0.029199999	  0.146 	  -38.48 	 
0.029399999	  0.146 	  -38.94 	 
0.029599999	  0.146 	  -39.47 	 
0.029799999	  0.146 	  -40.00 	 
0.029999999	  0.146 	  -40.56 	 
0.030199999	  0.146 	  -41.21 	 
0.030399999	  0.145 	  -41.93 	 
0.030599999	  0.144 	  -42.72 	 
0.030799999	  0.145 	  -43.66 	 
0.030999999	  0.144 	  -44.67 	 
0.031199999	  0.143 	  -45.79 	 
0.031399999	  0.143 	  -47.02 	 
0.031599999	  0.142 	  -48.28 	 
0.031799999	  0.141 	  -49.61 	 
0.031999999	  0.141 	  -50.96 	 
0.032199999	  0.140 	  -52.30 	 
0.032399999	  0.140 	  -53.67 	 
0.032599999	  0.138 	  -55.07 	 
0.032799999	  0.137 	  -56.53 	 
0.032999999	  0.136 	  -58.04 	 
0.033199999	  0.136 	  -59.58 	 
0.033399999	  0.135 	  -61.16 	 
0.033599999	  0.134 	  -62.70 	 
0.033799999	  0.133 	  -64.24 	 
0.033999999	  0.131 	  -65.73 	 
0.034199999	  0.130 	  -67.20 	 
0.034399999	  0.130 	  -68.63 	 
0.034599999	  0.128 	  -70.09 	 
0.034799999	  0.128 	  -71.48 	 
0.034999999	  0.127 	  -72.88 	 
0.035199999	  0.125 	  -74.21 	 
0.035399999	  0.125 	  -75.47 	 
0.035599999	  0.124 	  -76.69 	 
0.035799999	  0.123 	  -77.81 	 
0.035999999	  0.122 	  -78.88 	 
0.036199999	  0.121 	  -79.87 	 
0.036399999	  0.121 	  -80.78 	 
0.036599999	  0.120 	  -81.60 	 
0.036799999	  0.118 	  -82.37 	 
0.036999999	  0.118 	  -83.05 	 
0.037199999	  0.118 	  -83.69 	 
0.037399999	  0.117 	  -84.24 	 
0.037599999	  0.117 	  -84.69 	 
0.037799999	  0.116 	  -85.04 	 
0.037999999	  0.116 	  -85.24 	 
0.038199999	  0.115 	  -85.39 	 
0.038399999	  0.115 	  -85.49 	 
0.038599999	  0.116 	  -85.50 	 
0.038799999	  0.115 	  -85.44 	 
0.038999999	  0.115 	  -85.26 	 
0.039199999	  0.116 	  -84.98 	 
0.039399999	  0.115 	  -84.62 	 
0.039599999	  0.116 	  -84.19 	 
0.039799999	  0.115 	  -83.69 	 
0.039999999	  0.116 	  -83.09 	 
0.040199999	  0.116 	  -82.43 	 
0.040399999	  0.116 	  -81.71 	 
0.040599999	  0.116 	  -80.89 	 
0.040799999	  0.117 	  -80.00 	 
0.040999999	  0.117 	  -79.04 	 
0.041199999	  0.118 	  -78.09 	 
0.041399999	  0.118 	  -77.02 	 
0.041599999	  0.119 	  -75.84 	 
0.041799999	  0.119 	  -74.45 	 
0.041999999	  0.119 	  -72.92 	 
0.042199999	  0.121 	  -71.37 	 
0.042399999	  0.122 	  -69.89 	 
0.042599999	  0.122 	  -68.51 	 
0.042799999	  0.123 	  -67.12 	 
0.042999999	  0.123 	  -65.73 	 
0.043199999	  0.125 	  -64.33 	 
0.043399999	  0.125 	  -62.91 	 
0.043599999	  0.126 	  -61.35 	 
0.043799999	  0.127 	  -59.75 	 
0.043999999	  0.129 	  -58.19 	 
0.044199999	  0.129 	  -56.68 	 
0.044399999	  0.131 	  -55.21 	 
0.044599999	  0.132 	  -53.78 	 
0.044799999	  0.132 	  -52.34 	 
0.044999999	  0.134 	  -50.98 	 
0.045199999	  0.135 	  -49.69 	 
0.045399999	  0.135 	  -48.42 	 
0.045599999	  0.136 	  -47.16 	 
0.045799999	  0.137 	  -45.94 	 
0.045999999	  0.138 	  -44.78 	 
0.046199999	  0.139 	  -43.73 	 
0.046399999	  0.139 	  -42.70 	 
0.046599999	  0.141 	  -41.75 	 
0.046799999	  0.142 	  -40.88 	 
0.046999999	  0.143 	  -40.17 	 
0.047199999	  0.144 	  -39.55 	 
0.047399999	  0.144 	  -39.08 	 
0.047599999	  0.145 	  -38.65 	 
0.047799999	  0.145 	  -38.31 	 
0.047999999	  0.146 	  -38.00 	 
0.048199999	  0.146 	  -37.76 	 
0.048399999	  0.147 	  -37.59 	 
0.048599999	  0.147 	  -37.56 	 
0.048799999	  0.147 	  -37.71 	 
0.048999999	  0.147 	  -38.01 	 
0.049199999	  0.147 	  -38.43 	 
0.049399999	  0.146 	  -38.91 	 
0.049599999	  0.146 	  -39.41 	 
0.049799999	  0.145 	  -39.98 	 
0.049999999	  0.145 	  -40.56 	 
0.050199999	  0.145 	  -41.21 	 
0.050399999	  0.145 	  -41.90 	 
0.050599999	  0.145 	  -42.69 	 
0.050799999	  0.145 	  -43.62 	 
0.050999999	  0.144 	  -44.68 	 
0.051199999	  0.144 	  -45.86 	 
0.051399999	  0.143 	  -47.11 	 
0.051599999	  0.142 	  -48.36 	 
0.051799999	  0.142 	  -49.61 	 
0.051999999	  0.141 	  -50.88 	 
0.052199999	  0.140 	  -52.19 	 
0.052399999	  0.139 	  -53.52 	 
0.052599999	  0.139 	  -54.95 	 
0.052799999	  0.138 	  -56.46 	 
0.052999999	  0.137 	  -58.02 	 
0.053199999	  0.136 	  -59.62 	 
0.053399999	  0.135 	  -61.21 	 
0.053599999	  0.134 	  -62.76 	 
0.053799999	  0.133 	  -64.28 	 
0.053999999	  0.131 	  -65.75 	 
0.054199999	  0.131 	  -67.20 	 
0.054399999	  0.129 	  -68.63 	 
0.054599999	  0.129 	  -70.08 	 
0.054799999	  0.128 	  -71.54 	 
0.054999999	  0.126 	  -72.95 	 
0.055199999	  0.125 	  -74.29 	 
0.055399999	  0.124 	  -75.55 	 
0.055599999	  0.123 	  -76.76 	 
0.055799999	  0.123 	  -77.83 	 
0.055999999	  0.122 	  -78.87 	 
0.056199999	  0.121 	  -79.87 	 
0.056399999	  0.121 	  -80.74 	 
0.056599999	  0.119 	  -81.58 	 
0.056799999	  0.120 	  -82.39 	 
0.056999999	  0.119 	  -83.11 	 
0.057199999	  0.118 	  -83.76 	 
0.057399999	  0.117 	  -84.32 	 
0.057599999	  0.117 	  -84.74 	 
0.057799999	  0.116 	  -85.03 	 
0.057999999	  0.116 	  -85.24 	 
0.058199999	  0.116 	  -85.39 	 
0.058399999	  0.116 	  -85.46 	 
0.058599999	  0.115 	  -85.46 	 
0.058799999	  0.116 	  -85.39 	 
0.058999999	  0.115 	  -85.23 	 
0.059199999	  0.115 	  -84.97 	 
0.059399998	  0.115 	  -84.62 	 
0.059599998	  0.115 	  -84.22 	 
0.059799998	  0.116 	  -83.71 	 
0.059999998	  0.115 	  -83.12 	 
0.060199998	  0.116 	  -82.43 	 
0.060399998	  0.115 	  -81.69 	 
0.060599998	  0.116 	  -80.86 	 
0.060799998	  0.116 	  -79.96 	 
0.060999998	  0.117 	  -79.03 	 
0.061199998	  0.118 	  -78.09 	 
0.061399998	  0.118 	  -77.03 	 
0.061599998	  0.119 	  -75.79 	 
0.061799998	  0.119 	  -74.42 	 
0.061999998	  0.120 	  -72.92 	 
0.062199998	  0.121 	  -71.39 	 
0.062399998	  0.121 	  -69.92 	 
0.062599998	  0.122 	  -68.47 	 
0.062799998	  0.122 	  -67.14 	 
0.062999998	  0.124 	  -65.81 	 
0.063199998	  0.124 	  -64.42 	 
0.063399998	  0.125 	  -62.99 	 
0.063599998	  0.126 	  -61.42 	 
0.063799998	  0.128 	  -59.79 	 
0.063999998	  0.128 	  -58.19 	 
0.064199998	  0.129 	  -56.66 	 
0.064399998	  0.130 	  -55.17 	 
0.064599998	  0.131 	  -53.76 	 
0.064799998	  0.132 	  -52.39 	 
0.064999998	  0.133 	  -51.03 	 
0.065199998	  0.134 	  -49.71 	 
0.065399998	  0.135 	  -48.41 	 
0.065599998	  0.136 	  -47.16 	 
0.065799998	  0.138 	  -45.94 	 
0.065999998	  0.139 	  -44.76 	 
0.066199998	  0.140 	  -43.72 	 
0.066399998	  0.140 	  -42.70 	 
0.066599998	  0.141 	  -41.76 	 
0.066799998	  0.142 	  -40.90 	 
0.066999998	  0.142 	  -40.17 	 
0.067199998	  0.143 	  -39.58 	 
0.067399998	  0.144 	  -39.07 	 
0.067599998	  0.145 	  -38.65 	 
0.067799998	  0.145 	  -38.33 	 
0.067999998	  0.145 	  -38.07 	 
0.068199998	  0.145 	  -37.85 	 
0.068399998	  0.146 	  -37.66 	 
0.068599998	  0.146 	  -37.59 	 
0.068799998	  0.147 	  -37.69 	 
0.068999998	  0.146 	  -38.00 	 
0.069199998	  0.147 	  -38.38 	 
0.069399998	  0.147 	  -38.84 	 
0.069599998	  0.146 	  -39.39 	 
0.069799998	  0.147 	  -39.98 	 
0.069999998	  0.146 	  -40.58 	 
0.070199998	  0.146 	  -41.26 	 
0.070399998	  0.146 	  -41.99 	 
0.070599998	  0.144 	  -42.81 	 
0.070799998	  0.145 	  -43.71 	 
0.070999998	  0.144 	  -44.72 	 
0.071199998	  0.143 	  -45.82 	 
0.071399998	  0.143 	  -47.02 	 
0.071599998	  0.142 	  -48.27 	 
0.071799998	  0.141 	  -49.56 	 
0.071999998	  0.140 	  -50.90 	 
0.072199998	  0.140 	  -52.28 	 
0.072399998	  0.140 	  -53.65 	 
0.072599998	  0.138 	  -55.08 	 
0.072799998	  0.137 	  -56.58 	 
0.072999998	  0.136 	  -58.09 	 
0.073199998	  0.135 	  -59.64 	 
0.073399998	  0.135 	  -61.16 	 
0.073599998	  0.133 	  -62.72 	 
0.073799998	  0.133 	  -64.31 	 
0.073999998	  0.132 	  -65.80 	 
0.074199998	  0.131 	  -67.28 	 
0.074399998	  0.129 	  -68.74 	 
0.074599998	  0.128 	  -70.17 	 
0.074799998	  0.127 	  -71.60 	 
0.074999998	  0.127 	  -72.95 	 
0.075199998	  0.126 	  -74.26 	 
0.075399998	  0.124 	  -75.47 	 
0.075599998	  0.124 	  -76.65 	 
0.075799998	  0.122 	  -77.79 	 
0.075999998	  0.121 	  -78.88 	 
0.076199998	  0.121 	  -79.91 	 
0.076399998	  0.120 	  -80.86 	 
0.076599998	  0.120 	  -81.71 	 
0.076799998	  0.119 	  -82.50 	 
0.076999998	  0.118 	  -83.18 	 
0.077199998	  0.118 	  -83.76 	 
0.077399998	  0.117 	  -84.23 	 
0.077599998	  0.117 	  -84.63 	 
0.077799998	  0.117 	  -84.98 	 
0.077999998	  0.116 	  -85.24 	 
0.078199998	  0.116 	  -85.44 	 
0.078399998	  0.115 	  -85.55 	 
0.078599998	  0.115 	  -85.57 	 
0.078799998	  0.115 	  -85.48 	 
0.078999998	  0.115 	  -85.29 	 
0.079199998	  0.115 	  -85.00 	 
0.079399998	  0.115 	  -84.62 	 
0.079599998	  0.116 	  -84.19 	 
0.079799998	  0.115 	  -83.68 	 
0.079999998	  0.115 	  -83.13 	 
0.080199998	  0.116 	  -82.54 	 
0.080399998	  0.116 	  -81.80 	 
0.080599998	  0.116 	  -81.01 	 
0.080799998	  0.116 	  -80.09 	 
0.080999998	  0.117 	  -79.10 	 
0.081199998	  0.117 	  -78.11 	 
0.081399998	  0.118 	  -77.04 	 
0.081599998	  0.119 	  -75.84 	 
0.081799998	  0.119 	  -74.50 	 
0.081999998	  0.120 	  -72.99 	 
0.082199998	  0.120 	  -71.50 	 
0.082399998	  0.121 	  -70.02 	 
0.082599998	  0.122 	  -68.63 	 
0.082799998	  0.123 	  -67.27 	 
0.082999998	  0.124 	  -65.87 	 
0.083199998	  0.125 	  -64.47 	 
0.083399998	  0.125 	  -62.93 	 
0.083599998	  0.126 	  -61.40 	 
0.083799998	  0.128 	  -59.86 	 
0.083999998	  0.128 	  -58.35 	 
0.084199998	  0.129 	  -56.85 	 
0.084399998	  0.130 	  -55.36 	 
0.084599998	  0.131 	  -53.88 	 
0.084799998	  0.132 	  -52.43 	 
0.084999998	  0.133 	  -51.05 	 
0.085199998	  0.134 	  -49.74 	 
0.085399998	  0.136 	  -48.41 	 
0.085599998	  0.136 	  -47.17 	 
0.085799998	  0.137 	  -45.98 	 
0.085999998	  0.138 	  -44.85 	 
0.086199998	  0.139 	  -43.83 	 
0.086399998	  0.139 	  -42.88 	 
0.086599998	  0.140 	  -41.92 	 
0.086799998	  0.142 	  -41.04 	 
0.086999998	  0.143 	  -40.22 	 
0.087199998	  0.143 	  -39.59 	 
0.087399998	  0.144 	  -39.03 	 
0.087599998	  0.145 	  -38.63 	 
0.087799998	  0.145 	  -38.38 	 
0.087999998	  0.146 	  -38.22 	 
0.088199998	  0.146 	  -38.04 	 
0.088399998	  0.146 	  -37.87 	 
0.088599998	  0.146 	  -37.76 	 
0.088799998	  0.146 	  -37.81 	 
0.088999998	  0.146 	  -37.99 	 
0.089199998	  0.147 	  -38.34 	 
0.089399998	  0.146 	  -38.82 	 
0.089599998	  0.147 	  -39.41 	 
0.089799998	  0.146 	  -40.09 	 
0.089999998	  0.146 	  -40.75 	 
0.090199998	  0.145 	  -41.43 	 
0.090399998	  0.145 	  -42.13 	 
0.090599998	  0.145 	  -42.87 	 
0.090799998	  0.145 	  -43.69 	 
0.090999998	  0.144 	  -44.67 	 
0.091199998	  0.144 	  -45.78 	 
0.091399998	  0.143 	  -46.99 	 
0.091599998	  0.142 	  -48.28 	 
0.091799998	  0.142 	  -49.65 	 
0.091999998	  0.140 	  -51.01 	 
0.092199998	  0.140 	  -52.37 	 
0.092399998	  0.139 	  -53.74 	 
0.092599998	  0.138 	  -55.16 	 
0.092799998	  0.137 	  -56.61 	 
0.092999998	  0.137 	  -58.10 	 
0.093199998	  0.136 	  -59.66 	 
0.093399998	  0.135 	  -61.22 	 
0.093599998	  0.134 	  -62.80 	 
0.093799998	  0.133 	  -64.36 	 
0.093999998	  0.132 	  -65.89 	 
0.094199998	  0.131 	  -67.33 	 
0.094399998	  0.130 	  -68.74 	 
0.094599998	  0.128 	  -70.17 	 
0.094799998	  0.127 	  -71.54 	 
0.094999998	  0.126 	  -72.91 	 
0.095199998	  0.126 	  -74.24 	 
0.095399998	  0.124 	  -75.53 	 
0.095599998	  0.123 	  -76.75 	 
0.095799998	  0.123 	  -77.90 	 
0.095999998	  0.122 	  -78.95 	 
0.096199998	  0.121 	  -79.93 	 
0.096399998	  0.120 	  -80.85 	 
0.096599998	  0.120 	  -81.67 	 
0.096799998	  0.119 	  -82.43 	 
0.096999998	  0.118 	  -83.12 	 
0.097199998	  0.117 	  -83.77 	 
0.097399998	  0.117 	  -84.31 	 
0.097599998	  0.117 	  -84.73 	 
0.097799998	  0.117 	  -85.09 	 
0.097999998	  0.117 	  -85.33 	 
0.098199998	  0.116 	  -85.47 	 
0.098399998	  0.116 	  -85.53 	 
0.098599998	  0.115 	  -85.52 	 
0.098799998	  0.115 	  -85.43 	 
0.098999997	  0.115 	  -85.27 	 
0.099199997	  0.114 	  -85.00 	 
0.099399997	  0.115 	  -84.66 	 
0.099599997	  0.115 	  -84.25 	 
0.099799997	  0.115 	  -83.79 	 
0.099999997	  0.115 	  -83.24 	 
0.100199997	  0.116 	  -82.59 	 
0.100399997	  0.116 	  -81.80 	 
0.100599997	  0.116 	  -80.91 	 
0.100799997	  0.116 	  -79.96 	 
0.100999997	  0.117 	  -79.01 	 
0.101199997	  0.117 	  -78.09 	 
0.101399997	  0.118 	  -77.12 	 
0.101599997	  0.118 	  -75.97 	 
0.101799997	  0.120 	  -74.58 	 
0.101999997	  0.120 	  -73.03 	 
0.102199997	  0.120 	  -71.43 	 
0.102399997	  0.120 	  -69.89 	 
0.102599997	  0.122 	  -68.43 	 
0.102799997	  0.123 	  -67.10 	 
0.102999997	  0.124 	  -65.82 	 
0.103199997	  0.124 	  -64.47 	 
0.103399997	  0.125 	  -63.14 	 
0.103599997	  0.126 	  -61.59 	 
0.103799997	  0.127 	  -59.98 	 
0.103999997	  0.128 	  -58.33 	 
0.104199997	  0.129 	  -56.74 	 
0.104399997	  0.130 	  -55.19 	 
0.104599997	  0.131 	  -53.75 	 
0.104799997	  0.132 	  -52.34 	 
0.104999997	  0.133 	  -51.02 	 
0.105199997	  0.134 	  -49.76 	 
0.105399997	  0.135 	  -48.53 	 
0.105599997	  0.136 	  -47.31 	 
0.105799997	  0.137 	  -46.11 	 
0.105999997	  0.138 	  -44.90 	 
0.106199997	  0.140 	  -43.80 	 
0.106399997	  0.140 	  -42.79 	 
0.106599997	  0.141 	  -41.82 	 
0.106799997	  0.142 	  -40.98 	 
0.106999997	  0.143 	  -40.23 	 
0.107199997	  0.144 	  -39.63 	 
0.107399997	  0.144 	  -39.13 	 
0.107599997	  0.145 	  -38.73 	 
0.107799997	  0.145 	  -38.40 	 
0.107999997	  0.145 	  -38.14 	 
0.108199997	  0.145 	  -37.87 	 
0.108399997	  0.146 	  -37.72 	 
0.108599997	  0.146 	  -37.70 	 
0.108799997	  0.147 	  -37.85 	 
0.108999997	  0.146 	  -38.12 	 
0.109199997	  0.146 	  -38.52 	 
0.109399997	  0.147 	  -38.98 	 
0.109599997	  0.146 	  -39.50 	 
0.109799997	  0.146 	  -40.04 	 
0.109999997	  0.146 	  -40.64 	 
0.110199997	  0.146 	  -41.28 	 
0.110399997	  0.146 	  -41.99 	 
0.110599997	  0.145 	  -42.80 	 
0.110799997	  0.145 	  -43.69 	 
0.110999997	  0.144 	  -44.71 	 
0.111199997	  0.144 	  -45.82 	 
0.111399997	  0.143 	  -47.04 	 
0.111599997	  0.142 	  -48.33 	 
0.111799997	  0.142 	  -49.66 	 
0.111999997	  0.141 	  -51.01 	 
0.112199997	  0.140 	  -52.36 	 
0.112399997	  0.140 	  -53.74 	 
0.112599997	  0.138 	  -55.12 	 
0.112799997	  0.138 	  -56.57 	 
0.112999997	  0.136 	  -58.08 	 
0.113199997	  0.135 	  -59.62 	 
0.113399997	  0.135 	  -61.18 	 
0.113599997	  0.134 	  -62.75 	 
0.113799997	  0.132 	  -64.27 	 
0.113999997	  0.131 	  -65.80 	 
0.114199997	  0.130 	  -67.25 	 
0.114399997	  0.130 	  -68.70 	 
0.114599997	  0.128 	  -70.16 	 
0.114799997	  0.127 	  -71.56 	 
0.114999997	  0.127 	  -72.94 	 
0.115199997	  0.125 	  -74.24 	 
0.115399997	  0.124 	  -75.53 	 
0.115599997	  0.124 	  -76.71 	 
0.115799997	  0.123 	  -77.85 	 
0.115999997	  0.121 	  -78.90 	 
0.116199997	  0.121 	  -79.91 	 
0.116399997	  0.120 	  -80.81 	 
0.116599997	  0.119 	  -81.65 	 
0.116799997	  0.119 	  -82.41 	 
0.116999997	  0.118 	  -83.11 	 
0.117199997	  0.118 	  -83.71 	 
0.117399997	  0.117 	  -84.27 	 
0.117599997	  0.117 	  -84.68 	 
0.117799997	  0.116 	  -85.02 	 
0.117999997	  0.116 	  -85.27 	 
0.118199997	  0.116 	  -85.47 	 
0.118399997	  0.115 	  -85.57 	 
0.118599997	  0.115 	  -85.58 	 
0.118799997	  0.116 	  -85.48 	 
0.118999997	  0.114 	  -85.27 	 
0.119199997	  0.115 	  -84.97 	 
0.119399997	  0.115 	  -84.60 	 
0.119599997	  0.115 	  -84.17 	 
0.119799997	  0.115 	  -83.67 	 
0.119999997	  0.116 	  -83.12 	 
0.120199997	  0.116 	  -82.51 	 
0.120399997	  0.116 	  -81.77 	 
0.120599997	  0.117 	  -80.93 	 
0.120799997	  0.117 	  -80.02 	 
0.120999997	  0.117 	  -79.04 	 
0.121199997	  0.117 	  -78.07 	 
0.121399997	  0.118 	  -77.04 	 
0.121599997	  0.118 	  -75.86 	 
0.121799997	  0.119 	  -74.50 	 
0.121999997	  0.120 	  -72.94 	 
0.122199997	  0.120 	  -71.41 	 
0.122399997	  0.121 	  -69.97 	 
0.122599997	  0.122 	  -68.59 	 
0.122799997	  0.123 	  -67.23 	 
0.122999997	  0.124 	  -65.85 	 
0.123199997	  0.125 	  -64.42 	 
0.123399997	  0.125 	  -62.88 	 
0.123599997	  0.127 	  -61.34 	 
0.123799997	  0.127 	  -59.82 	 
0.123999997	  0.128 	  -58.32 	 
0.124199997	  0.129 	  -56.79 	 
0.124399997	  0.130 	  -55.24 	 
0.124599997	  0.131 	  -53.77 	 
0.124799997	  0.132 	  -52.36 	 
0.124999997	  0.134 	  -50.97 	 
0.125199997	  0.135 	  -49.67 	 
0.125399997	  0.135 	  -48.37 	 
0.125599997	  0.137 	  -47.13 	 
0.125799997	  0.138 	  -45.92 	 
0.125999997	  0.138 	  -44.76 	 
0.126199997	  0.139 	  -43.71 	 
0.126399997	  0.140 	  -42.74 	 
0.126599997	  0.141 	  -41.86 	 
0.126799997	  0.142 	  -41.06 	 
0.126999997	  0.143 	  -40.31 	 
0.127199997	  0.143 	  -39.63 	 
0.127399997	  0.144 	  -39.04 	 
0.127599997	  0.145 	  -38.56 	 
0.127799997	  0.145 	  -38.24 	 
0.127999997	  0.145 	  -37.99 	 
0.128199997	  0.146 	  -37.77 	 
0.128399997	  0.146 	  -37.63 	 
0.128599997	  0.146 	  -37.63 	 
0.128799997	  0.146 	  -37.76 	 
0.128999997	  0.146 	  -38.04 	 
0.129199997	  0.146 	  -38.41 	 
0.129399997	  0.146 	  -38.88 	 
0.129599997	  0.146 	  -39.38 	 
0.129799997	  0.146 	  -39.96 	 
0.129999997	  0.146 	  -40.55 	 
0.130199997	  0.145 	  -41.23 	 
0.130399997	  0.145 	  -41.96 	 
0.130599997	  0.145 	  -42.79 	 
0.130799997	  0.144 	  -43.69 	 
0.130999997	  0.144 	  -44.72 	 
0.131199997	  0.144 	  -45.87 	 
0.131399997	  0.143 	  -47.09 	 
0.131599997	  0.142 	  -48.30 	 
0.131799997	  0.142 	  -49.57 	 
0.131999997	  0.140 	  -50.84 	 
0.132199997	  0.140 	  -52.19 	 
0.132399997	  0.139 	  -53.59 	 
0.132599997	  0.138 	  -55.04 	 
0.132799997	  0.137 	  -56.54 	 
0.132999997	  0.136 	  -58.06 	 
0.133199997	  0.136 	  -59.61 	 
0.133399997	  0.135 	  -61.18 	 
0.133599997	  0.134 	  -62.73 	 
0.133799997	  0.133 	  -64.24 	 
0.133999997	  0.131 	  -65.74 	 
0.134199997	  0.131 	  -67.20 	 
0.134399997	  0.130 	  -68.65 	 
0.134599997	  0.128 	  -70.08 	 
0.134799997	  0.128 	  -71.54 	 
0.134999997	  0.126 	  -72.96 	 
0.135199997	  0.126 	  -74.29 	 
0.135399997	  0.124 	  -75.57 	 
0.135599997	  0.124 	  -76.74 	 
0.135799997	  0.123 	  -77.83 	 
0.135999997	  0.121 	  -78.86 	 
0.136199997	  0.121 	  -79.82 	 
0.136399997	  0.120 	  -80.73 	 
0.136599997	  0.120 	  -81.58 	 
0.136799997	  0.119 	  -82.37 	 
0.136999997	  0.119 	  -83.11 	 
0.137199997	  0.118 	  -83.78 	 
0.137399997	  0.117 	  -84.32 	 
0.137599997	  0.116 	  -84.75 	 
0.137799997	  0.116 	  -85.05 	 
0.137999997	  0.116 	  -85.24 	 
0.138199997	  0.115 	  -85.37 	 
0.138399997	  0.115 	  -85.46 	 
0.138599996	  0.115 	  -85.46 	 
0.138799996	  0.115 	  -85.39 	 
0.138999996	  0.116 	  -85.23 	 
0.139199996	  0.115 	  -85.00 	 
0.139399996	  0.115 	  -84.67 	 
0.139599996	  0.115 	  -84.24 	 
0.139799996	  0.115 	  -83.70 	 
0.139999996	  0.115 	  -83.12 	 
0.140199996	  0.116 	  -82.43 	 
0.140399996	  0.116 	  -81.67 	 
0.140599996	  0.116 	  -80.84 	 
0.140799996	  0.117 	  -79.98 	 
0.140999996	  0.117 	  -79.05 	 
0.141199996	  0.118 	  -78.12 	 
0.141399996	  0.119 	  -77.09 	 
0.141599996	  0.119 	  -75.84 	 
0.141799996	  0.120 	  -74.39 	 
0.141999996	  0.120 	  -72.89 	 
0.142199996	  0.121 	  -71.36 	 
0.142399996	  0.121 	  -69.92 	 
0.142599996	  0.122 	  -68.53 	 
0.142799996	  0.123 	  -67.18 	 
0.142999996	  0.123 	  -65.86 	 
0.143199996	  0.124 	  -64.46 	 
0.143399996	  0.125 	  -63.02 	 
0.143599996	  0.126 	  -61.42 	 
0.143799996	  0.127 	  -59.78 	 
0.143999996	  0.128 	  -58.17 	 
0.144199996	  0.129 	  -56.64 	 
0.144399996	  0.130 	  -55.16 	 
0.144599996	  0.131 	  -53.75 	 
0.144799996	  0.132 	  -52.39 	 
0.144999996	  0.133 	  -51.03 	 
0.145199996	  0.134 	  -49.75 	 
0.145399996	  0.135 	  -48.44 	 
0.145599996	  0.136 	  -47.21 	 
0.145799996	  0.137 	  -45.96 	 
0.145999996	  0.137 	  -44.81 	 
0.146199996	  0.139 	  -43.72 	 
0.146399996	  0.140 	  -42.68 	 
0.146599996	  0.141 	  -41.75 	 
0.146799996	  0.142 	  -40.93 	 
0.146999996	  0.142 	  -40.25 	 
0.147199996	  0.143 	  -39.65 	 
0.147399996	  0.143 	  -39.11 	 
0.147599996	  0.144 	  -38.65 	 
0.147799996	  0.146 	  -38.30 	 
0.147999996	  0.146 	  -38.04 	 
0.148199996	  0.145 	  -37.86 	 
0.148399996	  0.147 	  -37.69 	 
0.148599996	  0.146 	  -37.67 	 
0.148799996	  0.146 	  -37.79 	 
0.148999996	  0.147 	  -38.06 	 
0.149199996	  0.146 	  -38.41 	 
0.149399996	  0.147 	  -38.87 	 
0.149599996	  0.146 	  -39.39 	 
0.149799996	  0.145 	  -39.97 	 
0.149999996	  0.146 	  -40.60 	 
0.150199996	  0.146 	  -41.28 	 
0.150399996	  0.145 	  -42.00 	 
0.150599996	  0.144 	  -42.81 	 
0.150799996	  0.145 	  -43.72 	 
0.150999996	  0.144 	  -44.72 	 
0.151199996	  0.143 	  -45.80 	 
0.151399996	  0.143 	  -47.01 	 
0.151599996	  0.142 	  -48.27 	 
0.151799996	  0.141 	  -49.58 	 
0.151999996	  0.140 	  -50.90 	 
0.152199996	  0.140 	  -52.25 	 
0.152399996	  0.139 	  -53.67 	 
0.152599996	  0.138 	  -55.12 	 
0.152799996	  0.137 	  -56.55 	 
0.152999996	  0.136 	  -58.04 	 
0.153199996	  0.136 	  -59.58 	 
0.153399996	  0.135 	  -61.13 	 
0.153599996	  0.134 	  -62.73 	 
0.153799996	  0.133 	  -64.29 	 
0.153999996	  0.132 	  -65.79 	 
0.154199996	  0.131 	  -67.29 	 
0.154399996	  0.129 	  -68.74 	 
0.154599996	  0.129 	  -70.18 	 
0.154799996	  0.128 	  -71.56 	 
0.154999996	  0.127 	  -72.89 	 
0.155199996	  0.126 	  -74.21 	 
0.155399996	  0.124 	  -75.47 	 
0.155599996	  0.124 	  -76.69 	 
0.155799996	  0.123 	  -77.84 	 
0.155999996	  0.121 	  -78.93 	 
0.156199996	  0.121 	  -79.89 	 
0.156399996	  0.120 	  -80.83 	 
0.156599996	  0.119 	  -81.67 	 
0.156799996	  0.119 	  -82.42 	 
0.156999996	  0.118 	  -83.11 	 
0.157199996	  0.118 	  -83.70 	 
0.157399996	  0.117 	  -84.26 	 
0.157599996	  0.117 	  -84.69 	 
0.157799996	  0.116 	  -85.06 	 
0.157999996	  0.116 	  -85.32 	 
0.158199996	  0.115 	  -85.48 	 
0.158399996	  0.116 	  -85.54 	 
0.158599996	  0.115 	  -85.51 	 
0.158799996	  0.115 	  -85.40 	 
0.158999996	  0.115 	  -85.22 	 
0.159199996	  0.115 	  -84.97 	 
0.159399996	  0.115 	  -84.63 	 
0.159599996	  0.115 	  -84.24 	 
0.159799996	  0.115 	  -83.77 	 
0.159999996	  0.116 	  -83.22 	 
0.160199996	  0.116 	  -82.57 	 
0.160399996	  0.116 	  -81.78 	 
0.160599996	  0.116 	  -80.92 	 
0.160799996	  0.117 	  -79.98 	 
0.160999996	  0.117 	  -79.01 	 
0.161199996	  0.117 	  -78.10 	 
0.161399996	  0.117 	  -77.06 	 
0.161599996	  0.118 	  -75.85 	 
0.161799996	  0.119 	  -74.50 	 
0.161999996	  0.120 	  -73.05 	 
0.162199996	  0.120 	  -71.53 	 
0.162399996	  0.121 	  -70.03 	 
0.162599996	  0.122 	  -68.58 	 
0.162799996	  0.122 	  -67.17 	 
0.162999996	  0.123 	  -65.77 	 
0.163199996	  0.125 	  -64.35 	 
0.163399996	  0.125 	  -62.93 	 
0.163599996	  0.126 	  -61.35 	 
0.163799996	  0.127 	  -59.83 	 
0.163999996	  0.128 	  -58.30 	 
0.164199996	  0.129 	  -56.81 	 
0.164399996	  0.130 	  -55.30 	 
0.164599996	  0.131 	  -53.83 	 
0.164799996	  0.131 	  -52.41 	 
0.164999996	  0.133 	  -51.05 	 
0.165199996	  0.134 	  -49.70 	 
0.165399996	  0.135 	  -48.42 	 
0.165599996	  0.136 	  -47.19 	 
0.165799996	  0.137 	  -45.99 	 
0.165999996	  0.138 	  -44.85 	 
0.166199996	  0.139 	  -43.80 	 
0.166399996	  0.140 	  -42.85 	 
0.166599996	  0.141 	  -41.93 	 
0.166799996	  0.141 	  -41.05 	 
0.166999996	  0.142 	  -40.27 	 
0.167199996	  0.143 	  -39.63 	 
0.167399996	  0.144 	  -39.07 	 
0.167599996	  0.144 	  -38.65 	 
0.167799996	  0.145 	  -38.34 	 
0.167999996	  0.146 	  -38.14 	 
0.168199996	  0.146 	  -37.94 	 
0.168399996	  0.146 	  -37.79 	 
0.168599996	  0.146 	  -37.70 	 
0.168799996	  0.147 	  -37.79 	 
0.168999996	  0.146 	  -38.03 	 
0.169199996	  0.146 	  -38.40 	 
0.169399996	  0.147 	  -38.89 	 
0.169599996	  0.146 	  -39.46 	 
0.169799996	  0.146 	  -40.04 	 
0.169999996	  0.146 	  -40.64 	 
0.170199996	  0.145 	  -41.29 	 
0.170399996	  0.145 	  -42.00 	 
0.170599996	  0.144 	  -42.80 	 
0.170799996	  0.144 	  -43.71 	 
0.170999996	  0.144 	  -44.73 	 
0.171199996	  0.143 	  -45.82 	 
0.171399996	  0.143 	  -47.00 	 
0.171599996	  0.142 	  -48.25 	 
0.171799996	  0.142 	  -49.56 	 
0.171999996	  0.140 	  -50.90 	 
0.172199996	  0.140 	  -52.30 	 
0.172399996	  0.139 	  -53.70 	 
0.172599996	  0.138 	  -55.13 	 
0.172799996	  0.138 	  -56.57 	 
0.172999996	  0.136 	  -58.07 	 
0.173199996	  0.136 	  -59.63 	 
0.173399996	  0.135 	  -61.21 	 
0.173599996	  0.134 	  -62.78 	 
0.173799996	  0.133 	  -64.31 	 
0.173999996	  0.131 	  -65.84 	 
0.174199996	  0.131 	  -67.30 	 
0.174399996	  0.129 	  -68.74 	 
0.174599996	  0.129 	  -70.18 	 
0.174799996	  0.127 	  -71.56 	 
0.174999996	  0.127 	  -72.96 	 
0.175199996	  0.126 	  -74.26 	 
0.175399996	  0.124 	  -75.55 	 
0.175599996	  0.123 	  -76.72 	 
0.175799996	  0.122 	  -77.84 	 
0.175999996	  0.122 	  -78.90 	 
0.176199996	  0.121 	  -79.87 	 
0.176399996	  0.119 	  -80.79 	 
0.176599996	  0.119 	  -81.62 	 
0.176799996	  0.118 	  -82.41 	 
0.176999996	  0.118 	  -83.13 	 
0.177199996	  0.117 	  -83.77 	 
0.177399996	  0.117 	  -84.32 	 
0.177599996	  0.116 	  -84.76 	 
0.177799996	  0.116 	  -85.06 	 
0.177999996	  0.116 	  -85.30 	 
0.178199995	  0.115 	  -85.46 	 
0.178399995	  0.115 	  -85.51 	 
0.178599995	  0.115 	  -85.52 	 
0.178799995	  0.115 	  -85.48 	 
0.178999995	  0.115 	  -85.30 	 
0.179199995	  0.116 	  -85.06 	 
0.179399995	  0.115 	  -84.70 	 
0.179599995	  0.116 	  -84.27 	 
0.179799995	  0.115 	  -83.78 	 
0.179999995	  0.115 	  -83.18 	 
0.180199995	  0.115 	  -82.49 	 
0.180399995	  0.116 	  -81.72 	 
0.180599995	  0.116 	  -80.88 	 
0.180799995	  0.117 	  -79.99 	 
0.180999995	  0.117 	  -79.06 	 
0.181199995	  0.118 	  -78.12 	 
0.181399995	  0.117 	  -77.06 	 
0.181599995	  0.119 	  -75.88 	 
0.181799995	  0.119 	  -74.51 	 
0.181999995	  0.119 	  -72.98 	 
0.182199995	  0.121 	  -71.39 	 
0.182399995	  0.121 	  -69.92 	 
0.182599995	  0.122 	  -68.47 	 
0.182799995	  0.123 	  -67.16 	 
0.182999995	  0.123 	  -65.88 	 
0.183199995	  0.124 	  -64.53 	 
0.183399995	  0.125 	  -63.15 	 
0.183599995	  0.126 	  -61.55 	 
0.183799995	  0.127 	  -59.90 	 
0.183999995	  0.128 	  -58.26 	 
0.184199995	  0.129 	  -56.70 	 
0.184399995	  0.130 	  -55.19 	 
0.184599995	  0.131 	  -53.75 	 
0.184799995	  0.132 	  -52.36 	 
0.184999995	  0.133 	  -51.05 	 
0.185199995	  0.134 	  -49.76 	 
0.185399995	  0.135 	  -48.51 	 
0.185599995	  0.136 	  -47.30 	 
0.185799995	  0.137 	  -46.05 	 
0.185999995	  0.138 	  -44.85 	 
0.186199995	  0.139 	  -43.77 	 
0.186399995	  0.140 	  -42.78 	 
0.186599995	  0.141 	  -41.80 	 
0.186799995	  0.142 	  -40.97 	 
0.186999995	  0.143 	  -40.24 	 
0.187199995	  0.144 	  -39.64 	 
0.187399995	  0.144 	  -39.11 	 
0.187599995	  0.145 	  -38.70 	 
0.187799995	  0.144 	  -38.41 	 
0.187999995	  0.145 	  -38.21 	 
0.188199995	  0.145 	  -38.01 	 
0.188399995	  0.146 	  -37.79 	 
0.188599995	  0.147 	  -37.65 	 
0.188799995	  0.146 	  -37.71 	 
0.188999995	  0.146 	  -37.95 	 
0.189199995	  0.147 	  -38.34 	 
0.189399995	  0.146 	  -38.82 	 
0.189599995	  0.147 	  -39.39 	 
0.189799995	  0.146 	  -39.99 	 
0.189999995	  0.146 	  -40.66 	 
0.190199995	  0.146 	  -41.36 	 
0.190399995	  0.145 	  -42.04 	 
0.190599995	  0.145 	  -42.81 	 
0.190799995	  0.145 	  -43.66 	 
0.190999995	  0.144 	  -44.64 	 
0.191199995	  0.144 	  -45.77 	 
0.191399995	  0.142 	  -47.02 	 
0.191599995	  0.142 	  -48.34 	 
0.191799995	  0.142 	  -49.69 	 
0.191999995	  0.140 	  -51.06 	 
0.192199995	  0.140 	  -52.39 	 
0.192399995	  0.139 	  -53.73 	 
0.192599995	  0.139 	  -55.10 	 
0.192799995	  0.137 	  -56.54 	 
0.192999995	  0.137 	  -58.01 	 
0.193199995	  0.136 	  -59.55 	 
0.193399995	  0.135 	  -61.12 	 
0.193599995	  0.134 	  -62.73 	 
0.193799995	  0.133 	  -64.29 	 
0.193999995	  0.132 	  -65.84 	 
0.194199995	  0.131 	  -67.31 	 
0.194399995	  0.129 	  -68.75 	 
0.194599995	  0.128 	  -70.16 	 
0.194799995	  0.128 	  -71.54 	 
0.194999995	  0.127 	  -72.91 	 
0.195199995	  0.126 	  -74.21 	 
0.195399995	  0.125 	  -75.48 	 
0.195599995	  0.123 	  -76.68 	 
0.195799995	  0.123 	  -77.85 	 
0.195999995	  0.121 	  -78.92 	 
0.196199995	  0.121 	  -79.93 	 
0.196399995	  0.120 	  -80.85 	 
0.196599995	  0.119 	  -81.68 	 
0.196799995	  0.119 	  -82.44 	 
0.196999995	  0.118 	  -83.09 	 
0.197199995	  0.117 	  -83.70 	 
0.197399995	  0.117 	  -84.23 	 
0.197599995	  0.116 	  -84.71 	 
0.197799995	  0.116 	  -85.08 	 
0.197999995	  0.116 	  -85.36 	 
0.198199995	  0.115 	  -85.50 	 
0.198399995	  0.116 	  -85.57 	 
0.198599995	  0.115 	  -85.52 	 
0.198799995	  0.115 	  -85.41 	 
0.198999995	  0.115 	  -85.23 	 
0.199199995	  0.115 	  -84.94 	 
0.199399995	  0.115 	  -84.61 	 
0.199599995	  0.115 	  -84.21 	 
0.199799995	  0.115 	  -83.71 	 
0.199999995	  0.115 	  -83.17 	 
0.200199995	  0.115 	  -82.51 	 
0.200399995	  0.116 	  -81.74 	 
0.200599995	  0.116 	  -80.88 	 
0.200799995	  0.117 	  -79.95 	 
0.200999995	  0.117 	  -78.98 	 
0.201199995	  0.117 	  -78.04 	 
0.201399995	  0.119 	  -77.00 	 
0.201599995	  0.119 	  -75.86 	 
0.201799995	  0.119 	  -74.54 	 
0.201999995	  0.120 	  -72.99 	 
0.202199995	  0.121 	  -71.39 	 
0.202399995	  0.121 	  -69.88 	 
0.202599995	  0.122 	  -68.47 	 
0.202799995	  0.123 	  -67.14 	 
0.202999995	  0.124 	  -65.84 	 
0.203199995	  0.125 	  -64.47 	 
0.203399995	  0.125 	  -63.04 	 
0.203599995	  0.127 	  -61.45 	 
0.203799995	  0.128 	  -59.86 	 
0.203999995	  0.128 	  -58.23 	 
0.204199995	  0.129 	  -56.66 	 
0.204399995	  0.130 	  -55.15 	 
0.204599995	  0.131 	  -53.70 	 
