0.000000000	 -0.029 	  -83.24 	 
0.000200000	 -0.029 	  -82.56 	 
0.000400000	 -0.029 	  -81.79 	 
0.000600000	 -0.028 	  -80.92 	 
0.000800000	 -0.028 	  -80.01 	 
0.001000000	 -0.027 	  -79.04 	 
0.001200000	 -0.027 	  -78.09 	 
0.001400000	 -0.027 	  -77.13 	 
0.001600000	 -0.026 	  -75.98 	 
0.001800000	 -0.026 	  -74.63 	 
0.002000000	 -0.024 	  -73.08 	 
0.002200000	 -0.024 	  -71.47 	 
0.002400000	 -0.023 	  -69.90 	 
0.002600000	 -0.023 	  -68.46 	 
0.002800000	 -0.021 	  -67.16 	 
0.003000000	 -0.021 	  -65.83 	 
0.003200000	 -0.020 	  -64.49 	 
0.003400000	 -0.020 	  -63.02 	 
0.003600000	 -0.019 	  -61.47 	 
0.003800000	 -0.018 	  -59.86 	 
0.004000000	 -0.017 	  -58.27 	 
0.004200000	 -0.016 	  -56.70 	 
0.004400000	 -0.015 	  -55.19 	 
0.004600000	 -0.014 	  -53.74 	 
0.004800000	 -0.013 	  -52.34 	 
0.005000000	 -0.013 	  -51.03 	 
0.005200000	 -0.011 	  -49.73 	 
0.005400000	 -0.011 	  -48.42 	 
0.005600000	 -0.009 	  -47.15 	 
0.005800000	 -0.009 	  -45.90 	 
0.006000000	 -0.007 	  -44.72 	 
0.006200000	 -0.007 	  -43.65 	 
0.006400000	 -0.006 	  -42.68 	 
0.006600000	 -0.006 	  -41.76 	 
0.006800000	 -0.004 	  -40.93 	 
0.007000000	 -0.003 	  -40.16 	 
0.007200000	 -0.003 	  -39.54 	 
0.007400000	 -0.003 	  -39.00 	 
0.007600000	 -0.002 	  -38.54 	 
0.007800000	 -0.001 	  -38.15 	 
0.008000000	 -0.001 	  -37.84 	 
0.008200000	 -0.001 	  -37.60 	 
0.008400000	 -0.001 	  -37.52 	 
0.008600000	 -0.001 	  -37.59 	 
0.008800000	 -0.000 	  -37.85 	 
0.009000000	 -0.000 	  -38.18 	 
0.009200000	 -0.000 	  -38.60 	 
0.009400000	 -0.001 	  -39.02 	 
0.009600000	 -0.001 	  -39.42 	 
0.009800000	 -0.001 	  -39.87 	 
0.010000000	 -0.001 	  -40.38 	 
0.010200000	 -0.001 	  -40.97 	 
0.010400000	 -0.002 	  -41.70 	 
0.010600000	 -0.002 	  -42.61 	 
0.010800000	 -0.002 	  -43.67 	 
0.011000000	 -0.003 	  -44.78 	 
0.011200000	 -0.003 	  -45.97 	 
0.011400000	 -0.004 	  -47.12 	 
0.011600000	 -0.005 	  -48.29 	 
0.011800000	 -0.006 	  -49.46 	 
0.012000000	 -0.006 	  -50.71 	 
0.012200000	 -0.007 	  -52.06 	 
0.012400000	 -0.008 	  -53.54 	 
0.012600000	 -0.008 	  -55.13 	 
0.012800000	 -0.009 	  -56.71 	 
0.013000000	 -0.010 	  -58.28 	 
0.013200000	 -0.011 	  -59.79 	 
0.013400000	 -0.012 	  -61.26 	 
0.013600000	 -0.013 	  -62.69 	 
0.013800000	 -0.013 	  -64.15 	 
0.014000000	 -0.015 	  -65.62 	 
0.014200000	 -0.015 	  -67.14 	 
0.014400000	 -0.017 	  -68.69 	 
0.014600000	 -0.017 	  -70.20 	 
0.014800000	 -0.019 	  -71.67 	 
0.015000000	 -0.019 	  -73.03 	 
0.015200000	 -0.020 	  -74.30 	 
0.015400000	 -0.021 	  -75.49 	 
0.015600000	 -0.022 	  -76.60 	 
0.015800000	 -0.023 	  -77.71 	 
0.016000000	 -0.024 	  -78.82 	 
0.016200000	 -0.025 	  -79.86 	 
0.016400000	 -0.025 	  -80.85 	 
0.016600000	 -0.026 	  -81.78 	 
0.016800000	 -0.026 	  -82.58 	 
0.017000000	 -0.027 	  -83.24 	 
0.017200000	 -0.028 	  -83.82 	 
0.017400000	 -0.028 	  -84.29 	 
0.017600000	 -0.028 	  -84.67 	 
0.017800000	 -0.029 	  -84.97 	 
0.018000000	 -0.029 	  -85.19 	 
0.018200000	 -0.029 	  -85.38 	 
0.018400000	 -0.029 	  -85.50 	 
0.018600000	 -0.029 	  -85.54 	 
0.018800000	 -0.030 	  -85.47 	 
0.019000000	 -0.029 	  -85.30 	 
0.019200000	 -0.029 	  -85.04 	 
0.019400000	 -0.030 	  -84.67 	 
0.019600000	 -0.030 	  -84.26 	 
0.019799999	 -0.029 	  -83.75 	 
0.019999999	 -0.029 	  -83.16 	 
0.020199999	 -0.029 	  -82.52 	 
0.020399999	 -0.029 	  -81.79 	 
0.020599999	 -0.028 	  -80.99 	 
0.020799999	 -0.028 	  -80.11 	 
0.020999999	 -0.027 	  -79.15 	 
0.021199999	 -0.027 	  -78.16 	 
0.021399999	 -0.027 	  -77.15 	 
0.021599999	 -0.026 	  -75.99 	 
0.021799999	 -0.025 	  -74.57 	 
0.021999999	 -0.025 	  -72.99 	 
0.022199999	 -0.024 	  -71.39 	 
0.022399999	 -0.023 	  -69.85 	 
0.022599999	 -0.022 	  -68.48 	 
0.022799999	 -0.022 	  -67.21 	 
0.022999999	 -0.021 	  -65.91 	 
0.023199999	 -0.020 	  -64.55 	 
0.023399999	 -0.019 	  -63.01 	 
0.023599999	 -0.019 	  -61.39 	 
0.023799999	 -0.018 	  -59.79 	 
0.023999999	 -0.017 	  -58.22 	 
0.024199999	 -0.016 	  -56.68 	 
0.024399999	 -0.015 	  -55.20 	 
0.024599999	 -0.014 	  -53.76 	 
0.024799999	 -0.013 	  -52.41 	 
0.024999999	 -0.012 	  -51.07 	 
0.025199999	 -0.012 	  -49.76 	 
0.025399999	 -0.010 	  -48.44 	 
0.025599999	 -0.009 	  -47.13 	 
0.025799999	 -0.008 	  -45.90 	 
0.025999999	 -0.008 	  -44.73 	 
0.026199999	 -0.007 	  -43.67 	 
0.026399999	 -0.006 	  -42.75 	 
0.026599999	 -0.006 	  -41.82 	 
0.026799999	 -0.005 	  -40.95 	 
0.026999999	 -0.003 	  -40.17 	 
0.027199999	 -0.003 	  -39.52 	 
0.027399999	 -0.002 	  -39.01 	 
0.027599999	 -0.002 	  -38.58 	 
0.027799999	 -0.002 	  -38.24 	 
0.027999999	 -0.001 	  -37.94 	 
0.028199999	 -0.001 	  -37.68 	 
0.028399999	 -0.001 	  -37.57 	 
0.028599999	  0.000 	  -37.62 	 
0.028799999	 -0.000 	  -37.86 	 
0.028999999	 -0.000 	  -38.20 	 
0.029199999	 -0.001 	  -38.62 	 
0.029399999	 -0.001 	  -39.06 	 
0.029599999	 -0.001 	  -39.48 	 
0.029799999	 -0.001 	  -39.92 	 
0.029999999	 -0.001 	  -40.42 	 
0.030199999	 -0.001 	  -41.02 	 
0.030399999	 -0.002 	  -41.77 	 
0.030599999	 -0.002 	  -42.66 	 
0.030799999	 -0.002 	  -43.68 	 
0.030999999	 -0.003 	  -44.82 	 
0.031199999	 -0.004 	  -45.97 	 
0.031399999	 -0.004 	  -47.12 	 
0.031599999	 -0.004 	  -48.29 	 
0.031799999	 -0.005 	  -49.47 	 
0.031999999	 -0.006 	  -50.73 	 
0.032199999	 -0.007 	  -52.10 	 
0.032399999	 -0.007 	  -53.58 	 
0.032599999	 -0.008 	  -55.14 	 
0.032799999	 -0.009 	  -56.71 	 
0.032999999	 -0.010 	  -58.27 	 
0.033199999	 -0.011 	  -59.77 	 
0.033399999	 -0.012 	  -61.25 	 
0.033599999	 -0.013 	  -62.71 	 
0.033799999	 -0.014 	  -64.17 	 
0.033999999	 -0.014 	  -65.67 	 
0.034199999	 -0.015 	  -67.20 	 
0.034399999	 -0.016 	  -68.74 	 
0.034599999	 -0.018 	  -70.23 	 
0.034799999	 -0.018 	  -71.67 	 
0.034999999	 -0.019 	  -73.01 	 
0.035199999	 -0.020 	  -74.26 	 
0.035399999	 -0.021 	  -75.44 	 
0.035599999	 -0.022 	  -76.58 	 
0.035799999	 -0.022 	  -77.70 	 
0.035999999	 -0.024 	  -78.78 	 
0.036199999	 -0.024 	  -79.83 	 
0.036399999	 -0.025 	  -80.83 	 
0.036599999	 -0.026 	  -81.73 	 
0.036799999	 -0.027 	  -82.52 	 
0.036999999	 -0.027 	  -83.22 	 
0.037199999	 -0.027 	  -83.81 	 
0.037399999	 -0.028 	  -84.29 	 
0.037599999	 -0.028 	  -84.70 	 
0.037799999	 -0.029 	  -85.00 	 
0.037999999	 -0.029 	  -85.24 	 
0.038199999	 -0.029 	  -85.41 	 
0.038399999	 -0.029 	  -85.52 	 
0.038599999	 -0.029 	  -85.53 	 
0.038799999	 -0.030 	  -85.47 	 
0.038999999	 -0.030 	  -85.27 	 
0.039199999	 -0.029 	  -85.00 	 
0.039399999	 -0.030 	  -84.64 	 
0.039599999	 -0.029 	  -84.21 	 
0.039799999	 -0.029 	  -83.73 	 
0.039999999	 -0.029 	  -83.16 	 
0.040199999	 -0.029 	  -82.51 	 
0.040399999	 -0.028 	  -81.78 	 
0.040599999	 -0.029 	  -80.94 	 
0.040799999	 -0.028 	  -80.01 	 
0.040999999	 -0.027 	  -79.06 	 
0.041199999	 -0.027 	  -78.09 	 
0.041399999	 -0.027 	  -77.14 	 
0.041599999	 -0.026 	  -75.99 	 
0.041799999	 -0.026 	  -74.59 	 
0.041999999	 -0.025 	  -73.05 	 
0.042199999	 -0.024 	  -71.45 	 
0.042399999	 -0.024 	  -69.92 	 
0.042599999	 -0.022 	  -68.49 	 
0.042799999	 -0.022 	  -67.12 	 
0.042999999	 -0.021 	  -65.75 	 
0.043199999	 -0.021 	  -64.37 	 
0.043399999	 -0.019 	  -62.99 	 
0.043599999	 -0.019 	  -61.44 	 
0.043799999	 -0.018 	  -59.86 	 
0.043999999	 -0.017 	  -58.30 	 
0.044199999	 -0.016 	  -56.78 	 
0.044399999	 -0.014 	  -55.32 	 
0.044599999	 -0.014 	  -53.89 	 
0.044799999	 -0.013 	  -52.49 	 
0.044999999	 -0.012 	  -51.16 	 
0.045199999	 -0.011 	  -49.82 	 
0.045399999	 -0.010 	  -48.49 	 
0.045599999	 -0.009 	  -47.21 	 
0.045799999	 -0.008 	  -45.98 	 
0.045999999	 -0.008 	  -44.83 	 
0.046199999	 -0.006 	  -43.77 	 
0.046399999	 -0.005 	  -42.83 	 
0.046599999	 -0.005 	  -41.89 	 
0.046799999	 -0.004 	  -41.04 	 
0.046999999	 -0.004 	  -40.25 	 
0.047199999	 -0.003 	  -39.68 	 
0.047399999	 -0.003 	  -39.17 	 
0.047599999	 -0.002 	  -38.73 	 
0.047799999	 -0.002 	  -38.36 	 
0.047999999	 -0.001 	  -38.05 	 
0.048199999	 -0.001 	  -37.79 	 
0.048399999	 -0.001 	  -37.66 	 
0.048599999	 -0.000 	  -37.66 	 
0.048799999	 -0.000 	  -37.86 	 
0.048999999	 -0.000 	  -38.21 	 
0.049199999	 -0.000 	  -38.63 	 
0.049399999	 -0.000 	  -39.08 	 
0.049599999	 -0.001 	  -39.55 	 
0.049799999	 -0.001 	  -40.01 	 
0.049999999	 -0.002 	  -40.53 	 
0.050199999	 -0.001 	  -41.12 	 
0.050399999	 -0.002 	  -41.85 	 
0.050599999	 -0.002 	  -42.74 	 
0.050799999	 -0.002 	  -43.75 	 
0.050999999	 -0.003 	  -44.89 	 
0.051199999	 -0.003 	  -46.03 	 
0.051399999	 -0.004 	  -47.17 	 
0.051599999	 -0.005 	  -48.33 	 
0.051799999	 -0.005 	  -49.51 	 
0.051999999	 -0.006 	  -50.77 	 
0.052199999	 -0.007 	  -52.13 	 
0.052399999	 -0.008 	  -53.61 	 
0.052599999	 -0.008 	  -55.18 	 
0.052799999	 -0.010 	  -56.77 	 
0.052999999	 -0.010 	  -58.33 	 
0.053199999	 -0.012 	  -59.87 	 
0.053399999	 -0.012 	  -61.35 	 
0.053599999	 -0.013 	  -62.78 	 
0.053799999	 -0.014 	  -64.23 	 
0.053999999	 -0.014 	  -65.71 	 
0.054199999	 -0.016 	  -67.25 	 
0.054399999	 -0.016 	  -68.78 	 
0.054599999	 -0.018 	  -70.31 	 
0.054799999	 -0.018 	  -71.73 	 
0.054999999	 -0.020 	  -73.08 	 
0.055199999	 -0.020 	  -74.32 	 
0.055399999	 -0.021 	  -75.51 	 
0.055599999	 -0.022 	  -76.66 	 
0.055799999	 -0.023 	  -77.73 	 
0.055999999	 -0.024 	  -78.79 	 
0.056199999	 -0.024 	  -79.80 	 
0.056399999	 -0.025 	  -80.78 	 
0.056599999	 -0.026 	  -81.69 	 
0.056799999	 -0.027 	  -82.49 	 
0.056999999	 -0.027 	  -83.24 	 
0.057199999	 -0.027 	  -83.81 	 
0.057399999	 -0.028 	  -84.30 	 
0.057599999	 -0.029 	  -84.66 	 
0.057799999	 -0.028 	  -84.92 	 
0.057999999	 -0.029 	  -85.13 	 
0.058199999	 -0.029 	  -85.28 	 
0.058399999	 -0.030 	  -85.43 	 
0.058599999	 -0.029 	  -85.51 	 
0.058799999	 -0.030 	  -85.46 	 
0.058999999	 -0.029 	  -85.28 	 
0.059199999	 -0.030 	  -85.01 	 
0.059399998	 -0.029 	  -84.67 	 
0.059599998	 -0.029 	  -84.23 	 
0.059799998	 -0.029 	  -83.70 	 
0.059999998	 -0.029 	  -83.16 	 
0.060199998	 -0.028 	  -82.52 	 
0.060399998	 -0.028 	  -81.80 	 
0.060599998	 -0.028 	  -80.99 	 
0.060799998	 -0.028 	  -80.10 	 
0.060999998	 -0.027 	  -79.12 	 
0.061199998	 -0.027 	  -78.09 	 
0.061399998	 -0.027 	  -77.10 	 
0.061599998	 -0.025 	  -75.96 	 
0.061799998	 -0.025 	  -74.58 	 
0.061999998	 -0.025 	  -73.10 	 
0.062199998	 -0.024 	  -71.56 	 
0.062399998	 -0.024 	  -70.03 	 
0.062599998	 -0.022 	  -68.56 	 
0.062799998	 -0.022 	  -67.18 	 
0.062999998	 -0.021 	  -65.82 	 
0.063199998	 -0.021 	  -64.45 	 
0.063399998	 -0.019 	  -62.93 	 
0.063599998	 -0.019 	  -61.44 	 
0.063799998	 -0.017 	  -59.91 	 
0.063999998	 -0.017 	  -58.38 	 
0.064199998	 -0.016 	  -56.81 	 
0.064399998	 -0.015 	  -55.29 	 
0.064599998	 -0.014 	  -53.81 	 
0.064799998	 -0.013 	  -52.43 	 
0.064999998	 -0.012 	  -51.08 	 
0.065199998	 -0.012 	  -49.78 	 
0.065399998	 -0.010 	  -48.50 	 
0.065599998	 -0.009 	  -47.24 	 
0.065799998	 -0.009 	  -46.03 	 
0.065999998	 -0.008 	  -44.89 	 
0.066199998	 -0.007 	  -43.84 	 
0.066399998	 -0.006 	  -42.83 	 
0.066599998	 -0.005 	  -41.85 	 
0.066799998	 -0.004 	  -40.93 	 
0.066999998	 -0.003 	  -40.20 	 
0.067199998	 -0.003 	  -39.57 	 
0.067399998	 -0.002 	  -39.09 	 
0.067599998	 -0.002 	  -38.71 	 
0.067799998	 -0.002 	  -38.43 	 
0.067999998	 -0.002 	  -38.21 	 
0.068199998	 -0.001 	  -37.98 	 
0.068399998	 -0.000 	  -37.81 	 
0.068599998	 -0.001 	  -37.75 	 
0.068799998	 -0.000 	  -37.86 	 
0.068999998	 -0.001 	  -38.13 	 
0.069199998	 -0.000 	  -38.52 	 
0.069399998	 -0.001 	  -39.00 	 
0.069599998	 -0.001 	  -39.52 	 
0.069799998	 -0.001 	  -40.06 	 
0.069999998	 -0.001 	  -40.64 	 
0.070199998	 -0.001 	  -41.23 	 
0.070399998	 -0.002 	  -41.93 	 
0.070599998	 -0.002 	  -42.74 	 
0.070799998	 -0.003 	  -43.66 	 
0.070999998	 -0.003 	  -44.74 	 
0.071199998	 -0.004 	  -45.90 	 
0.071399998	 -0.004 	  -47.12 	 
0.071599998	 -0.005 	  -48.36 	 
0.071799998	 -0.006 	  -49.63 	 
0.071999998	 -0.007 	  -50.92 	 
0.072199998	 -0.007 	  -52.27 	 
0.072399998	 -0.008 	  -53.69 	 
0.072599998	 -0.008 	  -55.17 	 
0.072799998	 -0.009 	  -56.67 	 
0.072999998	 -0.011 	  -58.20 	 
0.073199998	 -0.011 	  -59.77 	 
0.073399998	 -0.012 	  -61.26 	 
0.073599998	 -0.012 	  -62.80 	 
0.073799998	 -0.014 	  -64.27 	 
0.073999998	 -0.015 	  -65.75 	 
0.074199998	 -0.016 	  -67.23 	 
0.074399998	 -0.017 	  -68.69 	 
0.074599998	 -0.017 	  -70.14 	 
0.074799998	 -0.019 	  -71.58 	 
0.074999998	 -0.019 	  -72.95 	 
0.075199998	 -0.021 	  -74.26 	 
0.075399998	 -0.021 	  -75.51 	 
0.075599998	 -0.022 	  -76.70 	 
0.075799998	 -0.023 	  -77.81 	 
0.075999998	 -0.024 	  -78.86 	 
0.076199998	 -0.024 	  -79.85 	 
0.076399998	 -0.024 	  -80.78 	 
0.076599998	 -0.026 	  -81.64 	 
0.076799998	 -0.026 	  -82.45 	 
0.076999998	 -0.027 	  -83.17 	 
0.077199998	 -0.027 	  -83.80 	 
0.077399998	 -0.028 	  -84.33 	 
0.077599998	 -0.028 	  -84.72 	 
0.077799998	 -0.028 	  -85.00 	 
0.077999998	 -0.029 	  -85.19 	 
0.078199998	 -0.029 	  -85.30 	 
0.078399998	 -0.029 	  -85.39 	 
0.078599998	 -0.029 	  -85.41 	 
0.078799998	 -0.029 	  -85.40 	 
0.078999998	 -0.029 	  -85.28 	 
0.079199998	 -0.029 	  -85.08 	 
0.079399998	 -0.029 	  -84.73 	 
0.079599998	 -0.030 	  -84.23 	 
0.079799998	 -0.029 	  -83.69 	 
0.079999998	 -0.029 	  -83.09 	 
0.080199998	 -0.029 	  -82.44 	 
0.080399998	 -0.028 	  -81.75 	 
0.080599998	 -0.028 	  -81.02 	 
0.080799998	 -0.028 	  -80.15 	 
0.080999998	 -0.027 	  -79.21 	 
0.081199998	 -0.027 	  -78.19 	 
0.081399998	 -0.027 	  -77.08 	 
0.081599998	 -0.026 	  -75.82 	 
0.081799998	 -0.025 	  -74.43 	 
0.081999998	 -0.024 	  -72.96 	 
0.082199998	 -0.024 	  -71.50 	 
0.082399998	 -0.023 	  -70.08 	 
0.082599998	 -0.022 	  -68.69 	 
0.082799998	 -0.022 	  -67.28 	 
0.082999998	 -0.021 	  -65.88 	 
0.083199998	 -0.020 	  -64.40 	 
0.083399998	 -0.019 	  -62.95 	 
0.083599998	 -0.018 	  -61.34 	 
0.083799998	 -0.017 	  -59.77 	 
0.083999998	 -0.017 	  -58.24 	 
0.084199998	 -0.015 	  -56.79 	 
0.084399998	 -0.015 	  -55.36 	 
0.084599998	 -0.014 	  -53.95 	 
0.084799998	 -0.014 	  -52.54 	 
0.084999998	 -0.012 	  -51.15 	 
0.085199998	 -0.012 	  -49.77 	 
0.085399998	 -0.010 	  -48.43 	 
0.085599998	 -0.009 	  -47.19 	 
0.085799998	 -0.009 	  -45.99 	 
0.085999998	 -0.008 	  -44.89 	 
0.086199998	 -0.007 	  -43.89 	 
0.086399998	 -0.006 	  -42.94 	 
0.086599998	 -0.006 	  -41.99 	 
0.086799998	 -0.004 	  -41.12 	 
0.086999998	 -0.004 	  -40.28 	 
0.087199998	 -0.003 	  -39.59 	 
0.087399998	 -0.003 	  -39.01 	 
0.087599998	 -0.002 	  -38.64 	 
0.087799998	 -0.001 	  -38.41 	 
0.087999998	 -0.001 	  -38.25 	 
0.088199998	 -0.001 	  -38.06 	 
0.088399998	 -0.001 	  -37.88 	 
0.088599998	 -0.000 	  -37.82 	 
0.088799998	 -0.001 	  -37.88 	 
0.088999998	 -0.000 	  -38.11 	 
0.089199998	 -0.001 	  -38.49 	 
0.089399998	 -0.000 	  -38.97 	 
0.089599998	 -0.001 	  -39.52 	 
0.089799998	 -0.001 	  -40.09 	 
0.089999998	 -0.001 	  -40.69 	 
0.090199998	 -0.001 	  -41.32 	 
0.090399998	 -0.002 	  -41.98 	 
0.090599998	 -0.002 	  -42.76 	 
0.090799998	 -0.003 	  -43.64 	 
0.090999998	 -0.003 	  -44.68 	 
0.091199998	 -0.003 	  -45.85 	 
0.091399998	 -0.004 	  -47.08 	 
0.091599998	 -0.005 	  -48.36 	 
0.091799998	 -0.006 	  -49.69 	 
0.091999998	 -0.006 	  -50.97 	 
0.092199998	 -0.007 	  -52.30 	 
0.092399998	 -0.008 	  -53.68 	 
0.092599998	 -0.009 	  -55.11 	 
0.092799998	 -0.009 	  -56.60 	 
0.092999998	 -0.010 	  -58.13 	 
0.093199998	 -0.010 	  -59.71 	 
0.093399998	 -0.012 	  -61.28 	 
0.093599998	 -0.013 	  -62.82 	 
0.093799998	 -0.014 	  -64.31 	 
0.093999998	 -0.014 	  -65.79 	 
0.094199998	 -0.015 	  -67.24 	 
0.094399998	 -0.017 	  -68.69 	 
0.094599998	 -0.017 	  -70.11 	 
0.094799998	 -0.018 	  -71.54 	 
0.094999998	 -0.019 	  -72.93 	 
0.095199998	 -0.020 	  -74.26 	 
0.095399998	 -0.021 	  -75.53 	 
0.095599998	 -0.022 	  -76.73 	 
0.095799998	 -0.023 	  -77.85 	 
0.095999998	 -0.023 	  -78.90 	 
0.096199998	 -0.024 	  -79.86 	 
0.096399998	 -0.025 	  -80.78 	 
0.096599998	 -0.026 	  -81.62 	 
0.096799998	 -0.027 	  -82.42 	 
0.096999998	 -0.027 	  -83.14 	 
0.097199998	 -0.028 	  -83.79 	 
0.097399998	 -0.028 	  -84.32 	 
0.097599998	 -0.028 	  -84.77 	 
0.097799998	 -0.029 	  -85.09 	 
0.097999998	 -0.029 	  -85.28 	 
0.098199998	 -0.029 	  -85.38 	 
0.098399998	 -0.029 	  -85.40 	 
0.098599998	 -0.029 	  -85.40 	 
0.098799998	 -0.029 	  -85.37 	 
0.098999997	 -0.030 	  -85.24 	 
0.099199997	 -0.029 	  -85.02 	 
0.099399997	 -0.029 	  -84.70 	 
0.099599997	 -0.029 	  -84.27 	 
0.099799997	 -0.029 	  -83.73 	 
0.099999997	 -0.029 	  -83.16 	 
0.100199997	 -0.028 	  -82.47 	 
0.100399997	 -0.029 	  -81.72 	 
0.100599997	 -0.028 	  -80.93 	 
0.100799997	 -0.028 	  -80.09 	 
0.100999997	 -0.027 	  -79.19 	 
0.101199997	 -0.027 	  -78.22 	 
0.101399997	 -0.026 	  -77.09 	 
0.101599997	 -0.026 	  -75.83 	 
0.101799997	 -0.025 	  -74.43 	 
0.101999997	 -0.024 	  -72.92 	 
0.102199997	 -0.024 	  -71.43 	 
0.102399997	 -0.024 	  -69.96 	 
0.102599997	 -0.022 	  -68.56 	 
0.102799997	 -0.022 	  -67.21 	 
0.102999997	 -0.021 	  -65.90 	 
0.103199997	 -0.020 	  -64.52 	 
0.103399997	 -0.019 	  -63.07 	 
0.103599997	 -0.018 	  -61.46 	 
0.103799997	 -0.018 	  -59.83 	 
0.103999997	 -0.017 	  -58.21 	 
0.104199997	 -0.016 	  -56.69 	 
0.104399997	 -0.015 	  -55.24 	 
0.104599997	 -0.014 	  -53.86 	 
0.104799997	 -0.013 	  -52.51 	 
0.104999997	 -0.012 	  -51.19 	 
0.105199997	 -0.011 	  -49.85 	 
0.105399997	 -0.010 	  -48.51 	 
0.105599997	 -0.010 	  -47.20 	 
0.105799997	 -0.008 	  -45.96 	 
0.105999997	 -0.008 	  -44.78 	 
0.106199997	 -0.006 	  -43.73 	 
0.106399997	 -0.006 	  -42.79 	 
0.106599997	 -0.005 	  -41.91 	 
0.106799997	 -0.004 	  -41.11 	 
0.106999997	 -0.004 	  -40.36 	 
0.107199997	 -0.003 	  -39.70 	 
0.107399997	 -0.003 	  -39.13 	 
0.107599997	 -0.003 	  -38.65 	 
0.107799997	 -0.002 	  -38.25 	 
0.107999997	 -0.001 	  -37.98 	 
0.108199997	 -0.001 	  -37.76 	 
0.108399997	 -0.001 	  -37.65 	 
0.108599997	 -0.000 	  -37.69 	 
0.108799997	 -0.001 	  -37.90 	 
0.108999997	 -0.000 	  -38.22 	 
0.109199997	 -0.001 	  -38.60 	 
0.109399997	 -0.001 	  -39.01 	 
0.109599997	 -0.000 	  -39.43 	 
0.109799997	 -0.001 	  -39.92 	 
0.109999997	 -0.001 	  -40.47 	 
0.110199997	 -0.001 	  -41.13 	 
0.110399997	 -0.001 	  -41.91 	 
0.110599997	 -0.002 	  -42.83 	 
0.110799997	 -0.002 	  -43.81 	 
0.110999997	 -0.003 	  -44.87 	 
0.111199997	 -0.004 	  -45.94 	 
0.111399997	 -0.004 	  -47.06 	 
0.111599997	 -0.005 	  -48.21 	 
0.111799997	 -0.005 	  -49.45 	 
0.111999997	 -0.006 	  -50.79 	 
0.112199997	 -0.007 	  -52.22 	 
0.112399997	 -0.008 	  -53.72 	 
0.112599997	 -0.008 	  -55.24 	 
0.112799997	 -0.009 	  -56.77 	 
0.112999997	 -0.010 	  -58.24 	 
0.113199997	 -0.011 	  -59.76 	 
0.113399997	 -0.012 	  -61.25 	 
0.113599997	 -0.013 	  -62.74 	 
0.113799997	 -0.014 	  -64.26 	 
0.113999997	 -0.014 	  -65.79 	 
0.114199997	 -0.016 	  -67.34 	 
0.114399997	 -0.016 	  -68.85 	 
0.114599997	 -0.017 	  -70.30 	 
0.114799997	 -0.019 	  -71.69 	 
0.114999997	 -0.019 	  -73.01 	 
0.115199997	 -0.020 	  -74.28 	 
0.115399997	 -0.021 	  -75.48 	 
0.115599997	 -0.022 	  -76.63 	 
0.115799997	 -0.023 	  -77.77 	 
0.115999997	 -0.024 	  -78.86 	 
0.116199997	 -0.024 	  -79.89 	 
0.116399997	 -0.025 	  -80.84 	 
0.116599997	 -0.025 	  -81.71 	 
0.116799997	 -0.027 	  -82.53 	 
0.116999997	 -0.027 	  -83.21 	 
0.117199997	 -0.027 	  -83.81 	 
0.117399997	 -0.028 	  -84.32 	 
0.117599997	 -0.029 	  -84.70 	 
0.117799997	 -0.029 	  -85.02 	 
0.117999997	 -0.029 	  -85.25 	 
0.118199997	 -0.030 	  -85.39 	 
0.118399997	 -0.029 	  -85.54 	 
0.118599997	 -0.029 	  -85.58 	 
0.118799997	 -0.029 	  -85.50 	 
0.118999997	 -0.029 	  -85.30 	 
0.119199997	 -0.029 	  -85.06 	 
0.119399997	 -0.029 	  -84.71 	 
0.119599997	 -0.029 	  -84.30 	 
0.119799997	 -0.029 	  -83.80 	 
0.119999997	 -0.029 	  -83.22 	 
0.120199997	 -0.028 	  -82.56 	 
0.120399997	 -0.029 	  -81.83 	 
0.120599997	 -0.028 	  -80.99 	 
0.120799997	 -0.028 	  -80.07 	 
0.120999997	 -0.027 	  -79.11 	 
0.121199997	 -0.027 	  -78.16 	 
0.121399997	 -0.026 	  -77.17 	 
0.121599997	 -0.026 	  -75.99 	 
0.121799997	 -0.026 	  -74.57 	 
0.121999997	 -0.024 	  -73.04 	 
0.122199997	 -0.024 	  -71.45 	 
0.122399997	 -0.023 	  -69.95 	 
0.122599997	 -0.023 	  -68.54 	 
0.122799997	 -0.021 	  -67.16 	 
0.122999997	 -0.021 	  -65.79 	 
0.123199997	 -0.021 	  -64.41 	 
0.123399997	 -0.019 	  -62.93 	 
0.123599997	 -0.019 	  -61.42 	 
0.123799997	 -0.018 	  -59.90 	 
0.123999997	 -0.017 	  -58.40 	 
0.124199997	 -0.016 	  -56.84 	 
0.124399997	 -0.015 	  -55.30 	 
0.124599997	 -0.014 	  -53.78 	 
0.124799997	 -0.013 	  -52.33 	 
0.124999997	 -0.012 	  -50.98 	 
0.125199997	 -0.012 	  -49.68 	 
0.125399997	 -0.010 	  -48.42 	 
0.125599997	 -0.010 	  -47.18 	 
0.125799997	 -0.008 	  -45.99 	 
0.125999997	 -0.008 	  -44.85 	 
0.126199997	 -0.007 	  -43.78 	 
0.126399997	 -0.006 	  -42.83 	 
0.126599997	 -0.006 	  -41.85 	 
0.126799997	 -0.005 	  -40.97 	 
0.126999997	 -0.003 	  -40.17 	 
0.127199997	 -0.003 	  -39.51 	 
0.127399997	 -0.002 	  -38.99 	 
0.127599997	 -0.002 	  -38.57 	 
0.127799997	 -0.001 	  -38.21 	 
0.127999997	 -0.001 	  -37.92 	 
0.128199997	 -0.001 	  -37.70 	 
0.128399997	 -0.001 	  -37.59 	 
0.128599997	 -0.000 	  -37.66 	 
0.128799997	 -0.001 	  -37.84 	 
0.128999997	 -0.000 	  -38.16 	 
0.129199997	 -0.001 	  -38.56 	 
0.129399997	 -0.000 	  -38.98 	 
0.129599997	 -0.001 	  -39.42 	 
0.129799997	 -0.001 	  -39.90 	 
0.129999997	 -0.001 	  -40.44 	 
0.130199997	 -0.001 	  -41.06 	 
0.130399997	 -0.002 	  -41.82 	 
0.130599997	 -0.002 	  -42.69 	 
0.130799997	 -0.002 	  -43.67 	 
0.130999997	 -0.003 	  -44.76 	 
0.131199997	 -0.003 	  -45.92 	 
0.131399997	 -0.004 	  -47.09 	 
0.131599997	 -0.004 	  -48.27 	 
0.131799997	 -0.006 	  -49.49 	 
0.131999997	 -0.006 	  -50.78 	 
0.132199997	 -0.007 	  -52.16 	 
0.132399997	 -0.008 	  -53.60 	 
0.132599997	 -0.008 	  -55.13 	 
0.132799997	 -0.010 	  -56.70 	 
0.132999997	 -0.010 	  -58.25 	 
0.133199997	 -0.011 	  -59.77 	 
0.133399997	 -0.012 	  -61.25 	 
0.133599997	 -0.013 	  -62.73 	 
0.133799997	 -0.014 	  -64.20 	 
0.133999997	 -0.015 	  -65.68 	 
0.134199997	 -0.015 	  -67.21 	 
0.134399997	 -0.016 	  -68.71 	 
0.134599997	 -0.018 	  -70.20 	 
0.134799997	 -0.019 	  -71.65 	 
0.134999997	 -0.019 	  -73.01 	 
0.135199997	 -0.020 	  -74.31 	 
0.135399997	 -0.021 	  -75.52 	 
0.135599997	 -0.022 	  -76.66 	 
0.135799997	 -0.023 	  -77.76 	 
0.135999997	 -0.024 	  -78.85 	 
0.136199997	 -0.024 	  -79.87 	 
0.136399997	 -0.025 	  -80.82 	 
0.136599997	 -0.026 	  -81.73 	 
0.136799997	 -0.027 	  -82.53 	 
0.136999997	 -0.027 	  -83.24 	 
0.137199997	 -0.027 	  -83.84 	 
0.137399997	 -0.028 	  -84.33 	 
0.137599997	 -0.029 	  -84.71 	 
0.137799997	 -0.029 	  -85.01 	 
0.137999997	 -0.029 	  -85.23 	 
0.138199997	 -0.029 	  -85.39 	 
0.138399997	 -0.030 	  -85.48 	 
0.138599996	 -0.029 	  -85.54 	 
0.138799996	 -0.030 	  -85.51 	 
0.138999996	 -0.029 	  -85.32 	 
0.139199996	 -0.029 	  -85.07 	 
0.139399996	 -0.029 	  -84.71 	 
0.139599996	 -0.030 	  -84.25 	 
0.139799996	 -0.029 	  -83.72 	 
0.139999996	 -0.029 	  -83.14 	 
0.140199996	 -0.029 	  -82.51 	 
0.140399996	 -0.028 	  -81.83 	 
0.140599996	 -0.028 	  -81.06 	 
0.140799996	 -0.028 	  -80.16 	 
0.140999996	 -0.028 	  -79.17 	 
0.141199996	 -0.026 	  -78.16 	 
0.141399996	 -0.027 	  -77.09 	 
0.141599996	 -0.027 	  -75.87 	 
0.141799996	 -0.025 	  -74.52 	 
0.141999996	 -0.024 	  -73.03 	 
0.142199996	 -0.024 	  -71.51 	 
0.142399996	 -0.024 	  -69.96 	 
0.142599996	 -0.022 	  -68.56 	 
0.142799996	 -0.022 	  -67.16 	 
0.142999996	 -0.021 	  -65.78 	 
0.143199996	 -0.019 	  -64.37 	 
0.143399996	 -0.020 	  -62.92 	 
0.143599996	 -0.019 	  -61.35 	 
0.143799996	 -0.018 	  -59.80 	 
0.143999996	 -0.017 	  -58.23 	 
0.144199996	 -0.016 	  -56.75 	 
0.144399996	 -0.015 	  -55.27 	 
0.144599996	 -0.014 	  -53.86 	 
0.144799996	 -0.013 	  -52.45 	 
0.144999996	 -0.012 	  -51.09 	 
0.145199996	 -0.012 	  -49.76 	 
0.145399996	 -0.010 	  -48.45 	 
0.145599996	 -0.010 	  -47.17 	 
0.145799996	 -0.008 	  -45.94 	 
0.145999996	 -0.008 	  -44.80 	 
0.146199996	 -0.007 	  -43.75 	 
0.146399996	 -0.006 	  -42.82 	 
0.146599996	 -0.005 	  -41.92 	 
0.146799996	 -0.004 	  -41.04 	 
0.146999996	 -0.004 	  -40.30 	 
0.147199996	 -0.003 	  -39.65 	 
0.147399996	 -0.002 	  -39.06 	 
0.147599996	 -0.002 	  -38.62 	 
0.147799996	 -0.002 	  -38.32 	 
0.147999996	 -0.002 	  -38.08 	 
0.148199996	 -0.001 	  -37.86 	 
0.148399996	 -0.001 	  -37.69 	 
0.148599996	 -0.000 	  -37.65 	 
0.148799996	 -0.001 	  -37.76 	 
0.148999996	 -0.000 	  -38.01 	 
0.149199996	 -0.000 	  -38.41 	 
0.149399996	 -0.000 	  -38.87 	 
0.149599996	 -0.001 	  -39.39 	 
0.149799996	 -0.001 	  -39.96 	 
0.149999996	 -0.001 	  -40.54 	 
0.150199996	 -0.001 	  -41.17 	 
0.150399996	 -0.001 	  -41.85 	 
0.150599996	 -0.002 	  -42.67 	 
0.150799996	 -0.002 	  -43.58 	 
0.150999996	 -0.003 	  -44.67 	 
0.151199996	 -0.003 	  -45.86 	 
0.151399996	 -0.004 	  -47.06 	 
0.151599996	 -0.004 	  -48.33 	 
0.151799996	 -0.006 	  -49.60 	 
0.151999996	 -0.006 	  -50.90 	 
0.152199996	 -0.007 	  -52.23 	 
0.152399996	 -0.008 	  -53.61 	 
0.152599996	 -0.009 	  -55.08 	 
0.152799996	 -0.009 	  -56.59 	 
0.152999996	 -0.010 	  -58.15 	 
0.153199996	 -0.011 	  -59.69 	 
0.153399996	 -0.012 	  -61.24 	 
0.153599996	 -0.013 	  -62.75 	 
0.153799996	 -0.014 	  -64.27 	 
0.153999996	 -0.014 	  -65.76 	 
0.154199996	 -0.015 	  -67.24 	 
0.154399996	 -0.017 	  -68.71 	 
0.154599996	 -0.018 	  -70.12 	 
0.154799996	 -0.019 	  -71.55 	 
0.154999996	 -0.019 	  -72.91 	 
0.155199996	 -0.020 	  -74.24 	 
0.155399996	 -0.022 	  -75.49 	 
0.155599996	 -0.022 	  -76.69 	 
0.155799996	 -0.023 	  -77.82 	 
0.155999996	 -0.024 	  -78.86 	 
0.156199996	 -0.024 	  -79.90 	 
0.156399996	 -0.025 	  -80.81 	 
0.156599996	 -0.025 	  -81.67 	 
0.156799996	 -0.027 	  -82.46 	 
0.156999996	 -0.027 	  -83.16 	 
0.157199996	 -0.028 	  -83.79 	 
0.157399996	 -0.028 	  -84.32 	 
0.157599996	 -0.028 	  -84.74 	 
0.157799996	 -0.028 	  -85.04 	 
0.157999996	 -0.029 	  -85.24 	 
0.158199996	 -0.029 	  -85.36 	 
0.158399996	 -0.029 	  -85.43 	 
0.158599996	 -0.030 	  -85.44 	 
0.158799996	 -0.029 	  -85.40 	 
0.158999996	 -0.029 	  -85.30 	 
0.159199996	 -0.029 	  -85.07 	 
0.159399996	 -0.029 	  -84.74 	 
0.159599996	 -0.029 	  -84.32 	 
0.159799996	 -0.029 	  -83.73 	 
0.159999996	 -0.029 	  -83.10 	 
0.160199996	 -0.028 	  -82.44 	 
0.160399996	 -0.028 	  -81.73 	 
0.160599996	 -0.028 	  -80.95 	 
0.160799996	 -0.028 	  -80.11 	 
0.160999996	 -0.027 	  -79.18 	 
0.161199996	 -0.027 	  -78.20 	 
0.161399996	 -0.027 	  -77.20 	 
0.161599996	 -0.026 	  -75.99 	 
0.161799996	 -0.025 	  -74.61 	 
0.161999996	 -0.025 	  -73.07 	 
0.162199996	 -0.024 	  -71.53 	 
0.162399996	 -0.024 	  -69.96 	 
0.162599996	 -0.023 	  -68.50 	 
0.162799996	 -0.022 	  -67.11 	 
0.162999996	 -0.021 	  -65.74 	 
0.163199996	 -0.020 	  -64.42 	 
0.163399996	 -0.019 	  -62.97 	 
0.163599996	 -0.019 	  -61.50 	 
0.163799996	 -0.018 	  -59.95 	 
0.163999996	 -0.016 	  -58.38 	 
0.164199996	 -0.016 	  -56.81 	 
0.164399996	 -0.015 	  -55.24 	 
0.164599996	 -0.014 	  -53.75 	 
0.164799996	 -0.013 	  -52.35 	 
0.164999996	 -0.012 	  -51.01 	 
0.165199996	 -0.011 	  -49.71 	 
0.165399996	 -0.010 	  -48.46 	 
0.165599996	 -0.010 	  -47.24 	 
0.165799996	 -0.008 	  -46.02 	 
0.165999996	 -0.008 	  -44.87 	 
0.166199996	 -0.007 	  -43.83 	 
0.166399996	 -0.006 	  -42.75 	 
0.166599996	 -0.005 	  -41.78 	 
0.166799996	 -0.005 	  -40.90 	 
0.166999996	 -0.004 	  -40.19 	 
0.167199996	 -0.003 	  -39.59 	 
0.167399996	 -0.002 	  -39.11 	 
0.167599996	 -0.001 	  -38.73 	 
0.167799996	 -0.001 	  -38.45 	 
0.167999996	 -0.001 	  -38.17 	 
0.168199996	 -0.001 	  -37.89 	 
0.168399996	 -0.001 	  -37.68 	 
0.168599996	 -0.001 	  -37.63 	 
0.168799996	 -0.001 	  -37.77 	 
0.168999996	 -0.000 	  -38.10 	 
0.169199996	 -0.001 	  -38.54 	 
0.169399996	 -0.001 	  -39.04 	 
0.169599996	 -0.001 	  -39.55 	 
0.169799996	 -0.001 	  -40.08 	 
0.169999996	 -0.001 	  -40.58 	 
0.170199996	 -0.002 	  -41.15 	 
0.170399996	 -0.001 	  -41.82 	 
0.170599996	 -0.003 	  -42.63 	 
0.170799996	 -0.003 	  -43.62 	 
0.170999996	 -0.003 	  -44.74 	 
0.171199996	 -0.003 	  -45.94 	 
0.171399996	 -0.004 	  -47.16 	 
0.171599996	 -0.005 	  -48.40 	 
0.171799996	 -0.006 	  -49.59 	 
0.171999996	 -0.006 	  -50.86 	 
0.172199996	 -0.008 	  -52.15 	 
0.172399996	 -0.007 	  -53.55 	 
0.172599996	 -0.009 	  -55.06 	 
0.172799996	 -0.009 	  -56.64 	 
0.172999996	 -0.010 	  -58.25 	 
0.173199996	 -0.011 	  -59.83 	 
0.173399996	 -0.012 	  -61.35 	 
0.173599996	 -0.012 	  -62.83 	 
0.173799996	 -0.014 	  -64.27 	 
0.173999996	 -0.015 	  -65.70 	 
0.174199996	 -0.015 	  -67.14 	 
0.174399996	 -0.017 	  -68.58 	 
0.174599996	 -0.018 	  -70.06 	 
0.174799996	 -0.018 	  -71.52 	 
0.174999996	 -0.019 	  -72.96 	 
0.175199996	 -0.020 	  -74.29 	 
0.175399996	 -0.022 	  -75.55 	 
0.175599996	 -0.022 	  -76.71 	 
0.175799996	 -0.023 	  -77.77 	 
0.175999996	 -0.024 	  -78.79 	 
0.176199996	 -0.024 	  -79.76 	 
0.176399996	 -0.025 	  -80.72 	 
0.176599996	 -0.025 	  -81.62 	 
0.176799996	 -0.027 	  -82.50 	 
0.176999996	 -0.027 	  -83.25 	 
0.177199996	 -0.028 	  -83.87 	 
0.177399996	 -0.028 	  -84.37 	 
0.177599996	 -0.028 	  -84.70 	 
0.177799996	 -0.029 	  -84.95 	 
0.177999996	 -0.029 	  -85.12 	 
0.178199995	 -0.029 	  -85.26 	 
0.178399995	 -0.029 	  -85.39 	 
0.178599995	 -0.030 	  -85.52 	 
0.178799995	 -0.029 	  -85.55 	 
0.178999995	 -0.029 	  -85.44 	 
0.179199995	 -0.030 	  -85.17 	 
0.179399995	 -0.029 	  -84.74 	 
0.179599995	 -0.029 	  -84.22 	 
0.179799995	 -0.029 	  -83.64 	 
0.179999995	 -0.029 	  -83.04 	 
0.180199995	 -0.029 	  -82.41 	 
0.180399995	 -0.028 	  -81.75 	 
0.180599995	 -0.029 	  -81.03 	 
0.180799995	 -0.028 	  -80.20 	 
0.180999995	 -0.027 	  -79.24 	 
0.181199995	 -0.027 	  -78.23 	 
0.181399995	 -0.027 	  -77.10 	 
0.181599995	 -0.027 	  -75.85 	 
0.181799995	 -0.025 	  -74.49 	 
0.181999995	 -0.025 	  -73.03 	 
0.182199995	 -0.024 	  -71.54 	 
0.182399995	 -0.023 	  -70.05 	 
0.182599995	 -0.022 	  -68.63 	 
0.182799995	 -0.022 	  -67.18 	 
0.182999995	 -0.021 	  -65.79 	 
0.183199995	 -0.020 	  -64.35 	 
0.183399995	 -0.020 	  -62.91 	 
0.183599995	 -0.019 	  -61.35 	 
0.183799995	 -0.017 	  -59.76 	 
0.183999995	 -0.017 	  -58.22 	 
0.184199995	 -0.016 	  -56.77 	 
0.184399995	 -0.015 	  -55.35 	 
0.184599995	 -0.014 	  -53.94 	 
0.184799995	 -0.013 	  -52.56 	 
0.184999995	 -0.012 	  -51.19 	 
0.185199995	 -0.012 	  -49.81 	 
0.185399995	 -0.010 	  -48.44 	 
0.185599995	 -0.010 	  -47.14 	 
0.185799995	 -0.008 	  -45.90 	 
0.185999995	 -0.008 	  -44.76 	 
0.186199995	 -0.007 	  -43.75 	 
0.186399995	 -0.006 	  -42.88 	 
0.186599995	 -0.005 	  -41.97 	 
0.186799995	 -0.004 	  -41.11 	 
0.186999995	 -0.003 	  -40.29 	 
0.187199995	 -0.003 	  -39.60 	 
0.187399995	 -0.003 	  -38.98 	 
0.187599995	 -0.002 	  -38.57 	 
0.187799995	 -0.002 	  -38.30 	 
0.187999995	 -0.001 	  -38.14 	 
0.188199995	 -0.001 	  -37.95 	 
0.188399995	 -0.001 	  -37.85 	 
0.188599995	 -0.001 	  -37.82 	 
0.188799995	 -0.000 	  -37.90 	 
0.188999995	 -0.001 	  -38.12 	 
0.189199995	 -0.000 	  -38.47 	 
0.189399995	 -0.001 	  -38.91 	 
0.189599995	 -0.000 	  -39.42 	 
0.189799995	 -0.001 	  -40.01 	 
0.189999995	 -0.001 	  -40.62 	 
0.190199995	 -0.002 	  -41.28 	 
0.190399995	 -0.001 	  -41.98 	 
0.190599995	 -0.002 	  -42.77 	 
0.190799995	 -0.002 	  -43.66 	 
0.190999995	 -0.003 	  -44.70 	 
0.191199995	 -0.004 	  -45.83 	 
0.191399995	 -0.003 	  -47.05 	 
0.191599995	 -0.005 	  -48.32 	 
0.191799995	 -0.005 	  -49.61 	 
0.191999995	 -0.007 	  -50.96 	 
0.192199995	 -0.006 	  -52.30 	 
0.192399995	 -0.008 	  -53.70 	 
0.192599995	 -0.008 	  -55.15 	 
0.192799995	 -0.009 	  -56.60 	 
0.192999995	 -0.010 	  -58.12 	 
0.193199995	 -0.011 	  -59.68 	 
0.193399995	 -0.012 	  -61.25 	 
0.193599995	 -0.013 	  -62.80 	 
0.193799995	 -0.014 	  -64.35 	 
0.193999995	 -0.015 	  -65.86 	 
0.194199995	 -0.015 	  -67.35 	 
0.194399995	 -0.017 	  -68.80 	 
0.194599995	 -0.018 	  -70.20 	 
0.194799995	 -0.018 	  -71.59 	 
0.194999995	 -0.020 	  -72.90 	 
0.195199995	 -0.020 	  -74.19 	 
0.195399995	 -0.022 	  -75.46 	 
0.195599995	 -0.022 	  -76.68 	 
0.195799995	 -0.023 	  -77.81 	 
0.195999995	 -0.023 	  -78.84 	 
0.196199995	 -0.025 	  -79.79 	 
0.196399995	 -0.025 	  -80.73 	 
0.196599995	 -0.026 	  -81.60 	 
0.196799995	 -0.027 	  -82.41 	 
0.196999995	 -0.027 	  -83.16 	 
0.197199995	 -0.028 	  -83.80 	 
0.197399995	 -0.027 	  -84.32 	 
0.197599995	 -0.028 	  -84.69 	 
0.197799995	 -0.028 	  -84.99 	 
0.197999995	 -0.029 	  -85.13 	 
0.198199995	 -0.029 	  -85.27 	 
0.198399995	 -0.029 	  -85.36 	 
0.198599995	 -0.029 	  -85.44 	 
0.198799995	 -0.029 	  -85.40 	 
0.198999995	 -0.029 	  -85.28 	 
0.199199995	 -0.029 	  -85.04 	 
0.199399995	 -0.029 	  -84.70 	 
0.199599995	 -0.029 	  -84.27 	 
0.199799995	 -0.029 	  -83.72 	 
0.199999995	 -0.029 	  -83.12 	 
0.200199995	 -0.029 	  -82.41 	 
0.200399995	 -0.028 	  -81.71 	 
0.200599995	 -0.028 	  -80.92 	 
0.200799995	 -0.029 	  -80.04 	 
0.200999995	 -0.027 	  -79.11 	 
0.201199995	 -0.027 	  -78.14 	 
0.201399995	 -0.026 	  -77.10 	 
0.201599995	 -0.026 	  -75.84 	 
0.201799995	 -0.026 	  -74.45 	 
0.201999995	 -0.025 	  -72.99 	 
0.202199995	 -0.024 	  -71.50 	 
0.202399995	 -0.023 	  -70.05 	 
0.202599995	 -0.023 	  -68.67 	 
0.202799995	 -0.022 	  -67.31 	 
0.202999995	 -0.022 	  -65.90 	 
0.203199995	 -0.020 	  -64.44 	 
0.203399995	 -0.020 	  -62.88 	 
0.203599995	 -0.019 	  -61.35 	 
0.203799995	 -0.018 	  -59.81 	 
0.203999995	 -0.017 	  -58.33 	 
0.204199995	 -0.016 	  -56.84 	 
0.204399995	 -0.015 	  -55.35 	 
0.204599995	 -0.014 	  -53.90 	 
