0.000000000	 -0.304 	  -83.09 	 
0.000200000	 -0.303 	  -82.44 	 
0.000400000	 -0.303 	  -81.71 	 
0.000600000	 -0.303 	  -80.88 	 
0.000800000	 -0.304 	  -79.98 	 
0.001000000	 -0.303 	  -79.02 	 
0.001200000	 -0.302 	  -78.06 	 
0.001400000	 -0.301 	  -77.05 	 
0.001600000	 -0.300 	  -75.91 	 
0.001800000	 -0.300 	  -74.59 	 
0.002000000	 -0.299 	  -73.16 	 
0.002200000	 -0.298 	  -71.57 	 
0.002400000	 -0.296 	  -69.97 	 
0.002600000	 -0.295 	  -68.43 	 
0.002800000	 -0.295 	  -66.88 	 
0.003000000	 -0.294 	  -65.42 	 
0.003200000	 -0.292 	  -64.02 	 
0.003400000	 -0.291 	  -62.71 	 
0.003600000	 -0.290 	  -61.31 	 
0.003800000	 -0.289 	  -59.91 	 
0.004000000	 -0.287 	  -58.35 	 
0.004200000	 -0.287 	  -56.81 	 
0.004400000	 -0.285 	  -55.17 	 
0.004600000	 -0.283 	  -53.62 	 
0.004800000	 -0.282 	  -52.12 	 
0.005000000	 -0.281 	  -50.71 	 
0.005200000	 -0.280 	  -49.41 	 
0.005400000	 -0.279 	  -48.18 	 
0.005600000	 -0.278 	  -47.01 	 
0.005800000	 -0.276 	  -45.93 	 
0.006000000	 -0.274 	  -44.87 	 
0.006200000	 -0.274 	  -43.86 	 
0.006400000	 -0.273 	  -42.79 	 
0.006600000	 -0.272 	  -41.77 	 
0.006800000	 -0.271 	  -40.77 	 
0.007000000	 -0.270 	  -39.94 	 
0.007200000	 -0.269 	  -39.24 	 
0.007400000	 -0.268 	  -38.71 	 
0.007600000	 -0.267 	  -38.38 	 
0.007800000	 -0.267 	  -38.16 	 
0.008000000	 -0.266 	  -38.01 	 
0.008200000	 -0.265 	  -37.86 	 
0.008400000	 -0.266 	  -37.77 	 
0.008600000	 -0.266 	  -37.70 	 
0.008800000	 -0.266 	  -37.76 	 
0.009000000	 -0.265 	  -37.92 	 
0.009200000	 -0.265 	  -38.25 	 
0.009400000	 -0.265 	  -38.70 	 
0.009600000	 -0.265 	  -39.25 	 
0.009800000	 -0.266 	  -39.90 	 
0.010000000	 -0.266 	  -40.58 	 
0.010200000	 -0.266 	  -41.31 	 
0.010400000	 -0.266 	  -42.07 	 
0.010600000	 -0.267 	  -42.86 	 
0.010800000	 -0.267 	  -43.73 	 
0.011000000	 -0.268 	  -44.67 	 
0.011200000	 -0.269 	  -45.75 	 
0.011400000	 -0.270 	  -46.94 	 
0.011600000	 -0.271 	  -48.22 	 
0.011800000	 -0.271 	  -49.55 	 
0.012000000	 -0.272 	  -50.93 	 
0.012200000	 -0.273 	  -52.32 	 
0.012400000	 -0.274 	  -53.74 	 
0.012600000	 -0.276 	  -55.15 	 
0.012800000	 -0.277 	  -56.58 	 
0.013000000	 -0.278 	  -58.03 	 
0.013200000	 -0.279 	  -59.53 	 
0.013400000	 -0.280 	  -61.08 	 
0.013600000	 -0.281 	  -62.66 	 
0.013800000	 -0.282 	  -64.25 	 
0.014000000	 -0.284 	  -65.84 	 
0.014200000	 -0.286 	  -67.38 	 
0.014400000	 -0.287 	  -68.87 	 
0.014600000	 -0.288 	  -70.30 	 
0.014800000	 -0.289 	  -71.67 	 
0.015000000	 -0.291 	  -73.03 	 
0.015200000	 -0.293 	  -74.30 	 
0.015400000	 -0.294 	  -75.56 	 
0.015600000	 -0.294 	  -76.75 	 
0.015800000	 -0.295 	  -77.89 	 
0.016000000	 -0.297 	  -78.99 	 
0.016200000	 -0.298 	  -80.03 	 
0.016400000	 -0.299 	  -80.98 	 
0.016600000	 -0.300 	  -81.85 	 
0.016800000	 -0.300 	  -82.61 	 
0.017000000	 -0.301 	  -83.29 	 
0.017200000	 -0.302 	  -83.84 	 
0.017400000	 -0.303 	  -84.34 	 
0.017600000	 -0.303 	  -84.71 	 
0.017800000	 -0.303 	  -85.05 	 
0.018000000	 -0.304 	  -85.27 	 
0.018200000	 -0.304 	  -85.44 	 
0.018400000	 -0.304 	  -85.54 	 
0.018600000	 -0.305 	  -85.54 	 
0.018800000	 -0.305 	  -85.42 	 
0.019000000	 -0.304 	  -85.26 	 
0.019200000	 -0.305 	  -84.98 	 
0.019400000	 -0.304 	  -84.62 	 
0.019600000	 -0.305 	  -84.20 	 
0.019799999	 -0.304 	  -83.73 	 
0.019999999	 -0.304 	  -83.16 	 
0.020199999	 -0.304 	  -82.50 	 
0.020399999	 -0.304 	  -81.76 	 
0.020599999	 -0.303 	  -80.93 	 
0.020799999	 -0.303 	  -80.00 	 
0.020999999	 -0.302 	  -79.05 	 
0.021199999	 -0.301 	  -78.02 	 
0.021399999	 -0.301 	  -77.01 	 
0.021599999	 -0.301 	  -75.86 	 
0.021799999	 -0.299 	  -74.54 	 
0.021999999	 -0.299 	  -73.16 	 
0.022199999	 -0.298 	  -71.65 	 
0.022399999	 -0.297 	  -70.13 	 
0.022599999	 -0.295 	  -68.57 	 
0.022799999	 -0.295 	  -67.03 	 
0.022999999	 -0.294 	  -65.56 	 
0.023199999	 -0.293 	  -64.16 	 
0.023399999	 -0.291 	  -62.75 	 
0.023599999	 -0.290 	  -61.37 	 
0.023799999	 -0.289 	  -59.87 	 
0.023999999	 -0.288 	  -58.35 	 
0.024199999	 -0.286 	  -56.76 	 
0.024399999	 -0.285 	  -55.18 	 
0.024599999	 -0.284 	  -53.62 	 
0.024799999	 -0.282 	  -52.15 	 
0.024999999	 -0.281 	  -50.73 	 
0.025199999	 -0.280 	  -49.39 	 
0.025399999	 -0.279 	  -48.11 	 
0.025599999	 -0.277 	  -46.95 	 
0.025799999	 -0.276 	  -45.86 	 
0.025999999	 -0.275 	  -44.82 	 
0.026199999	 -0.275 	  -43.82 	 
0.026399999	 -0.273 	  -42.74 	 
0.026599999	 -0.271 	  -41.74 	 
0.026799999	 -0.271 	  -40.78 	 
0.026999999	 -0.270 	  -39.96 	 
0.027199999	 -0.269 	  -39.24 	 
0.027399999	 -0.268 	  -38.69 	 
0.027599999	 -0.267 	  -38.30 	 
0.027799999	 -0.267 	  -38.05 	 
0.027999999	 -0.266 	  -37.88 	 
0.028199999	 -0.266 	  -37.77 	 
0.028399999	 -0.266 	  -37.70 	 
0.028599999	 -0.265 	  -37.75 	 
0.028799999	 -0.265 	  -37.84 	 
0.028999999	 -0.265 	  -38.07 	 
0.029199999	 -0.265 	  -38.38 	 
0.029399999	 -0.266 	  -38.80 	 
0.029599999	 -0.265 	  -39.30 	 
0.029799999	 -0.265 	  -39.89 	 
0.029999999	 -0.265 	  -40.52 	 
0.030199999	 -0.266 	  -41.22 	 
0.030399999	 -0.266 	  -42.00 	 
0.030599999	 -0.267 	  -42.82 	 
0.030799999	 -0.268 	  -43.76 	 
0.030999999	 -0.268 	  -44.78 	 
0.031199999	 -0.269 	  -45.88 	 
0.031399999	 -0.270 	  -47.03 	 
0.031599999	 -0.271 	  -48.26 	 
0.031799999	 -0.271 	  -49.52 	 
0.031999999	 -0.272 	  -50.85 	 
0.032199999	 -0.273 	  -52.22 	 
0.032399999	 -0.274 	  -53.63 	 
0.032599999	 -0.276 	  -55.08 	 
0.032799999	 -0.276 	  -56.56 	 
0.032999999	 -0.278 	  -58.04 	 
0.033199999	 -0.278 	  -59.58 	 
0.033399999	 -0.280 	  -61.14 	 
0.033599999	 -0.282 	  -62.72 	 
0.033799999	 -0.283 	  -64.29 	 
0.033999999	 -0.284 	  -65.87 	 
0.034199999	 -0.285 	  -67.38 	 
0.034399999	 -0.287 	  -68.86 	 
0.034599999	 -0.288 	  -70.29 	 
0.034799999	 -0.289 	  -71.65 	 
0.034999999	 -0.291 	  -72.99 	 
0.035199999	 -0.292 	  -74.26 	 
0.035399999	 -0.293 	  -75.51 	 
0.035599999	 -0.294 	  -76.71 	 
0.035799999	 -0.296 	  -77.85 	 
0.035999999	 -0.297 	  -78.95 	 
0.036199999	 -0.298 	  -79.98 	 
0.036399999	 -0.299 	  -80.94 	 
0.036599999	 -0.299 	  -81.82 	 
0.036799999	 -0.301 	  -82.59 	 
0.036999999	 -0.302 	  -83.24 	 
0.037199999	 -0.302 	  -83.80 	 
0.037399999	 -0.302 	  -84.32 	 
0.037599999	 -0.303 	  -84.70 	 
0.037799999	 -0.304 	  -85.03 	 
0.037999999	 -0.304 	  -85.29 	 
0.038199999	 -0.304 	  -85.46 	 
0.038399999	 -0.304 	  -85.53 	 
0.038599999	 -0.304 	  -85.50 	 
0.038799999	 -0.304 	  -85.40 	 
0.038999999	 -0.304 	  -85.22 	 
0.039199999	 -0.305 	  -84.95 	 
0.039399999	 -0.305 	  -84.60 	 
0.039599999	 -0.304 	  -84.19 	 
0.039799999	 -0.304 	  -83.70 	 
0.039999999	 -0.304 	  -83.13 	 
0.040199999	 -0.304 	  -82.48 	 
0.040399999	 -0.303 	  -81.74 	 
0.040599999	 -0.304 	  -80.93 	 
0.040799999	 -0.302 	  -80.03 	 
0.040999999	 -0.302 	  -79.04 	 
0.041199999	 -0.301 	  -78.02 	 
0.041399999	 -0.301 	  -77.00 	 
0.041599999	 -0.301 	  -75.88 	 
0.041799999	 -0.300 	  -74.57 	 
0.041999999	 -0.298 	  -73.10 	 
0.042199999	 -0.298 	  -71.54 	 
0.042399999	 -0.297 	  -69.99 	 
0.042599999	 -0.296 	  -68.45 	 
0.042799999	 -0.294 	  -66.96 	 
0.042999999	 -0.293 	  -65.54 	 
0.043199999	 -0.292 	  -64.15 	 
0.043399999	 -0.291 	  -62.77 	 
0.043599999	 -0.291 	  -61.30 	 
0.043799999	 -0.288 	  -59.79 	 
0.043999999	 -0.287 	  -58.30 	 
0.044199999	 -0.286 	  -56.79 	 
0.044399999	 -0.285 	  -55.24 	 
0.044599999	 -0.284 	  -53.71 	 
0.044799999	 -0.282 	  -52.21 	 
0.044999999	 -0.281 	  -50.79 	 
0.045199999	 -0.279 	  -49.42 	 
0.045399999	 -0.278 	  -48.15 	 
0.045599999	 -0.277 	  -46.95 	 
0.045799999	 -0.277 	  -45.84 	 
0.045999999	 -0.275 	  -44.78 	 
0.046199999	 -0.274 	  -43.70 	 
0.046399999	 -0.273 	  -42.70 	 
0.046599999	 -0.271 	  -41.69 	 
0.046799999	 -0.271 	  -40.79 	 
0.046999999	 -0.270 	  -39.96 	 
0.047199999	 -0.269 	  -39.29 	 
0.047399999	 -0.267 	  -38.76 	 
0.047599999	 -0.267 	  -38.38 	 
0.047799999	 -0.267 	  -38.15 	 
0.047999999	 -0.266 	  -37.97 	 
0.048199999	 -0.266 	  -37.83 	 
0.048399999	 -0.266 	  -37.70 	 
0.048599999	 -0.266 	  -37.66 	 
0.048799999	 -0.265 	  -37.72 	 
0.048999999	 -0.265 	  -37.94 	 
0.049199999	 -0.265 	  -38.27 	 
0.049399999	 -0.265 	  -38.71 	 
0.049599999	 -0.265 	  -39.25 	 
0.049799999	 -0.265 	  -39.89 	 
0.049999999	 -0.266 	  -40.58 	 
0.050199999	 -0.266 	  -41.31 	 
0.050399999	 -0.267 	  -42.06 	 
0.050599999	 -0.267 	  -42.87 	 
0.050799999	 -0.267 	  -43.73 	 
0.050999999	 -0.268 	  -44.70 	 
0.051199999	 -0.269 	  -45.77 	 
0.051399999	 -0.270 	  -46.92 	 
0.051599999	 -0.270 	  -48.15 	 
0.051799999	 -0.271 	  -49.45 	 
0.051999999	 -0.272 	  -50.81 	 
0.052199999	 -0.273 	  -52.23 	 
0.052399999	 -0.275 	  -53.66 	 
0.052599999	 -0.276 	  -55.12 	 
0.052799999	 -0.276 	  -56.58 	 
0.052999999	 -0.277 	  -58.06 	 
0.053199999	 -0.279 	  -59.55 	 
0.053399999	 -0.281 	  -61.08 	 
0.053599999	 -0.282 	  -62.67 	 
0.053799999	 -0.282 	  -64.25 	 
0.053999999	 -0.284 	  -65.82 	 
0.054199999	 -0.285 	  -67.37 	 
0.054399999	 -0.287 	  -68.83 	 
0.054599999	 -0.289 	  -70.28 	 
0.054799999	 -0.289 	  -71.68 	 
0.054999999	 -0.291 	  -73.03 	 
0.055199999	 -0.292 	  -74.35 	 
0.055399999	 -0.293 	  -75.60 	 
0.055599999	 -0.295 	  -76.79 	 
0.055799999	 -0.296 	  -77.92 	 
0.055999999	 -0.298 	  -78.98 	 
0.056199999	 -0.298 	  -79.98 	 
0.056399999	 -0.299 	  -80.88 	 
0.056599999	 -0.300 	  -81.72 	 
0.056799999	 -0.301 	  -82.52 	 
0.056999999	 -0.302 	  -83.18 	 
0.057199999	 -0.302 	  -83.78 	 
0.057399999	 -0.302 	  -84.30 	 
0.057599999	 -0.303 	  -84.75 	 
0.057799999	 -0.304 	  -85.08 	 
0.057999999	 -0.304 	  -85.28 	 
0.058199999	 -0.305 	  -85.44 	 
0.058399999	 -0.304 	  -85.48 	 
0.058599999	 -0.305 	  -85.46 	 
0.058799999	 -0.305 	  -85.35 	 
0.058999999	 -0.305 	  -85.18 	 
0.059199999	 -0.304 	  -84.92 	 
0.059399998	 -0.305 	  -84.60 	 
0.059599998	 -0.304 	  -84.20 	 
0.059799998	 -0.304 	  -83.73 	 
0.059999998	 -0.304 	  -83.15 	 
0.060199998	 -0.304 	  -82.48 	 
0.060399998	 -0.303 	  -81.73 	 
0.060599998	 -0.303 	  -80.88 	 
0.060799998	 -0.303 	  -79.99 	 
0.060999998	 -0.302 	  -79.01 	 
0.061199998	 -0.302 	  -78.00 	 
0.061399998	 -0.301 	  -77.01 	 
0.061599998	 -0.301 	  -75.90 	 
0.061799998	 -0.299 	  -74.63 	 
0.061999998	 -0.299 	  -73.15 	 
0.062199998	 -0.298 	  -71.56 	 
0.062399998	 -0.297 	  -69.99 	 
0.062599998	 -0.296 	  -68.43 	 
0.062799998	 -0.295 	  -66.92 	 
0.062999998	 -0.293 	  -65.49 	 
0.063199998	 -0.292 	  -64.16 	 
0.063399998	 -0.292 	  -62.75 	 
0.063599998	 -0.290 	  -61.37 	 
0.063799998	 -0.289 	  -59.86 	 
0.063999998	 -0.287 	  -58.30 	 
0.064199998	 -0.286 	  -56.72 	 
0.064399998	 -0.285 	  -55.15 	 
0.064599998	 -0.284 	  -53.59 	 
0.064799998	 -0.282 	  -52.11 	 
0.064999998	 -0.281 	  -50.72 	 
0.065199998	 -0.280 	  -49.42 	 
0.065399998	 -0.279 	  -48.20 	 
0.065599998	 -0.278 	  -47.02 	 
0.065799998	 -0.276 	  -45.90 	 
0.065999998	 -0.275 	  -44.83 	 
0.066199998	 -0.274 	  -43.73 	 
0.066399998	 -0.273 	  -42.68 	 
0.066599998	 -0.272 	  -41.66 	 
0.066799998	 -0.271 	  -40.73 	 
0.066999998	 -0.270 	  -39.92 	 
0.067199998	 -0.269 	  -39.26 	 
0.067399998	 -0.268 	  -38.76 	 
0.067599998	 -0.267 	  -38.38 	 
0.067799998	 -0.267 	  -38.09 	 
0.067999998	 -0.267 	  -37.87 	 
0.068199998	 -0.266 	  -37.69 	 
0.068399998	 -0.265 	  -37.62 	 
0.068599998	 -0.265 	  -37.65 	 
0.068799998	 -0.265 	  -37.79 	 
0.068999998	 -0.265 	  -38.04 	 
0.069199998	 -0.265 	  -38.40 	 
0.069399998	 -0.266 	  -38.84 	 
0.069599998	 -0.265 	  -39.39 	 
0.069799998	 -0.265 	  -39.97 	 
0.069999998	 -0.266 	  -40.59 	 
0.070199998	 -0.266 	  -41.28 	 
0.070399998	 -0.267 	  -42.00 	 
0.070599998	 -0.267 	  -42.82 	 
0.070799998	 -0.267 	  -43.71 	 
0.070999998	 -0.268 	  -44.67 	 
0.071199998	 -0.269 	  -45.81 	 
0.071399998	 -0.270 	  -46.96 	 
0.071599998	 -0.271 	  -48.20 	 
0.071799998	 -0.271 	  -49.52 	 
0.071999998	 -0.271 	  -50.85 	 
0.072199998	 -0.273 	  -52.24 	 
0.072399998	 -0.275 	  -53.67 	 
0.072599998	 -0.275 	  -55.10 	 
0.072799998	 -0.276 	  -56.57 	 
0.072999998	 -0.278 	  -58.02 	 
0.073199998	 -0.279 	  -59.53 	 
0.073399998	 -0.281 	  -61.11 	 
0.073599998	 -0.282 	  -62.70 	 
0.073799998	 -0.282 	  -64.31 	 
0.073999998	 -0.284 	  -65.91 	 
0.074199998	 -0.285 	  -67.42 	 
0.074399998	 -0.287 	  -68.91 	 
0.074599998	 -0.289 	  -70.32 	 
0.074799998	 -0.290 	  -71.68 	 
0.074999998	 -0.291 	  -73.01 	 
0.075199998	 -0.292 	  -74.28 	 
0.075399998	 -0.293 	  -75.50 	 
0.075599998	 -0.295 	  -76.67 	 
0.075799998	 -0.296 	  -77.81 	 
0.075999998	 -0.297 	  -78.93 	 
0.076199998	 -0.298 	  -79.99 	 
0.076399998	 -0.298 	  -80.97 	 
0.076599998	 -0.300 	  -81.86 	 
0.076799998	 -0.301 	  -82.65 	 
0.076999998	 -0.302 	  -83.29 	 
0.077199998	 -0.302 	  -83.88 	 
0.077399998	 -0.302 	  -84.34 	 
0.077599998	 -0.303 	  -84.73 	 
0.077799998	 -0.304 	  -85.00 	 
0.077999998	 -0.304 	  -85.24 	 
0.078199998	 -0.304 	  -85.39 	 
0.078399998	 -0.305 	  -85.49 	 
0.078599998	 -0.304 	  -85.52 	 
0.078799998	 -0.304 	  -85.47 	 
0.078999998	 -0.305 	  -85.28 	 
0.079199998	 -0.305 	  -85.02 	 
0.079399998	 -0.304 	  -84.67 	 
0.079599998	 -0.304 	  -84.21 	 
0.079799998	 -0.304 	  -83.68 	 
0.079999998	 -0.305 	  -83.08 	 
0.080199998	 -0.304 	  -82.42 	 
0.080399998	 -0.304 	  -81.71 	 
0.080599998	 -0.303 	  -80.90 	 
0.080799998	 -0.303 	  -80.03 	 
0.080999998	 -0.302 	  -79.08 	 
0.081199998	 -0.302 	  -78.07 	 
0.081399998	 -0.302 	  -77.05 	 
0.081599998	 -0.301 	  -75.90 	 
0.081799998	 -0.299 	  -74.55 	 
0.081999998	 -0.299 	  -73.13 	 
0.082199998	 -0.298 	  -71.60 	 
0.082399998	 -0.297 	  -70.05 	 
0.082599998	 -0.296 	  -68.55 	 
0.082799998	 -0.294 	  -67.07 	 
0.082999998	 -0.294 	  -65.63 	 
0.083199998	 -0.292 	  -64.24 	 
0.083399998	 -0.291 	  -62.81 	 
0.083599998	 -0.290 	  -61.39 	 
0.083799998	 -0.289 	  -59.84 	 
0.083999998	 -0.287 	  -58.30 	 
0.084199998	 -0.286 	  -56.75 	 
0.084399998	 -0.285 	  -55.18 	 
0.084599998	 -0.283 	  -53.66 	 
0.084799998	 -0.282 	  -52.18 	 
0.084999998	 -0.281 	  -50.79 	 
0.085199998	 -0.280 	  -49.45 	 
0.085399998	 -0.278 	  -48.18 	 
0.085599998	 -0.278 	  -46.99 	 
0.085799998	 -0.276 	  -45.88 	 
0.085999998	 -0.276 	  -44.80 	 
0.086199998	 -0.274 	  -43.79 	 
0.086399998	 -0.272 	  -42.74 	 
0.086599998	 -0.271 	  -41.78 	 
0.086799998	 -0.271 	  -40.82 	 
0.086999998	 -0.270 	  -40.03 	 
0.087199998	 -0.268 	  -39.33 	 
0.087399998	 -0.268 	  -38.76 	 
0.087599998	 -0.267 	  -38.36 	 
0.087799998	 -0.266 	  -38.11 	 
0.087999998	 -0.266 	  -37.89 	 
0.088199998	 -0.266 	  -37.77 	 
0.088399998	 -0.266 	  -37.70 	 
0.088599998	 -0.265 	  -37.73 	 
0.088799998	 -0.265 	  -37.84 	 
0.088999998	 -0.265 	  -38.06 	 
0.089199998	 -0.265 	  -38.38 	 
0.089399998	 -0.266 	  -38.80 	 
0.089599998	 -0.265 	  -39.29 	 
0.089799998	 -0.265 	  -39.87 	 
0.089999998	 -0.266 	  -40.53 	 
0.090199998	 -0.266 	  -41.21 	 
0.090399998	 -0.266 	  -42.02 	 
0.090599998	 -0.267 	  -42.90 	 
0.090799998	 -0.268 	  -43.83 	 
0.090999998	 -0.268 	  -44.85 	 
0.091199998	 -0.269 	  -45.92 	 
0.091399998	 -0.270 	  -47.04 	 
0.091599998	 -0.271 	  -48.25 	 
0.091799998	 -0.271 	  -49.47 	 
0.091999998	 -0.273 	  -50.81 	 
0.092199998	 -0.273 	  -52.19 	 
0.092399998	 -0.275 	  -53.63 	 
0.092599998	 -0.276 	  -55.11 	 
0.092799998	 -0.276 	  -56.59 	 
0.092999998	 -0.277 	  -58.10 	 
0.093199998	 -0.279 	  -59.60 	 
0.093399998	 -0.281 	  -61.16 	 
0.093599998	 -0.281 	  -62.72 	 
0.093799998	 -0.282 	  -64.29 	 
0.093999998	 -0.284 	  -65.84 	 
0.094199998	 -0.285 	  -67.37 	 
0.094399998	 -0.287 	  -68.85 	 
0.094599998	 -0.288 	  -70.29 	 
0.094799998	 -0.289 	  -71.69 	 
0.094999998	 -0.291 	  -73.03 	 
0.095199998	 -0.292 	  -74.35 	 
0.095399998	 -0.294 	  -75.57 	 
0.095599998	 -0.295 	  -76.76 	 
0.095799998	 -0.295 	  -77.90 	 
0.095999998	 -0.297 	  -78.97 	 
0.096199998	 -0.298 	  -80.00 	 
0.096399998	 -0.299 	  -80.94 	 
0.096599998	 -0.300 	  -81.82 	 
0.096799998	 -0.301 	  -82.60 	 
0.096999998	 -0.302 	  -83.26 	 
0.097199998	 -0.302 	  -83.84 	 
0.097399998	 -0.302 	  -84.34 	 
0.097599998	 -0.303 	  -84.75 	 
0.097799998	 -0.304 	  -85.06 	 
0.097999998	 -0.304 	  -85.28 	 
0.098199998	 -0.304 	  -85.45 	 
0.098399998	 -0.304 	  -85.53 	 
0.098599998	 -0.304 	  -85.52 	 
0.098799998	 -0.305 	  -85.43 	 
0.098999997	 -0.305 	  -85.27 	 
0.099199997	 -0.305 	  -85.00 	 
0.099399997	 -0.304 	  -84.64 	 
0.099599997	 -0.305 	  -84.23 	 
0.099799997	 -0.304 	  -83.70 	 
0.099999997	 -0.304 	  -83.13 	 
0.100199997	 -0.304 	  -82.47 	 
0.100399997	 -0.304 	  -81.74 	 
0.100599997	 -0.303 	  -80.94 	 
0.100799997	 -0.303 	  -80.04 	 
0.100999997	 -0.303 	  -79.08 	 
0.101199997	 -0.302 	  -78.08 	 
0.101399997	 -0.301 	  -77.06 	 
0.101599997	 -0.300 	  -75.92 	 
0.101799997	 -0.299 	  -74.59 	 
0.101999997	 -0.299 	  -73.12 	 
0.102199997	 -0.298 	  -71.57 	 
0.102399997	 -0.297 	  -70.03 	 
0.102599997	 -0.296 	  -68.50 	 
0.102799997	 -0.295 	  -67.01 	 
0.102999997	 -0.294 	  -65.60 	 
0.103199997	 -0.292 	  -64.24 	 
0.103399997	 -0.291 	  -62.87 	 
0.103599997	 -0.291 	  -61.46 	 
0.103799997	 -0.288 	  -59.92 	 
0.103999997	 -0.288 	  -58.35 	 
0.104199997	 -0.286 	  -56.74 	 
0.104399997	 -0.285 	  -55.16 	 
0.104599997	 -0.284 	  -53.61 	 
0.104799997	 -0.282 	  -52.12 	 
0.104999997	 -0.281 	  -50.71 	 
0.105199997	 -0.280 	  -49.42 	 
0.105399997	 -0.279 	  -48.20 	 
0.105599997	 -0.278 	  -47.04 	 
0.105799997	 -0.276 	  -45.94 	 
0.105999997	 -0.274 	  -44.87 	 
0.106199997	 -0.274 	  -43.85 	 
0.106399997	 -0.273 	  -42.79 	 
0.106599997	 -0.272 	  -41.78 	 
0.106799997	 -0.271 	  -40.79 	 
0.106999997	 -0.270 	  -39.96 	 
0.107199997	 -0.268 	  -39.27 	 
0.107399997	 -0.268 	  -38.73 	 
0.107599997	 -0.268 	  -38.36 	 
0.107799997	 -0.267 	  -38.12 	 
0.107999997	 -0.267 	  -37.95 	 
0.108199997	 -0.266 	  -37.84 	 
0.108399997	 -0.266 	  -37.77 	 
0.108599997	 -0.265 	  -37.75 	 
0.108799997	 -0.265 	  -37.82 	 
0.108999997	 -0.265 	  -38.01 	 
0.109199997	 -0.265 	  -38.34 	 
0.109399997	 -0.265 	  -38.76 	 
0.109599997	 -0.266 	  -39.26 	 
0.109799997	 -0.266 	  -39.86 	 
0.109999997	 -0.266 	  -40.55 	 
0.110199997	 -0.267 	  -41.28 	 
0.110399997	 -0.267 	  -42.05 	 
0.110599997	 -0.267 	  -42.92 	 
0.110799997	 -0.268 	  -43.83 	 
0.110999997	 -0.268 	  -44.83 	 
0.111199997	 -0.269 	  -45.89 	 
0.111399997	 -0.269 	  -47.00 	 
0.111599997	 -0.270 	  -48.20 	 
0.111799997	 -0.271 	  -49.46 	 
0.111999997	 -0.272 	  -50.80 	 
0.112199997	 -0.273 	  -52.19 	 
0.112399997	 -0.274 	  -53.65 	 
0.112599997	 -0.276 	  -55.12 	 
0.112799997	 -0.276 	  -56.61 	 
0.112999997	 -0.278 	  -58.10 	 
0.113199997	 -0.279 	  -59.62 	 
0.113399997	 -0.280 	  -61.15 	 
0.113599997	 -0.281 	  -62.71 	 
0.113799997	 -0.282 	  -64.27 	 
0.113999997	 -0.283 	  -65.82 	 
0.114199997	 -0.286 	  -67.36 	 
0.114399997	 -0.287 	  -68.85 	 
0.114599997	 -0.288 	  -70.31 	 
0.114799997	 -0.289 	  -71.67 	 
0.114999997	 -0.291 	  -73.03 	 
0.115199997	 -0.293 	  -74.32 	 
0.115399997	 -0.294 	  -75.59 	 
0.115599997	 -0.294 	  -76.78 	 
0.115799997	 -0.296 	  -77.91 	 
0.115999997	 -0.297 	  -78.97 	 
0.116199997	 -0.298 	  -79.99 	 
0.116399997	 -0.299 	  -80.94 	 
0.116599997	 -0.299 	  -81.81 	 
0.116799997	 -0.300 	  -82.60 	 
0.116999997	 -0.301 	  -83.26 	 
0.117199997	 -0.302 	  -83.85 	 
0.117399997	 -0.303 	  -84.35 	 
0.117599997	 -0.303 	  -84.73 	 
0.117799997	 -0.304 	  -85.04 	 
0.117999997	 -0.304 	  -85.27 	 
0.118199997	 -0.304 	  -85.44 	 
0.118399997	 -0.304 	  -85.50 	 
0.118599997	 -0.304 	  -85.48 	 
0.118799997	 -0.305 	  -85.39 	 
0.118999997	 -0.305 	  -85.21 	 
0.119199997	 -0.304 	  -84.97 	 
0.119399997	 -0.304 	  -84.63 	 
0.119599997	 -0.304 	  -84.21 	 
0.119799997	 -0.305 	  -83.72 	 
0.119999997	 -0.304 	  -83.16 	 
0.120199997	 -0.304 	  -82.48 	 
0.120399997	 -0.303 	  -81.72 	 
0.120599997	 -0.303 	  -80.87 	 
0.120799997	 -0.303 	  -79.97 	 
0.120999997	 -0.302 	  -79.04 	 
0.121199997	 -0.301 	  -78.05 	 
0.121399997	 -0.301 	  -77.06 	 
0.121599997	 -0.300 	  -75.90 	 
0.121799997	 -0.300 	  -74.58 	 
0.121999997	 -0.299 	  -73.14 	 
0.122199997	 -0.297 	  -71.56 	 
0.122399997	 -0.297 	  -69.95 	 
0.122599997	 -0.295 	  -68.39 	 
0.122799997	 -0.295 	  -66.96 	 
0.122999997	 -0.294 	  -65.57 	 
0.123199997	 -0.292 	  -64.22 	 
0.123399997	 -0.291 	  -62.90 	 
0.123599997	 -0.290 	  -61.44 	 
0.123799997	 -0.289 	  -59.95 	 
0.123999997	 -0.288 	  -58.40 	 
0.124199997	 -0.286 	  -56.86 	 
0.124399997	 -0.285 	  -55.22 	 
0.124599997	 -0.283 	  -53.64 	 
0.124799997	 -0.282 	  -52.14 	 
0.124999997	 -0.281 	  -50.72 	 
0.125199997	 -0.280 	  -49.42 	 
0.125399997	 -0.278 	  -48.19 	 
0.125599997	 -0.277 	  -47.02 	 
0.125799997	 -0.276 	  -45.89 	 
0.125999997	 -0.275 	  -44.84 	 
0.126199997	 -0.274 	  -43.83 	 
0.126399997	 -0.273 	  -42.78 	 
0.126599997	 -0.272 	  -41.74 	 
0.126799997	 -0.271 	  -40.78 	 
0.126999997	 -0.270 	  -39.93 	 
0.127199997	 -0.269 	  -39.22 	 
0.127399997	 -0.268 	  -38.68 	 
0.127599997	 -0.267 	  -38.34 	 
0.127799997	 -0.267 	  -38.12 	 
0.127999997	 -0.266 	  -37.95 	 
0.128199997	 -0.266 	  -37.84 	 
0.128399997	 -0.266 	  -37.77 	 
0.128599997	 -0.266 	  -37.77 	 
0.128799997	 -0.265 	  -37.86 	 
0.128999997	 -0.265 	  -38.06 	 
0.129199997	 -0.265 	  -38.34 	 
0.129399997	 -0.265 	  -38.76 	 
0.129599997	 -0.266 	  -39.30 	 
0.129799997	 -0.266 	  -39.92 	 
0.129999997	 -0.266 	  -40.62 	 
0.130199997	 -0.266 	  -41.34 	 
0.130399997	 -0.267 	  -42.09 	 
0.130599997	 -0.268 	  -42.92 	 
0.130799997	 -0.268 	  -43.80 	 
0.130999997	 -0.268 	  -44.78 	 
0.131199997	 -0.269 	  -45.81 	 
0.131399997	 -0.270 	  -46.95 	 
0.131599997	 -0.270 	  -48.14 	 
0.131799997	 -0.272 	  -49.44 	 
0.131999997	 -0.272 	  -50.82 	 
0.132199997	 -0.273 	  -52.23 	 
0.132399997	 -0.274 	  -53.70 	 
0.132599997	 -0.276 	  -55.15 	 
0.132799997	 -0.277 	  -56.62 	 
0.132999997	 -0.278 	  -58.09 	 
0.133199997	 -0.279 	  -59.58 	 
0.133399997	 -0.280 	  -61.11 	 
0.133599997	 -0.281 	  -62.64 	 
0.133799997	 -0.283 	  -64.24 	 
0.133999997	 -0.284 	  -65.80 	 
0.134199997	 -0.286 	  -67.33 	 
0.134399997	 -0.287 	  -68.85 	 
0.134599997	 -0.288 	  -70.32 	 
0.134799997	 -0.289 	  -71.76 	 
0.134999997	 -0.291 	  -73.10 	 
0.135199997	 -0.292 	  -74.40 	 
0.135399997	 -0.294 	  -75.62 	 
0.135599997	 -0.295 	  -76.79 	 
0.135799997	 -0.295 	  -77.90 	 
0.135999997	 -0.297 	  -78.93 	 
0.136199997	 -0.297 	  -79.92 	 
0.136399997	 -0.299 	  -80.83 	 
0.136599997	 -0.299 	  -81.71 	 
0.136799997	 -0.300 	  -82.50 	 
0.136999997	 -0.301 	  -83.20 	 
0.137199997	 -0.302 	  -83.83 	 
0.137399997	 -0.303 	  -84.31 	 
0.137599997	 -0.304 	  -84.71 	 
0.137799997	 -0.303 	  -85.00 	 
0.137999997	 -0.304 	  -85.24 	 
0.138199997	 -0.304 	  -85.39 	 
0.138399997	 -0.304 	  -85.50 	 
0.138599996	 -0.305 	  -85.56 	 
0.138799996	 -0.305 	  -85.48 	 
0.138999996	 -0.305 	  -85.33 	 
0.139199996	 -0.305 	  -85.04 	 
0.139399996	 -0.305 	  -84.68 	 
0.139599996	 -0.305 	  -84.25 	 
0.139799996	 -0.304 	  -83.71 	 
0.139999996	 -0.304 	  -83.12 	 
0.140199996	 -0.304 	  -82.44 	 
0.140399996	 -0.304 	  -81.70 	 
0.140599996	 -0.304 	  -80.86 	 
0.140799996	 -0.303 	  -79.98 	 
0.140999996	 -0.302 	  -79.04 	 
0.141199996	 -0.301 	  -78.03 	 
0.141399996	 -0.301 	  -77.04 	 
0.141599996	 -0.301 	  -75.91 	 
0.141799996	 -0.299 	  -74.62 	 
0.141999996	 -0.299 	  -73.16 	 
0.142199996	 -0.298 	  -71.58 	 
0.142399996	 -0.297 	  -69.99 	 
0.142599996	 -0.296 	  -68.43 	 
0.142799996	 -0.295 	  -66.95 	 
0.142999996	 -0.294 	  -65.50 	 
0.143199996	 -0.292 	  -64.15 	 
0.143399996	 -0.291 	  -62.74 	 
0.143599996	 -0.290 	  -61.35 	 
0.143799996	 -0.289 	  -59.82 	 
0.143999996	 -0.288 	  -58.30 	 
0.144199996	 -0.286 	  -56.75 	 
0.144399996	 -0.285 	  -55.20 	 
0.144599996	 -0.284 	  -53.66 	 
0.144799996	 -0.283 	  -52.18 	 
0.144999996	 -0.281 	  -50.78 	 
0.145199996	 -0.280 	  -49.43 	 
0.145399996	 -0.278 	  -48.18 	 
0.145599996	 -0.277 	  -47.00 	 
0.145799996	 -0.277 	  -45.88 	 
0.145999996	 -0.276 	  -44.80 	 
0.146199996	 -0.274 	  -43.80 	 
0.146399996	 -0.273 	  -42.74 	 
0.146599996	 -0.272 	  -41.76 	 
0.146799996	 -0.271 	  -40.77 	 
0.146999996	 -0.270 	  -39.97 	 
0.147199996	 -0.269 	  -39.30 	 
0.147399996	 -0.268 	  -38.78 	 
0.147599996	 -0.267 	  -38.38 	 
0.147799996	 -0.266 	  -38.13 	 
0.147999996	 -0.267 	  -37.96 	 
0.148199996	 -0.266 	  -37.81 	 
0.148399996	 -0.266 	  -37.71 	 
0.148599996	 -0.265 	  -37.70 	 
0.148799996	 -0.265 	  -37.79 	 
0.148999996	 -0.266 	  -38.03 	 
0.149199996	 -0.266 	  -38.35 	 
0.149399996	 -0.266 	  -38.76 	 
0.149599996	 -0.265 	  -39.29 	 
0.149799996	 -0.266 	  -39.90 	 
0.149999996	 -0.266 	  -40.53 	 
0.150199996	 -0.267 	  -41.27 	 
0.150399996	 -0.267 	  -42.04 	 
0.150599996	 -0.267 	  -42.87 	 
0.150799996	 -0.268 	  -43.75 	 
0.150999996	 -0.268 	  -44.74 	 
0.151199996	 -0.269 	  -45.80 	 
0.151399996	 -0.270 	  -46.93 	 
0.151599996	 -0.271 	  -48.11 	 
0.151799996	 -0.271 	  -49.40 	 
0.151999996	 -0.272 	  -50.74 	 
0.152199996	 -0.273 	  -52.15 	 
0.152399996	 -0.275 	  -53.64 	 
0.152599996	 -0.275 	  -55.13 	 
0.152799996	 -0.277 	  -56.64 	 
0.152999996	 -0.278 	  -58.14 	 
0.153199996	 -0.279 	  -59.64 	 
0.153399996	 -0.280 	  -61.18 	 
0.153599996	 -0.282 	  -62.72 	 
0.153799996	 -0.283 	  -64.28 	 
0.153999996	 -0.284 	  -65.82 	 
0.154199996	 -0.285 	  -67.35 	 
0.154399996	 -0.287 	  -68.83 	 
0.154599996	 -0.288 	  -70.29 	 
0.154799996	 -0.290 	  -71.67 	 
0.154999996	 -0.291 	  -73.02 	 
0.155199996	 -0.292 	  -74.32 	 
0.155399996	 -0.293 	  -75.53 	 
0.155599996	 -0.295 	  -76.71 	 
0.155799996	 -0.296 	  -77.82 	 
0.155999996	 -0.297 	  -78.87 	 
0.156199996	 -0.297 	  -79.89 	 
0.156399996	 -0.299 	  -80.83 	 
0.156599996	 -0.299 	  -81.70 	 
0.156799996	 -0.301 	  -82.52 	 
0.156999996	 -0.301 	  -83.23 	 
0.157199996	 -0.302 	  -83.84 	 
0.157399996	 -0.303 	  -84.34 	 
0.157599996	 -0.303 	  -84.72 	 
0.157799996	 -0.303 	  -85.05 	 
0.157999996	 -0.304 	  -85.28 	 
0.158199996	 -0.304 	  -85.46 	 
0.158399996	 -0.304 	  -85.53 	 
0.158599996	 -0.305 	  -85.50 	 
0.158799996	 -0.305 	  -85.39 	 
0.158999996	 -0.305 	  -85.19 	 
0.159199996	 -0.305 	  -84.91 	 
0.159399996	 -0.304 	  -84.56 	 
0.159599996	 -0.304 	  -84.15 	 
0.159799996	 -0.304 	  -83.65 	 
0.159999996	 -0.304 	  -83.08 	 
0.160199996	 -0.304 	  -82.39 	 
0.160399996	 -0.303 	  -81.66 	 
0.160599996	 -0.303 	  -80.81 	 
0.160799996	 -0.303 	  -79.92 	 
0.160999996	 -0.302 	  -78.96 	 
0.161199996	 -0.302 	  -77.98 	 
0.161399996	 -0.302 	  -76.98 	 
0.161599996	 -0.301 	  -75.86 	 
0.161799996	 -0.299 	  -74.59 	 
0.161999996	 -0.298 	  -73.13 	 
0.162199996	 -0.298 	  -71.58 	 
0.162399996	 -0.297 	  -69.95 	 
0.162599996	 -0.296 	  -68.39 	 
0.162799996	 -0.295 	  -66.87 	 
0.162999996	 -0.293 	  -65.40 	 
0.163199996	 -0.292 	  -64.02 	 
0.163399996	 -0.291 	  -62.67 	 
0.163599996	 -0.290 	  -61.22 	 
0.163799996	 -0.289 	  -59.78 	 
0.163999996	 -0.287 	  -58.30 	 
0.164199996	 -0.286 	  -56.72 	 
0.164399996	 -0.285 	  -55.10 	 
0.164599996	 -0.284 	  -53.51 	 
0.164799996	 -0.282 	  -52.01 	 
0.164999996	 -0.281 	  -50.59 	 
0.165199996	 -0.279 	  -49.32 	 
0.165399996	 -0.278 	  -48.08 	 
0.165599996	 -0.278 	  -46.93 	 
0.165799996	 -0.276 	  -45.84 	 
0.165999996	 -0.276 	  -44.79 	 
0.166199996	 -0.274 	  -43.77 	 
0.166399996	 -0.272 	  -42.73 	 
0.166599996	 -0.271 	  -41.74 	 
0.166799996	 -0.271 	  -40.75 	 
0.166999996	 -0.270 	  -39.91 	 
0.167199996	 -0.269 	  -39.21 	 
0.167399996	 -0.267 	  -38.65 	 
0.167599996	 -0.267 	  -38.21 	 
0.167799996	 -0.267 	  -37.94 	 
0.167999996	 -0.266 	  -37.76 	 
0.168199996	 -0.265 	  -37.66 	 
0.168399996	 -0.265 	  -37.65 	 
0.168599996	 -0.265 	  -37.75 	 
0.168799996	 -0.265 	  -37.92 	 
0.168999996	 -0.265 	  -38.16 	 
0.169199996	 -0.266 	  -38.43 	 
0.169399996	 -0.265 	  -38.82 	 
0.169599996	 -0.265 	  -39.28 	 
0.169799996	 -0.266 	  -39.81 	 
0.169999996	 -0.266 	  -40.43 	 
0.170199996	 -0.266 	  -41.13 	 
0.170399996	 -0.267 	  -41.93 	 
0.170599996	 -0.267 	  -42.85 	 
0.170799996	 -0.267 	  -43.80 	 
0.170999996	 -0.268 	  -44.81 	 
0.171199996	 -0.269 	  -45.86 	 
0.171399996	 -0.270 	  -46.95 	 
0.171599996	 -0.270 	  -48.13 	 
0.171799996	 -0.271 	  -49.36 	 
0.171999996	 -0.272 	  -50.68 	 
0.172199996	 -0.273 	  -52.06 	 
0.172399996	 -0.274 	  -53.52 	 
0.172599996	 -0.276 	  -55.03 	 
0.172799996	 -0.276 	  -56.54 	 
0.172999996	 -0.277 	  -58.06 	 
0.173199996	 -0.278 	  -59.60 	 
0.173399996	 -0.280 	  -61.18 	 
0.173599996	 -0.282 	  -62.75 	 
0.173799996	 -0.282 	  -64.31 	 
0.173999996	 -0.284 	  -65.82 	 
0.174199996	 -0.285 	  -67.31 	 
0.174399996	 -0.287 	  -68.76 	 
0.174599996	 -0.288 	  -70.16 	 
0.174799996	 -0.290 	  -71.56 	 
0.174999996	 -0.291 	  -72.94 	 
0.175199996	 -0.292 	  -74.26 	 
0.175399996	 -0.293 	  -75.55 	 
0.175599996	 -0.295 	  -76.76 	 
0.175799996	 -0.296 	  -77.88 	 
0.175999996	 -0.297 	  -78.95 	 
0.176199996	 -0.298 	  -79.96 	 
0.176399996	 -0.299 	  -80.85 	 
0.176599996	 -0.299 	  -81.67 	 
0.176799996	 -0.301 	  -82.44 	 
0.176999996	 -0.301 	  -83.11 	 
0.177199996	 -0.303 	  -83.71 	 
0.177399996	 -0.303 	  -84.27 	 
0.177599996	 -0.303 	  -84.73 	 
0.177799996	 -0.303 	  -85.09 	 
0.177999996	 -0.304 	  -85.35 	 
0.178199995	 -0.304 	  -85.48 	 
0.178399995	 -0.304 	  -85.49 	 
0.178599995	 -0.305 	  -85.44 	 
0.178799995	 -0.304 	  -85.28 	 
0.178999995	 -0.305 	  -85.08 	 
0.179199995	 -0.305 	  -84.82 	 
0.179399995	 -0.304 	  -84.53 	 
0.179599995	 -0.304 	  -84.14 	 
0.179799995	 -0.304 	  -83.66 	 
0.179999995	 -0.304 	  -83.11 	 
0.180199995	 -0.304 	  -82.43 	 
0.180399995	 -0.304 	  -81.67 	 
0.180599995	 -0.304 	  -80.80 	 
0.180799995	 -0.302 	  -79.88 	 
0.180999995	 -0.302 	  -78.91 	 
0.181199995	 -0.302 	  -77.91 	 
0.181399995	 -0.302 	  -76.93 	 
0.181599995	 -0.300 	  -75.80 	 
0.181799995	 -0.299 	  -74.51 	 
0.181999995	 -0.299 	  -73.06 	 
0.182199995	 -0.298 	  -71.52 	 
0.182399995	 -0.297 	  -69.96 	 
0.182599995	 -0.296 	  -68.36 	 
0.182799995	 -0.295 	  -66.85 	 
0.182999995	 -0.294 	  -65.43 	 
0.183199995	 -0.292 	  -64.08 	 
0.183399995	 -0.292 	  -62.75 	 
0.183599995	 -0.290 	  -61.31 	 
0.183799995	 -0.289 	  -59.86 	 
0.183999995	 -0.287 	  -58.29 	 
0.184199995	 -0.286 	  -56.70 	 
0.184399995	 -0.285 	  -55.12 	 
0.184599995	 -0.284 	  -53.55 	 
0.184799995	 -0.282 	  -52.06 	 
0.184999995	 -0.280 	  -50.66 	 
0.185199995	 -0.279 	  -49.34 	 
0.185399995	 -0.278 	  -48.12 	 
0.185599995	 -0.278 	  -46.98 	 
0.185799995	 -0.276 	  -45.87 	 
0.185999995	 -0.275 	  -44.78 	 
0.186199995	 -0.273 	  -43.75 	 
0.186399995	 -0.273 	  -42.70 	 
0.186599995	 -0.272 	  -41.71 	 
0.186799995	 -0.271 	  -40.77 	 
0.186999995	 -0.270 	  -39.96 	 
0.187199995	 -0.269 	  -39.25 	 
0.187399995	 -0.268 	  -38.73 	 
0.187599995	 -0.267 	  -38.34 	 
0.187799995	 -0.266 	  -38.11 	 
0.187999995	 -0.267 	  -37.92 	 
0.188199995	 -0.266 	  -37.78 	 
0.188399995	 -0.266 	  -37.66 	 
0.188599995	 -0.265 	  -37.65 	 
0.188799995	 -0.266 	  -37.73 	 
0.188999995	 -0.265 	  -37.95 	 
0.189199995	 -0.265 	  -38.26 	 
0.189399995	 -0.265 	  -38.67 	 
0.189599995	 -0.265 	  -39.22 	 
0.189799995	 -0.266 	  -39.82 	 
0.189999995	 -0.266 	  -40.47 	 
0.190199995	 -0.266 	  -41.19 	 
0.190399995	 -0.267 	  -41.99 	 
0.190599995	 -0.267 	  -42.85 	 
0.190799995	 -0.268 	  -43.75 	 
0.190999995	 -0.268 	  -44.74 	 
0.191199995	 -0.269 	  -45.80 	 
0.191399995	 -0.270 	  -46.95 	 
0.191599995	 -0.270 	  -48.15 	 
0.191799995	 -0.271 	  -49.42 	 
0.191999995	 -0.272 	  -50.74 	 
0.192199995	 -0.274 	  -52.14 	 
0.192399995	 -0.275 	  -53.57 	 
0.192599995	 -0.275 	  -55.06 	 
0.192799995	 -0.276 	  -56.55 	 
0.192999995	 -0.278 	  -58.04 	 
0.193199995	 -0.279 	  -59.56 	 
0.193399995	 -0.280 	  -61.13 	 
0.193599995	 -0.281 	  -62.72 	 
0.193799995	 -0.283 	  -64.29 	 
0.193999995	 -0.284 	  -65.83 	 
0.194199995	 -0.285 	  -67.36 	 
0.194399995	 -0.287 	  -68.80 	 
0.194599995	 -0.289 	  -70.23 	 
0.194799995	 -0.289 	  -71.61 	 
0.194999995	 -0.290 	  -72.97 	 
0.195199995	 -0.292 	  -74.26 	 
0.195399995	 -0.293 	  -75.52 	 
0.195599995	 -0.294 	  -76.69 	 
0.195799995	 -0.296 	  -77.82 	 
0.195999995	 -0.297 	  -78.89 	 
0.196199995	 -0.298 	  -79.90 	 
0.196399995	 -0.299 	  -80.85 	 
0.196599995	 -0.300 	  -81.71 	 
0.196799995	 -0.301 	  -82.52 	 
0.196999995	 -0.301 	  -83.20 	 
0.197199995	 -0.302 	  -83.78 	 
0.197399995	 -0.302 	  -84.29 	 
0.197599995	 -0.303 	  -84.71 	 
0.197799995	 -0.304 	  -85.05 	 
0.197999995	 -0.304 	  -85.29 	 
0.198199995	 -0.304 	  -85.47 	 
0.198399995	 -0.304 	  -85.56 	 
0.198599995	 -0.305 	  -85.52 	 
0.198799995	 -0.305 	  -85.37 	 
0.198999995	 -0.305 	  -85.14 	 
0.199199995	 -0.305 	  -84.89 	 
0.199399995	 -0.304 	  -84.54 	 
0.199599995	 -0.304 	  -84.14 	 
0.199799995	 -0.304 	  -83.67 	 
0.199999995	 -0.304 	  -83.12 	 
0.200199995	 -0.304 	  -82.44 	 
0.200399995	 -0.304 	  -81.67 	 
0.200599995	 -0.303 	  -80.82 	 
0.200799995	 -0.303 	  -79.90 	 
0.200999995	 -0.302 	  -78.94 	 
0.201199995	 -0.301 	  -77.96 	 
0.201399995	 -0.302 	  -76.98 	 
0.201599995	 -0.300 	  -75.85 	 
0.201799995	 -0.300 	  -74.57 	 
0.201999995	 -0.299 	  -73.13 	 
0.202199995	 -0.298 	  -71.61 	 
0.202399995	 -0.297 	  -70.04 	 
0.202599995	 -0.296 	  -68.45 	 
0.202799995	 -0.294 	  -66.91 	 
0.202999995	 -0.294 	  -65.45 	 
0.203199995	 -0.292 	  -64.00 	 
0.203399995	 -0.292 	  -62.62 	 
0.203599995	 -0.290 	  -61.22 	 
0.203799995	 -0.289 	  -59.82 	 
0.203999995	 -0.288 	  -58.28 	 
0.204199995	 -0.286 	  -56.73 	 
0.204399995	 -0.285 	  -55.16 	 
0.204599995	 -0.284 	  -53.64 	 
