0.000000000	 -0.113 	  -83.19 	 
0.000200000	 -0.113 	  -82.59 	 
0.000400000	 -0.112 	  -81.84 	 
0.000600000	 -0.112 	  -81.03 	 
0.000800000	 -0.110 	  -80.11 	 
0.001000000	 -0.110 	  -79.12 	 
0.001200000	 -0.110 	  -78.07 	 
0.001400000	 -0.109 	  -77.03 	 
0.001600000	 -0.108 	  -75.90 	 
0.001800000	 -0.107 	  -74.59 	 
0.002000000	 -0.107 	  -73.20 	 
0.002200000	 -0.105 	  -71.78 	 
0.002400000	 -0.104 	  -70.27 	 
0.002600000	 -0.103 	  -68.74 	 
0.002800000	 -0.102 	  -67.22 	 
0.003000000	 -0.101 	  -65.72 	 
0.003200000	 -0.099 	  -64.31 	 
0.003400000	 -0.097 	  -62.87 	 
0.003600000	 -0.097 	  -61.45 	 
0.003800000	 -0.096 	  -59.93 	 
0.004000000	 -0.094 	  -58.42 	 
0.004200000	 -0.093 	  -56.94 	 
0.004400000	 -0.092 	  -55.46 	 
0.004600000	 -0.090 	  -54.01 	 
0.004800000	 -0.088 	  -52.55 	 
0.005000000	 -0.087 	  -51.15 	 
0.005200000	 -0.085 	  -49.80 	 
0.005400000	 -0.083 	  -48.51 	 
0.005600000	 -0.082 	  -47.25 	 
0.005800000	 -0.080 	  -46.03 	 
0.006000000	 -0.079 	  -44.91 	 
0.006200000	 -0.077 	  -43.86 	 
0.006400000	 -0.076 	  -42.79 	 
0.006600000	 -0.075 	  -41.84 	 
0.006800000	 -0.073 	  -40.92 	 
0.007000000	 -0.072 	  -40.16 	 
0.007200000	 -0.071 	  -39.48 	 
0.007400000	 -0.071 	  -38.93 	 
0.007600000	 -0.069 	  -38.51 	 
0.007800000	 -0.069 	  -38.23 	 
0.008000000	 -0.068 	  -38.01 	 
0.008200000	 -0.067 	  -37.83 	 
0.008400000	 -0.067 	  -37.70 	 
0.008600000	 -0.067 	  -37.69 	 
0.008800000	 -0.067 	  -37.81 	 
0.009000000	 -0.066 	  -38.08 	 
0.009200000	 -0.066 	  -38.43 	 
0.009400000	 -0.066 	  -38.87 	 
0.009600000	 -0.066 	  -39.39 	 
0.009800000	 -0.067 	  -39.97 	 
0.010000000	 -0.068 	  -40.60 	 
0.010200000	 -0.068 	  -41.28 	 
0.010400000	 -0.068 	  -42.03 	 
0.010600000	 -0.069 	  -42.86 	 
0.010800000	 -0.069 	  -43.80 	 
0.011000000	 -0.071 	  -44.78 	 
0.011200000	 -0.070 	  -45.85 	 
0.011400000	 -0.071 	  -46.95 	 
0.011600000	 -0.072 	  -48.10 	 
0.011800000	 -0.073 	  -49.34 	 
0.012000000	 -0.075 	  -50.70 	 
0.012200000	 -0.076 	  -52.13 	 
0.012400000	 -0.076 	  -53.61 	 
0.012600000	 -0.078 	  -55.15 	 
0.012800000	 -0.079 	  -56.68 	 
0.013000000	 -0.081 	  -58.22 	 
0.013200000	 -0.083 	  -59.75 	 
0.013400000	 -0.084 	  -61.28 	 
0.013600000	 -0.086 	  -62.77 	 
0.013800000	 -0.087 	  -64.27 	 
0.014000000	 -0.088 	  -65.79 	 
0.014200000	 -0.090 	  -67.29 	 
0.014400000	 -0.092 	  -68.76 	 
0.014600000	 -0.094 	  -70.18 	 
0.014800000	 -0.095 	  -71.58 	 
0.015000000	 -0.097 	  -72.94 	 
0.015200000	 -0.098 	  -74.24 	 
0.015400000	 -0.099 	  -75.50 	 
0.015600000	 -0.101 	  -76.73 	 
0.015800000	 -0.102 	  -77.89 	 
0.016000000	 -0.104 	  -78.92 	 
0.016200000	 -0.104 	  -79.90 	 
0.016400000	 -0.106 	  -80.81 	 
0.016600000	 -0.107 	  -81.65 	 
0.016800000	 -0.107 	  -82.41 	 
0.017000000	 -0.109 	  -83.12 	 
0.017200000	 -0.109 	  -83.75 	 
0.017400000	 -0.109 	  -84.30 	 
0.017600000	 -0.110 	  -84.74 	 
0.017800000	 -0.111 	  -85.08 	 
0.018000000	 -0.112 	  -85.33 	 
0.018200000	 -0.113 	  -85.48 	 
0.018400000	 -0.113 	  -85.54 	 
0.018600000	 -0.113 	  -85.55 	 
0.018800000	 -0.113 	  -85.44 	 
0.019000000	 -0.113 	  -85.28 	 
0.019200000	 -0.113 	  -85.02 	 
0.019400000	 -0.113 	  -84.69 	 
0.019600000	 -0.113 	  -84.28 	 
0.019799999	 -0.113 	  -83.78 	 
0.019999999	 -0.112 	  -83.21 	 
0.020199999	 -0.112 	  -82.57 	 
0.020399999	 -0.112 	  -81.86 	 
0.020599999	 -0.112 	  -81.04 	 
0.020799999	 -0.111 	  -80.15 	 
0.020999999	 -0.111 	  -79.13 	 
0.021199999	 -0.110 	  -78.09 	 
0.021399999	 -0.109 	  -77.07 	 
0.021599999	 -0.108 	  -75.89 	 
0.021799999	 -0.107 	  -74.53 	 
0.021999999	 -0.107 	  -73.16 	 
0.022199999	 -0.106 	  -71.74 	 
0.022399999	 -0.104 	  -70.26 	 
0.022599999	 -0.103 	  -68.76 	 
0.022799999	 -0.103 	  -67.22 	 
0.022999999	 -0.101 	  -65.72 	 
0.023199999	 -0.099 	  -64.26 	 
0.023399999	 -0.097 	  -62.86 	 
0.023599999	 -0.097 	  -61.35 	 
0.023799999	 -0.096 	  -59.90 	 
0.023999999	 -0.094 	  -58.46 	 
0.024199999	 -0.093 	  -57.04 	 
0.024399999	 -0.091 	  -55.61 	 
0.024599999	 -0.090 	  -54.14 	 
0.024799999	 -0.088 	  -52.68 	 
0.024999999	 -0.087 	  -51.19 	 
0.025199999	 -0.085 	  -49.81 	 
0.025399999	 -0.083 	  -48.47 	 
0.025599999	 -0.082 	  -47.15 	 
0.025799999	 -0.080 	  -45.95 	 
0.025999999	 -0.079 	  -44.85 	 
0.026199999	 -0.077 	  -43.86 	 
0.026399999	 -0.076 	  -42.83 	 
0.026599999	 -0.075 	  -41.89 	 
0.026799999	 -0.073 	  -40.96 	 
0.026999999	 -0.072 	  -40.16 	 
0.027199999	 -0.071 	  -39.50 	 
0.027399999	 -0.070 	  -38.94 	 
0.027599999	 -0.070 	  -38.51 	 
0.027799999	 -0.069 	  -38.22 	 
0.027999999	 -0.067 	  -38.01 	 
0.028199999	 -0.067 	  -37.86 	 
0.028399999	 -0.067 	  -37.74 	 
0.028599999	 -0.067 	  -37.73 	 
0.028799999	 -0.066 	  -37.83 	 
0.028999999	 -0.067 	  -38.08 	 
0.029199999	 -0.066 	  -38.39 	 
0.029399999	 -0.066 	  -38.80 	 
0.029599999	 -0.066 	  -39.31 	 
0.029799999	 -0.066 	  -39.89 	 
0.029999999	 -0.067 	  -40.55 	 
0.030199999	 -0.069 	  -41.28 	 
0.030399999	 -0.069 	  -42.10 	 
0.030599999	 -0.069 	  -42.94 	 
0.030799999	 -0.070 	  -43.87 	 
0.030999999	 -0.069 	  -44.85 	 
0.031199999	 -0.071 	  -45.86 	 
0.031399999	 -0.072 	  -46.97 	 
0.031599999	 -0.072 	  -48.16 	 
0.031799999	 -0.073 	  -49.39 	 
0.031999999	 -0.074 	  -50.74 	 
0.032199999	 -0.075 	  -52.19 	 
0.032399999	 -0.077 	  -53.65 	 
0.032599999	 -0.078 	  -55.15 	 
0.032799999	 -0.079 	  -56.64 	 
0.032999999	 -0.081 	  -58.13 	 
0.033199999	 -0.083 	  -59.64 	 
0.033399999	 -0.085 	  -61.17 	 
0.033599999	 -0.086 	  -62.71 	 
0.033799999	 -0.087 	  -64.24 	 
0.033999999	 -0.088 	  -65.78 	 
0.034199999	 -0.090 	  -67.29 	 
0.034399999	 -0.092 	  -68.76 	 
0.034599999	 -0.094 	  -70.20 	 
0.034799999	 -0.095 	  -71.62 	 
0.034999999	 -0.097 	  -72.96 	 
0.035199999	 -0.098 	  -74.26 	 
0.035399999	 -0.099 	  -75.49 	 
0.035599999	 -0.101 	  -76.70 	 
0.035799999	 -0.102 	  -77.83 	 
0.035999999	 -0.104 	  -78.88 	 
0.036199999	 -0.105 	  -79.87 	 
0.036399999	 -0.106 	  -80.83 	 
0.036599999	 -0.107 	  -81.65 	 
0.036799999	 -0.108 	  -82.44 	 
0.036999999	 -0.109 	  -83.16 	 
0.037199999	 -0.110 	  -83.76 	 
0.037399999	 -0.110 	  -84.27 	 
0.037599999	 -0.111 	  -84.69 	 
0.037799999	 -0.111 	  -85.01 	 
0.037999999	 -0.112 	  -85.24 	 
0.038199999	 -0.112 	  -85.41 	 
0.038399999	 -0.112 	  -85.49 	 
0.038599999	 -0.113 	  -85.52 	 
0.038799999	 -0.113 	  -85.44 	 
0.038999999	 -0.113 	  -85.28 	 
0.039199999	 -0.113 	  -85.03 	 
0.039399999	 -0.113 	  -84.69 	 
0.039599999	 -0.113 	  -84.29 	 
0.039799999	 -0.113 	  -83.78 	 
0.039999999	 -0.113 	  -83.18 	 
0.040199999	 -0.112 	  -82.51 	 
0.040399999	 -0.112 	  -81.78 	 
0.040599999	 -0.111 	  -80.94 	 
0.040799999	 -0.110 	  -80.05 	 
0.040999999	 -0.110 	  -79.09 	 
0.041199999	 -0.110 	  -78.09 	 
0.041399999	 -0.109 	  -77.09 	 
0.041599999	 -0.108 	  -76.00 	 
0.041799999	 -0.107 	  -74.63 	 
0.041999999	 -0.106 	  -73.18 	 
0.042199999	 -0.105 	  -71.65 	 
0.042399999	 -0.105 	  -70.14 	 
0.042599999	 -0.104 	  -68.63 	 
0.042799999	 -0.102 	  -67.13 	 
0.042999999	 -0.101 	  -65.68 	 
0.043199999	 -0.099 	  -64.27 	 
0.043399999	 -0.099 	  -62.92 	 
0.043599999	 -0.097 	  -61.44 	 
0.043799999	 -0.096 	  -60.01 	 
0.043999999	 -0.094 	  -58.57 	 
0.044199999	 -0.093 	  -57.07 	 
0.044399999	 -0.091 	  -55.56 	 
0.044599999	 -0.089 	  -54.03 	 
0.044799999	 -0.088 	  -52.54 	 
0.044999999	 -0.087 	  -51.13 	 
0.045199999	 -0.085 	  -49.75 	 
0.045399999	 -0.083 	  -48.43 	 
0.045599999	 -0.082 	  -47.17 	 
0.045799999	 -0.081 	  -46.02 	 
0.045999999	 -0.080 	  -44.91 	 
0.046199999	 -0.078 	  -43.95 	 
0.046399999	 -0.076 	  -42.88 	 
0.046599999	 -0.075 	  -41.89 	 
0.046799999	 -0.073 	  -40.96 	 
0.046999999	 -0.072 	  -40.14 	 
0.047199999	 -0.072 	  -39.48 	 
0.047399999	 -0.070 	  -38.87 	 
0.047599999	 -0.069 	  -38.42 	 
0.047799999	 -0.069 	  -38.12 	 
0.047999999	 -0.068 	  -37.91 	 
0.048199999	 -0.068 	  -37.76 	 
0.048399999	 -0.066 	  -37.72 	 
0.048599999	 -0.067 	  -37.75 	 
0.048799999	 -0.066 	  -37.91 	 
0.048999999	 -0.066 	  -38.19 	 
0.049199999	 -0.066 	  -38.54 	 
0.049399999	 -0.066 	  -38.95 	 
0.049599999	 -0.066 	  -39.41 	 
0.049799999	 -0.066 	  -39.94 	 
0.049999999	 -0.067 	  -40.54 	 
0.050199999	 -0.068 	  -41.23 	 
0.050399999	 -0.068 	  -42.01 	 
0.050599999	 -0.069 	  -42.89 	 
0.050799999	 -0.069 	  -43.87 	 
0.050999999	 -0.070 	  -44.89 	 
0.051199999	 -0.071 	  -45.92 	 
0.051399999	 -0.072 	  -46.97 	 
0.051599999	 -0.073 	  -48.11 	 
0.051799999	 -0.073 	  -49.35 	 
0.051999999	 -0.075 	  -50.66 	 
0.052199999	 -0.075 	  -52.05 	 
0.052399999	 -0.077 	  -53.51 	 
0.052599999	 -0.078 	  -55.05 	 
0.052799999	 -0.079 	  -56.59 	 
0.052999999	 -0.081 	  -58.17 	 
0.053199999	 -0.082 	  -59.72 	 
0.053399999	 -0.084 	  -61.25 	 
0.053599999	 -0.086 	  -62.79 	 
0.053799999	 -0.087 	  -64.29 	 
0.053999999	 -0.089 	  -65.76 	 
0.054199999	 -0.090 	  -67.21 	 
0.054399999	 -0.092 	  -68.69 	 
0.054599999	 -0.093 	  -70.12 	 
0.054799999	 -0.095 	  -71.53 	 
0.054999999	 -0.097 	  -72.92 	 
0.055199999	 -0.098 	  -74.23 	 
0.055399999	 -0.099 	  -75.57 	 
0.055599999	 -0.101 	  -76.79 	 
0.055799999	 -0.102 	  -77.87 	 
0.055999999	 -0.104 	  -78.89 	 
0.056199999	 -0.104 	  -79.86 	 
0.056399999	 -0.106 	  -80.77 	 
0.056599999	 -0.107 	  -81.57 	 
0.056799999	 -0.107 	  -82.37 	 
0.056999999	 -0.109 	  -83.07 	 
0.057199999	 -0.109 	  -83.72 	 
0.057399999	 -0.110 	  -84.26 	 
0.057599999	 -0.110 	  -84.71 	 
0.057799999	 -0.111 	  -85.00 	 
0.057999999	 -0.112 	  -85.27 	 
0.058199999	 -0.113 	  -85.44 	 
0.058399999	 -0.113 	  -85.50 	 
0.058599999	 -0.113 	  -85.47 	 
0.058799999	 -0.113 	  -85.39 	 
0.058999999	 -0.113 	  -85.23 	 
0.059199999	 -0.113 	  -84.97 	 
0.059399998	 -0.113 	  -84.63 	 
0.059599998	 -0.113 	  -84.27 	 
0.059799998	 -0.112 	  -83.78 	 
0.059999998	 -0.112 	  -83.22 	 
0.060199998	 -0.112 	  -82.59 	 
0.060399998	 -0.112 	  -81.84 	 
0.060599998	 -0.111 	  -81.01 	 
0.060799998	 -0.111 	  -80.06 	 
0.060999998	 -0.110 	  -79.06 	 
0.061199998	 -0.109 	  -78.05 	 
0.061399998	 -0.109 	  -77.02 	 
0.061599998	 -0.109 	  -75.89 	 
0.061799998	 -0.107 	  -74.57 	 
0.061999998	 -0.107 	  -73.18 	 
0.062199998	 -0.106 	  -71.69 	 
0.062399998	 -0.104 	  -70.20 	 
0.062599998	 -0.103 	  -68.63 	 
0.062799998	 -0.101 	  -67.11 	 
0.062999998	 -0.101 	  -65.62 	 
0.063199998	 -0.099 	  -64.19 	 
0.063399998	 -0.099 	  -62.81 	 
0.063599998	 -0.097 	  -61.35 	 
0.063799998	 -0.095 	  -59.95 	 
0.063999998	 -0.094 	  -58.55 	 
0.064199998	 -0.093 	  -57.09 	 
0.064399998	 -0.092 	  -55.64 	 
0.064599998	 -0.090 	  -54.12 	 
0.064799998	 -0.088 	  -52.63 	 
0.064999998	 -0.087 	  -51.16 	 
0.065199998	 -0.085 	  -49.76 	 
0.065399998	 -0.084 	  -48.39 	 
0.065599998	 -0.081 	  -47.16 	 
0.065799998	 -0.081 	  -45.97 	 
0.065999998	 -0.079 	  -44.86 	 
0.066199998	 -0.077 	  -43.85 	 
0.066399998	 -0.076 	  -42.90 	 
0.066599998	 -0.075 	  -41.92 	 
0.066799998	 -0.074 	  -41.03 	 
0.066999998	 -0.072 	  -40.22 	 
0.067199998	 -0.071 	  -39.50 	 
0.067399998	 -0.070 	  -38.91 	 
0.067599998	 -0.070 	  -38.45 	 
0.067799998	 -0.069 	  -38.10 	 
0.067999998	 -0.067 	  -37.84 	 
0.068199998	 -0.067 	  -37.70 	 
0.068399998	 -0.067 	  -37.64 	 
0.068599998	 -0.067 	  -37.70 	 
0.068799998	 -0.066 	  -37.85 	 
0.068999998	 -0.066 	  -38.13 	 
0.069199998	 -0.066 	  -38.50 	 
0.069399998	 -0.067 	  -38.92 	 
0.069599998	 -0.067 	  -39.39 	 
0.069799998	 -0.067 	  -39.94 	 
0.069999998	 -0.066 	  -40.52 	 
0.070199998	 -0.068 	  -41.20 	 
0.070399998	 -0.069 	  -42.00 	 
0.070599998	 -0.069 	  -42.90 	 
0.070799998	 -0.069 	  -43.87 	 
0.070999998	 -0.070 	  -44.89 	 
0.071199998	 -0.071 	  -45.93 	 
0.071399998	 -0.071 	  -47.04 	 
0.071599998	 -0.073 	  -48.22 	 
0.071799998	 -0.074 	  -49.44 	 
0.071999998	 -0.074 	  -50.74 	 
0.072199998	 -0.076 	  -52.11 	 
0.072399998	 -0.077 	  -53.55 	 
0.072599998	 -0.078 	  -55.03 	 
0.072799998	 -0.079 	  -56.56 	 
0.072999998	 -0.081 	  -58.09 	 
0.073199998	 -0.083 	  -59.64 	 
0.073399998	 -0.085 	  -61.18 	 
0.073599998	 -0.085 	  -62.73 	 
0.073799998	 -0.087 	  -64.27 	 
0.073999998	 -0.089 	  -65.78 	 
0.074199998	 -0.091 	  -67.31 	 
0.074399998	 -0.092 	  -68.78 	 
0.074599998	 -0.093 	  -70.20 	 
0.074799998	 -0.094 	  -71.58 	 
0.074999998	 -0.097 	  -72.92 	 
0.075199998	 -0.097 	  -74.23 	 
0.075399998	 -0.099 	  -75.50 	 
0.075599998	 -0.101 	  -76.71 	 
0.075799998	 -0.102 	  -77.84 	 
0.075999998	 -0.104 	  -78.90 	 
0.076199998	 -0.106 	  -79.90 	 
0.076399998	 -0.106 	  -80.81 	 
0.076599998	 -0.107 	  -81.62 	 
0.076799998	 -0.108 	  -82.37 	 
0.076999998	 -0.109 	  -83.05 	 
0.077199998	 -0.109 	  -83.67 	 
0.077399998	 -0.111 	  -84.22 	 
0.077599998	 -0.111 	  -84.69 	 
0.077799998	 -0.111 	  -85.04 	 
0.077999998	 -0.112 	  -85.32 	 
0.078199998	 -0.113 	  -85.50 	 
0.078399998	 -0.112 	  -85.58 	 
0.078599998	 -0.113 	  -85.58 	 
0.078799998	 -0.113 	  -85.46 	 
0.078999998	 -0.113 	  -85.27 	 
0.079199998	 -0.113 	  -84.97 	 
0.079399998	 -0.113 	  -84.61 	 
0.079599998	 -0.113 	  -84.22 	 
0.079799998	 -0.112 	  -83.73 	 
0.079999998	 -0.112 	  -83.17 	 
0.080199998	 -0.112 	  -82.54 	 
0.080399998	 -0.112 	  -81.82 	 
0.080599998	 -0.112 	  -81.01 	 
0.080799998	 -0.110 	  -80.06 	 
0.080999998	 -0.110 	  -79.06 	 
0.081199998	 -0.110 	  -78.04 	 
0.081399998	 -0.109 	  -77.02 	 
0.081599998	 -0.108 	  -75.89 	 
0.081799998	 -0.108 	  -74.60 	 
0.081999998	 -0.107 	  -73.20 	 
0.082199998	 -0.106 	  -71.71 	 
0.082399998	 -0.104 	  -70.18 	 
0.082599998	 -0.103 	  -68.67 	 
0.082799998	 -0.102 	  -67.12 	 
0.082999998	 -0.102 	  -65.64 	 
0.083199998	 -0.099 	  -64.19 	 
0.083399998	 -0.098 	  -62.81 	 
0.083599998	 -0.097 	  -61.39 	 
0.083799998	 -0.096 	  -59.99 	 
0.083999998	 -0.094 	  -58.45 	 
0.084199998	 -0.093 	  -56.92 	 
0.084399998	 -0.091 	  -55.43 	 
0.084599998	 -0.089 	  -53.97 	 
0.084799998	 -0.088 	  -52.50 	 
0.084999998	 -0.087 	  -51.08 	 
0.085199998	 -0.085 	  -49.72 	 
0.085399998	 -0.084 	  -48.46 	 
0.085599998	 -0.083 	  -47.22 	 
0.085799998	 -0.080 	  -46.06 	 
0.085999998	 -0.079 	  -44.94 	 
0.086199998	 -0.078 	  -43.93 	 
0.086399998	 -0.077 	  -42.86 	 
0.086599998	 -0.075 	  -41.89 	 
0.086799998	 -0.074 	  -40.98 	 
0.086999998	 -0.073 	  -40.19 	 
0.087199998	 -0.071 	  -39.50 	 
0.087399998	 -0.070 	  -38.90 	 
0.087599998	 -0.069 	  -38.46 	 
0.087799998	 -0.069 	  -38.14 	 
0.087999998	 -0.069 	  -37.92 	 
0.088199998	 -0.068 	  -37.75 	 
0.088399998	 -0.067 	  -37.65 	 
0.088599998	 -0.066 	  -37.69 	 
0.088799998	 -0.066 	  -37.81 	 
0.088999998	 -0.066 	  -38.12 	 
0.089199998	 -0.067 	  -38.47 	 
0.089399998	 -0.066 	  -38.92 	 
0.089599998	 -0.066 	  -39.42 	 
0.089799998	 -0.067 	  -39.96 	 
0.089999998	 -0.067 	  -40.57 	 
0.090199998	 -0.068 	  -41.27 	 
0.090399998	 -0.067 	  -42.01 	 
0.090599998	 -0.068 	  -42.85 	 
0.090799998	 -0.069 	  -43.80 	 
0.090999998	 -0.070 	  -44.80 	 
0.091199998	 -0.071 	  -45.87 	 
0.091399998	 -0.072 	  -46.99 	 
0.091599998	 -0.072 	  -48.14 	 
0.091799998	 -0.074 	  -49.40 	 
0.091999998	 -0.074 	  -50.70 	 
0.092199998	 -0.076 	  -52.12 	 
0.092399998	 -0.077 	  -53.58 	 
0.092599998	 -0.078 	  -55.10 	 
0.092799998	 -0.080 	  -56.63 	 
0.092999998	 -0.081 	  -58.15 	 
0.093199998	 -0.083 	  -59.68 	 
0.093399998	 -0.084 	  -61.23 	 
0.093599998	 -0.085 	  -62.75 	 
0.093799998	 -0.087 	  -64.26 	 
0.093999998	 -0.089 	  -65.76 	 
0.094199998	 -0.090 	  -67.24 	 
0.094399998	 -0.092 	  -68.71 	 
0.094599998	 -0.093 	  -70.15 	 
0.094799998	 -0.095 	  -71.55 	 
0.094999998	 -0.097 	  -72.87 	 
0.095199998	 -0.098 	  -74.19 	 
0.095399998	 -0.100 	  -75.45 	 
0.095599998	 -0.101 	  -76.67 	 
0.095799998	 -0.102 	  -77.83 	 
0.095999998	 -0.103 	  -78.88 	 
0.096199998	 -0.105 	  -79.87 	 
0.096399998	 -0.106 	  -80.80 	 
0.096599998	 -0.107 	  -81.64 	 
0.096799998	 -0.108 	  -82.40 	 
0.096999998	 -0.108 	  -83.09 	 
0.097199998	 -0.109 	  -83.70 	 
0.097399998	 -0.110 	  -84.25 	 
0.097599998	 -0.111 	  -84.67 	 
0.097799998	 -0.112 	  -85.02 	 
0.097999998	 -0.112 	  -85.28 	 
0.098199998	 -0.112 	  -85.46 	 
0.098399998	 -0.113 	  -85.54 	 
0.098599998	 -0.112 	  -85.53 	 
0.098799998	 -0.113 	  -85.44 	 
0.098999997	 -0.113 	  -85.25 	 
0.099199997	 -0.113 	  -84.98 	 
0.099399997	 -0.113 	  -84.62 	 
0.099599997	 -0.113 	  -84.21 	 
0.099799997	 -0.113 	  -83.73 	 
0.099999997	 -0.112 	  -83.17 	 
0.100199997	 -0.112 	  -82.54 	 
0.100399997	 -0.112 	  -81.80 	 
0.100599997	 -0.112 	  -80.99 	 
0.100799997	 -0.111 	  -80.09 	 
0.100999997	 -0.110 	  -79.15 	 
0.101199997	 -0.110 	  -78.11 	 
0.101399997	 -0.110 	  -77.04 	 
0.101599997	 -0.108 	  -75.83 	 
0.101799997	 -0.108 	  -74.57 	 
0.101999997	 -0.107 	  -73.18 	 
0.102199997	 -0.105 	  -71.70 	 
0.102399997	 -0.105 	  -70.20 	 
0.102599997	 -0.103 	  -68.73 	 
0.102799997	 -0.102 	  -67.28 	 
0.102999997	 -0.101 	  -65.80 	 
0.103199997	 -0.100 	  -64.36 	 
0.103399997	 -0.098 	  -62.86 	 
0.103599997	 -0.097 	  -61.42 	 
0.103799997	 -0.095 	  -59.89 	 
0.103999997	 -0.094 	  -58.35 	 
0.104199997	 -0.093 	  -56.88 	 
0.104399997	 -0.091 	  -55.40 	 
0.104599997	 -0.090 	  -53.98 	 
0.104799997	 -0.087 	  -52.52 	 
0.104999997	 -0.087 	  -51.14 	 
0.105199997	 -0.085 	  -49.78 	 
0.105399997	 -0.083 	  -48.47 	 
0.105599997	 -0.082 	  -47.21 	 
0.105799997	 -0.080 	  -45.97 	 
0.105999997	 -0.079 	  -44.90 	 
0.106199997	 -0.077 	  -43.86 	 
0.106399997	 -0.076 	  -42.83 	 
0.106599997	 -0.075 	  -41.82 	 
0.106799997	 -0.074 	  -40.96 	 
0.106999997	 -0.072 	  -40.18 	 
0.107199997	 -0.071 	  -39.55 	 
0.107399997	 -0.070 	  -38.95 	 
0.107599997	 -0.070 	  -38.44 	 
0.107799997	 -0.068 	  -38.12 	 
0.107999997	 -0.068 	  -37.86 	 
0.108199997	 -0.067 	  -37.70 	 
0.108399997	 -0.067 	  -37.62 	 
0.108599997	 -0.067 	  -37.67 	 
0.108799997	 -0.066 	  -37.86 	 
0.108999997	 -0.066 	  -38.14 	 
0.109199997	 -0.066 	  -38.50 	 
0.109399997	 -0.066 	  -38.93 	 
0.109599997	 -0.066 	  -39.41 	 
0.109799997	 -0.067 	  -39.96 	 
0.109999997	 -0.067 	  -40.57 	 
0.110199997	 -0.067 	  -41.23 	 
0.110399997	 -0.069 	  -42.00 	 
0.110599997	 -0.069 	  -42.89 	 
0.110799997	 -0.070 	  -43.83 	 
0.110999997	 -0.070 	  -44.83 	 
0.111199997	 -0.071 	  -45.88 	 
0.111399997	 -0.071 	  -47.00 	 
0.111599997	 -0.072 	  -48.18 	 
0.111799997	 -0.074 	  -49.44 	 
0.111999997	 -0.075 	  -50.76 	 
0.112199997	 -0.076 	  -52.13 	 
0.112399997	 -0.077 	  -53.59 	 
0.112599997	 -0.078 	  -55.06 	 
0.112799997	 -0.080 	  -56.56 	 
0.112999997	 -0.081 	  -58.07 	 
0.113199997	 -0.082 	  -59.59 	 
0.113399997	 -0.084 	  -61.11 	 
0.113599997	 -0.085 	  -62.66 	 
0.113799997	 -0.087 	  -64.20 	 
0.113999997	 -0.088 	  -65.73 	 
0.114199997	 -0.090 	  -67.27 	 
0.114399997	 -0.092 	  -68.74 	 
0.114599997	 -0.093 	  -70.22 	 
0.114799997	 -0.095 	  -71.58 	 
0.114999997	 -0.096 	  -72.94 	 
0.115199997	 -0.098 	  -74.24 	 
0.115399997	 -0.100 	  -75.49 	 
0.115599997	 -0.101 	  -76.67 	 
0.115799997	 -0.102 	  -77.81 	 
0.115999997	 -0.104 	  -78.86 	 
0.116199997	 -0.105 	  -79.86 	 
0.116399997	 -0.106 	  -80.80 	 
0.116599997	 -0.108 	  -81.62 	 
0.116799997	 -0.108 	  -82.36 	 
0.116999997	 -0.108 	  -83.03 	 
0.117199997	 -0.110 	  -83.64 	 
0.117399997	 -0.110 	  -84.19 	 
0.117599997	 -0.111 	  -84.65 	 
0.117799997	 -0.111 	  -85.00 	 
0.117999997	 -0.111 	  -85.28 	 
0.118199997	 -0.112 	  -85.45 	 
0.118399997	 -0.113 	  -85.57 	 
0.118599997	 -0.113 	  -85.55 	 
0.118799997	 -0.113 	  -85.46 	 
0.118999997	 -0.113 	  -85.27 	 
0.119199997	 -0.113 	  -84.97 	 
0.119399997	 -0.113 	  -84.62 	 
0.119599997	 -0.113 	  -84.19 	 
0.119799997	 -0.113 	  -83.70 	 
0.119999997	 -0.113 	  -83.14 	 
0.120199997	 -0.112 	  -82.50 	 
0.120399997	 -0.112 	  -81.76 	 
0.120599997	 -0.112 	  -80.95 	 
0.120799997	 -0.111 	  -80.05 	 
0.120999997	 -0.111 	  -79.09 	 
0.121199997	 -0.109 	  -78.05 	 
0.121399997	 -0.109 	  -77.04 	 
0.121599997	 -0.109 	  -75.91 	 
0.121799997	 -0.108 	  -74.57 	 
0.121999997	 -0.107 	  -73.13 	 
0.122199997	 -0.105 	  -71.64 	 
0.122399997	 -0.105 	  -70.18 	 
0.122599997	 -0.103 	  -68.69 	 
0.122799997	 -0.102 	  -67.21 	 
0.122999997	 -0.101 	  -65.75 	 
0.123199997	 -0.100 	  -64.34 	 
0.123399997	 -0.098 	  -62.89 	 
0.123599997	 -0.097 	  -61.47 	 
0.123799997	 -0.096 	  -59.95 	 
0.123999997	 -0.094 	  -58.39 	 
0.124199997	 -0.093 	  -56.92 	 
0.124399997	 -0.091 	  -55.41 	 
0.124599997	 -0.090 	  -53.98 	 
0.124799997	 -0.088 	  -52.51 	 
0.124999997	 -0.086 	  -51.12 	 
0.125199997	 -0.084 	  -49.78 	 
0.125399997	 -0.084 	  -48.51 	 
0.125599997	 -0.082 	  -47.26 	 
0.125799997	 -0.081 	  -46.06 	 
0.125999997	 -0.080 	  -44.96 	 
0.126199997	 -0.077 	  -43.92 	 
0.126399997	 -0.076 	  -42.90 	 
0.126599997	 -0.075 	  -41.90 	 
0.126799997	 -0.074 	  -41.01 	 
0.126999997	 -0.073 	  -40.21 	 
0.127199997	 -0.071 	  -39.54 	 
0.127399997	 -0.070 	  -38.97 	 
0.127599997	 -0.070 	  -38.54 	 
0.127799997	 -0.069 	  -38.25 	 
0.127999997	 -0.069 	  -38.02 	 
0.128199997	 -0.067 	  -37.83 	 
0.128399997	 -0.067 	  -37.69 	 
0.128599997	 -0.067 	  -37.66 	 
0.128799997	 -0.066 	  -37.81 	 
0.128999997	 -0.066 	  -38.10 	 
0.129199997	 -0.066 	  -38.45 	 
0.129399997	 -0.066 	  -38.89 	 
0.129599997	 -0.067 	  -39.35 	 
0.129799997	 -0.066 	  -39.95 	 
0.129999997	 -0.067 	  -40.60 	 
0.130199997	 -0.067 	  -41.30 	 
0.130399997	 -0.069 	  -42.07 	 
0.130599997	 -0.069 	  -42.92 	 
0.130799997	 -0.070 	  -43.84 	 
0.130999997	 -0.070 	  -44.79 	 
0.131199997	 -0.071 	  -45.83 	 
0.131399997	 -0.071 	  -46.95 	 
0.131599997	 -0.072 	  -48.14 	 
0.131799997	 -0.073 	  -49.43 	 
0.131999997	 -0.075 	  -50.79 	 
0.132199997	 -0.076 	  -52.19 	 
0.132399997	 -0.077 	  -53.66 	 
0.132599997	 -0.078 	  -55.13 	 
0.132799997	 -0.080 	  -56.63 	 
0.132999997	 -0.081 	  -58.10 	 
0.133199997	 -0.083 	  -59.61 	 
0.133399997	 -0.084 	  -61.12 	 
0.133599997	 -0.085 	  -62.67 	 
0.133799997	 -0.087 	  -64.19 	 
0.133999997	 -0.089 	  -65.75 	 
0.134199997	 -0.090 	  -67.24 	 
0.134399997	 -0.091 	  -68.76 	 
0.134599997	 -0.093 	  -70.19 	 
0.134799997	 -0.095 	  -71.61 	 
0.134999997	 -0.097 	  -72.94 	 
0.135199997	 -0.098 	  -74.24 	 
0.135399997	 -0.100 	  -75.46 	 
0.135599997	 -0.101 	  -76.64 	 
0.135799997	 -0.102 	  -77.76 	 
0.135999997	 -0.103 	  -78.84 	 
0.136199997	 -0.105 	  -79.83 	 
0.136399997	 -0.106 	  -80.77 	 
0.136599997	 -0.107 	  -81.62 	 
0.136799997	 -0.108 	  -82.40 	 
0.136999997	 -0.108 	  -83.09 	 
0.137199997	 -0.109 	  -83.73 	 
0.137399997	 -0.110 	  -84.24 	 
0.137599997	 -0.111 	  -84.67 	 
0.137799997	 -0.111 	  -85.00 	 
0.137999997	 -0.111 	  -85.24 	 
0.138199997	 -0.112 	  -85.44 	 
0.138399997	 -0.113 	  -85.50 	 
0.138599996	 -0.113 	  -85.52 	 
0.138799996	 -0.112 	  -85.39 	 
0.138999996	 -0.112 	  -85.25 	 
0.139199996	 -0.113 	  -85.02 	 
0.139399996	 -0.113 	  -84.69 	 
0.139599996	 -0.113 	  -84.27 	 
0.139799996	 -0.113 	  -83.77 	 
0.139999996	 -0.113 	  -83.17 	 
0.140199996	 -0.112 	  -82.50 	 
0.140399996	 -0.112 	  -81.73 	 
0.140599996	 -0.112 	  -80.91 	 
0.140799996	 -0.111 	  -80.01 	 
0.140999996	 -0.110 	  -79.05 	 
0.141199996	 -0.110 	  -78.04 	 
0.141399996	 -0.109 	  -77.03 	 
0.141599996	 -0.109 	  -75.90 	 
0.141799996	 -0.108 	  -74.58 	 
0.141999996	 -0.107 	  -73.19 	 
0.142199996	 -0.106 	  -71.71 	 
0.142399996	 -0.104 	  -70.22 	 
0.142599996	 -0.104 	  -68.69 	 
0.142799996	 -0.102 	  -67.18 	 
0.142999996	 -0.101 	  -65.71 	 
0.143199996	 -0.099 	  -64.24 	 
0.143399996	 -0.098 	  -62.77 	 
0.143599996	 -0.097 	  -61.29 	 
0.143799996	 -0.095 	  -59.87 	 
0.143999996	 -0.095 	  -58.50 	 
0.144199996	 -0.092 	  -57.06 	 
0.144399996	 -0.092 	  -55.58 	 
0.144599996	 -0.089 	  -54.09 	 
0.144799996	 -0.088 	  -52.61 	 
0.144999996	 -0.087 	  -51.16 	 
0.145199996	 -0.085 	  -49.74 	 
0.145399996	 -0.083 	  -48.41 	 
0.145599996	 -0.082 	  -47.14 	 
0.145799996	 -0.080 	  -45.99 	 
0.145999996	 -0.079 	  -44.89 	 
0.146199996	 -0.078 	  -43.89 	 
0.146399996	 -0.076 	  -42.91 	 
0.146599996	 -0.075 	  -41.97 	 
0.146799996	 -0.074 	  -41.08 	 
0.146999996	 -0.073 	  -40.27 	 
0.147199996	 -0.072 	  -39.55 	 
0.147399996	 -0.070 	  -38.97 	 
0.147599996	 -0.069 	  -38.48 	 
0.147799996	 -0.069 	  -38.15 	 
0.147999996	 -0.068 	  -37.93 	 
0.148199996	 -0.068 	  -37.79 	 
0.148399996	 -0.067 	  -37.72 	 
0.148599996	 -0.067 	  -37.75 	 
0.148799996	 -0.066 	  -37.91 	 
0.148999996	 -0.066 	  -38.14 	 
0.149199996	 -0.067 	  -38.47 	 
0.149399996	 -0.066 	  -38.87 	 
0.149599996	 -0.066 	  -39.35 	 
0.149799996	 -0.067 	  -39.91 	 
0.149999996	 -0.067 	  -40.53 	 
0.150199996	 -0.068 	  -41.27 	 
0.150399996	 -0.068 	  -42.07 	 
0.150599996	 -0.068 	  -42.94 	 
0.150799996	 -0.070 	  -43.88 	 
0.150999996	 -0.070 	  -44.87 	 
0.151199996	 -0.071 	  -45.92 	 
0.151399996	 -0.072 	  -47.00 	 
0.151599996	 -0.073 	  -48.17 	 
0.151799996	 -0.073 	  -49.41 	 
0.151999996	 -0.074 	  -50.72 	 
0.152199996	 -0.076 	  -52.15 	 
0.152399996	 -0.077 	  -53.57 	 
0.152599996	 -0.079 	  -55.08 	 
0.152799996	 -0.080 	  -56.57 	 
0.152999996	 -0.081 	  -58.09 	 
0.153199996	 -0.083 	  -59.64 	 
0.153399996	 -0.084 	  -61.18 	 
0.153599996	 -0.085 	  -62.71 	 
0.153799996	 -0.087 	  -64.25 	 
0.153999996	 -0.089 	  -65.78 	 
0.154199996	 -0.090 	  -67.28 	 
0.154399996	 -0.092 	  -68.76 	 
0.154599996	 -0.093 	  -70.18 	 
0.154799996	 -0.096 	  -71.57 	 
0.154999996	 -0.097 	  -72.88 	 
0.155199996	 -0.098 	  -74.17 	 
0.155399996	 -0.100 	  -75.42 	 
0.155599996	 -0.100 	  -76.63 	 
0.155799996	 -0.102 	  -77.81 	 
0.155999996	 -0.104 	  -78.88 	 
0.156199996	 -0.104 	  -79.87 	 
0.156399996	 -0.106 	  -80.80 	 
0.156599996	 -0.107 	  -81.62 	 
0.156799996	 -0.109 	  -82.39 	 
0.156999996	 -0.109 	  -83.07 	 
0.157199996	 -0.110 	  -83.67 	 
0.157399996	 -0.110 	  -84.17 	 
0.157599996	 -0.110 	  -84.62 	 
0.157799996	 -0.111 	  -84.98 	 
0.157999996	 -0.112 	  -85.23 	 
0.158199996	 -0.112 	  -85.40 	 
0.158399996	 -0.113 	  -85.50 	 
0.158599996	 -0.113 	  -85.50 	 
0.158799996	 -0.113 	  -85.41 	 
0.158999996	 -0.113 	  -85.21 	 
0.159199996	 -0.113 	  -84.96 	 
0.159399996	 -0.113 	  -84.65 	 
0.159599996	 -0.113 	  -84.19 	 
0.159799996	 -0.113 	  -83.69 	 
0.159999996	 -0.113 	  -83.11 	 
0.160199996	 -0.113 	  -82.48 	 
0.160399996	 -0.112 	  -81.78 	 
0.160599996	 -0.111 	  -80.95 	 
0.160799996	 -0.111 	  -80.04 	 
0.160999996	 -0.110 	  -79.07 	 
0.161199996	 -0.110 	  -78.04 	 
0.161399996	 -0.109 	  -77.02 	 
0.161599996	 -0.109 	  -75.88 	 
0.161799996	 -0.108 	  -74.59 	 
0.161999996	 -0.107 	  -73.16 	 
0.162199996	 -0.106 	  -71.64 	 
0.162399996	 -0.104 	  -70.17 	 
0.162599996	 -0.103 	  -68.69 	 
0.162799996	 -0.102 	  -67.20 	 
0.162999996	 -0.101 	  -65.74 	 
0.163199996	 -0.100 	  -64.28 	 
0.163399996	 -0.098 	  -62.88 	 
0.163599996	 -0.097 	  -61.42 	 
0.163799996	 -0.095 	  -59.95 	 
0.163999996	 -0.094 	  -58.49 	 
0.164199996	 -0.093 	  -57.00 	 
0.164399996	 -0.091 	  -55.53 	 
0.164599996	 -0.090 	  -54.05 	 
0.164799996	 -0.088 	  -52.61 	 
0.164999996	 -0.087 	  -51.16 	 
0.165199996	 -0.085 	  -49.78 	 
0.165399996	 -0.085 	  -48.45 	 
0.165599996	 -0.082 	  -47.22 	 
0.165799996	 -0.080 	  -46.05 	 
0.165999996	 -0.079 	  -44.92 	 
0.166199996	 -0.077 	  -43.92 	 
0.166399996	 -0.076 	  -42.87 	 
0.166599996	 -0.075 	  -41.91 	 
0.166799996	 -0.074 	  -41.01 	 
0.166999996	 -0.073 	  -40.21 	 
0.167199996	 -0.071 	  -39.54 	 
0.167399996	 -0.070 	  -38.94 	 
0.167599996	 -0.069 	  -38.50 	 
0.167799996	 -0.068 	  -38.20 	 
0.167999996	 -0.068 	  -37.98 	 
0.168199996	 -0.068 	  -37.81 	 
0.168399996	 -0.068 	  -37.73 	 
0.168599996	 -0.067 	  -37.77 	 
0.168799996	 -0.066 	  -37.91 	 
0.168999996	 -0.066 	  -38.20 	 
0.169199996	 -0.066 	  -38.53 	 
0.169399996	 -0.067 	  -38.95 	 
0.169599996	 -0.066 	  -39.44 	 
0.169799996	 -0.066 	  -39.98 	 
0.169999996	 -0.067 	  -40.59 	 
0.170199996	 -0.068 	  -41.30 	 
0.170399996	 -0.069 	  -42.04 	 
0.170599996	 -0.069 	  -42.92 	 
0.170799996	 -0.070 	  -43.85 	 
0.170999996	 -0.070 	  -44.87 	 
0.171199996	 -0.071 	  -45.94 	 
0.171399996	 -0.072 	  -47.06 	 
0.171599996	 -0.073 	  -48.24 	 
0.171799996	 -0.073 	  -49.47 	 
0.171999996	 -0.075 	  -50.78 	 
0.172199996	 -0.076 	  -52.15 	 
0.172399996	 -0.077 	  -53.59 	 
0.172599996	 -0.078 	  -55.05 	 
0.172799996	 -0.080 	  -56.57 	 
0.172999996	 -0.081 	  -58.10 	 
0.173199996	 -0.083 	  -59.63 	 
0.173399996	 -0.084 	  -61.15 	 
0.173599996	 -0.085 	  -62.70 	 
0.173799996	 -0.087 	  -64.24 	 
0.173999996	 -0.090 	  -65.77 	 
0.174199996	 -0.091 	  -67.25 	 
0.174399996	 -0.092 	  -68.72 	 
0.174599996	 -0.094 	  -70.14 	 
0.174799996	 -0.094 	  -71.54 	 
0.174999996	 -0.097 	  -72.86 	 
0.175199996	 -0.099 	  -74.18 	 
0.175399996	 -0.100 	  -75.47 	 
0.175599996	 -0.101 	  -76.67 	 
0.175799996	 -0.102 	  -77.82 	 
0.175999996	 -0.104 	  -78.84 	 
0.176199996	 -0.105 	  -79.82 	 
0.176399996	 -0.106 	  -80.72 	 
0.176599996	 -0.107 	  -81.56 	 
0.176799996	 -0.108 	  -82.35 	 
0.176999996	 -0.109 	  -83.06 	 
0.177199996	 -0.109 	  -83.71 	 
0.177399996	 -0.110 	  -84.24 	 
0.177599996	 -0.112 	  -84.70 	 
0.177799996	 -0.111 	  -85.05 	 
0.177999996	 -0.112 	  -85.28 	 
0.178199995	 -0.112 	  -85.41 	 
0.178399995	 -0.113 	  -85.47 	 
0.178599995	 -0.113 	  -85.46 	 
0.178799995	 -0.113 	  -85.41 	 
0.178999995	 -0.113 	  -85.26 	 
0.179199995	 -0.113 	  -85.01 	 
0.179399995	 -0.114 	  -84.68 	 
0.179599995	 -0.113 	  -84.25 	 
0.179799995	 -0.113 	  -83.77 	 
0.179999995	 -0.113 	  -83.16 	 
0.180199995	 -0.112 	  -82.48 	 
0.180399995	 -0.112 	  -81.73 	 
0.180599995	 -0.111 	  -80.92 	 
0.180799995	 -0.111 	  -80.03 	 
0.180999995	 -0.111 	  -79.08 	 
0.181199995	 -0.110 	  -78.06 	 
0.181399995	 -0.109 	  -77.06 	 
0.181599995	 -0.108 	  -75.91 	 
0.181799995	 -0.108 	  -74.61 	 
0.181999995	 -0.107 	  -73.22 	 
0.182199995	 -0.106 	  -71.76 	 
0.182399995	 -0.104 	  -70.24 	 
0.182599995	 -0.104 	  -68.66 	 
0.182799995	 -0.103 	  -67.14 	 
0.182999995	 -0.101 	  -65.67 	 
0.183199995	 -0.099 	  -64.23 	 
0.183399995	 -0.098 	  -62.82 	 
0.183599995	 -0.097 	  -61.44 	 
0.183799995	 -0.095 	  -59.94 	 
0.183999995	 -0.094 	  -58.49 	 
0.184199995	 -0.093 	  -57.00 	 
0.184399995	 -0.091 	  -55.50 	 
0.184599995	 -0.090 	  -54.05 	 
0.184799995	 -0.089 	  -52.57 	 
0.184999995	 -0.086 	  -51.15 	 
0.185199995	 -0.086 	  -49.78 	 
0.185399995	 -0.084 	  -48.44 	 
0.185599995	 -0.082 	  -47.21 	 
0.185799995	 -0.081 	  -46.03 	 
0.185999995	 -0.079 	  -44.95 	 
0.186199995	 -0.078 	  -43.93 	 
0.186399995	 -0.076 	  -42.91 	 
0.186599995	 -0.075 	  -41.94 	 
0.186799995	 -0.073 	  -41.07 	 
0.186999995	 -0.073 	  -40.24 	 
0.187199995	 -0.071 	  -39.54 	 
0.187399995	 -0.070 	  -38.96 	 
0.187599995	 -0.069 	  -38.53 	 
0.187799995	 -0.069 	  -38.22 	 
0.187999995	 -0.068 	  -38.01 	 
0.188199995	 -0.068 	  -37.85 	 
0.188399995	 -0.067 	  -37.73 	 
0.188599995	 -0.067 	  -37.73 	 
0.188799995	 -0.066 	  -37.84 	 
0.188999995	 -0.067 	  -38.08 	 
0.189199995	 -0.067 	  -38.43 	 
0.189399995	 -0.066 	  -38.83 	 
0.189599995	 -0.066 	  -39.37 	 
0.189799995	 -0.068 	  -39.96 	 
0.189999995	 -0.068 	  -40.62 	 
0.190199995	 -0.067 	  -41.34 	 
0.190399995	 -0.068 	  -42.13 	 
0.190599995	 -0.069 	  -42.97 	 
0.190799995	 -0.070 	  -43.90 	 
0.190999995	 -0.071 	  -44.87 	 
0.191199995	 -0.071 	  -45.90 	 
0.191399995	 -0.071 	  -46.99 	 
0.191599995	 -0.072 	  -48.16 	 
0.191799995	 -0.074 	  -49.41 	 
0.191999995	 -0.075 	  -50.73 	 
0.192199995	 -0.075 	  -52.13 	 
0.192399995	 -0.077 	  -53.61 	 
0.192599995	 -0.078 	  -55.08 	 
0.192799995	 -0.080 	  -56.59 	 
0.192999995	 -0.082 	  -58.12 	 
0.193199995	 -0.083 	  -59.66 	 
0.193399995	 -0.084 	  -61.20 	 
0.193599995	 -0.085 	  -62.75 	 
0.193799995	 -0.088 	  -64.27 	 
0.193999995	 -0.089 	  -65.79 	 
0.194199995	 -0.090 	  -67.28 	 
0.194399995	 -0.092 	  -68.74 	 
0.194599995	 -0.093 	  -70.19 	 
0.194799995	 -0.094 	  -71.57 	 
0.194999995	 -0.097 	  -72.91 	 
0.195199995	 -0.098 	  -74.19 	 
0.195399995	 -0.100 	  -75.46 	 
0.195599995	 -0.102 	  -76.67 	 
0.195799995	 -0.102 	  -77.80 	 
0.195999995	 -0.103 	  -78.85 	 
0.196199995	 -0.105 	  -79.86 	 
0.196399995	 -0.106 	  -80.77 	 
0.196599995	 -0.107 	  -81.62 	 
0.196799995	 -0.108 	  -82.39 	 
0.196999995	 -0.109 	  -83.06 	 
0.197199995	 -0.109 	  -83.67 	 
0.197399995	 -0.110 	  -84.22 	 
0.197599995	 -0.111 	  -84.67 	 
0.197799995	 -0.111 	  -85.03 	 
0.197999995	 -0.112 	  -85.29 	 
0.198199995	 -0.112 	  -85.46 	 
0.198399995	 -0.112 	  -85.52 	 
0.198599995	 -0.113 	  -85.51 	 
0.198799995	 -0.113 	  -85.43 	 
0.198999995	 -0.113 	  -85.23 	 
0.199199995	 -0.113 	  -84.96 	 
0.199399995	 -0.113 	  -84.63 	 
0.199599995	 -0.113 	  -84.22 	 
0.199799995	 -0.112 	  -83.73 	 
0.199999995	 -0.113 	  -83.17 	 
0.200199995	 -0.112 	  -82.51 	 
0.200399995	 -0.112 	  -81.78 	 
0.200599995	 -0.112 	  -80.96 	 
0.200799995	 -0.111 	  -80.07 	 
0.200999995	 -0.110 	  -79.09 	 
0.201199995	 -0.110 	  -78.07 	 
0.201399995	 -0.109 	  -77.06 	 
0.201599995	 -0.108 	  -75.90 	 
0.201799995	 -0.107 	  -74.55 	 
0.201999995	 -0.107 	  -73.13 	 
0.202199995	 -0.106 	  -71.68 	 
0.202399995	 -0.104 	  -70.16 	 
0.202599995	 -0.103 	  -68.67 	 
0.202799995	 -0.102 	  -67.17 	 
0.202999995	 -0.101 	  -65.71 	 
0.203199995	 -0.100 	  -64.29 	 
0.203399995	 -0.099 	  -62.91 	 
0.203599995	 -0.097 	  -61.43 	 
0.203799995	 -0.095 	  -59.95 	 
0.203999995	 -0.094 	  -58.50 	 
0.204199995	 -0.093 	  -57.03 	 
0.204399995	 -0.091 	  -55.54 	 
0.204599995	 -0.090 	  -54.06 	 
