0.000000000	 -0.202 	  -83.16 	 
0.000200000	 -0.201 	  -82.53 	 
0.000400000	 -0.202 	  -81.79 	 
0.000600000	 -0.202 	  -80.98 	 
0.000800000	 -0.201 	  -80.09 	 
0.001000000	 -0.201 	  -79.10 	 
0.001200000	 -0.199 	  -78.09 	 
0.001400000	 -0.199 	  -77.06 	 
0.001600000	 -0.199 	  -75.90 	 
0.001800000	 -0.198 	  -74.56 	 
0.002000000	 -0.198 	  -73.12 	 
0.002200000	 -0.196 	  -71.64 	 
0.002400000	 -0.196 	  -70.14 	 
0.002600000	 -0.195 	  -68.68 	 
0.002800000	 -0.194 	  -67.28 	 
0.003000000	 -0.193 	  -65.87 	 
0.003200000	 -0.192 	  -64.48 	 
0.003400000	 -0.191 	  -62.99 	 
0.003600000	 -0.189 	  -61.51 	 
0.003800000	 -0.188 	  -59.91 	 
0.004000000	 -0.187 	  -58.32 	 
0.004200000	 -0.186 	  -56.74 	 
0.004400000	 -0.184 	  -55.28 	 
0.004600000	 -0.183 	  -53.87 	 
0.004800000	 -0.182 	  -52.53 	 
0.005000000	 -0.181 	  -51.18 	 
0.005200000	 -0.179 	  -49.89 	 
0.005400000	 -0.178 	  -48.57 	 
0.005600000	 -0.176 	  -47.28 	 
0.005800000	 -0.175 	  -46.04 	 
0.006000000	 -0.174 	  -44.87 	 
0.006200000	 -0.173 	  -43.77 	 
0.006400000	 -0.172 	  -42.79 	 
0.006600000	 -0.171 	  -41.85 	 
0.006800000	 -0.170 	  -41.01 	 
0.007000000	 -0.168 	  -40.18 	 
0.007200000	 -0.167 	  -39.54 	 
0.007400000	 -0.167 	  -38.97 	 
0.007600000	 -0.166 	  -38.59 	 
0.007800000	 -0.165 	  -38.28 	 
0.008000000	 -0.165 	  -38.06 	 
0.008200000	 -0.164 	  -37.88 	 
0.008400000	 -0.164 	  -37.75 	 
0.008600000	 -0.163 	  -37.75 	 
0.008800000	 -0.163 	  -37.88 	 
0.009000000	 -0.163 	  -38.10 	 
0.009200000	 -0.163 	  -38.47 	 
0.009400000	 -0.163 	  -38.95 	 
0.009600000	 -0.163 	  -39.52 	 
0.009800000	 -0.162 	  -40.13 	 
0.010000000	 -0.164 	  -40.77 	 
0.010200000	 -0.164 	  -41.43 	 
0.010400000	 -0.165 	  -42.14 	 
0.010600000	 -0.165 	  -42.90 	 
0.010800000	 -0.165 	  -43.77 	 
0.011000000	 -0.166 	  -44.75 	 
0.011200000	 -0.167 	  -45.86 	 
0.011400000	 -0.168 	  -47.02 	 
0.011600000	 -0.169 	  -48.27 	 
0.011800000	 -0.170 	  -49.58 	 
0.012000000	 -0.170 	  -50.89 	 
0.012200000	 -0.171 	  -52.27 	 
0.012400000	 -0.173 	  -53.71 	 
0.012600000	 -0.173 	  -55.17 	 
0.012800000	 -0.174 	  -56.66 	 
0.013000000	 -0.176 	  -58.18 	 
0.013200000	 -0.177 	  -59.68 	 
0.013400000	 -0.178 	  -61.21 	 
0.013600000	 -0.180 	  -62.76 	 
0.013800000	 -0.181 	  -64.27 	 
0.014000000	 -0.182 	  -65.80 	 
0.014200000	 -0.183 	  -67.29 	 
0.014400000	 -0.184 	  -68.79 	 
0.014600000	 -0.186 	  -70.25 	 
0.014800000	 -0.187 	  -71.65 	 
0.015000000	 -0.188 	  -73.03 	 
0.015200000	 -0.190 	  -74.35 	 
0.015400000	 -0.191 	  -75.57 	 
0.015600000	 -0.193 	  -76.74 	 
0.015800000	 -0.193 	  -77.83 	 
0.016000000	 -0.195 	  -78.86 	 
0.016200000	 -0.196 	  -79.85 	 
0.016400000	 -0.197 	  -80.76 	 
0.016600000	 -0.197 	  -81.60 	 
0.016800000	 -0.199 	  -82.38 	 
0.017000000	 -0.198 	  -83.07 	 
0.017200000	 -0.200 	  -83.73 	 
0.017400000	 -0.200 	  -84.24 	 
0.017600000	 -0.200 	  -84.69 	 
0.017800000	 -0.201 	  -84.98 	 
0.018000000	 -0.202 	  -85.21 	 
0.018200000	 -0.202 	  -85.37 	 
0.018400000	 -0.202 	  -85.43 	 
0.018600000	 -0.203 	  -85.44 	 
0.018800000	 -0.202 	  -85.37 	 
0.019000000	 -0.202 	  -85.21 	 
0.019200000	 -0.203 	  -84.95 	 
0.019400000	 -0.203 	  -84.60 	 
0.019600000	 -0.202 	  -84.15 	 
0.019799999	 -0.203 	  -83.64 	 
0.019999999	 -0.202 	  -83.03 	 
0.020199999	 -0.202 	  -82.40 	 
0.020399999	 -0.202 	  -81.68 	 
0.020599999	 -0.201 	  -80.93 	 
0.020799999	 -0.201 	  -80.09 	 
0.020999999	 -0.201 	  -79.16 	 
0.021199999	 -0.200 	  -78.14 	 
0.021399999	 -0.199 	  -77.11 	 
0.021599999	 -0.199 	  -75.91 	 
0.021799999	 -0.198 	  -74.52 	 
0.021999999	 -0.197 	  -73.02 	 
0.022199999	 -0.196 	  -71.48 	 
0.022399999	 -0.196 	  -69.98 	 
0.022599999	 -0.194 	  -68.55 	 
0.022799999	 -0.193 	  -67.14 	 
0.022999999	 -0.193 	  -65.75 	 
0.023199999	 -0.191 	  -64.33 	 
0.023399999	 -0.190 	  -62.95 	 
0.023599999	 -0.189 	  -61.40 	 
0.023799999	 -0.189 	  -59.88 	 
0.023999999	 -0.187 	  -58.33 	 
0.024199999	 -0.186 	  -56.85 	 
0.024399999	 -0.185 	  -55.35 	 
0.024599999	 -0.183 	  -53.90 	 
0.024799999	 -0.182 	  -52.49 	 
0.024999999	 -0.181 	  -51.10 	 
0.025199999	 -0.180 	  -49.78 	 
0.025399999	 -0.178 	  -48.46 	 
0.025599999	 -0.177 	  -47.20 	 
0.025799999	 -0.175 	  -45.99 	 
0.025999999	 -0.175 	  -44.86 	 
0.026199999	 -0.173 	  -43.79 	 
0.026399999	 -0.172 	  -42.74 	 
0.026599999	 -0.170 	  -41.79 	 
0.026799999	 -0.170 	  -40.88 	 
0.026999999	 -0.168 	  -40.07 	 
0.027199999	 -0.167 	  -39.39 	 
0.027399999	 -0.166 	  -38.86 	 
0.027599999	 -0.166 	  -38.54 	 
0.027799999	 -0.165 	  -38.32 	 
0.027999999	 -0.164 	  -38.14 	 
0.028199999	 -0.163 	  -37.99 	 
0.028399999	 -0.164 	  -37.88 	 
0.028599999	 -0.163 	  -37.80 	 
0.028799999	 -0.163 	  -37.86 	 
0.028999999	 -0.163 	  -38.05 	 
0.029199999	 -0.163 	  -38.38 	 
0.029399999	 -0.162 	  -38.78 	 
0.029599999	 -0.162 	  -39.34 	 
0.029799999	 -0.164 	  -39.96 	 
0.029999999	 -0.164 	  -40.63 	 
0.030199999	 -0.164 	  -41.37 	 
0.030399999	 -0.164 	  -42.13 	 
0.030599999	 -0.165 	  -42.94 	 
0.030799999	 -0.166 	  -43.82 	 
0.030999999	 -0.165 	  -44.78 	 
0.031199999	 -0.166 	  -45.81 	 
0.031399999	 -0.168 	  -46.93 	 
0.031599999	 -0.168 	  -48.14 	 
0.031799999	 -0.169 	  -49.43 	 
0.031999999	 -0.170 	  -50.78 	 
0.032199999	 -0.170 	  -52.21 	 
0.032399999	 -0.172 	  -53.68 	 
0.032599999	 -0.173 	  -55.18 	 
0.032799999	 -0.174 	  -56.68 	 
0.032999999	 -0.176 	  -58.18 	 
0.033199999	 -0.177 	  -59.68 	 
0.033399999	 -0.178 	  -61.18 	 
0.033599999	 -0.180 	  -62.69 	 
0.033799999	 -0.180 	  -64.20 	 
0.033999999	 -0.182 	  -65.71 	 
0.034199999	 -0.183 	  -67.21 	 
0.034399999	 -0.184 	  -68.70 	 
0.034599999	 -0.185 	  -70.18 	 
0.034799999	 -0.187 	  -71.61 	 
0.034999999	 -0.189 	  -72.99 	 
0.035199999	 -0.190 	  -74.28 	 
0.035399999	 -0.191 	  -75.51 	 
0.035599999	 -0.192 	  -76.67 	 
0.035799999	 -0.193 	  -77.78 	 
0.035999999	 -0.194 	  -78.84 	 
0.036199999	 -0.196 	  -79.83 	 
0.036399999	 -0.196 	  -80.76 	 
0.036599999	 -0.198 	  -81.64 	 
0.036799999	 -0.198 	  -82.44 	 
0.036999999	 -0.199 	  -83.13 	 
0.037199999	 -0.200 	  -83.75 	 
0.037399999	 -0.201 	  -84.25 	 
0.037599999	 -0.201 	  -84.63 	 
0.037799999	 -0.201 	  -84.90 	 
0.037999999	 -0.202 	  -85.11 	 
0.038199999	 -0.202 	  -85.26 	 
0.038399999	 -0.202 	  -85.35 	 
0.038599999	 -0.202 	  -85.37 	 
0.038799999	 -0.203 	  -85.33 	 
0.038999999	 -0.203 	  -85.22 	 
0.039199999	 -0.203 	  -84.96 	 
0.039399999	 -0.203 	  -84.62 	 
0.039599999	 -0.202 	  -84.15 	 
0.039799999	 -0.202 	  -83.60 	 
0.039999999	 -0.202 	  -83.00 	 
0.040199999	 -0.201 	  -82.35 	 
0.040399999	 -0.202 	  -81.63 	 
0.040599999	 -0.201 	  -80.88 	 
0.040799999	 -0.200 	  -80.04 	 
0.040999999	 -0.200 	  -79.13 	 
0.041199999	 -0.200 	  -78.13 	 
0.041399999	 -0.200 	  -77.09 	 
0.041599999	 -0.199 	  -75.92 	 
0.041799999	 -0.198 	  -74.54 	 
0.041999999	 -0.198 	  -73.07 	 
0.042199999	 -0.196 	  -71.56 	 
0.042399999	 -0.196 	  -70.05 	 
0.042599999	 -0.195 	  -68.56 	 
0.042799999	 -0.193 	  -67.13 	 
0.042999999	 -0.193 	  -65.72 	 
0.043199999	 -0.191 	  -64.37 	 
0.043399999	 -0.191 	  -62.91 	 
0.043599999	 -0.189 	  -61.46 	 
0.043799999	 -0.188 	  -59.86 	 
0.043999999	 -0.186 	  -58.27 	 
0.044199999	 -0.186 	  -56.70 	 
0.044399999	 -0.185 	  -55.24 	 
0.044599999	 -0.183 	  -53.79 	 
0.044799999	 -0.182 	  -52.43 	 
0.044999999	 -0.181 	  -51.06 	 
0.045199999	 -0.179 	  -49.76 	 
0.045399999	 -0.178 	  -48.46 	 
0.045599999	 -0.177 	  -47.24 	 
0.045799999	 -0.175 	  -46.01 	 
0.045999999	 -0.174 	  -44.87 	 
0.046199999	 -0.173 	  -43.79 	 
0.046399999	 -0.172 	  -42.75 	 
0.046599999	 -0.171 	  -41.74 	 
0.046799999	 -0.169 	  -40.81 	 
0.046999999	 -0.169 	  -40.02 	 
0.047199999	 -0.167 	  -39.35 	 
0.047399999	 -0.167 	  -38.80 	 
0.047599999	 -0.166 	  -38.38 	 
0.047799999	 -0.165 	  -38.10 	 
0.047999999	 -0.164 	  -37.90 	 
0.048199999	 -0.164 	  -37.76 	 
0.048399999	 -0.163 	  -37.75 	 
0.048599999	 -0.163 	  -37.80 	 
0.048799999	 -0.163 	  -37.97 	 
0.048999999	 -0.163 	  -38.24 	 
0.049199999	 -0.162 	  -38.58 	 
0.049399999	 -0.164 	  -39.00 	 
0.049599999	 -0.163 	  -39.48 	 
0.049799999	 -0.163 	  -40.01 	 
0.049999999	 -0.164 	  -40.58 	 
0.050199999	 -0.164 	  -41.25 	 
0.050399999	 -0.164 	  -41.97 	 
0.050599999	 -0.165 	  -42.79 	 
0.050799999	 -0.165 	  -43.73 	 
0.050999999	 -0.166 	  -44.80 	 
0.051199999	 -0.166 	  -45.92 	 
0.051399999	 -0.168 	  -47.11 	 
0.051599999	 -0.168 	  -48.31 	 
0.051799999	 -0.169 	  -49.54 	 
0.051999999	 -0.170 	  -50.85 	 
0.052199999	 -0.171 	  -52.16 	 
0.052399999	 -0.172 	  -53.57 	 
0.052599999	 -0.173 	  -55.04 	 
0.052799999	 -0.174 	  -56.55 	 
0.052999999	 -0.175 	  -58.11 	 
0.053199999	 -0.177 	  -59.66 	 
0.053399999	 -0.178 	  -61.26 	 
0.053599999	 -0.179 	  -62.78 	 
0.053799999	 -0.180 	  -64.35 	 
0.053999999	 -0.182 	  -65.85 	 
0.054199999	 -0.184 	  -67.33 	 
0.054399999	 -0.184 	  -68.76 	 
0.054599999	 -0.186 	  -70.19 	 
0.054799999	 -0.187 	  -71.57 	 
0.054999999	 -0.189 	  -72.90 	 
0.055199999	 -0.190 	  -74.21 	 
0.055399999	 -0.191 	  -75.47 	 
0.055599999	 -0.191 	  -76.69 	 
0.055799999	 -0.193 	  -77.86 	 
0.055999999	 -0.194 	  -78.95 	 
0.056199999	 -0.196 	  -79.97 	 
0.056399999	 -0.197 	  -80.90 	 
0.056599999	 -0.197 	  -81.73 	 
0.056799999	 -0.198 	  -82.51 	 
0.056999999	 -0.199 	  -83.17 	 
0.057199999	 -0.200 	  -83.78 	 
0.057399999	 -0.200 	  -84.27 	 
0.057599999	 -0.200 	  -84.71 	 
0.057799999	 -0.201 	  -85.01 	 
0.057999999	 -0.202 	  -85.27 	 
0.058199999	 -0.203 	  -85.42 	 
0.058399999	 -0.202 	  -85.50 	 
0.058599999	 -0.202 	  -85.52 	 
0.058799999	 -0.202 	  -85.43 	 
0.058999999	 -0.203 	  -85.24 	 
0.059199999	 -0.202 	  -84.96 	 
0.059399998	 -0.203 	  -84.62 	 
0.059599998	 -0.202 	  -84.18 	 
0.059799998	 -0.203 	  -83.70 	 
0.059999998	 -0.202 	  -83.13 	 
0.060199998	 -0.202 	  -82.51 	 
0.060399998	 -0.202 	  -81.78 	 
0.060599998	 -0.201 	  -81.00 	 
0.060799998	 -0.201 	  -80.11 	 
0.060999998	 -0.201 	  -79.10 	 
0.061199998	 -0.200 	  -78.07 	 
0.061399998	 -0.199 	  -77.02 	 
0.061599998	 -0.198 	  -75.86 	 
0.061799998	 -0.198 	  -74.57 	 
0.061999998	 -0.198 	  -73.16 	 
0.062199998	 -0.197 	  -71.72 	 
0.062399998	 -0.195 	  -70.16 	 
0.062599998	 -0.194 	  -68.66 	 
0.062799998	 -0.193 	  -67.20 	 
0.062999998	 -0.192 	  -65.77 	 
0.063199998	 -0.191 	  -64.35 	 
0.063399998	 -0.191 	  -62.86 	 
0.063599998	 -0.189 	  -61.41 	 
0.063799998	 -0.188 	  -59.84 	 
0.063999998	 -0.187 	  -58.30 	 
0.064199998	 -0.186 	  -56.76 	 
0.064399998	 -0.184 	  -55.30 	 
0.064599998	 -0.183 	  -53.86 	 
0.064799998	 -0.182 	  -52.45 	 
0.064999998	 -0.180 	  -51.09 	 
0.065199998	 -0.179 	  -49.74 	 
0.065399998	 -0.178 	  -48.43 	 
0.065599998	 -0.177 	  -47.13 	 
0.065799998	 -0.175 	  -45.92 	 
0.065999998	 -0.174 	  -44.76 	 
0.066199998	 -0.173 	  -43.67 	 
0.066399998	 -0.172 	  -42.64 	 
0.066599998	 -0.170 	  -41.69 	 
0.066799998	 -0.168 	  -40.82 	 
0.066999998	 -0.168 	  -40.04 	 
0.067199998	 -0.167 	  -39.39 	 
0.067399998	 -0.167 	  -38.87 	 
0.067599998	 -0.165 	  -38.49 	 
0.067799998	 -0.165 	  -38.21 	 
0.067999998	 -0.164 	  -37.99 	 
0.068199998	 -0.164 	  -37.79 	 
0.068399998	 -0.163 	  -37.68 	 
0.068599998	 -0.164 	  -37.64 	 
0.068799998	 -0.163 	  -37.76 	 
0.068999998	 -0.163 	  -38.04 	 
0.069199998	 -0.163 	  -38.43 	 
0.069399998	 -0.163 	  -38.91 	 
0.069599998	 -0.163 	  -39.46 	 
0.069799998	 -0.164 	  -40.01 	 
0.069999998	 -0.164 	  -40.62 	 
0.070199998	 -0.165 	  -41.28 	 
0.070399998	 -0.164 	  -41.98 	 
0.070599998	 -0.165 	  -42.77 	 
0.070799998	 -0.165 	  -43.67 	 
0.070999998	 -0.166 	  -44.68 	 
0.071199998	 -0.166 	  -45.79 	 
0.071399998	 -0.167 	  -46.98 	 
0.071599998	 -0.168 	  -48.22 	 
0.071799998	 -0.170 	  -49.51 	 
0.071999998	 -0.170 	  -50.86 	 
0.072199998	 -0.171 	  -52.23 	 
0.072399998	 -0.172 	  -53.66 	 
0.072599998	 -0.173 	  -55.12 	 
0.072799998	 -0.174 	  -56.60 	 
0.072999998	 -0.175 	  -58.10 	 
0.073199998	 -0.177 	  -59.62 	 
0.073399998	 -0.178 	  -61.17 	 
0.073599998	 -0.179 	  -62.74 	 
0.073799998	 -0.181 	  -64.31 	 
0.073999998	 -0.182 	  -65.84 	 
0.074199998	 -0.183 	  -67.37 	 
0.074399998	 -0.185 	  -68.84 	 
0.074599998	 -0.186 	  -70.29 	 
0.074799998	 -0.188 	  -71.69 	 
0.074999998	 -0.189 	  -73.01 	 
0.075199998	 -0.190 	  -74.31 	 
0.075399998	 -0.191 	  -75.54 	 
0.075599998	 -0.192 	  -76.72 	 
0.075799998	 -0.194 	  -77.85 	 
0.075999998	 -0.194 	  -78.88 	 
0.076199998	 -0.196 	  -79.91 	 
0.076399998	 -0.197 	  -80.85 	 
0.076599998	 -0.197 	  -81.72 	 
0.076799998	 -0.198 	  -82.52 	 
0.076999998	 -0.199 	  -83.21 	 
0.077199998	 -0.199 	  -83.79 	 
0.077399998	 -0.200 	  -84.27 	 
0.077599998	 -0.201 	  -84.62 	 
0.077799998	 -0.201 	  -84.90 	 
0.077999998	 -0.201 	  -85.14 	 
0.078199998	 -0.202 	  -85.37 	 
0.078399998	 -0.202 	  -85.54 	 
0.078599998	 -0.202 	  -85.62 	 
0.078799998	 -0.202 	  -85.59 	 
0.078999998	 -0.203 	  -85.40 	 
0.079199998	 -0.203 	  -85.11 	 
0.079399998	 -0.203 	  -84.73 	 
0.079599998	 -0.203 	  -84.24 	 
0.079799998	 -0.202 	  -83.70 	 
0.079999998	 -0.203 	  -83.11 	 
0.080199998	 -0.202 	  -82.48 	 
0.080399998	 -0.202 	  -81.79 	 
0.080599998	 -0.201 	  -81.01 	 
0.080799998	 -0.201 	  -80.12 	 
0.080999998	 -0.200 	  -79.16 	 
0.081199998	 -0.200 	  -78.12 	 
0.081399998	 -0.200 	  -77.09 	 
0.081599998	 -0.199 	  -75.92 	 
0.081799998	 -0.198 	  -74.55 	 
0.081999998	 -0.198 	  -73.09 	 
0.082199998	 -0.196 	  -71.55 	 
0.082399998	 -0.195 	  -70.03 	 
0.082599998	 -0.195 	  -68.56 	 
0.082799998	 -0.193 	  -67.14 	 
0.082999998	 -0.193 	  -65.73 	 
0.083199998	 -0.191 	  -64.33 	 
0.083399998	 -0.191 	  -62.91 	 
0.083599998	 -0.189 	  -61.38 	 
0.083799998	 -0.188 	  -59.86 	 
0.083999998	 -0.187 	  -58.37 	 
0.084199998	 -0.186 	  -56.84 	 
0.084399998	 -0.184 	  -55.37 	 
0.084599998	 -0.183 	  -53.93 	 
0.084799998	 -0.182 	  -52.50 	 
0.084999998	 -0.181 	  -51.12 	 
0.085199998	 -0.179 	  -49.76 	 
0.085399998	 -0.178 	  -48.43 	 
0.085599998	 -0.177 	  -47.15 	 
0.085799998	 -0.175 	  -45.94 	 
0.085999998	 -0.174 	  -44.82 	 
0.086199998	 -0.173 	  -43.67 	 
0.086399998	 -0.171 	  -42.63 	 
0.086599998	 -0.170 	  -41.65 	 
0.086799998	 -0.169 	  -40.76 	 
0.086999998	 -0.168 	  -40.00 	 
0.087199998	 -0.167 	  -39.40 	 
0.087399998	 -0.166 	  -38.93 	 
0.087599998	 -0.165 	  -38.57 	 
0.087799998	 -0.165 	  -38.25 	 
0.087999998	 -0.164 	  -38.01 	 
0.088199998	 -0.164 	  -37.77 	 
0.088399998	 -0.163 	  -37.60 	 
0.088599998	 -0.163 	  -37.58 	 
0.088799998	 -0.163 	  -37.74 	 
0.088999998	 -0.163 	  -38.01 	 
0.089199998	 -0.163 	  -38.41 	 
0.089399998	 -0.163 	  -38.92 	 
0.089599998	 -0.163 	  -39.49 	 
0.089799998	 -0.163 	  -40.10 	 
0.089999998	 -0.164 	  -40.71 	 
0.090199998	 -0.164 	  -41.34 	 
0.090399998	 -0.165 	  -42.02 	 
0.090599998	 -0.165 	  -42.81 	 
0.090799998	 -0.166 	  -43.67 	 
0.090999998	 -0.166 	  -44.67 	 
0.091199998	 -0.167 	  -45.77 	 
0.091399998	 -0.167 	  -46.96 	 
0.091599998	 -0.168 	  -48.22 	 
0.091799998	 -0.169 	  -49.53 	 
0.091999998	 -0.170 	  -50.87 	 
0.092199998	 -0.171 	  -52.26 	 
0.092399998	 -0.172 	  -53.66 	 
0.092599998	 -0.173 	  -55.11 	 
0.092799998	 -0.175 	  -56.62 	 
0.092999998	 -0.175 	  -58.10 	 
0.093199998	 -0.177 	  -59.62 	 
0.093399998	 -0.177 	  -61.17 	 
0.093599998	 -0.179 	  -62.73 	 
0.093799998	 -0.181 	  -64.27 	 
0.093999998	 -0.182 	  -65.80 	 
0.094199998	 -0.183 	  -67.30 	 
0.094399998	 -0.185 	  -68.76 	 
0.094599998	 -0.186 	  -70.24 	 
0.094799998	 -0.187 	  -71.65 	 
0.094999998	 -0.188 	  -73.02 	 
0.095199998	 -0.191 	  -74.32 	 
0.095399998	 -0.191 	  -75.57 	 
0.095599998	 -0.192 	  -76.76 	 
0.095799998	 -0.193 	  -77.85 	 
0.095999998	 -0.195 	  -78.89 	 
0.096199998	 -0.196 	  -79.87 	 
0.096399998	 -0.197 	  -80.77 	 
0.096599998	 -0.197 	  -81.60 	 
0.096799998	 -0.198 	  -82.40 	 
0.096999998	 -0.198 	  -83.13 	 
0.097199998	 -0.200 	  -83.76 	 
0.097399998	 -0.200 	  -84.27 	 
0.097599998	 -0.201 	  -84.67 	 
0.097799998	 -0.201 	  -84.98 	 
0.097999998	 -0.202 	  -85.21 	 
0.098199998	 -0.202 	  -85.36 	 
0.098399998	 -0.202 	  -85.43 	 
0.098599998	 -0.202 	  -85.44 	 
0.098799998	 -0.203 	  -85.33 	 
0.098999997	 -0.203 	  -85.18 	 
0.099199997	 -0.203 	  -84.91 	 
0.099399997	 -0.202 	  -84.60 	 
0.099599997	 -0.203 	  -84.19 	 
0.099799997	 -0.202 	  -83.67 	 
0.099999997	 -0.202 	  -83.10 	 
0.100199997	 -0.202 	  -82.45 	 
0.100399997	 -0.202 	  -81.71 	 
0.100599997	 -0.202 	  -80.90 	 
0.100799997	 -0.201 	  -80.02 	 
0.100999997	 -0.201 	  -79.10 	 
0.101199997	 -0.199 	  -78.11 	 
0.101399997	 -0.199 	  -77.09 	 
0.101599997	 -0.199 	  -75.91 	 
0.101799997	 -0.198 	  -74.54 	 
0.101999997	 -0.197 	  -73.05 	 
0.102199997	 -0.197 	  -71.61 	 
0.102399997	 -0.196 	  -70.12 	 
0.102599997	 -0.195 	  -68.60 	 
0.102799997	 -0.194 	  -67.16 	 
0.102999997	 -0.192 	  -65.75 	 
0.103199997	 -0.192 	  -64.35 	 
0.103399997	 -0.190 	  -62.87 	 
0.103599997	 -0.190 	  -61.42 	 
0.103799997	 -0.188 	  -59.81 	 
0.103999997	 -0.187 	  -58.26 	 
0.104199997	 -0.185 	  -56.71 	 
0.104399997	 -0.184 	  -55.26 	 
0.104599997	 -0.183 	  -53.84 	 
0.104799997	 -0.182 	  -52.46 	 
0.104999997	 -0.180 	  -51.08 	 
0.105199997	 -0.180 	  -49.76 	 
0.105399997	 -0.178 	  -48.46 	 
0.105599997	 -0.177 	  -47.20 	 
0.105799997	 -0.175 	  -45.99 	 
0.105999997	 -0.173 	  -44.83 	 
0.106199997	 -0.173 	  -43.80 	 
0.106399997	 -0.172 	  -42.75 	 
0.106599997	 -0.171 	  -41.78 	 
0.106799997	 -0.170 	  -40.88 	 
0.106999997	 -0.168 	  -40.09 	 
0.107199997	 -0.168 	  -39.39 	 
0.107399997	 -0.166 	  -38.84 	 
0.107599997	 -0.166 	  -38.47 	 
0.107799997	 -0.165 	  -38.19 	 
0.107999997	 -0.164 	  -38.03 	 
0.108199997	 -0.164 	  -37.84 	 
0.108399997	 -0.163 	  -37.73 	 
0.108599997	 -0.162 	  -37.69 	 
0.108799997	 -0.163 	  -37.81 	 
0.108999997	 -0.162 	  -38.05 	 
0.109199997	 -0.163 	  -38.38 	 
0.109399997	 -0.163 	  -38.84 	 
0.109599997	 -0.163 	  -39.38 	 
0.109799997	 -0.164 	  -39.98 	 
0.109999997	 -0.164 	  -40.62 	 
0.110199997	 -0.164 	  -41.31 	 
0.110399997	 -0.165 	  -42.02 	 
0.110599997	 -0.165 	  -42.81 	 
0.110799997	 -0.166 	  -43.71 	 
0.110999997	 -0.166 	  -44.73 	 
0.111199997	 -0.167 	  -45.86 	 
0.111399997	 -0.168 	  -47.04 	 
0.111599997	 -0.168 	  -48.25 	 
0.111799997	 -0.169 	  -49.54 	 
0.111999997	 -0.170 	  -50.85 	 
0.112199997	 -0.170 	  -52.23 	 
0.112399997	 -0.172 	  -53.61 	 
0.112599997	 -0.173 	  -55.04 	 
0.112799997	 -0.174 	  -56.54 	 
0.112999997	 -0.175 	  -58.03 	 
0.113199997	 -0.177 	  -59.58 	 
0.113399997	 -0.178 	  -61.15 	 
0.113599997	 -0.180 	  -62.73 	 
0.113799997	 -0.180 	  -64.26 	 
0.113999997	 -0.183 	  -65.78 	 
0.114199997	 -0.183 	  -67.28 	 
0.114399997	 -0.184 	  -68.73 	 
0.114599997	 -0.186 	  -70.18 	 
0.114799997	 -0.187 	  -71.56 	 
0.114999997	 -0.189 	  -72.94 	 
0.115199997	 -0.190 	  -74.24 	 
0.115399997	 -0.191 	  -75.52 	 
0.115599997	 -0.192 	  -76.73 	 
0.115799997	 -0.193 	  -77.84 	 
0.115999997	 -0.194 	  -78.90 	 
0.116199997	 -0.196 	  -79.88 	 
0.116399997	 -0.197 	  -80.80 	 
0.116599997	 -0.198 	  -81.64 	 
0.116799997	 -0.198 	  -82.42 	 
0.116999997	 -0.199 	  -83.11 	 
0.117199997	 -0.200 	  -83.73 	 
0.117399997	 -0.200 	  -84.24 	 
0.117599997	 -0.201 	  -84.66 	 
0.117799997	 -0.201 	  -84.98 	 
0.117999997	 -0.202 	  -85.18 	 
0.118199997	 -0.202 	  -85.34 	 
0.118399997	 -0.203 	  -85.42 	 
0.118599997	 -0.202 	  -85.45 	 
0.118799997	 -0.203 	  -85.37 	 
0.118999997	 -0.203 	  -85.23 	 
0.119199997	 -0.202 	  -84.96 	 
0.119399997	 -0.202 	  -84.60 	 
0.119599997	 -0.203 	  -84.16 	 
0.119799997	 -0.202 	  -83.62 	 
0.119999997	 -0.202 	  -83.07 	 
0.120199997	 -0.202 	  -82.41 	 
0.120399997	 -0.202 	  -81.69 	 
0.120599997	 -0.201 	  -80.92 	 
0.120799997	 -0.201 	  -80.03 	 
0.120999997	 -0.200 	  -79.08 	 
0.121199997	 -0.200 	  -78.07 	 
0.121399997	 -0.199 	  -77.02 	 
0.121599997	 -0.199 	  -75.90 	 
0.121799997	 -0.198 	  -74.59 	 
0.121999997	 -0.197 	  -73.12 	 
0.122199997	 -0.196 	  -71.58 	 
0.122399997	 -0.195 	  -70.07 	 
0.122599997	 -0.194 	  -68.56 	 
0.122799997	 -0.194 	  -67.10 	 
0.122999997	 -0.193 	  -65.67 	 
0.123199997	 -0.192 	  -64.30 	 
0.123399997	 -0.190 	  -62.85 	 
0.123599997	 -0.190 	  -61.41 	 
0.123799997	 -0.188 	  -59.83 	 
0.123999997	 -0.187 	  -58.32 	 
0.124199997	 -0.186 	  -56.79 	 
0.124399997	 -0.185 	  -55.32 	 
0.124599997	 -0.183 	  -53.88 	 
0.124799997	 -0.183 	  -52.46 	 
0.124999997	 -0.180 	  -51.09 	 
0.125199997	 -0.180 	  -49.74 	 
0.125399997	 -0.178 	  -48.44 	 
0.125599997	 -0.177 	  -47.17 	 
0.125799997	 -0.175 	  -45.93 	 
0.125999997	 -0.174 	  -44.78 	 
0.126199997	 -0.173 	  -43.73 	 
0.126399997	 -0.172 	  -42.72 	 
0.126599997	 -0.170 	  -41.75 	 
0.126799997	 -0.169 	  -40.88 	 
0.126999997	 -0.169 	  -40.09 	 
0.127199997	 -0.167 	  -39.43 	 
0.127399997	 -0.166 	  -38.87 	 
0.127599997	 -0.166 	  -38.43 	 
0.127799997	 -0.165 	  -38.10 	 
0.127999997	 -0.164 	  -37.87 	 
0.128199997	 -0.163 	  -37.70 	 
0.128399997	 -0.164 	  -37.64 	 
0.128599997	 -0.163 	  -37.74 	 
0.128799997	 -0.163 	  -37.94 	 
0.128999997	 -0.162 	  -38.23 	 
0.129199997	 -0.163 	  -38.58 	 
0.129399997	 -0.163 	  -39.01 	 
0.129599997	 -0.163 	  -39.46 	 
0.129799997	 -0.164 	  -39.98 	 
0.129999997	 -0.164 	  -40.53 	 
0.130199997	 -0.164 	  -41.19 	 
0.130399997	 -0.165 	  -41.94 	 
0.130599997	 -0.165 	  -42.80 	 
0.130799997	 -0.165 	  -43.75 	 
0.130999997	 -0.166 	  -44.80 	 
0.131199997	 -0.167 	  -45.94 	 
0.131399997	 -0.167 	  -47.08 	 
0.131599997	 -0.169 	  -48.26 	 
0.131799997	 -0.169 	  -49.47 	 
0.131999997	 -0.170 	  -50.74 	 
0.132199997	 -0.171 	  -52.10 	 
0.132399997	 -0.172 	  -53.51 	 
0.132599997	 -0.173 	  -55.03 	 
0.132799997	 -0.174 	  -56.59 	 
0.132999997	 -0.176 	  -58.15 	 
0.133199997	 -0.176 	  -59.73 	 
0.133399997	 -0.177 	  -61.31 	 
0.133599997	 -0.179 	  -62.84 	 
0.133799997	 -0.181 	  -64.34 	 
0.133999997	 -0.182 	  -65.82 	 
0.134199997	 -0.183 	  -67.27 	 
0.134399997	 -0.185 	  -68.73 	 
0.134599997	 -0.186 	  -70.18 	 
0.134799997	 -0.187 	  -71.60 	 
0.134999997	 -0.188 	  -72.99 	 
0.135199997	 -0.191 	  -74.32 	 
0.135399997	 -0.192 	  -75.57 	 
0.135599997	 -0.192 	  -76.74 	 
0.135799997	 -0.193 	  -77.85 	 
0.135999997	 -0.194 	  -78.89 	 
0.136199997	 -0.196 	  -79.87 	 
0.136399997	 -0.196 	  -80.78 	 
0.136599997	 -0.198 	  -81.65 	 
0.136799997	 -0.198 	  -82.41 	 
0.136999997	 -0.199 	  -83.14 	 
0.137199997	 -0.199 	  -83.75 	 
0.137399997	 -0.200 	  -84.29 	 
0.137599997	 -0.201 	  -84.73 	 
0.137799997	 -0.201 	  -85.07 	 
0.137999997	 -0.202 	  -85.32 	 
0.138199997	 -0.202 	  -85.45 	 
0.138399997	 -0.203 	  -85.51 	 
0.138599996	 -0.202 	  -85.48 	 
0.138799996	 -0.202 	  -85.36 	 
0.138999996	 -0.202 	  -85.15 	 
0.139199996	 -0.203 	  -84.88 	 
0.139399996	 -0.202 	  -84.58 	 
0.139599996	 -0.203 	  -84.19 	 
0.139799996	 -0.203 	  -83.75 	 
0.139999996	 -0.202 	  -83.17 	 
0.140199996	 -0.201 	  -82.51 	 
0.140399996	 -0.201 	  -81.74 	 
0.140599996	 -0.201 	  -80.88 	 
0.140799996	 -0.201 	  -79.98 	 
0.140999996	 -0.201 	  -79.03 	 
0.141199996	 -0.200 	  -78.04 	 
0.141399996	 -0.199 	  -77.04 	 
0.141599996	 -0.199 	  -75.90 	 
0.141799996	 -0.198 	  -74.58 	 
0.141999996	 -0.197 	  -73.13 	 
0.142199996	 -0.196 	  -71.61 	 
0.142399996	 -0.196 	  -70.07 	 
0.142599996	 -0.194 	  -68.58 	 
0.142799996	 -0.193 	  -67.20 	 
0.142999996	 -0.193 	  -65.82 	 
0.143199996	 -0.192 	  -64.46 	 
0.143399996	 -0.191 	  -62.99 	 
0.143599996	 -0.189 	  -61.50 	 
0.143799996	 -0.188 	  -59.86 	 
0.143999996	 -0.187 	  -58.28 	 
0.144199996	 -0.186 	  -56.70 	 
0.144399996	 -0.184 	  -55.21 	 
0.144599996	 -0.183 	  -53.80 	 
0.144799996	 -0.182 	  -52.45 	 
0.144999996	 -0.181 	  -51.13 	 
0.145199996	 -0.180 	  -49.82 	 
0.145399996	 -0.177 	  -48.55 	 
0.145599996	 -0.177 	  -47.24 	 
0.145799996	 -0.175 	  -45.99 	 
0.145999996	 -0.175 	  -44.84 	 
0.146199996	 -0.173 	  -43.67 	 
0.146399996	 -0.171 	  -42.63 	 
0.146599996	 -0.170 	  -41.65 	 
0.146799996	 -0.170 	  -40.81 	 
0.146999996	 -0.168 	  -40.07 	 
0.147199996	 -0.167 	  -39.44 	 
0.147399996	 -0.166 	  -38.95 	 
0.147599996	 -0.165 	  -38.54 	 
0.147799996	 -0.164 	  -38.23 	 
0.147999996	 -0.164 	  -37.97 	 
0.148199996	 -0.164 	  -37.75 	 
0.148399996	 -0.163 	  -37.64 	 
0.148599996	 -0.163 	  -37.66 	 
0.148799996	 -0.163 	  -37.81 	 
0.148999996	 -0.163 	  -38.08 	 
0.149199996	 -0.163 	  -38.47 	 
0.149399996	 -0.163 	  -38.93 	 
0.149599996	 -0.163 	  -39.47 	 
0.149799996	 -0.163 	  -40.01 	 
0.149999996	 -0.164 	  -40.64 	 
0.150199996	 -0.164 	  -41.30 	 
0.150399996	 -0.165 	  -42.06 	 
0.150599996	 -0.165 	  -42.89 	 
0.150799996	 -0.165 	  -43.78 	 
0.150999996	 -0.166 	  -44.80 	 
0.151199996	 -0.166 	  -45.86 	 
0.151399996	 -0.168 	  -47.02 	 
0.151599996	 -0.169 	  -48.22 	 
0.151799996	 -0.169 	  -49.47 	 
0.151999996	 -0.170 	  -50.81 	 
0.152199996	 -0.171 	  -52.21 	 
0.152399996	 -0.172 	  -53.65 	 
0.152599996	 -0.174 	  -55.16 	 
0.152799996	 -0.175 	  -56.67 	 
0.152999996	 -0.176 	  -58.19 	 
0.153199996	 -0.177 	  -59.71 	 
0.153399996	 -0.178 	  -61.20 	 
0.153599996	 -0.179 	  -62.74 	 
0.153799996	 -0.181 	  -64.24 	 
0.153999996	 -0.182 	  -65.77 	 
0.154199996	 -0.183 	  -67.29 	 
0.154399996	 -0.184 	  -68.81 	 
0.154599996	 -0.186 	  -70.26 	 
0.154799996	 -0.188 	  -71.68 	 
0.154999996	 -0.189 	  -73.03 	 
0.155199996	 -0.189 	  -74.32 	 
0.155399996	 -0.191 	  -75.53 	 
0.155599996	 -0.193 	  -76.70 	 
0.155799996	 -0.193 	  -77.83 	 
0.155999996	 -0.194 	  -78.88 	 
0.156199996	 -0.196 	  -79.91 	 
0.156399996	 -0.197 	  -80.85 	 
0.156599996	 -0.198 	  -81.74 	 
0.156799996	 -0.197 	  -82.52 	 
0.156999996	 -0.199 	  -83.19 	 
0.157199996	 -0.200 	  -83.78 	 
0.157399996	 -0.200 	  -84.27 	 
0.157599996	 -0.201 	  -84.65 	 
0.157799996	 -0.201 	  -84.96 	 
0.157999996	 -0.202 	  -85.20 	 
0.158199996	 -0.203 	  -85.40 	 
0.158399996	 -0.203 	  -85.51 	 
0.158599996	 -0.203 	  -85.53 	 
0.158799996	 -0.202 	  -85.45 	 
0.158999996	 -0.203 	  -85.29 	 
0.159199996	 -0.203 	  -84.98 	 
0.159399996	 -0.203 	  -84.60 	 
0.159599996	 -0.203 	  -84.18 	 
0.159799996	 -0.203 	  -83.64 	 
0.159999996	 -0.202 	  -83.09 	 
0.160199996	 -0.202 	  -82.50 	 
0.160399996	 -0.202 	  -81.79 	 
0.160599996	 -0.201 	  -81.00 	 
0.160799996	 -0.201 	  -80.11 	 
0.160999996	 -0.201 	  -79.12 	 
0.161199996	 -0.199 	  -78.07 	 
0.161399996	 -0.199 	  -77.03 	 
0.161599996	 -0.198 	  -75.88 	 
0.161799996	 -0.198 	  -74.58 	 
0.161999996	 -0.198 	  -73.14 	 
0.162199996	 -0.196 	  -71.65 	 
0.162399996	 -0.195 	  -70.13 	 
0.162599996	 -0.195 	  -68.60 	 
0.162799996	 -0.193 	  -67.14 	 
0.162999996	 -0.193 	  -65.67 	 
0.163199996	 -0.191 	  -64.31 	 
0.163399996	 -0.190 	  -62.89 	 
0.163599996	 -0.190 	  -61.44 	 
0.163799996	 -0.188 	  -59.86 	 
0.163999996	 -0.187 	  -58.31 	 
0.164199996	 -0.186 	  -56.78 	 
0.164399996	 -0.184 	  -55.32 	 
0.164599996	 -0.183 	  -53.90 	 
0.164799996	 -0.182 	  -52.50 	 
0.164999996	 -0.181 	  -51.12 	 
0.165199996	 -0.179 	  -49.79 	 
0.165399996	 -0.179 	  -48.50 	 
0.165599996	 -0.177 	  -47.21 	 
0.165799996	 -0.176 	  -45.99 	 
0.165999996	 -0.174 	  -44.85 	 
0.166199996	 -0.173 	  -43.81 	 
0.166399996	 -0.171 	  -42.78 	 
0.166599996	 -0.171 	  -41.82 	 
0.166799996	 -0.170 	  -40.95 	 
0.166999996	 -0.169 	  -40.16 	 
0.167199996	 -0.167 	  -39.48 	 
0.167399996	 -0.167 	  -38.93 	 
0.167599996	 -0.165 	  -38.47 	 
0.167799996	 -0.165 	  -38.14 	 
0.167999996	 -0.165 	  -37.89 	 
0.168199996	 -0.164 	  -37.72 	 
0.168399996	 -0.163 	  -37.66 	 
0.168599996	 -0.163 	  -37.72 	 
0.168799996	 -0.163 	  -37.88 	 
0.168999996	 -0.163 	  -38.16 	 
0.169199996	 -0.163 	  -38.53 	 
0.169399996	 -0.164 	  -38.97 	 
0.169599996	 -0.163 	  -39.46 	 
0.169799996	 -0.163 	  -39.98 	 
0.169999996	 -0.163 	  -40.58 	 
0.170199996	 -0.164 	  -41.23 	 
0.170399996	 -0.164 	  -41.98 	 
0.170599996	 -0.165 	  -42.84 	 
0.170799996	 -0.165 	  -43.82 	 
0.170999996	 -0.166 	  -44.86 	 
0.171199996	 -0.167 	  -45.99 	 
0.171399996	 -0.168 	  -47.10 	 
0.171599996	 -0.168 	  -48.29 	 
0.171799996	 -0.169 	  -49.49 	 
0.171999996	 -0.170 	  -50.78 	 
0.172199996	 -0.171 	  -52.15 	 
0.172399996	 -0.172 	  -53.58 	 
0.172599996	 -0.172 	  -55.08 	 
0.172799996	 -0.174 	  -56.62 	 
0.172999996	 -0.176 	  -58.20 	 
0.173199996	 -0.177 	  -59.74 	 
0.173399996	 -0.177 	  -61.28 	 
0.173599996	 -0.179 	  -62.80 	 
0.173799996	 -0.181 	  -64.29 	 
0.173999996	 -0.182 	  -65.78 	 
0.174199996	 -0.183 	  -67.27 	 
0.174399996	 -0.185 	  -68.74 	 
0.174599996	 -0.186 	  -70.20 	 
0.174799996	 -0.187 	  -71.61 	 
0.174999996	 -0.189 	  -72.98 	 
0.175199996	 -0.189 	  -74.30 	 
0.175399996	 -0.191 	  -75.57 	 
0.175599996	 -0.192 	  -76.73 	 
0.175799996	 -0.194 	  -77.85 	 
0.175999996	 -0.195 	  -78.92 	 
0.176199996	 -0.196 	  -79.90 	 
0.176399996	 -0.196 	  -80.81 	 
0.176599996	 -0.197 	  -81.68 	 
0.176799996	 -0.198 	  -82.47 	 
0.176999996	 -0.198 	  -83.16 	 
0.177199996	 -0.200 	  -83.75 	 
0.177399996	 -0.200 	  -84.26 	 
0.177599996	 -0.201 	  -84.67 	 
0.177799996	 -0.201 	  -84.98 	 
0.177999996	 -0.202 	  -85.23 	 
0.178199995	 -0.202 	  -85.40 	 
0.178399995	 -0.202 	  -85.48 	 
0.178599995	 -0.202 	  -85.48 	 
0.178799995	 -0.203 	  -85.39 	 
0.178999995	 -0.203 	  -85.24 	 
0.179199995	 -0.203 	  -84.97 	 
0.179399995	 -0.202 	  -84.62 	 
0.179599995	 -0.202 	  -84.21 	 
0.179799995	 -0.203 	  -83.68 	 
0.179999995	 -0.202 	  -83.10 	 
0.180199995	 -0.202 	  -82.45 	 
0.180399995	 -0.202 	  -81.76 	 
0.180599995	 -0.201 	  -80.94 	 
0.180799995	 -0.200 	  -80.07 	 
0.180999995	 -0.200 	  -79.12 	 
0.181199995	 -0.200 	  -78.09 	 
0.181399995	 -0.199 	  -77.08 	 
0.181599995	 -0.199 	  -75.92 	 
0.181799995	 -0.198 	  -74.59 	 
0.181999995	 -0.197 	  -73.13 	 
0.182199995	 -0.196 	  -71.63 	 
0.182399995	 -0.196 	  -70.11 	 
0.182599995	 -0.195 	  -68.58 	 
0.182799995	 -0.194 	  -67.08 	 
0.182999995	 -0.192 	  -65.67 	 
0.183199995	 -0.192 	  -64.24 	 
0.183399995	 -0.190 	  -62.85 	 
0.183599995	 -0.190 	  -61.39 	 
0.183799995	 -0.189 	  -59.93 	 
0.183999995	 -0.187 	  -58.34 	 
0.184199995	 -0.186 	  -56.79 	 
0.184399995	 -0.184 	  -55.30 	 
0.184599995	 -0.183 	  -53.87 	 
0.184799995	 -0.182 	  -52.48 	 
0.184999995	 -0.181 	  -51.12 	 
0.185199995	 -0.179 	  -49.80 	 
0.185399995	 -0.178 	  -48.53 	 
0.185599995	 -0.177 	  -47.28 	 
0.185799995	 -0.176 	  -46.07 	 
0.185999995	 -0.174 	  -44.94 	 
0.186199995	 -0.173 	  -43.88 	 
0.186399995	 -0.172 	  -42.83 	 
0.186599995	 -0.171 	  -41.85 	 
0.186799995	 -0.170 	  -40.97 	 
0.186999995	 -0.167 	  -40.18 	 
0.187199995	 -0.167 	  -39.54 	 
0.187399995	 -0.167 	  -38.97 	 
0.187599995	 -0.166 	  -38.50 	 
0.187799995	 -0.165 	  -38.14 	 
0.187999995	 -0.165 	  -37.92 	 
0.188199995	 -0.163 	  -37.75 	 
0.188399995	 -0.163 	  -37.68 	 
0.188599995	 -0.163 	  -37.74 	 
0.188799995	 -0.163 	  -37.92 	 
0.188999995	 -0.163 	  -38.20 	 
0.189199995	 -0.164 	  -38.57 	 
0.189399995	 -0.164 	  -39.02 	 
0.189599995	 -0.163 	  -39.54 	 
0.189799995	 -0.163 	  -40.08 	 
0.189999995	 -0.164 	  -40.66 	 
0.190199995	 -0.164 	  -41.30 	 
0.190399995	 -0.164 	  -42.04 	 
0.190599995	 -0.165 	  -42.85 	 
0.190799995	 -0.166 	  -43.77 	 
0.190999995	 -0.166 	  -44.80 	 
0.191199995	 -0.167 	  -45.92 	 
0.191399995	 -0.167 	  -47.10 	 
0.191599995	 -0.168 	  -48.31 	 
0.191799995	 -0.169 	  -49.59 	 
0.191999995	 -0.170 	  -50.91 	 
0.192199995	 -0.171 	  -52.27 	 
0.192399995	 -0.172 	  -53.66 	 
0.192599995	 -0.173 	  -55.13 	 
0.192799995	 -0.175 	  -56.63 	 
0.192999995	 -0.175 	  -58.15 	 
0.193199995	 -0.177 	  -59.72 	 
0.193399995	 -0.178 	  -61.24 	 
0.193599995	 -0.180 	  -62.80 	 
0.193799995	 -0.180 	  -64.31 	 
0.193999995	 -0.182 	  -65.82 	 
0.194199995	 -0.183 	  -67.30 	 
0.194399995	 -0.185 	  -68.76 	 
0.194599995	 -0.186 	  -70.18 	 
0.194799995	 -0.187 	  -71.58 	 
0.194999995	 -0.188 	  -72.94 	 
0.195199995	 -0.190 	  -74.26 	 
0.195399995	 -0.191 	  -75.52 	 
0.195599995	 -0.192 	  -76.73 	 
0.195799995	 -0.193 	  -77.88 	 
0.195999995	 -0.194 	  -78.95 	 
0.196199995	 -0.196 	  -79.93 	 
0.196399995	 -0.197 	  -80.88 	 
0.196599995	 -0.197 	  -81.71 	 
0.196799995	 -0.198 	  -82.48 	 
0.196999995	 -0.198 	  -83.18 	 
0.197199995	 -0.200 	  -83.77 	 
0.197399995	 -0.201 	  -84.30 	 
0.197599995	 -0.201 	  -84.69 	 
0.197799995	 -0.201 	  -85.01 	 
0.197999995	 -0.202 	  -85.24 	 
0.198199995	 -0.201 	  -85.39 	 
0.198399995	 -0.202 	  -85.45 	 
0.198599995	 -0.203 	  -85.47 	 
0.198799995	 -0.203 	  -85.42 	 
0.198999995	 -0.203 	  -85.24 	 
0.199199995	 -0.203 	  -84.95 	 
0.199399995	 -0.202 	  -84.62 	 
0.199599995	 -0.203 	  -84.19 	 
0.199799995	 -0.203 	  -83.67 	 
0.199999995	 -0.202 	  -83.12 	 
0.200199995	 -0.202 	  -82.47 	 
0.200399995	 -0.202 	  -81.75 	 
0.200599995	 -0.201 	  -80.98 	 
0.200799995	 -0.201 	  -80.09 	 
0.200999995	 -0.201 	  -79.12 	 
0.201199995	 -0.200 	  -78.08 	 
0.201399995	 -0.200 	  -77.03 	 
0.201599995	 -0.199 	  -75.90 	 
0.201799995	 -0.198 	  -74.59 	 
0.201999995	 -0.198 	  -73.14 	 
0.202199995	 -0.196 	  -71.64 	 
0.202399995	 -0.196 	  -70.15 	 
0.202599995	 -0.195 	  -68.65 	 
0.202799995	 -0.194 	  -67.19 	 
0.202999995	 -0.192 	  -65.76 	 
0.203199995	 -0.191 	  -64.37 	 
0.203399995	 -0.191 	  -62.90 	 
0.203599995	 -0.189 	  -61.44 	 
0.203799995	 -0.188 	  -59.86 	 
0.203999995	 -0.187 	  -58.33 	 
0.204199995	 -0.186 	  -56.78 	 
0.204399995	 -0.185 	  -55.30 	 
0.204599995	 -0.183 	  -53.90 	 
