0.000000000	 -0.561 	  -68.32 	 
0.000200000	 -0.560 	  -68.03 	 
0.000400000	 -0.560 	  -67.73 	 
0.000600000	 -0.560 	  -67.44 	 
0.000800000	 -0.560 	  -67.14 	 
0.001000000	 -0.560 	  -66.87 	 
0.001200000	 -0.559 	  -66.57 	 
0.001400000	 -0.560 	  -66.28 	 
0.001600000	 -0.558 	  -65.98 	 
0.001800000	 -0.558 	  -65.68 	 
0.002000000	 -0.558 	  -65.37 	 
0.002200000	 -0.559 	  -65.05 	 
0.002400000	 -0.558 	  -64.74 	 
0.002600000	 -0.558 	  -64.46 	 
0.002800000	 -0.557 	  -64.16 	 
0.003000000	 -0.557 	  -63.87 	 
0.003200000	 -0.556 	  -63.56 	 
0.003400000	 -0.555 	  -63.27 	 
0.003600000	 -0.556 	  -62.97 	 
0.003800000	 -0.556 	  -62.67 	 
0.004000000	 -0.555 	  -62.36 	 
0.004200000	 -0.555 	  -62.03 	 
0.004400000	 -0.554 	  -61.74 	 
0.004600000	 -0.554 	  -61.42 	 
0.004800000	 -0.554 	  -61.10 	 
0.005000000	 -0.554 	  -60.80 	 
0.005200000	 -0.554 	  -60.49 	 
0.005400000	 -0.554 	  -60.20 	 
0.005600000	 -0.553 	  -59.92 	 
0.005800000	 -0.552 	  -59.62 	 
0.006000000	 -0.552 	  -59.32 	 
0.006200000	 -0.553 	  -59.03 	 
0.006400000	 -0.552 	  -58.71 	 
0.006600000	 -0.552 	  -58.40 	 
0.006800000	 -0.551 	  -58.09 	 
0.007000000	 -0.551 	  -57.79 	 
0.007200000	 -0.550 	  -57.49 	 
0.007400000	 -0.550 	  -57.21 	 
0.007600000	 -0.550 	  -56.91 	 
0.007800000	 -0.549 	  -56.60 	 
0.008000000	 -0.550 	  -56.30 	 
0.008200000	 -0.549 	  -56.01 	 
0.008400000	 -0.549 	  -55.70 	 
0.008600000	 -0.548 	  -55.41 	 
0.008800000	 -0.549 	  -55.10 	 
0.009000000	 -0.548 	  -54.84 	 
0.009200000	 -0.548 	  -54.56 	 
0.009400000	 -0.547 	  -54.27 	 
0.009600000	 -0.547 	  -54.01 	 
0.009800000	 -0.546 	  -53.70 	 
0.010000000	 -0.545 	  -53.43 	 
0.010200000	 -0.546 	  -53.15 	 
0.010400000	 -0.546 	  -52.86 	 
0.010600000	 -0.546 	  -52.57 	 
0.010800000	 -0.545 	  -52.30 	 
0.011000000	 -0.545 	  -52.04 	 
0.011200000	 -0.544 	  -51.75 	 
0.011400000	 -0.544 	  -51.49 	 
0.011600000	 -0.544 	  -51.20 	 
0.011800000	 -0.543 	  -50.94 	 
0.012000000	 -0.543 	  -50.68 	 
0.012200000	 -0.543 	  -50.39 	 
0.012400000	 -0.542 	  -50.12 	 
0.012600000	 -0.542 	  -49.86 	 
0.012800000	 -0.541 	  -49.58 	 
0.013000000	 -0.540 	  -49.34 	 
0.013200000	 -0.541 	  -49.07 	 
0.013400000	 -0.540 	  -48.81 	 
0.013600000	 -0.540 	  -48.56 	 
0.013800000	 -0.540 	  -48.30 	 
0.014000000	 -0.539 	  -48.06 	 
0.014200000	 -0.539 	  -47.81 	 
0.014400000	 -0.539 	  -47.58 	 
0.014600000	 -0.539 	  -47.33 	 
0.014800000	 -0.539 	  -47.08 	 
0.015000000	 -0.539 	  -46.84 	 
0.015200000	 -0.537 	  -46.61 	 
0.015400000	 -0.537 	  -46.36 	 
0.015600000	 -0.537 	  -46.12 	 
0.015800000	 -0.536 	  -45.90 	 
0.016000000	 -0.536 	  -45.69 	 
0.016200000	 -0.535 	  -45.48 	 
0.016400000	 -0.535 	  -45.24 	 
0.016600000	 -0.536 	  -45.05 	 
0.016800000	 -0.535 	  -44.85 	 
0.017000000	 -0.535 	  -44.61 	 
0.017200000	 -0.535 	  -44.40 	 
0.017400000	 -0.534 	  -44.20 	 
0.017600000	 -0.534 	  -43.99 	 
0.017800000	 -0.533 	  -43.79 	 
0.018000000	 -0.533 	  -43.60 	 
0.018200000	 -0.533 	  -43.42 	 
0.018400000	 -0.532 	  -43.23 	 
0.018600000	 -0.531 	  -43.04 	 
0.018800000	 -0.531 	  -42.84 	 
0.019000000	 -0.531 	  -42.67 	 
0.019200000	 -0.531 	  -42.46 	 
0.019400000	 -0.530 	  -42.26 	 
0.019600000	 -0.530 	  -42.07 	 
0.019799999	 -0.530 	  -41.89 	 
0.019999999	 -0.530 	  -41.70 	 
0.020199999	 -0.530 	  -41.56 	 
0.020399999	 -0.530 	  -41.40 	 
0.020599999	 -0.530 	  -41.26 	 
0.020799999	 -0.529 	  -41.11 	 
0.020999999	 -0.529 	  -40.93 	 
0.021199999	 -0.529 	  -40.82 	 
0.021399999	 -0.528 	  -40.64 	 
0.021599999	 -0.528 	  -40.51 	 
0.021799999	 -0.528 	  -40.38 	 
0.021999999	 -0.527 	  -40.24 	 
0.022199999	 -0.528 	  -40.10 	 
0.022399999	 -0.528 	  -39.98 	 
0.022599999	 -0.527 	  -39.85 	 
0.022799999	 -0.526 	  -39.75 	 
0.022999999	 -0.527 	  -39.64 	 
0.023199999	 -0.527 	  -39.52 	 
0.023399999	 -0.526 	  -39.41 	 
0.023599999	 -0.526 	  -39.29 	 
0.023799999	 -0.526 	  -39.21 	 
0.023999999	 -0.526 	  -39.09 	 
0.024199999	 -0.526 	  -38.98 	 
0.024399999	 -0.525 	  -38.89 	 
0.024599999	 -0.525 	  -38.80 	 
0.024799999	 -0.525 	  -38.71 	 
0.024999999	 -0.525 	  -38.62 	 
0.025199999	 -0.525 	  -38.55 	 
0.025399999	 -0.525 	  -38.47 	 
0.025599999	 -0.525 	  -38.39 	 
0.025799999	 -0.524 	  -38.34 	 
0.025999999	 -0.524 	  -38.25 	 
0.026199999	 -0.524 	  -38.21 	 
0.026399999	 -0.524 	  -38.16 	 
0.026599999	 -0.524 	  -38.09 	 
0.026799999	 -0.523 	  -38.05 	 
0.026999999	 -0.523 	  -37.98 	 
0.027199999	 -0.523 	  -37.95 	 
0.027399999	 -0.524 	  -37.92 	 
0.027599999	 -0.524 	  -37.87 	 
0.027799999	 -0.523 	  -37.86 	 
0.027999999	 -0.523 	  -37.80 	 
0.028199999	 -0.523 	  -37.77 	 
0.028399999	 -0.523 	  -37.75 	 
0.028599999	 -0.524 	  -37.73 	 
0.028799999	 -0.523 	  -37.71 	 
0.028999999	 -0.522 	  -37.70 	 
0.029199999	 -0.523 	  -37.72 	 
0.029399999	 -0.522 	  -37.74 	 
0.029599999	 -0.522 	  -37.75 	 
0.029799999	 -0.523 	  -37.75 	 
0.029999999	 -0.522 	  -37.73 	 
0.030199999	 -0.522 	  -37.77 	 
0.030399999	 -0.522 	  -37.79 	 
0.030599999	 -0.522 	  -37.79 	 
0.030799999	 -0.522 	  -37.80 	 
0.030999999	 -0.523 	  -37.84 	 
0.031199999	 -0.522 	  -37.85 	 
0.031399999	 -0.522 	  -37.90 	 
0.031599999	 -0.522 	  -37.91 	 
0.031799999	 -0.523 	  -37.95 	 
0.031999999	 -0.522 	  -37.99 	 
0.032199999	 -0.523 	  -38.04 	 
0.032399999	 -0.521 	  -38.09 	 
0.032599999	 -0.522 	  -38.12 	 
0.032799999	 -0.522 	  -38.16 	 
0.032999999	 -0.522 	  -38.23 	 
0.033199999	 -0.521 	  -38.27 	 
0.033399999	 -0.523 	  -38.34 	 
0.033599999	 -0.522 	  -38.42 	 
0.033799999	 -0.522 	  -38.49 	 
0.033999999	 -0.523 	  -38.58 	 
0.034199999	 -0.523 	  -38.67 	 
0.034399999	 -0.522 	  -38.76 	 
0.034599999	 -0.523 	  -38.84 	 
0.034799999	 -0.523 	  -38.93 	 
0.034999999	 -0.523 	  -39.01 	 
0.035199999	 -0.522 	  -39.10 	 
0.035399999	 -0.523 	  -39.19 	 
0.035599999	 -0.523 	  -39.29 	 
0.035799999	 -0.523 	  -39.41 	 
0.035999999	 -0.523 	  -39.53 	 
0.036199999	 -0.522 	  -39.68 	 
0.036399999	 -0.523 	  -39.80 	 
0.036599999	 -0.523 	  -39.92 	 
0.036799999	 -0.523 	  -40.05 	 
0.036999999	 -0.523 	  -40.20 	 
0.037199999	 -0.523 	  -40.30 	 
0.037399999	 -0.524 	  -40.46 	 
0.037599999	 -0.524 	  -40.59 	 
0.037799999	 -0.523 	  -40.73 	 
0.037999999	 -0.524 	  -40.91 	 
0.038199999	 -0.524 	  -41.06 	 
0.038399999	 -0.524 	  -41.23 	 
0.038599999	 -0.523 	  -41.39 	 
0.038799999	 -0.524 	  -41.55 	 
0.038999999	 -0.524 	  -41.71 	 
0.039199999	 -0.524 	  -41.85 	 
0.039399999	 -0.525 	  -42.01 	 
0.039599999	 -0.524 	  -42.18 	 
0.039799999	 -0.525 	  -42.36 	 
0.039999999	 -0.525 	  -42.55 	 
0.040199999	 -0.526 	  -42.74 	 
0.040399999	 -0.525 	  -42.93 	 
0.040599999	 -0.525 	  -43.13 	 
0.040799999	 -0.526 	  -43.33 	 
0.040999999	 -0.525 	  -43.53 	 
0.041199999	 -0.526 	  -43.75 	 
0.041399999	 -0.526 	  -43.95 	 
0.041599999	 -0.525 	  -44.16 	 
0.041799999	 -0.526 	  -44.38 	 
0.041999999	 -0.526 	  -44.57 	 
0.042199999	 -0.526 	  -44.80 	 
0.042399999	 -0.527 	  -45.03 	 
0.042599999	 -0.527 	  -45.24 	 
0.042799999	 -0.527 	  -45.49 	 
0.042999999	 -0.528 	  -45.71 	 
0.043199999	 -0.528 	  -45.92 	 
0.043399999	 -0.528 	  -46.16 	 
0.043599999	 -0.528 	  -46.40 	 
0.043799999	 -0.528 	  -46.64 	 
0.043999999	 -0.529 	  -46.88 	 
0.044199999	 -0.529 	  -47.14 	 
0.044399999	 -0.529 	  -47.38 	 
0.044599999	 -0.529 	  -47.62 	 
0.044799999	 -0.529 	  -47.89 	 
0.044999999	 -0.529 	  -48.12 	 
0.045199999	 -0.530 	  -48.38 	 
0.045399999	 -0.529 	  -48.64 	 
0.045599999	 -0.529 	  -48.88 	 
0.045799999	 -0.531 	  -49.14 	 
0.045999999	 -0.530 	  -49.43 	 
0.046199999	 -0.531 	  -49.66 	 
0.046399999	 -0.531 	  -49.97 	 
0.046599999	 -0.531 	  -50.21 	 
0.046799999	 -0.532 	  -50.48 	 
0.046999999	 -0.531 	  -50.75 	 
0.047199999	 -0.532 	  -51.01 	 
0.047399999	 -0.533 	  -51.28 	 
0.047599999	 -0.533 	  -51.55 	 
0.047799999	 -0.533 	  -51.81 	 
0.047999999	 -0.533 	  -52.10 	 
0.048199999	 -0.533 	  -52.37 	 
0.048399999	 -0.534 	  -52.65 	 
0.048599999	 -0.534 	  -52.94 	 
0.048799999	 -0.534 	  -53.22 	 
0.048999999	 -0.535 	  -53.49 	 
0.049199999	 -0.535 	  -53.80 	 
0.049399999	 -0.536 	  -54.10 	 
0.049599999	 -0.536 	  -54.38 	 
0.049799999	 -0.536 	  -54.69 	 
0.049999999	 -0.536 	  -55.00 	 
0.050199999	 -0.536 	  -55.28 	 
0.050399999	 -0.537 	  -55.55 	 
0.050599999	 -0.537 	  -55.85 	 
0.050799999	 -0.537 	  -56.15 	 
0.050999999	 -0.538 	  -56.42 	 
0.051199999	 -0.538 	  -56.73 	 
0.051399999	 -0.539 	  -57.02 	 
0.051599999	 -0.539 	  -57.33 	 
0.051799999	 -0.539 	  -57.64 	 
0.051999999	 -0.540 	  -57.93 	 
0.052199999	 -0.540 	  -58.23 	 
0.052399999	 -0.540 	  -58.52 	 
0.052599999	 -0.540 	  -58.80 	 
0.052799999	 -0.540 	  -59.12 	 
0.052999999	 -0.541 	  -59.40 	 
0.053199999	 -0.541 	  -59.70 	 
0.053399999	 -0.541 	  -60.01 	 
0.053599999	 -0.542 	  -60.32 	 
0.053799999	 -0.542 	  -60.63 	 
0.053999999	 -0.543 	  -60.96 	 
0.054199999	 -0.542 	  -61.25 	 
0.054399999	 -0.544 	  -61.57 	 
0.054599999	 -0.544 	  -61.85 	 
0.054799999	 -0.544 	  -62.15 	 
0.054999999	 -0.544 	  -62.45 	 
0.055199999	 -0.545 	  -62.73 	 
0.055399999	 -0.545 	  -63.01 	 
0.055599999	 -0.545 	  -63.31 	 
0.055799999	 -0.546 	  -63.63 	 
0.055999999	 -0.546 	  -63.94 	 
0.056199999	 -0.546 	  -64.24 	 
0.056399999	 -0.547 	  -64.55 	 
0.056599999	 -0.547 	  -64.85 	 
0.056799999	 -0.547 	  -65.12 	 
0.056999999	 -0.547 	  -65.43 	 
0.057199999	 -0.548 	  -65.71 	 
0.057399999	 -0.548 	  -66.01 	 
0.057599999	 -0.548 	  -66.31 	 
0.057799999	 -0.549 	  -66.63 	 
0.057999999	 -0.549 	  -66.92 	 
0.058199999	 -0.550 	  -67.25 	 
0.058399999	 -0.550 	  -67.53 	 
0.058599999	 -0.550 	  -67.81 	 
0.058799999	 -0.551 	  -68.09 	 
0.058999999	 -0.551 	  -68.37 	 
0.059199999	 -0.551 	  -68.65 	 
0.059399998	 -0.552 	  -68.91 	 
0.059599998	 -0.552 	  -69.20 	 
0.059799998	 -0.552 	  -69.48 	 
0.059999998	 -0.552 	  -69.75 	 
0.060199998	 -0.553 	  -70.05 	 
0.060399998	 -0.553 	  -70.34 	 
0.060599998	 -0.553 	  -70.60 	 
0.060799998	 -0.554 	  -70.89 	 
0.060999998	 -0.554 	  -71.15 	 
0.061199998	 -0.554 	  -71.42 	 
0.061399998	 -0.555 	  -71.69 	 
0.061599998	 -0.555 	  -71.98 	 
0.061799998	 -0.555 	  -72.22 	 
0.061999998	 -0.555 	  -72.48 	 
0.062199998	 -0.557 	  -72.74 	 
0.062399998	 -0.556 	  -73.04 	 
0.062599998	 -0.557 	  -73.30 	 
0.062799998	 -0.557 	  -73.56 	 
0.062999998	 -0.558 	  -73.86 	 
0.063199998	 -0.558 	  -74.12 	 
0.063399998	 -0.558 	  -74.35 	 
0.063599998	 -0.558 	  -74.62 	 
0.063799998	 -0.558 	  -74.85 	 
0.063999998	 -0.559 	  -75.07 	 
0.064199998	 -0.558 	  -75.30 	 
0.064399998	 -0.559 	  -75.53 	 
0.064599998	 -0.559 	  -75.78 	 
0.064799998	 -0.559 	  -76.01 	 
0.064999998	 -0.560 	  -76.26 	 
0.065199998	 -0.561 	  -76.53 	 
0.065399998	 -0.561 	  -76.76 	 
0.065599998	 -0.562 	  -77.00 	 
0.065799998	 -0.562 	  -77.24 	 
0.065999998	 -0.562 	  -77.44 	 
0.066199998	 -0.562 	  -77.66 	 
0.066399998	 -0.563 	  -77.87 	 
0.066599998	 -0.562 	  -78.07 	 
0.066799998	 -0.563 	  -78.28 	 
0.066999998	 -0.563 	  -78.50 	 
0.067199998	 -0.563 	  -78.71 	 
0.067399998	 -0.564 	  -78.92 	 
0.067599998	 -0.563 	  -79.12 	 
0.067799998	 -0.564 	  -79.31 	 
0.067999998	 -0.563 	  -79.50 	 
0.068199998	 -0.564 	  -79.69 	 
0.068399998	 -0.564 	  -79.88 	 
0.068599998	 -0.564 	  -80.08 	 
0.068799998	 -0.565 	  -80.26 	 
0.068999998	 -0.565 	  -80.47 	 
0.069199998	 -0.565 	  -80.68 	 
0.069399998	 -0.566 	  -80.88 	 
0.069599998	 -0.566 	  -81.06 	 
0.069799998	 -0.566 	  -81.20 	 
0.069999998	 -0.566 	  -81.37 	 
0.070199998	 -0.567 	  -81.50 	 
0.070399998	 -0.567 	  -81.69 	 
0.070599998	 -0.567 	  -81.84 	 
0.070799998	 -0.568 	  -82.02 	 
0.070999998	 -0.567 	  -82.19 	 
0.071199998	 -0.568 	  -82.33 	 
0.071399998	 -0.568 	  -82.48 	 
0.071599998	 -0.567 	  -82.60 	 
0.071799998	 -0.567 	  -82.75 	 
0.071999998	 -0.568 	  -82.86 	 
0.072199998	 -0.569 	  -83.02 	 
0.072399998	 -0.568 	  -83.13 	 
0.072599998	 -0.568 	  -83.27 	 
0.072799998	 -0.569 	  -83.40 	 
0.072999998	 -0.569 	  -83.51 	 
0.073199998	 -0.569 	  -83.61 	 
0.073399998	 -0.569 	  -83.73 	 
0.073599998	 -0.569 	  -83.81 	 
0.073799998	 -0.569 	  -83.93 	 
0.073999998	 -0.570 	  -84.03 	 
0.074199998	 -0.570 	  -84.12 	 
0.074399998	 -0.570 	  -84.22 	 
0.074599998	 -0.570 	  -84.34 	 
0.074799998	 -0.570 	  -84.43 	 
0.074999998	 -0.570 	  -84.51 	 
0.075199998	 -0.570 	  -84.56 	 
0.075399998	 -0.571 	  -84.65 	 
0.075599998	 -0.571 	  -84.72 	 
0.075799998	 -0.571 	  -84.80 	 
0.075999998	 -0.571 	  -84.88 	 
0.076199998	 -0.572 	  -84.93 	 
0.076399998	 -0.571 	  -85.01 	 
0.076599998	 -0.571 	  -85.07 	 
0.076799998	 -0.572 	  -85.15 	 
0.076999998	 -0.571 	  -85.19 	 
0.077199998	 -0.572 	  -85.22 	 
0.077399998	 -0.571 	  -85.27 	 
0.077599998	 -0.572 	  -85.30 	 
0.077799998	 -0.571 	  -85.35 	 
0.077999998	 -0.572 	  -85.38 	 
0.078199998	 -0.571 	  -85.43 	 
0.078399998	 -0.572 	  -85.45 	 
0.078599998	 -0.572 	  -85.48 	 
0.078799998	 -0.571 	  -85.48 	 
0.078999998	 -0.571 	  -85.49 	 
0.079199998	 -0.572 	  -85.48 	 
0.079399998	 -0.572 	  -85.46 	 
0.079599998	 -0.572 	  -85.46 	 
0.079799998	 -0.572 	  -85.47 	 
0.079999998	 -0.572 	  -85.47 	 
0.080199998	 -0.572 	  -85.48 	 
0.080399998	 -0.572 	  -85.44 	 
0.080599998	 -0.572 	  -85.46 	 
0.080799998	 -0.572 	  -85.44 	 
0.080999998	 -0.573 	  -85.41 	 
0.081199998	 -0.573 	  -85.39 	 
0.081399998	 -0.573 	  -85.38 	 
0.081599998	 -0.572 	  -85.33 	 
0.081799998	 -0.572 	  -85.31 	 
0.081999998	 -0.572 	  -85.29 	 
0.082199998	 -0.572 	  -85.25 	 
0.082399998	 -0.572 	  -85.20 	 
0.082599998	 -0.572 	  -85.16 	 
0.082799998	 -0.572 	  -85.11 	 
0.082999998	 -0.573 	  -85.04 	 
0.083199998	 -0.572 	  -85.00 	 
0.083399998	 -0.572 	  -84.93 	 
0.083599998	 -0.572 	  -84.87 	 
0.083799998	 -0.572 	  -84.81 	 
0.083999998	 -0.572 	  -84.71 	 
0.084199998	 -0.571 	  -84.65 	 
0.084399998	 -0.572 	  -84.56 	 
0.084599998	 -0.572 	  -84.50 	 
0.084799998	 -0.572 	  -84.41 	 
0.084999998	 -0.572 	  -84.32 	 
0.085199998	 -0.572 	  -84.23 	 
0.085399998	 -0.572 	  -84.12 	 
0.085599998	 -0.572 	  -84.03 	 
0.085799998	 -0.572 	  -83.94 	 
0.085999998	 -0.572 	  -83.85 	 
0.086199998	 -0.572 	  -83.74 	 
0.086399998	 -0.572 	  -83.62 	 
0.086599998	 -0.572 	  -83.47 	 
0.086799998	 -0.571 	  -83.36 	 
0.086999998	 -0.571 	  -83.20 	 
0.087199998	 -0.571 	  -83.09 	 
0.087399998	 -0.572 	  -82.95 	 
0.087599998	 -0.572 	  -82.79 	 
0.087799998	 -0.571 	  -82.67 	 
0.087999998	 -0.572 	  -82.50 	 
0.088199998	 -0.572 	  -82.35 	 
0.088399998	 -0.572 	  -82.20 	 
0.088599998	 -0.571 	  -82.06 	 
0.088799998	 -0.571 	  -81.90 	 
0.088999998	 -0.571 	  -81.75 	 
0.089199998	 -0.570 	  -81.60 	 
0.089399998	 -0.570 	  -81.41 	 
0.089599998	 -0.570 	  -81.24 	 
0.089799998	 -0.570 	  -81.03 	 
0.089999998	 -0.570 	  -80.87 	 
0.090199998	 -0.570 	  -80.66 	 
0.090399998	 -0.570 	  -80.46 	 
0.090599998	 -0.570 	  -80.28 	 
0.090799998	 -0.570 	  -80.12 	 
0.090999998	 -0.570 	  -79.90 	 
0.091199998	 -0.570 	  -79.70 	 
0.091399998	 -0.570 	  -79.50 	 
0.091599998	 -0.569 	  -79.28 	 
0.091799998	 -0.569 	  -79.08 	 
0.091999998	 -0.568 	  -78.84 	 
0.092199998	 -0.568 	  -78.62 	 
0.092399998	 -0.568 	  -78.40 	 
0.092599998	 -0.569 	  -78.16 	 
0.092799998	 -0.568 	  -77.95 	 
0.092999998	 -0.568 	  -77.70 	 
0.093199998	 -0.568 	  -77.47 	 
0.093399998	 -0.568 	  -77.24 	 
0.093599998	 -0.567 	  -77.02 	 
0.093799998	 -0.568 	  -76.77 	 
0.093999998	 -0.567 	  -76.54 	 
0.094199998	 -0.567 	  -76.30 	 
0.094399998	 -0.567 	  -76.06 	 
0.094599998	 -0.567 	  -75.79 	 
0.094799998	 -0.567 	  -75.52 	 
0.094999998	 -0.567 	  -75.26 	 
0.095199998	 -0.566 	  -75.01 	 
0.095399998	 -0.567 	  -74.77 	 
0.095599998	 -0.566 	  -74.50 	 
0.095799998	 -0.566 	  -74.26 	 
0.095999998	 -0.566 	  -73.99 	 
0.096199998	 -0.565 	  -73.74 	 
0.096399998	 -0.565 	  -73.47 	 
0.096599998	 -0.565 	  -73.18 	 
0.096799998	 -0.565 	  -72.92 	 
0.096999998	 -0.564 	  -72.64 	 
0.097199998	 -0.565 	  -72.38 	 
0.097399998	 -0.564 	  -72.11 	 
0.097599998	 -0.563 	  -71.81 	 
0.097799998	 -0.564 	  -71.56 	 
0.097999998	 -0.563 	  -71.28 	 
0.098199998	 -0.563 	  -71.00 	 
0.098399998	 -0.564 	  -70.72 	 
0.098599998	 -0.563 	  -70.44 	 
0.098799998	 -0.563 	  -70.12 	 
0.098999997	 -0.562 	  -69.80 	 
0.099199997	 -0.563 	  -69.53 	 
0.099399997	 -0.562 	  -69.22 	 
0.099599997	 -0.561 	  -68.93 	 
0.099799997	 -0.561 	  -68.66 	 
0.099999997	 -0.560 	  -68.36 	 
0.100199997	 -0.560 	  -68.05 	 
0.100399997	 -0.560 	  -67.76 	 
0.100599997	 -0.560 	  -67.47 	 
0.100799997	 -0.560 	  -67.18 	 
0.100999997	 -0.560 	  -66.87 	 
0.101199997	 -0.559 	  -66.57 	 
0.101399997	 -0.560 	  -66.26 	 
0.101599997	 -0.559 	  -65.97 	 
0.101799997	 -0.559 	  -65.68 	 
0.101999997	 -0.558 	  -65.39 	 
0.102199997	 -0.558 	  -65.08 	 
0.102399997	 -0.558 	  -64.79 	 
0.102599997	 -0.558 	  -64.49 	 
0.102799997	 -0.557 	  -64.19 	 
0.102999997	 -0.557 	  -63.89 	 
0.103199997	 -0.557 	  -63.57 	 
0.103399997	 -0.556 	  -63.26 	 
0.103599997	 -0.556 	  -62.96 	 
0.103799997	 -0.555 	  -62.66 	 
0.103999997	 -0.556 	  -62.34 	 
0.104199997	 -0.556 	  -62.05 	 
0.104399997	 -0.555 	  -61.74 	 
0.104599997	 -0.554 	  -61.44 	 
0.104799997	 -0.554 	  -61.13 	 
0.104999997	 -0.554 	  -60.84 	 
0.105199997	 -0.553 	  -60.52 	 
0.105399997	 -0.553 	  -60.23 	 
0.105599997	 -0.553 	  -59.93 	 
0.105799997	 -0.552 	  -59.61 	 
0.105999997	 -0.552 	  -59.31 	 
0.106199997	 -0.552 	  -59.01 	 
0.106399997	 -0.552 	  -58.70 	 
0.106599997	 -0.551 	  -58.41 	 
0.106799997	 -0.551 	  -58.11 	 
0.106999997	 -0.551 	  -57.80 	 
0.107199997	 -0.551 	  -57.49 	 
0.107399997	 -0.551 	  -57.19 	 
0.107599997	 -0.550 	  -56.90 	 
0.107799997	 -0.550 	  -56.58 	 
0.107999997	 -0.550 	  -56.30 	 
0.108199997	 -0.549 	  -56.00 	 
0.108399997	 -0.548 	  -55.70 	 
0.108599997	 -0.549 	  -55.42 	 
0.108799997	 -0.548 	  -55.17 	 
0.108999997	 -0.548 	  -54.86 	 
0.109199997	 -0.548 	  -54.58 	 
0.109399997	 -0.547 	  -54.29 	 
0.109599997	 -0.546 	  -54.01 	 
0.109799997	 -0.546 	  -53.72 	 
0.109999997	 -0.546 	  -53.45 	 
0.110199997	 -0.546 	  -53.16 	 
0.110399997	 -0.546 	  -52.86 	 
0.110599997	 -0.545 	  -52.60 	 
0.110799997	 -0.545 	  -52.32 	 
0.110999997	 -0.545 	  -52.05 	 
0.111199997	 -0.545 	  -51.76 	 
0.111399997	 -0.544 	  -51.49 	 
0.111599997	 -0.544 	  -51.20 	 
0.111799997	 -0.543 	  -50.93 	 
0.111999997	 -0.542 	  -50.66 	 
0.112199997	 -0.542 	  -50.38 	 
0.112399997	 -0.542 	  -50.12 	 
0.112599997	 -0.541 	  -49.82 	 
0.112799997	 -0.541 	  -49.59 	 
0.112999997	 -0.542 	  -49.32 	 
0.113199997	 -0.541 	  -49.08 	 
0.113399997	 -0.541 	  -48.80 	 
0.113599997	 -0.540 	  -48.57 	 
0.113799997	 -0.540 	  -48.29 	 
0.113999997	 -0.540 	  -48.06 	 
0.114199997	 -0.539 	  -47.81 	 
0.114399997	 -0.539 	  -47.57 	 
0.114599997	 -0.538 	  -47.34 	 
0.114799997	 -0.538 	  -47.07 	 
0.114999997	 -0.538 	  -46.84 	 
0.115199997	 -0.537 	  -46.58 	 
0.115399997	 -0.537 	  -46.37 	 
0.115599997	 -0.537 	  -46.12 	 
0.115799997	 -0.537 	  -45.90 	 
0.115999997	 -0.537 	  -45.69 	 
0.116199997	 -0.536 	  -45.47 	 
0.116399997	 -0.535 	  -45.27 	 
0.116599997	 -0.535 	  -45.03 	 
0.116799997	 -0.535 	  -44.84 	 
0.116999997	 -0.535 	  -44.63 	 
0.117199997	 -0.534 	  -44.41 	 
0.117399997	 -0.533 	  -44.20 	 
0.117599997	 -0.533 	  -43.99 	 
0.117799997	 -0.534 	  -43.81 	 
0.117999997	 -0.533 	  -43.60 	 
0.118199997	 -0.533 	  -43.42 	 
0.118399997	 -0.533 	  -43.21 	 
0.118599997	 -0.533 	  -43.01 	 
0.118799997	 -0.532 	  -42.85 	 
0.118999997	 -0.532 	  -42.64 	 
0.119199997	 -0.531 	  -42.45 	 
0.119399997	 -0.531 	  -42.26 	 
0.119599997	 -0.531 	  -42.09 	 
0.119799997	 -0.531 	  -41.91 	 
0.119999997	 -0.531 	  -41.74 	 
0.120199997	 -0.530 	  -41.55 	 
0.120399997	 -0.530 	  -41.41 	 
0.120599997	 -0.530 	  -41.25 	 
0.120799997	 -0.529 	  -41.08 	 
0.120999997	 -0.529 	  -40.93 	 
0.121199997	 -0.529 	  -40.79 	 
0.121399997	 -0.528 	  -40.62 	 
0.121599997	 -0.528 	  -40.51 	 
0.121799997	 -0.528 	  -40.38 	 
0.121999997	 -0.528 	  -40.27 	 
0.122199997	 -0.529 	  -40.14 	 
0.122399997	 -0.527 	  -40.03 	 
0.122599997	 -0.527 	  -39.87 	 
0.122799997	 -0.527 	  -39.74 	 
0.122999997	 -0.527 	  -39.63 	 
0.123199997	 -0.526 	  -39.51 	 
0.123399997	 -0.526 	  -39.39 	 
0.123599997	 -0.526 	  -39.28 	 
0.123799997	 -0.526 	  -39.17 	 
0.123999997	 -0.526 	  -39.06 	 
0.124199997	 -0.525 	  -38.97 	 
0.124399997	 -0.526 	  -38.88 	 
0.124599997	 -0.525 	  -38.80 	 
0.124799997	 -0.525 	  -38.69 	 
0.124999997	 -0.525 	  -38.61 	 
0.125199997	 -0.525 	  -38.54 	 
0.125399997	 -0.525 	  -38.47 	 
0.125599997	 -0.525 	  -38.40 	 
0.125799997	 -0.524 	  -38.34 	 
0.125999997	 -0.524 	  -38.26 	 
0.126199997	 -0.524 	  -38.21 	 
0.126399997	 -0.524 	  -38.15 	 
0.126599997	 -0.524 	  -38.08 	 
0.126799997	 -0.524 	  -38.03 	 
0.126999997	 -0.524 	  -37.99 	 
0.127199997	 -0.524 	  -37.95 	 
0.127399997	 -0.523 	  -37.90 	 
0.127599997	 -0.524 	  -37.86 	 
0.127799997	 -0.524 	  -37.83 	 
0.127999997	 -0.523 	  -37.80 	 
0.128199997	 -0.523 	  -37.77 	 
0.128399997	 -0.523 	  -37.75 	 
0.128599997	 -0.523 	  -37.75 	 
0.128799997	 -0.523 	  -37.74 	 
0.128999997	 -0.523 	  -37.73 	 
0.129199997	 -0.523 	  -37.74 	 
0.129399997	 -0.522 	  -37.73 	 
0.129599997	 -0.523 	  -37.73 	 
0.129799997	 -0.523 	  -37.74 	 
0.129999997	 -0.522 	  -37.75 	 
0.130199997	 -0.522 	  -37.75 	 
0.130399997	 -0.523 	  -37.77 	 
0.130599997	 -0.523 	  -37.79 	 
0.130799997	 -0.522 	  -37.79 	 
0.130999997	 -0.523 	  -37.81 	 
0.131199997	 -0.522 	  -37.86 	 
0.131399997	 -0.522 	  -37.88 	 
0.131599997	 -0.522 	  -37.92 	 
0.131799997	 -0.522 	  -37.95 	 
0.131999997	 -0.522 	  -37.99 	 
0.132199997	 -0.523 	  -38.01 	 
0.132399997	 -0.522 	  -38.06 	 
0.132599997	 -0.522 	  -38.10 	 
0.132799997	 -0.523 	  -38.14 	 
0.132999997	 -0.523 	  -38.21 	 
0.133199997	 -0.522 	  -38.28 	 
0.133399997	 -0.522 	  -38.35 	 
0.133599997	 -0.523 	  -38.42 	 
0.133799997	 -0.522 	  -38.50 	 
0.133999997	 -0.522 	  -38.57 	 
0.134199997	 -0.522 	  -38.64 	 
0.134399997	 -0.522 	  -38.73 	 
0.134599997	 -0.522 	  -38.80 	 
0.134799997	 -0.522 	  -38.90 	 
0.134999997	 -0.522 	  -39.00 	 
0.135199997	 -0.522 	  -39.09 	 
0.135399997	 -0.522 	  -39.21 	 
0.135599997	 -0.523 	  -39.33 	 
0.135799997	 -0.523 	  -39.44 	 
0.135999997	 -0.523 	  -39.55 	 
0.136199997	 -0.523 	  -39.69 	 
0.136399997	 -0.523 	  -39.79 	 
0.136599997	 -0.524 	  -39.91 	 
0.136799997	 -0.523 	  -40.03 	 
0.136999997	 -0.523 	  -40.16 	 
0.137199997	 -0.523 	  -40.31 	 
0.137399997	 -0.523 	  -40.44 	 
0.137599997	 -0.524 	  -40.60 	 
0.137799997	 -0.523 	  -40.75 	 
0.137999997	 -0.524 	  -40.91 	 
0.138199997	 -0.524 	  -41.08 	 
0.138399997	 -0.524 	  -41.21 	 
0.138599996	 -0.524 	  -41.37 	 
0.138799996	 -0.524 	  -41.52 	 
0.138999996	 -0.524 	  -41.67 	 
0.139199996	 -0.524 	  -41.84 	 
0.139399996	 -0.524 	  -42.01 	 
0.139599996	 -0.524 	  -42.18 	 
0.139799996	 -0.525 	  -42.37 	 
0.139999996	 -0.525 	  -42.56 	 
0.140199996	 -0.525 	  -42.76 	 
0.140399996	 -0.525 	  -42.93 	 
0.140599996	 -0.525 	  -43.14 	 
0.140799996	 -0.525 	  -43.34 	 
0.140999996	 -0.525 	  -43.53 	 
0.141199996	 -0.525 	  -43.73 	 
0.141399996	 -0.525 	  -43.95 	 
0.141599996	 -0.526 	  -44.15 	 
0.141799996	 -0.526 	  -44.36 	 
0.141999996	 -0.526 	  -44.60 	 
0.142199996	 -0.526 	  -44.80 	 
0.142399996	 -0.527 	  -45.04 	 
0.142599996	 -0.527 	  -45.27 	 
0.142799996	 -0.527 	  -45.48 	 
0.142999996	 -0.528 	  -45.73 	 
0.143199996	 -0.527 	  -45.95 	 
0.143399996	 -0.527 	  -46.17 	 
0.143599996	 -0.528 	  -46.43 	 
0.143799996	 -0.528 	  -46.65 	 
0.143999996	 -0.529 	  -46.91 	 
0.144199996	 -0.528 	  -47.13 	 
0.144399996	 -0.529 	  -47.37 	 
0.144599996	 -0.530 	  -47.62 	 
0.144799996	 -0.530 	  -47.88 	 
0.144999996	 -0.529 	  -48.11 	 
0.145199996	 -0.530 	  -48.38 	 
0.145399996	 -0.530 	  -48.64 	 
0.145599996	 -0.530 	  -48.90 	 
0.145799996	 -0.530 	  -49.15 	 
0.145999996	 -0.531 	  -49.43 	 
0.146199996	 -0.531 	  -49.69 	 
0.146399996	 -0.531 	  -49.95 	 
0.146599996	 -0.532 	  -50.22 	 
0.146799996	 -0.531 	  -50.49 	 
0.146999996	 -0.532 	  -50.76 	 
0.147199996	 -0.532 	  -51.03 	 
0.147399996	 -0.533 	  -51.29 	 
0.147599996	 -0.532 	  -51.58 	 
0.147799996	 -0.533 	  -51.84 	 
0.147999996	 -0.533 	  -52.12 	 
0.148199996	 -0.534 	  -52.38 	 
0.148399996	 -0.534 	  -52.67 	 
0.148599996	 -0.534 	  -52.96 	 
0.148799996	 -0.534 	  -53.22 	 
0.148999996	 -0.535 	  -53.53 	 
0.149199996	 -0.535 	  -53.82 	 
0.149399996	 -0.536 	  -54.10 	 
0.149599996	 -0.536 	  -54.40 	 
0.149799996	 -0.536 	  -54.69 	 
0.149999996	 -0.536 	  -54.99 	 
0.150199996	 -0.536 	  -55.28 	 
0.150399996	 -0.536 	  -55.58 	 
0.150599996	 -0.537 	  -55.85 	 
0.150799996	 -0.538 	  -56.18 	 
0.150999996	 -0.539 	  -56.46 	 
0.151199996	 -0.539 	  -56.75 	 
0.151399996	 -0.539 	  -57.03 	 
0.151599996	 -0.540 	  -57.34 	 
0.151799996	 -0.539 	  -57.63 	 
0.151999996	 -0.540 	  -57.93 	 
0.152199996	 -0.540 	  -58.24 	 
0.152399996	 -0.540 	  -58.52 	 
0.152599996	 -0.540 	  -58.83 	 
0.152799996	 -0.541 	  -59.14 	 
0.152999996	 -0.541 	  -59.44 	 
0.153199996	 -0.542 	  -59.73 	 
0.153399996	 -0.542 	  -60.04 	 
0.153599996	 -0.542 	  -60.33 	 
0.153799996	 -0.542 	  -60.62 	 
0.153999996	 -0.543 	  -60.93 	 
0.154199996	 -0.544 	  -61.21 	 
0.154399996	 -0.544 	  -61.53 	 
0.154599996	 -0.544 	  -61.83 	 
0.154799996	 -0.544 	  -62.12 	 
0.154999996	 -0.544 	  -62.45 	 
0.155199996	 -0.544 	  -62.73 	 
0.155399996	 -0.545 	  -63.04 	 
0.155599996	 -0.545 	  -63.34 	 
0.155799996	 -0.546 	  -63.64 	 
0.155999996	 -0.546 	  -63.94 	 
0.156199996	 -0.547 	  -64.26 	 
0.156399996	 -0.547 	  -64.55 	 
0.156599996	 -0.547 	  -64.86 	 
0.156799996	 -0.548 	  -65.16 	 
0.156999996	 -0.547 	  -65.46 	 
0.157199996	 -0.548 	  -65.76 	 
0.157399996	 -0.549 	  -66.06 	 
0.157599996	 -0.549 	  -66.35 	 
0.157799996	 -0.549 	  -66.65 	 
0.157999996	 -0.550 	  -66.95 	 
0.158199996	 -0.550 	  -67.21 	 
0.158399996	 -0.550 	  -67.55 	 
0.158599996	 -0.551 	  -67.84 	 
0.158799996	 -0.550 	  -68.12 	 
0.158999996	 -0.551 	  -68.37 	 
0.159199996	 -0.552 	  -68.66 	 
0.159399996	 -0.551 	  -68.92 	 
0.159599996	 -0.552 	  -69.19 	 
0.159799996	 -0.552 	  -69.47 	 
0.159999996	 -0.552 	  -69.74 	 
0.160199996	 -0.552 	  -70.03 	 
0.160399996	 -0.553 	  -70.31 	 
0.160599996	 -0.553 	  -70.59 	 
0.160799996	 -0.553 	  -70.87 	 
0.160999996	 -0.554 	  -71.16 	 
0.161199996	 -0.554 	  -71.43 	 
0.161399996	 -0.555 	  -71.71 	 
0.161599996	 -0.555 	  -71.98 	 
0.161799996	 -0.555 	  -72.27 	 
0.161999996	 -0.556 	  -72.54 	 
0.162199996	 -0.557 	  -72.83 	 
0.162399996	 -0.557 	  -73.10 	 
0.162599996	 -0.557 	  -73.34 	 
0.162799996	 -0.557 	  -73.60 	 
0.162999996	 -0.557 	  -73.84 	 
0.163199996	 -0.557 	  -74.08 	 
0.163399996	 -0.557 	  -74.33 	 
0.163599996	 -0.558 	  -74.59 	 
0.163799996	 -0.558 	  -74.83 	 
0.163999996	 -0.559 	  -75.07 	 
0.164199996	 -0.559 	  -75.33 	 
0.164399996	 -0.559 	  -75.57 	 
0.164599996	 -0.559 	  -75.81 	 
0.164799996	 -0.560 	  -76.06 	 
0.164999996	 -0.560 	  -76.30 	 
0.165199996	 -0.561 	  -76.53 	 
0.165399996	 -0.561 	  -76.76 	 
0.165599996	 -0.560 	  -77.01 	 
0.165799996	 -0.562 	  -77.22 	 
0.165999996	 -0.562 	  -77.46 	 
0.166199996	 -0.561 	  -77.66 	 
0.166399996	 -0.562 	  -77.89 	 
0.166599996	 -0.562 	  -78.11 	 
0.166799996	 -0.562 	  -78.31 	 
0.166999996	 -0.563 	  -78.53 	 
0.167199996	 -0.563 	  -78.73 	 
0.167399996	 -0.564 	  -78.93 	 
0.167599996	 -0.563 	  -79.12 	 
0.167799996	 -0.563 	  -79.30 	 
0.167999996	 -0.564 	  -79.52 	 
0.168199996	 -0.565 	  -79.72 	 
0.168399996	 -0.565 	  -79.91 	 
0.168599996	 -0.565 	  -80.11 	 
0.168799996	 -0.565 	  -80.31 	 
0.168999996	 -0.565 	  -80.50 	 
0.169199996	 -0.565 	  -80.70 	 
0.169399996	 -0.566 	  -80.88 	 
0.169599996	 -0.566 	  -81.05 	 
0.169799996	 -0.567 	  -81.24 	 
0.169999996	 -0.567 	  -81.40 	 
0.170199996	 -0.566 	  -81.56 	 
0.170399996	 -0.567 	  -81.73 	 
0.170599996	 -0.567 	  -81.87 	 
0.170799996	 -0.566 	  -82.02 	 
0.170999996	 -0.567 	  -82.19 	 
0.171199996	 -0.567 	  -82.32 	 
0.171399996	 -0.568 	  -82.46 	 
0.171599996	 -0.568 	  -82.59 	 
0.171799996	 -0.568 	  -82.72 	 
0.171999996	 -0.569 	  -82.87 	 
0.172199996	 -0.569 	  -83.02 	 
0.172399996	 -0.569 	  -83.18 	 
0.172599996	 -0.569 	  -83.30 	 
0.172799996	 -0.569 	  -83.42 	 
0.172999996	 -0.569 	  -83.53 	 
0.173199996	 -0.569 	  -83.64 	 
0.173399996	 -0.569 	  -83.72 	 
0.173599996	 -0.570 	  -83.83 	 
0.173799996	 -0.570 	  -83.92 	 
0.173999996	 -0.570 	  -84.05 	 
0.174199996	 -0.570 	  -84.13 	 
0.174399996	 -0.570 	  -84.25 	 
0.174599996	 -0.570 	  -84.36 	 
0.174799996	 -0.570 	  -84.44 	 
0.174999996	 -0.570 	  -84.53 	 
0.175199996	 -0.571 	  -84.61 	 
0.175399996	 -0.571 	  -84.69 	 
0.175599996	 -0.571 	  -84.75 	 
0.175799996	 -0.571 	  -84.82 	 
0.175999996	 -0.571 	  -84.89 	 
0.176199996	 -0.571 	  -84.97 	 
0.176399996	 -0.571 	  -85.00 	 
0.176599996	 -0.572 	  -85.07 	 
0.176799996	 -0.571 	  -85.15 	 
0.176999996	 -0.571 	  -85.19 	 
0.177199996	 -0.571 	  -85.23 	 
0.177399996	 -0.571 	  -85.30 	 
0.177599996	 -0.571 	  -85.33 	 
0.177799996	 -0.572 	  -85.37 	 
0.177999996	 -0.572 	  -85.40 	 
0.178199995	 -0.572 	  -85.44 	 
0.178399995	 -0.572 	  -85.46 	 
0.178599995	 -0.572 	  -85.46 	 
0.178799995	 -0.572 	  -85.46 	 
0.178999995	 -0.572 	  -85.48 	 
0.179199995	 -0.572 	  -85.50 	 
0.179399995	 -0.572 	  -85.48 	 
0.179599995	 -0.572 	  -85.50 	 
0.179799995	 -0.572 	  -85.50 	 
0.179999995	 -0.572 	  -85.48 	 
0.180199995	 -0.572 	  -85.48 	 
0.180399995	 -0.572 	  -85.48 	 
0.180599995	 -0.572 	  -85.46 	 
0.180799995	 -0.572 	  -85.44 	 
0.180999995	 -0.572 	  -85.42 	 
0.181199995	 -0.572 	  -85.39 	 
0.181399995	 -0.572 	  -85.37 	 
0.181599995	 -0.572 	  -85.35 	 
0.181799995	 -0.572 	  -85.33 	 
0.181999995	 -0.572 	  -85.30 	 
0.182199995	 -0.573 	  -85.26 	 
0.182399995	 -0.573 	  -85.22 	 
0.182599995	 -0.572 	  -85.17 	 
0.182799995	 -0.573 	  -85.12 	 
0.182999995	 -0.572 	  -85.07 	 
0.183199995	 -0.572 	  -85.02 	 
0.183399995	 -0.572 	  -84.95 	 
0.183599995	 -0.572 	  -84.89 	 
0.183799995	 -0.572 	  -84.82 	 
0.183999995	 -0.572 	  -84.74 	 
0.184199995	 -0.572 	  -84.65 	 
0.184399995	 -0.572 	  -84.57 	 
0.184599995	 -0.572 	  -84.50 	 
0.184799995	 -0.572 	  -84.42 	 
0.184999995	 -0.572 	  -84.34 	 
0.185199995	 -0.572 	  -84.28 	 
0.185399995	 -0.572 	  -84.17 	 
0.185599995	 -0.572 	  -84.05 	 
0.185799995	 -0.572 	  -83.97 	 
0.185999995	 -0.572 	  -83.84 	 
0.186199995	 -0.572 	  -83.73 	 
0.186399995	 -0.572 	  -83.60 	 
0.186599995	 -0.572 	  -83.47 	 
0.186799995	 -0.572 	  -83.37 	 
0.186999995	 -0.572 	  -83.24 	 
0.187199995	 -0.572 	  -83.11 	 
0.187399995	 -0.572 	  -82.97 	 
0.187599995	 -0.571 	  -82.82 	 
0.187799995	 -0.572 	  -82.65 	 
0.187999995	 -0.572 	  -82.52 	 
0.188199995	 -0.571 	  -82.37 	 
0.188399995	 -0.571 	  -82.23 	 
0.188599995	 -0.571 	  -82.09 	 
0.188799995	 -0.571 	  -81.92 	 
0.188999995	 -0.570 	  -81.77 	 
0.189199995	 -0.570 	  -81.59 	 
0.189399995	 -0.570 	  -81.41 	 
0.189599995	 -0.570 	  -81.25 	 
0.189799995	 -0.570 	  -81.05 	 
0.189999995	 -0.570 	  -80.87 	 
0.190199995	 -0.570 	  -80.69 	 
0.190399995	 -0.570 	  -80.50 	 
0.190599995	 -0.571 	  -80.31 	 
0.190799995	 -0.570 	  -80.11 	 
0.190999995	 -0.570 	  -79.91 	 
0.191199995	 -0.570 	  -79.69 	 
0.191399995	 -0.570 	  -79.49 	 
0.191599995	 -0.569 	  -79.27 	 
0.191799995	 -0.569 	  -79.06 	 
0.191999995	 -0.569 	  -78.86 	 
0.192199995	 -0.568 	  -78.63 	 
0.192399995	 -0.569 	  -78.41 	 
0.192599995	 -0.569 	  -78.18 	 
0.192799995	 -0.569 	  -77.93 	 
0.192999995	 -0.568 	  -77.70 	 
0.193199995	 -0.568 	  -77.48 	 
0.193399995	 -0.569 	  -77.23 	 
0.193599995	 -0.568 	  -77.00 	 
0.193799995	 -0.567 	  -76.82 	 
0.193999995	 -0.568 	  -76.56 	 
0.194199995	 -0.567 	  -76.32 	 
0.194399995	 -0.567 	  -76.07 	 
0.194599995	 -0.567 	  -75.79 	 
0.194799995	 -0.567 	  -75.55 	 
0.194999995	 -0.566 	  -75.27 	 
0.195199995	 -0.566 	  -75.03 	 
0.195399995	 -0.566 	  -74.76 	 
0.195599995	 -0.566 	  -74.50 	 
0.195799995	 -0.565 	  -74.26 	 
0.195999995	 -0.565 	  -74.02 	 
0.196199995	 -0.566 	  -73.75 	 
0.196399995	 -0.565 	  -73.50 	 
0.196599995	 -0.565 	  -73.23 	 
0.196799995	 -0.565 	  -72.94 	 
0.196999995	 -0.565 	  -72.66 	 
0.197199995	 -0.565 	  -72.37 	 
0.197399995	 -0.564 	  -72.11 	 
0.197599995	 -0.563 	  -71.83 	 
0.197799995	 -0.563 	  -71.56 	 
0.197999995	 -0.564 	  -71.28 	 
0.198199995	 -0.563 	  -71.01 	 
0.198399995	 -0.563 	  -70.71 	 
0.198599995	 -0.563 	  -70.41 	 
0.198799995	 -0.563 	  -70.12 	 
0.198999995	 -0.562 	  -69.84 	 
0.199199995	 -0.562 	  -69.52 	 
0.199399995	 -0.562 	  -69.24 	 
0.199599995	 -0.562 	  -68.93 	 
0.199799995	 -0.562 	  -68.65 	 
0.199999995	 -0.562 	  -68.36 	 
0.200199995	 -0.561 	  -68.05 	 
0.200399995	 -0.560 	  -67.77 	 
0.200599995	 -0.561 	  -67.46 	 
0.200799995	 -0.560 	  -67.17 	 
0.200999995	 -0.559 	  -66.90 	 
0.201199995	 -0.559 	  -66.58 	 
0.201399995	 -0.559 	  -66.30 	 
0.201599995	 -0.559 	  -66.00 	 
0.201799995	 -0.559 	  -65.69 	 
0.201999995	 -0.559 	  -65.40 	 
0.202199995	 -0.558 	  -65.10 	 
0.202399995	 -0.558 	  -64.80 	 
0.202599995	 -0.558 	  -64.49 	 
0.202799995	 -0.558 	  -64.18 	 
0.202999995	 -0.557 	  -63.89 	 
0.203199995	 -0.558 	  -63.56 	 
0.203399995	 -0.557 	  -63.28 	 
0.203599995	 -0.557 	  -62.97 	 
0.203799995	 -0.556 	  -62.67 	 
0.203999995	 -0.555 	  -62.36 	 
0.204199995	 -0.555 	  -62.02 	 
0.204399995	 -0.554 	  -61.71 	 
0.204599995	 -0.555 	  -61.43 	 
