0.000000000	 -0.246 	  -68.31 	 
0.000200000	 -0.246 	  -68.02 	 
0.000400000	 -0.246 	  -67.72 	 
0.000600000	 -0.245 	  -67.44 	 
0.000800000	 -0.245 	  -67.18 	 
0.001000000	 -0.244 	  -66.88 	 
0.001200000	 -0.244 	  -66.59 	 
0.001400000	 -0.243 	  -66.27 	 
0.001600000	 -0.243 	  -65.95 	 
0.001800000	 -0.243 	  -65.68 	 
0.002000000	 -0.242 	  -65.39 	 
0.002200000	 -0.242 	  -65.12 	 
0.002400000	 -0.241 	  -64.81 	 
0.002600000	 -0.241 	  -64.51 	 
0.002800000	 -0.240 	  -64.18 	 
0.003000000	 -0.240 	  -63.89 	 
0.003200000	 -0.239 	  -63.53 	 
0.003400000	 -0.239 	  -63.22 	 
0.003600000	 -0.238 	  -62.88 	 
0.003800000	 -0.238 	  -62.58 	 
0.004000000	 -0.237 	  -62.26 	 
0.004200000	 -0.237 	  -61.94 	 
0.004400000	 -0.237 	  -61.65 	 
0.004600000	 -0.235 	  -61.32 	 
0.004800000	 -0.235 	  -61.02 	 
0.005000000	 -0.235 	  -60.73 	 
0.005200000	 -0.234 	  -60.44 	 
0.005400000	 -0.234 	  -60.16 	 
0.005600000	 -0.234 	  -59.88 	 
0.005800000	 -0.233 	  -59.60 	 
0.006000000	 -0.233 	  -59.31 	 
0.006200000	 -0.232 	  -59.01 	 
0.006400000	 -0.231 	  -58.70 	 
0.006600000	 -0.231 	  -58.38 	 
0.006800000	 -0.231 	  -58.05 	 
0.007000000	 -0.230 	  -57.74 	 
0.007200000	 -0.230 	  -57.42 	 
0.007400000	 -0.229 	  -57.14 	 
0.007600000	 -0.229 	  -56.82 	 
0.007800000	 -0.228 	  -56.55 	 
0.008000000	 -0.228 	  -56.27 	 
0.008200000	 -0.227 	  -55.99 	 
0.008400000	 -0.227 	  -55.70 	 
0.008600000	 -0.227 	  -55.42 	 
0.008800000	 -0.226 	  -55.12 	 
0.009000000	 -0.225 	  -54.80 	 
0.009200000	 -0.224 	  -54.51 	 
0.009400000	 -0.224 	  -54.24 	 
0.009600000	 -0.223 	  -53.96 	 
0.009800000	 -0.223 	  -53.70 	 
0.010000000	 -0.223 	  -53.42 	 
0.010200000	 -0.222 	  -53.11 	 
0.010400000	 -0.222 	  -52.83 	 
0.010600000	 -0.221 	  -52.54 	 
0.010800000	 -0.220 	  -52.24 	 
0.011000000	 -0.220 	  -51.95 	 
0.011200000	 -0.220 	  -51.68 	 
0.011400000	 -0.219 	  -51.39 	 
0.011600000	 -0.219 	  -51.11 	 
0.011800000	 -0.218 	  -50.85 	 
0.012000000	 -0.217 	  -50.59 	 
0.012200000	 -0.217 	  -50.31 	 
0.012400000	 -0.216 	  -50.04 	 
0.012600000	 -0.215 	  -49.79 	 
0.012800000	 -0.215 	  -49.54 	 
0.013000000	 -0.214 	  -49.28 	 
0.013200000	 -0.214 	  -49.04 	 
0.013400000	 -0.213 	  -48.78 	 
0.013600000	 -0.212 	  -48.52 	 
0.013800000	 -0.212 	  -48.29 	 
0.014000000	 -0.212 	  -48.05 	 
0.014200000	 -0.211 	  -47.81 	 
0.014400000	 -0.210 	  -47.55 	 
0.014600000	 -0.211 	  -47.33 	 
0.014800000	 -0.210 	  -47.11 	 
0.015000000	 -0.209 	  -46.86 	 
0.015200000	 -0.209 	  -46.62 	 
0.015400000	 -0.208 	  -46.37 	 
0.015600000	 -0.208 	  -46.14 	 
0.015800000	 -0.208 	  -45.90 	 
0.016000000	 -0.206 	  -45.69 	 
0.016200000	 -0.207 	  -45.47 	 
0.016400000	 -0.206 	  -45.23 	 
0.016600000	 -0.205 	  -45.02 	 
0.016800000	 -0.204 	  -44.79 	 
0.017000000	 -0.204 	  -44.57 	 
0.017200000	 -0.204 	  -44.38 	 
0.017400000	 -0.203 	  -44.15 	 
0.017600000	 -0.203 	  -43.95 	 
0.017800000	 -0.202 	  -43.73 	 
0.018000000	 -0.202 	  -43.53 	 
0.018200000	 -0.201 	  -43.34 	 
0.018400000	 -0.201 	  -43.16 	 
0.018600000	 -0.200 	  -42.96 	 
0.018800000	 -0.199 	  -42.78 	 
0.019000000	 -0.200 	  -42.59 	 
0.019200000	 -0.198 	  -42.42 	 
0.019400000	 -0.198 	  -42.23 	 
0.019600000	 -0.198 	  -42.04 	 
0.019799999	 -0.198 	  -41.87 	 
0.019999999	 -0.197 	  -41.70 	 
0.020199999	 -0.197 	  -41.55 	 
0.020399999	 -0.196 	  -41.40 	 
0.020599999	 -0.196 	  -41.28 	 
0.020799999	 -0.196 	  -41.10 	 
0.020999999	 -0.195 	  -40.96 	 
0.021199999	 -0.194 	  -40.81 	 
0.021399999	 -0.194 	  -40.66 	 
0.021599999	 -0.194 	  -40.52 	 
0.021799999	 -0.193 	  -40.40 	 
0.021999999	 -0.193 	  -40.25 	 
0.022199999	 -0.193 	  -40.14 	 
0.022399999	 -0.193 	  -40.02 	 
0.022599999	 -0.192 	  -39.90 	 
0.022799999	 -0.192 	  -39.76 	 
0.022999999	 -0.191 	  -39.63 	 
0.023199999	 -0.191 	  -39.48 	 
0.023399999	 -0.191 	  -39.36 	 
0.023599999	 -0.190 	  -39.24 	 
0.023799999	 -0.190 	  -39.13 	 
0.023999999	 -0.189 	  -39.00 	 
0.024199999	 -0.189 	  -38.91 	 
0.024399999	 -0.189 	  -38.82 	 
0.024599999	 -0.188 	  -38.74 	 
0.024799999	 -0.189 	  -38.65 	 
0.024999999	 -0.188 	  -38.60 	 
0.025199999	 -0.187 	  -38.50 	 
0.025399999	 -0.188 	  -38.44 	 
0.025599999	 -0.187 	  -38.34 	 
0.025799999	 -0.187 	  -38.28 	 
0.025999999	 -0.187 	  -38.21 	 
0.026199999	 -0.187 	  -38.15 	 
0.026399999	 -0.186 	  -38.12 	 
0.026599999	 -0.186 	  -38.06 	 
0.026799999	 -0.186 	  -38.03 	 
0.026999999	 -0.186 	  -37.97 	 
0.027199999	 -0.185 	  -37.95 	 
0.027399999	 -0.185 	  -37.90 	 
0.027599999	 -0.185 	  -37.88 	 
0.027799999	 -0.184 	  -37.86 	 
0.027999999	 -0.185 	  -37.84 	 
0.028199999	 -0.184 	  -37.82 	 
0.028399999	 -0.184 	  -37.80 	 
0.028599999	 -0.184 	  -37.78 	 
0.028799999	 -0.184 	  -37.75 	 
0.028999999	 -0.184 	  -37.73 	 
0.029199999	 -0.184 	  -37.70 	 
0.029399999	 -0.183 	  -37.68 	 
0.029599999	 -0.184 	  -37.68 	 
0.029799999	 -0.184 	  -37.69 	 
0.029999999	 -0.183 	  -37.68 	 
0.030199999	 -0.183 	  -37.70 	 
0.030399999	 -0.183 	  -37.72 	 
0.030599999	 -0.183 	  -37.75 	 
0.030799999	 -0.183 	  -37.80 	 
0.030999999	 -0.183 	  -37.83 	 
0.031199999	 -0.183 	  -37.85 	 
0.031399999	 -0.183 	  -37.86 	 
0.031599999	 -0.182 	  -37.90 	 
0.031799999	 -0.183 	  -37.91 	 
0.031999999	 -0.183 	  -37.94 	 
0.032199999	 -0.182 	  -37.98 	 
0.032399999	 -0.183 	  -38.00 	 
0.032599999	 -0.183 	  -38.06 	 
0.032799999	 -0.183 	  -38.12 	 
0.032999999	 -0.183 	  -38.20 	 
0.033199999	 -0.183 	  -38.28 	 
0.033399999	 -0.183 	  -38.36 	 
0.033599999	 -0.183 	  -38.45 	 
0.033799999	 -0.183 	  -38.52 	 
0.033999999	 -0.183 	  -38.61 	 
0.034199999	 -0.183 	  -38.71 	 
0.034399999	 -0.183 	  -38.80 	 
0.034599999	 -0.183 	  -38.89 	 
0.034799999	 -0.183 	  -38.98 	 
0.034999999	 -0.183 	  -39.06 	 
0.035199999	 -0.184 	  -39.14 	 
0.035399999	 -0.183 	  -39.24 	 
0.035599999	 -0.183 	  -39.32 	 
0.035799999	 -0.184 	  -39.40 	 
0.035999999	 -0.183 	  -39.50 	 
0.036199999	 -0.183 	  -39.62 	 
0.036399999	 -0.183 	  -39.73 	 
0.036599999	 -0.184 	  -39.87 	 
0.036799999	 -0.184 	  -39.98 	 
0.036999999	 -0.184 	  -40.14 	 
0.037199999	 -0.184 	  -40.31 	 
0.037399999	 -0.185 	  -40.43 	 
0.037599999	 -0.184 	  -40.58 	 
0.037799999	 -0.185 	  -40.72 	 
0.037999999	 -0.185 	  -40.86 	 
0.038199999	 -0.185 	  -41.00 	 
0.038399999	 -0.186 	  -41.15 	 
0.038599999	 -0.186 	  -41.30 	 
0.038799999	 -0.185 	  -41.47 	 
0.038999999	 -0.186 	  -41.65 	 
0.039199999	 -0.186 	  -41.85 	 
0.039399999	 -0.186 	  -42.04 	 
0.039599999	 -0.187 	  -42.23 	 
0.039799999	 -0.186 	  -42.42 	 
0.039999999	 -0.187 	  -42.61 	 
0.040199999	 -0.187 	  -42.80 	 
0.040399999	 -0.188 	  -42.97 	 
0.040599999	 -0.187 	  -43.17 	 
0.040799999	 -0.188 	  -43.34 	 
0.040999999	 -0.188 	  -43.52 	 
0.041199999	 -0.188 	  -43.73 	 
0.041399999	 -0.188 	  -43.93 	 
0.041599999	 -0.189 	  -44.13 	 
0.041799999	 -0.189 	  -44.35 	 
0.041999999	 -0.190 	  -44.57 	 
0.042199999	 -0.190 	  -44.82 	 
0.042399999	 -0.190 	  -45.04 	 
0.042599999	 -0.191 	  -45.28 	 
0.042799999	 -0.191 	  -45.50 	 
0.042999999	 -0.191 	  -45.71 	 
0.043199999	 -0.192 	  -45.92 	 
0.043399999	 -0.191 	  -46.14 	 
0.043599999	 -0.192 	  -46.35 	 
0.043799999	 -0.192 	  -46.54 	 
0.043999999	 -0.193 	  -46.78 	 
0.044199999	 -0.192 	  -47.03 	 
0.044399999	 -0.193 	  -47.26 	 
0.044599999	 -0.193 	  -47.55 	 
0.044799999	 -0.193 	  -47.81 	 
0.044999999	 -0.194 	  -48.07 	 
0.045199999	 -0.194 	  -48.34 	 
0.045399999	 -0.194 	  -48.63 	 
0.045599999	 -0.195 	  -48.89 	 
0.045799999	 -0.195 	  -49.17 	 
0.045999999	 -0.196 	  -49.43 	 
0.046199999	 -0.196 	  -49.69 	 
0.046399999	 -0.197 	  -49.97 	 
0.046599999	 -0.197 	  -50.22 	 
0.046799999	 -0.198 	  -50.50 	 
0.046999999	 -0.198 	  -50.75 	 
0.047199999	 -0.198 	  -51.03 	 
0.047399999	 -0.199 	  -51.29 	 
0.047599999	 -0.200 	  -51.55 	 
0.047799999	 -0.200 	  -51.84 	 
0.047999999	 -0.201 	  -52.12 	 
0.048199999	 -0.201 	  -52.39 	 
0.048399999	 -0.201 	  -52.69 	 
0.048599999	 -0.202 	  -52.97 	 
0.048799999	 -0.202 	  -53.26 	 
0.048999999	 -0.203 	  -53.54 	 
0.049199999	 -0.203 	  -53.84 	 
0.049399999	 -0.203 	  -54.12 	 
0.049599999	 -0.204 	  -54.41 	 
0.049799999	 -0.204 	  -54.71 	 
0.049999999	 -0.205 	  -55.02 	 
0.050199999	 -0.206 	  -55.30 	 
0.050399999	 -0.207 	  -55.61 	 
0.050599999	 -0.206 	  -55.90 	 
0.050799999	 -0.207 	  -56.19 	 
0.050999999	 -0.207 	  -56.48 	 
0.051199999	 -0.207 	  -56.77 	 
0.051399999	 -0.208 	  -57.07 	 
0.051599999	 -0.209 	  -57.36 	 
0.051799999	 -0.209 	  -57.67 	 
0.051999999	 -0.209 	  -57.93 	 
0.052199999	 -0.210 	  -58.24 	 
0.052399999	 -0.211 	  -58.53 	 
0.052599999	 -0.211 	  -58.84 	 
0.052799999	 -0.212 	  -59.16 	 
0.052999999	 -0.212 	  -59.47 	 
0.053199999	 -0.213 	  -59.78 	 
0.053399999	 -0.213 	  -60.09 	 
0.053599999	 -0.214 	  -60.40 	 
0.053799999	 -0.215 	  -60.73 	 
0.053999999	 -0.215 	  -61.02 	 
0.054199999	 -0.216 	  -61.33 	 
0.054399999	 -0.217 	  -61.65 	 
0.054599999	 -0.216 	  -61.94 	 
0.054799999	 -0.217 	  -62.26 	 
0.054999999	 -0.217 	  -62.55 	 
0.055199999	 -0.218 	  -62.82 	 
0.055399999	 -0.219 	  -63.12 	 
0.055599999	 -0.219 	  -63.40 	 
0.055799999	 -0.220 	  -63.70 	 
0.055999999	 -0.220 	  -63.97 	 
0.056199999	 -0.222 	  -64.28 	 
0.056399999	 -0.221 	  -64.57 	 
0.056599999	 -0.222 	  -64.88 	 
0.056799999	 -0.222 	  -65.17 	 
0.056999999	 -0.223 	  -65.47 	 
0.057199999	 -0.224 	  -65.79 	 
0.057399999	 -0.224 	  -66.10 	 
0.057599999	 -0.225 	  -66.39 	 
0.057799999	 -0.225 	  -66.70 	 
0.057999999	 -0.225 	  -67.00 	 
0.058199999	 -0.226 	  -67.29 	 
0.058399999	 -0.226 	  -67.57 	 
0.058599999	 -0.227 	  -67.84 	 
0.058799999	 -0.228 	  -68.13 	 
0.058999999	 -0.229 	  -68.43 	 
0.059199999	 -0.229 	  -68.67 	 
0.059399998	 -0.229 	  -68.99 	 
0.059599998	 -0.230 	  -69.24 	 
0.059799998	 -0.230 	  -69.53 	 
0.059999998	 -0.230 	  -69.85 	 
0.060199998	 -0.231 	  -70.13 	 
0.060399998	 -0.232 	  -70.40 	 
0.060599998	 -0.233 	  -70.67 	 
0.060799998	 -0.234 	  -70.97 	 
0.060999998	 -0.234 	  -71.26 	 
0.061199998	 -0.234 	  -71.51 	 
0.061399998	 -0.234 	  -71.80 	 
0.061599998	 -0.235 	  -72.07 	 
0.061799998	 -0.236 	  -72.33 	 
0.061999998	 -0.236 	  -72.59 	 
0.062199998	 -0.237 	  -72.86 	 
0.062399998	 -0.237 	  -73.13 	 
0.062599998	 -0.238 	  -73.37 	 
0.062799998	 -0.238 	  -73.61 	 
0.062999998	 -0.238 	  -73.87 	 
0.063199998	 -0.239 	  -74.13 	 
0.063399998	 -0.240 	  -74.39 	 
0.063599998	 -0.239 	  -74.63 	 
0.063799998	 -0.240 	  -74.87 	 
0.063999998	 -0.241 	  -75.12 	 
0.064199998	 -0.241 	  -75.35 	 
0.064399998	 -0.242 	  -75.59 	 
0.064599998	 -0.242 	  -75.84 	 
0.064799998	 -0.243 	  -76.08 	 
0.064999998	 -0.243 	  -76.31 	 
0.065199998	 -0.243 	  -76.54 	 
0.065399998	 -0.244 	  -76.78 	 
0.065599998	 -0.245 	  -77.03 	 
0.065799998	 -0.245 	  -77.28 	 
0.065999998	 -0.246 	  -77.51 	 
0.066199998	 -0.246 	  -77.74 	 
0.066399998	 -0.246 	  -77.96 	 
0.066599998	 -0.247 	  -78.18 	 
0.066799998	 -0.247 	  -78.38 	 
0.066999998	 -0.247 	  -78.59 	 
0.067199998	 -0.248 	  -78.80 	 
0.067399998	 -0.248 	  -79.01 	 
0.067599998	 -0.249 	  -79.19 	 
0.067799998	 -0.249 	  -79.39 	 
0.067999998	 -0.250 	  -79.57 	 
0.068199998	 -0.250 	  -79.77 	 
0.068399998	 -0.250 	  -79.95 	 
0.068599998	 -0.251 	  -80.13 	 
0.068799998	 -0.251 	  -80.33 	 
0.068999998	 -0.251 	  -80.53 	 
0.069199998	 -0.251 	  -80.70 	 
0.069399998	 -0.252 	  -80.90 	 
0.069599998	 -0.252 	  -81.06 	 
0.069799998	 -0.253 	  -81.25 	 
0.069999998	 -0.253 	  -81.40 	 
0.070199998	 -0.254 	  -81.57 	 
0.070399998	 -0.254 	  -81.71 	 
0.070599998	 -0.254 	  -81.88 	 
0.070799998	 -0.255 	  -82.04 	 
0.070999998	 -0.255 	  -82.19 	 
0.071199998	 -0.255 	  -82.35 	 
0.071399998	 -0.255 	  -82.47 	 
0.071599998	 -0.255 	  -82.61 	 
0.071799998	 -0.256 	  -82.74 	 
0.071999998	 -0.256 	  -82.88 	 
0.072199998	 -0.256 	  -83.01 	 
0.072399998	 -0.257 	  -83.15 	 
0.072599998	 -0.257 	  -83.27 	 
0.072799998	 -0.256 	  -83.42 	 
0.072999998	 -0.257 	  -83.55 	 
0.073199998	 -0.258 	  -83.66 	 
0.073399998	 -0.258 	  -83.79 	 
0.073599998	 -0.259 	  -83.90 	 
0.073799998	 -0.258 	  -84.01 	 
0.073999998	 -0.259 	  -84.12 	 
0.074199998	 -0.259 	  -84.23 	 
0.074399998	 -0.259 	  -84.34 	 
0.074599998	 -0.260 	  -84.41 	 
0.074799998	 -0.259 	  -84.53 	 
0.074999998	 -0.259 	  -84.59 	 
0.075199998	 -0.260 	  -84.66 	 
0.075399998	 -0.260 	  -84.72 	 
0.075599998	 -0.261 	  -84.78 	 
0.075799998	 -0.260 	  -84.84 	 
0.075999998	 -0.261 	  -84.89 	 
0.076199998	 -0.261 	  -84.97 	 
0.076399998	 -0.261 	  -85.04 	 
0.076599998	 -0.261 	  -85.08 	 
0.076799998	 -0.261 	  -85.14 	 
0.076999998	 -0.261 	  -85.20 	 
0.077199998	 -0.262 	  -85.24 	 
0.077399998	 -0.262 	  -85.29 	 
0.077599998	 -0.262 	  -85.33 	 
0.077799998	 -0.262 	  -85.36 	 
0.077999998	 -0.262 	  -85.39 	 
0.078199998	 -0.263 	  -85.42 	 
0.078399998	 -0.262 	  -85.43 	 
0.078599998	 -0.262 	  -85.46 	 
0.078799998	 -0.262 	  -85.47 	 
0.078999998	 -0.263 	  -85.46 	 
0.079199998	 -0.263 	  -85.48 	 
0.079399998	 -0.262 	  -85.48 	 
0.079599998	 -0.263 	  -85.48 	 
0.079799998	 -0.263 	  -85.49 	 
0.079999998	 -0.263 	  -85.52 	 
0.080199998	 -0.264 	  -85.50 	 
0.080399998	 -0.263 	  -85.49 	 
0.080599998	 -0.263 	  -85.47 	 
0.080799998	 -0.263 	  -85.47 	 
0.080999998	 -0.264 	  -85.46 	 
0.081199998	 -0.264 	  -85.41 	 
0.081399998	 -0.264 	  -85.39 	 
0.081599998	 -0.264 	  -85.35 	 
0.081799998	 -0.263 	  -85.33 	 
0.081999998	 -0.264 	  -85.29 	 
0.082199998	 -0.264 	  -85.26 	 
0.082399998	 -0.263 	  -85.22 	 
0.082599998	 -0.264 	  -85.15 	 
0.082799998	 -0.264 	  -85.11 	 
0.082999998	 -0.263 	  -85.04 	 
0.083199998	 -0.264 	  -84.99 	 
0.083399998	 -0.264 	  -84.90 	 
0.083599998	 -0.263 	  -84.82 	 
0.083799998	 -0.264 	  -84.75 	 
0.083999998	 -0.264 	  -84.69 	 
0.084199998	 -0.263 	  -84.61 	 
0.084399998	 -0.263 	  -84.54 	 
0.084599998	 -0.263 	  -84.44 	 
0.084799998	 -0.263 	  -84.34 	 
0.084999998	 -0.262 	  -84.27 	 
0.085199998	 -0.264 	  -84.19 	 
0.085399998	 -0.262 	  -84.09 	 
0.085599998	 -0.264 	  -84.00 	 
0.085799998	 -0.262 	  -83.90 	 
0.085999998	 -0.262 	  -83.80 	 
0.086199998	 -0.263 	  -83.67 	 
0.086399998	 -0.263 	  -83.57 	 
0.086599998	 -0.262 	  -83.44 	 
0.086799998	 -0.263 	  -83.31 	 
0.086999998	 -0.263 	  -83.20 	 
0.087199998	 -0.262 	  -83.04 	 
0.087399998	 -0.262 	  -82.91 	 
0.087599998	 -0.262 	  -82.77 	 
0.087799998	 -0.262 	  -82.62 	 
0.087999998	 -0.261 	  -82.45 	 
0.088199998	 -0.261 	  -82.32 	 
0.088399998	 -0.261 	  -82.17 	 
0.088599998	 -0.262 	  -81.99 	 
0.088799998	 -0.261 	  -81.86 	 
0.088999998	 -0.261 	  -81.69 	 
0.089199998	 -0.261 	  -81.55 	 
0.089399998	 -0.261 	  -81.39 	 
0.089599998	 -0.260 	  -81.21 	 
0.089799998	 -0.261 	  -81.02 	 
0.089999998	 -0.260 	  -80.84 	 
0.090199998	 -0.260 	  -80.64 	 
0.090399998	 -0.260 	  -80.43 	 
0.090599998	 -0.259 	  -80.23 	 
0.090799998	 -0.260 	  -80.00 	 
0.090999998	 -0.259 	  -79.83 	 
0.091199998	 -0.259 	  -79.64 	 
0.091399998	 -0.259 	  -79.46 	 
0.091599998	 -0.259 	  -79.29 	 
0.091799998	 -0.259 	  -79.08 	 
0.091999998	 -0.259 	  -78.89 	 
0.092199998	 -0.258 	  -78.70 	 
0.092399998	 -0.258 	  -78.47 	 
0.092599998	 -0.258 	  -78.25 	 
0.092799998	 -0.258 	  -78.02 	 
0.092999998	 -0.257 	  -77.76 	 
0.093199998	 -0.257 	  -77.49 	 
0.093399998	 -0.257 	  -77.26 	 
0.093599998	 -0.256 	  -76.98 	 
0.093799998	 -0.256 	  -76.74 	 
0.093999998	 -0.256 	  -76.50 	 
0.094199998	 -0.256 	  -76.26 	 
0.094399998	 -0.255 	  -76.03 	 
0.094599998	 -0.256 	  -75.83 	 
0.094799998	 -0.255 	  -75.56 	 
0.094999998	 -0.255 	  -75.30 	 
0.095199998	 -0.255 	  -75.05 	 
0.095399998	 -0.255 	  -74.76 	 
0.095599998	 -0.254 	  -74.51 	 
0.095799998	 -0.253 	  -74.21 	 
0.095999998	 -0.254 	  -73.93 	 
0.096199998	 -0.254 	  -73.64 	 
0.096399998	 -0.252 	  -73.36 	 
0.096599998	 -0.252 	  -73.11 	 
0.096799998	 -0.252 	  -72.88 	 
0.096999998	 -0.252 	  -72.63 	 
0.097199998	 -0.252 	  -72.40 	 
0.097399998	 -0.251 	  -72.13 	 
0.097599998	 -0.251 	  -71.87 	 
0.097799998	 -0.250 	  -71.59 	 
0.097999998	 -0.250 	  -71.30 	 
0.098199998	 -0.250 	  -70.97 	 
0.098399998	 -0.250 	  -70.67 	 
0.098599998	 -0.249 	  -70.34 	 
0.098799998	 -0.249 	  -70.03 	 
0.098999997	 -0.248 	  -69.71 	 
0.099199997	 -0.248 	  -69.43 	 
0.099399997	 -0.247 	  -69.14 	 
0.099599997	 -0.247 	  -68.88 	 
0.099799997	 -0.247 	  -68.62 	 
0.099999997	 -0.246 	  -68.36 	 
0.100199997	 -0.246 	  -68.10 	 
0.100399997	 -0.245 	  -67.83 	 
0.100599997	 -0.245 	  -67.55 	 
0.100799997	 -0.244 	  -67.25 	 
0.100999997	 -0.244 	  -66.94 	 
0.101199997	 -0.244 	  -66.62 	 
0.101399997	 -0.243 	  -66.28 	 
0.101599997	 -0.243 	  -65.97 	 
0.101799997	 -0.242 	  -65.65 	 
0.101999997	 -0.243 	  -65.36 	 
0.102199997	 -0.242 	  -65.05 	 
0.102399997	 -0.242 	  -64.77 	 
0.102599997	 -0.241 	  -64.48 	 
0.102799997	 -0.240 	  -64.20 	 
0.102999997	 -0.240 	  -63.89 	 
0.103199997	 -0.239 	  -63.59 	 
0.103399997	 -0.239 	  -63.26 	 
0.103599997	 -0.239 	  -62.93 	 
0.103799997	 -0.238 	  -62.62 	 
0.103999997	 -0.238 	  -62.29 	 
0.104199997	 -0.237 	  -61.96 	 
0.104399997	 -0.237 	  -61.63 	 
0.104599997	 -0.236 	  -61.33 	 
0.104799997	 -0.235 	  -61.02 	 
0.104999997	 -0.235 	  -60.74 	 
0.105199997	 -0.235 	  -60.44 	 
0.105399997	 -0.234 	  -60.16 	 
0.105599997	 -0.235 	  -59.88 	 
0.105799997	 -0.234 	  -59.58 	 
0.105999997	 -0.233 	  -59.31 	 
0.106199997	 -0.233 	  -59.01 	 
0.106399997	 -0.231 	  -58.71 	 
0.106599997	 -0.231 	  -58.41 	 
0.106799997	 -0.231 	  -58.08 	 
0.106999997	 -0.230 	  -57.76 	 
0.107199997	 -0.229 	  -57.47 	 
0.107399997	 -0.229 	  -57.14 	 
0.107599997	 -0.229 	  -56.85 	 
0.107799997	 -0.228 	  -56.55 	 
0.107999997	 -0.228 	  -56.27 	 
0.108199997	 -0.227 	  -56.00 	 
0.108399997	 -0.227 	  -55.72 	 
0.108599997	 -0.226 	  -55.40 	 
0.108799997	 -0.226 	  -55.14 	 
0.108999997	 -0.225 	  -54.82 	 
0.109199997	 -0.224 	  -54.55 	 
0.109399997	 -0.225 	  -54.27 	 
0.109599997	 -0.224 	  -54.01 	 
0.109799997	 -0.224 	  -53.71 	 
0.109999997	 -0.223 	  -53.42 	 
0.110199997	 -0.222 	  -53.13 	 
0.110399997	 -0.221 	  -52.83 	 
0.110599997	 -0.221 	  -52.53 	 
0.110799997	 -0.220 	  -52.26 	 
0.110999997	 -0.220 	  -51.97 	 
0.111199997	 -0.220 	  -51.70 	 
0.111399997	 -0.218 	  -51.41 	 
0.111599997	 -0.218 	  -51.14 	 
0.111799997	 -0.218 	  -50.86 	 
0.111999997	 -0.217 	  -50.60 	 
0.112199997	 -0.217 	  -50.33 	 
0.112399997	 -0.216 	  -50.09 	 
0.112599997	 -0.215 	  -49.82 	 
0.112799997	 -0.215 	  -49.55 	 
0.112999997	 -0.215 	  -49.32 	 
0.113199997	 -0.214 	  -49.06 	 
0.113399997	 -0.214 	  -48.82 	 
0.113599997	 -0.213 	  -48.56 	 
0.113799997	 -0.212 	  -48.33 	 
0.113999997	 -0.212 	  -48.05 	 
0.114199997	 -0.212 	  -47.84 	 
0.114399997	 -0.210 	  -47.61 	 
0.114599997	 -0.210 	  -47.36 	 
0.114799997	 -0.210 	  -47.11 	 
0.114999997	 -0.209 	  -46.86 	 
0.115199997	 -0.209 	  -46.63 	 
0.115399997	 -0.208 	  -46.40 	 
0.115599997	 -0.208 	  -46.18 	 
0.115799997	 -0.207 	  -45.94 	 
0.115999997	 -0.207 	  -45.73 	 
0.116199997	 -0.206 	  -45.48 	 
0.116399997	 -0.206 	  -45.24 	 
0.116599997	 -0.205 	  -45.02 	 
0.116799997	 -0.205 	  -44.79 	 
0.116999997	 -0.204 	  -44.59 	 
0.117199997	 -0.204 	  -44.38 	 
0.117399997	 -0.204 	  -44.17 	 
0.117599997	 -0.203 	  -43.97 	 
0.117799997	 -0.203 	  -43.77 	 
0.117999997	 -0.202 	  -43.59 	 
0.118199997	 -0.202 	  -43.39 	 
0.118399997	 -0.201 	  -43.19 	 
0.118599997	 -0.201 	  -43.01 	 
0.118799997	 -0.200 	  -42.81 	 
0.118999997	 -0.200 	  -42.60 	 
0.119199997	 -0.200 	  -42.42 	 
0.119399997	 -0.198 	  -42.23 	 
0.119599997	 -0.198 	  -42.05 	 
0.119799997	 -0.198 	  -41.90 	 
0.119999997	 -0.197 	  -41.76 	 
0.120199997	 -0.197 	  -41.58 	 
0.120399997	 -0.196 	  -41.44 	 
0.120599997	 -0.196 	  -41.30 	 
0.120799997	 -0.196 	  -41.14 	 
0.120999997	 -0.195 	  -40.97 	 
0.121199997	 -0.195 	  -40.84 	 
0.121399997	 -0.195 	  -40.70 	 
0.121599997	 -0.194 	  -40.56 	 
0.121799997	 -0.193 	  -40.43 	 
0.121999997	 -0.193 	  -40.30 	 
0.122199997	 -0.193 	  -40.18 	 
0.122399997	 -0.192 	  -40.03 	 
0.122599997	 -0.193 	  -39.88 	 
0.122799997	 -0.192 	  -39.74 	 
0.122999997	 -0.192 	  -39.61 	 
0.123199997	 -0.191 	  -39.48 	 
0.123399997	 -0.191 	  -39.36 	 
0.123599997	 -0.191 	  -39.25 	 
0.123799997	 -0.190 	  -39.14 	 
0.123999997	 -0.190 	  -39.05 	 
0.124199997	 -0.189 	  -38.96 	 
0.124399997	 -0.189 	  -38.86 	 
0.124599997	 -0.188 	  -38.77 	 
0.124799997	 -0.188 	  -38.69 	 
0.124999997	 -0.188 	  -38.60 	 
0.125199997	 -0.188 	  -38.54 	 
0.125399997	 -0.187 	  -38.45 	 
0.125599997	 -0.187 	  -38.38 	 
0.125799997	 -0.187 	  -38.31 	 
0.125999997	 -0.187 	  -38.25 	 
0.126199997	 -0.187 	  -38.19 	 
0.126399997	 -0.186 	  -38.14 	 
0.126599997	 -0.186 	  -38.10 	 
0.126799997	 -0.186 	  -38.06 	 
0.126999997	 -0.186 	  -38.03 	 
0.127199997	 -0.186 	  -37.98 	 
0.127399997	 -0.186 	  -37.94 	 
0.127599997	 -0.185 	  -37.90 	 
0.127799997	 -0.184 	  -37.86 	 
0.127999997	 -0.185 	  -37.84 	 
0.128199997	 -0.185 	  -37.83 	 
0.128399997	 -0.184 	  -37.81 	 
0.128599997	 -0.184 	  -37.79 	 
0.128799997	 -0.184 	  -37.79 	 
0.128999997	 -0.184 	  -37.76 	 
0.129199997	 -0.184 	  -37.75 	 
0.129399997	 -0.184 	  -37.73 	 
0.129599997	 -0.183 	  -37.72 	 
0.129799997	 -0.183 	  -37.75 	 
0.129999997	 -0.183 	  -37.73 	 
0.130199997	 -0.183 	  -37.75 	 
0.130399997	 -0.183 	  -37.76 	 
0.130599997	 -0.183 	  -37.77 	 
0.130799997	 -0.183 	  -37.77 	 
0.130999997	 -0.183 	  -37.82 	 
0.131199997	 -0.183 	  -37.83 	 
0.131399997	 -0.182 	  -37.88 	 
0.131599997	 -0.183 	  -37.92 	 
0.131799997	 -0.183 	  -37.96 	 
0.131999997	 -0.183 	  -37.99 	 
0.132199997	 -0.183 	  -38.02 	 
0.132399997	 -0.182 	  -38.07 	 
0.132599997	 -0.183 	  -38.13 	 
0.132799997	 -0.183 	  -38.19 	 
0.132999997	 -0.183 	  -38.23 	 
0.133199997	 -0.183 	  -38.28 	 
0.133399997	 -0.183 	  -38.35 	 
0.133599997	 -0.183 	  -38.41 	 
0.133799997	 -0.183 	  -38.49 	 
0.133999997	 -0.183 	  -38.59 	 
0.134199997	 -0.182 	  -38.65 	 
0.134399997	 -0.183 	  -38.78 	 
0.134599997	 -0.183 	  -38.87 	 
0.134799997	 -0.183 	  -38.99 	 
0.134999997	 -0.183 	  -39.09 	 
0.135199997	 -0.184 	  -39.17 	 
0.135399997	 -0.183 	  -39.28 	 
0.135599997	 -0.183 	  -39.35 	 
0.135799997	 -0.183 	  -39.47 	 
0.135999997	 -0.184 	  -39.55 	 
0.136199997	 -0.183 	  -39.68 	 
0.136399997	 -0.184 	  -39.78 	 
0.136599997	 -0.184 	  -39.90 	 
0.136799997	 -0.184 	  -40.02 	 
0.136999997	 -0.185 	  -40.16 	 
0.137199997	 -0.185 	  -40.29 	 
0.137399997	 -0.184 	  -40.44 	 
0.137599997	 -0.185 	  -40.60 	 
0.137799997	 -0.185 	  -40.79 	 
0.137999997	 -0.186 	  -40.97 	 
0.138199997	 -0.185 	  -41.12 	 
0.138399997	 -0.186 	  -41.29 	 
0.138599996	 -0.185 	  -41.45 	 
0.138799996	 -0.186 	  -41.61 	 
0.138999996	 -0.186 	  -41.73 	 
0.139199996	 -0.186 	  -41.88 	 
0.139399996	 -0.186 	  -42.04 	 
0.139599996	 -0.186 	  -42.20 	 
0.139799996	 -0.187 	  -42.37 	 
0.139999996	 -0.187 	  -42.56 	 
0.140199996	 -0.187 	  -42.74 	 
0.140399996	 -0.187 	  -42.94 	 
0.140599996	 -0.188 	  -43.14 	 
0.140799996	 -0.188 	  -43.34 	 
0.140999996	 -0.188 	  -43.56 	 
0.141199996	 -0.189 	  -43.77 	 
0.141399996	 -0.188 	  -43.97 	 
0.141599996	 -0.188 	  -44.21 	 
0.141799996	 -0.189 	  -44.41 	 
0.141999996	 -0.190 	  -44.63 	 
0.142199996	 -0.190 	  -44.83 	 
0.142399996	 -0.190 	  -45.03 	 
0.142599996	 -0.190 	  -45.25 	 
0.142799996	 -0.191 	  -45.46 	 
0.142999996	 -0.191 	  -45.68 	 
0.143199996	 -0.191 	  -45.90 	 
0.143399996	 -0.192 	  -46.14 	 
0.143599996	 -0.192 	  -46.40 	 
0.143799996	 -0.193 	  -46.63 	 
0.143999996	 -0.193 	  -46.89 	 
0.144199996	 -0.193 	  -47.15 	 
0.144399996	 -0.193 	  -47.37 	 
0.144599996	 -0.193 	  -47.62 	 
0.144799996	 -0.194 	  -47.88 	 
0.144999996	 -0.194 	  -48.11 	 
0.145199996	 -0.194 	  -48.38 	 
0.145399996	 -0.195 	  -48.62 	 
0.145599996	 -0.195 	  -48.90 	 
0.145799996	 -0.196 	  -49.17 	 
0.145999996	 -0.196 	  -49.44 	 
0.146199996	 -0.196 	  -49.71 	 
0.146399996	 -0.197 	  -50.00 	 
0.146599996	 -0.198 	  -50.26 	 
0.146799996	 -0.198 	  -50.52 	 
0.146999996	 -0.198 	  -50.78 	 
0.147199996	 -0.198 	  -51.05 	 
0.147399996	 -0.199 	  -51.34 	 
0.147599996	 -0.200 	  -51.61 	 
0.147799996	 -0.201 	  -51.90 	 
0.147999996	 -0.200 	  -52.15 	 
0.148199996	 -0.201 	  -52.43 	 
0.148399996	 -0.201 	  -52.72 	 
0.148599996	 -0.202 	  -52.96 	 
0.148799996	 -0.202 	  -53.24 	 
0.148999996	 -0.202 	  -53.53 	 
0.149199996	 -0.203 	  -53.83 	 
0.149399996	 -0.203 	  -54.13 	 
0.149599996	 -0.203 	  -54.44 	 
0.149799996	 -0.204 	  -54.73 	 
0.149999996	 -0.205 	  -55.04 	 
0.150199996	 -0.205 	  -55.33 	 
0.150399996	 -0.206 	  -55.62 	 
0.150599996	 -0.206 	  -55.92 	 
0.150799996	 -0.207 	  -56.20 	 
0.150999996	 -0.207 	  -56.50 	 
0.151199996	 -0.208 	  -56.77 	 
0.151399996	 -0.208 	  -57.07 	 
0.151599996	 -0.208 	  -57.37 	 
0.151799996	 -0.209 	  -57.67 	 
0.151999996	 -0.210 	  -57.94 	 
0.152199996	 -0.210 	  -58.25 	 
0.152399996	 -0.211 	  -58.56 	 
0.152599996	 -0.211 	  -58.87 	 
0.152799996	 -0.212 	  -59.18 	 
0.152999996	 -0.212 	  -59.51 	 
0.153199996	 -0.213 	  -59.83 	 
0.153399996	 -0.213 	  -60.15 	 
0.153599996	 -0.214 	  -60.45 	 
0.153799996	 -0.215 	  -60.76 	 
0.153999996	 -0.215 	  -61.06 	 
0.154199996	 -0.216 	  -61.35 	 
0.154399996	 -0.216 	  -61.63 	 
0.154599996	 -0.217 	  -61.90 	 
0.154799996	 -0.218 	  -62.18 	 
0.154999996	 -0.218 	  -62.48 	 
0.155199996	 -0.218 	  -62.74 	 
0.155399996	 -0.219 	  -63.06 	 
0.155599996	 -0.219 	  -63.35 	 
0.155799996	 -0.220 	  -63.65 	 
0.155999996	 -0.220 	  -63.96 	 
0.156199996	 -0.222 	  -64.24 	 
0.156399996	 -0.221 	  -64.55 	 
0.156599996	 -0.222 	  -64.85 	 
0.156799996	 -0.223 	  -65.16 	 
0.156999996	 -0.222 	  -65.46 	 
0.157199996	 -0.224 	  -65.78 	 
0.157399996	 -0.224 	  -66.06 	 
0.157599996	 -0.224 	  -66.37 	 
0.157799996	 -0.225 	  -66.68 	 
0.157999996	 -0.225 	  -66.98 	 
0.158199996	 -0.226 	  -67.27 	 
0.158399996	 -0.228 	  -67.55 	 
0.158599996	 -0.227 	  -67.82 	 
0.158799996	 -0.228 	  -68.12 	 
0.158999996	 -0.229 	  -68.40 	 
0.159199996	 -0.229 	  -68.69 	 
0.159399996	 -0.230 	  -68.99 	 
0.159599996	 -0.229 	  -69.28 	 
0.159799996	 -0.231 	  -69.55 	 
0.159999996	 -0.231 	  -69.83 	 
0.160199996	 -0.232 	  -70.12 	 
0.160399996	 -0.232 	  -70.40 	 
0.160599996	 -0.232 	  -70.66 	 
0.160799996	 -0.233 	  -70.95 	 
0.160999996	 -0.234 	  -71.23 	 
0.161199996	 -0.234 	  -71.53 	 
0.161399996	 -0.234 	  -71.80 	 
0.161599996	 -0.236 	  -72.07 	 
0.161799996	 -0.236 	  -72.34 	 
0.161999996	 -0.236 	  -72.61 	 
0.162199996	 -0.237 	  -72.88 	 
0.162399996	 -0.237 	  -73.12 	 
0.162599996	 -0.238 	  -73.37 	 
0.162799996	 -0.238 	  -73.59 	 
0.162999996	 -0.238 	  -73.88 	 
0.163199996	 -0.239 	  -74.11 	 
0.163399996	 -0.239 	  -74.35 	 
0.163599996	 -0.240 	  -74.60 	 
0.163799996	 -0.241 	  -74.85 	 
0.163999996	 -0.242 	  -75.09 	 
0.164199996	 -0.241 	  -75.33 	 
0.164399996	 -0.242 	  -75.60 	 
0.164599996	 -0.242 	  -75.85 	 
0.164799996	 -0.243 	  -76.09 	 
0.164999996	 -0.244 	  -76.32 	 
0.165199996	 -0.244 	  -76.59 	 
0.165399996	 -0.244 	  -76.82 	 
0.165599996	 -0.245 	  -77.06 	 
0.165799996	 -0.245 	  -77.30 	 
0.165999996	 -0.245 	  -77.50 	 
0.166199996	 -0.246 	  -77.72 	 
0.166399996	 -0.246 	  -77.95 	 
0.166599996	 -0.247 	  -78.18 	 
0.166799996	 -0.247 	  -78.40 	 
0.166999996	 -0.248 	  -78.62 	 
0.167199996	 -0.248 	  -78.85 	 
0.167399996	 -0.248 	  -79.04 	 
0.167599996	 -0.249 	  -79.23 	 
0.167799996	 -0.249 	  -79.43 	 
0.167999996	 -0.249 	  -79.63 	 
0.168199996	 -0.250 	  -79.80 	 
0.168399996	 -0.250 	  -79.98 	 
0.168599996	 -0.250 	  -80.15 	 
0.168799996	 -0.251 	  -80.35 	 
0.168999996	 -0.252 	  -80.52 	 
0.169199996	 -0.252 	  -80.71 	 
0.169399996	 -0.252 	  -80.88 	 
0.169599996	 -0.252 	  -81.06 	 
0.169799996	 -0.252 	  -81.25 	 
0.169999996	 -0.253 	  -81.39 	 
0.170199996	 -0.253 	  -81.56 	 
0.170399996	 -0.254 	  -81.72 	 
0.170599996	 -0.254 	  -81.88 	 
0.170799996	 -0.254 	  -82.04 	 
0.170999996	 -0.255 	  -82.19 	 
0.171199996	 -0.255 	  -82.33 	 
0.171399996	 -0.255 	  -82.48 	 
0.171599996	 -0.255 	  -82.62 	 
0.171799996	 -0.256 	  -82.76 	 
0.171999996	 -0.256 	  -82.90 	 
0.172199996	 -0.256 	  -83.03 	 
0.172399996	 -0.256 	  -83.18 	 
0.172599996	 -0.257 	  -83.29 	 
0.172799996	 -0.257 	  -83.45 	 
0.172999996	 -0.258 	  -83.57 	 
0.173199996	 -0.257 	  -83.68 	 
0.173399996	 -0.257 	  -83.80 	 
0.173599996	 -0.259 	  -83.91 	 
0.173799996	 -0.259 	  -84.02 	 
0.173999996	 -0.258 	  -84.11 	 
0.174199996	 -0.259 	  -84.22 	 
0.174399996	 -0.259 	  -84.30 	 
0.174599996	 -0.259 	  -84.40 	 
0.174799996	 -0.260 	  -84.51 	 
0.174999996	 -0.259 	  -84.56 	 
0.175199996	 -0.260 	  -84.66 	 
0.175399996	 -0.260 	  -84.74 	 
0.175599996	 -0.261 	  -84.80 	 
0.175799996	 -0.260 	  -84.85 	 
0.175999996	 -0.261 	  -84.91 	 
0.176199996	 -0.260 	  -84.99 	 
0.176399996	 -0.261 	  -85.04 	 
0.176599996	 -0.261 	  -85.09 	 
0.176799996	 -0.261 	  -85.14 	 
0.176999996	 -0.261 	  -85.20 	 
0.177199996	 -0.261 	  -85.24 	 
0.177399996	 -0.261 	  -85.27 	 
0.177599996	 -0.262 	  -85.33 	 
0.177799996	 -0.262 	  -85.35 	 
0.177999996	 -0.262 	  -85.39 	 
0.178199995	 -0.262 	  -85.41 	 
0.178399995	 -0.262 	  -85.43 	 
0.178599995	 -0.262 	  -85.44 	 
0.178799995	 -0.262 	  -85.49 	 
0.178999995	 -0.263 	  -85.50 	 
0.179199995	 -0.262 	  -85.51 	 
0.179399995	 -0.263 	  -85.50 	 
0.179599995	 -0.263 	  -85.50 	 
0.179799995	 -0.263 	  -85.50 	 
0.179999995	 -0.264 	  -85.49 	 
0.180199995	 -0.264 	  -85.48 	 
0.180399995	 -0.263 	  -85.46 	 
0.180599995	 -0.264 	  -85.44 	 
0.180799995	 -0.263 	  -85.46 	 
0.180999995	 -0.264 	  -85.46 	 
0.181199995	 -0.263 	  -85.46 	 
0.181399995	 -0.264 	  -85.42 	 
0.181599995	 -0.264 	  -85.42 	 
0.181799995	 -0.264 	  -85.39 	 
0.181999995	 -0.264 	  -85.36 	 
0.182199995	 -0.264 	  -85.30 	 
0.182399995	 -0.264 	  -85.22 	 
0.182599995	 -0.263 	  -85.16 	 
0.182799995	 -0.264 	  -85.07 	 
0.182999995	 -0.264 	  -85.03 	 
0.183199995	 -0.263 	  -84.95 	 
0.183399995	 -0.264 	  -84.88 	 
0.183599995	 -0.263 	  -84.82 	 
0.183799995	 -0.264 	  -84.76 	 
0.183999995	 -0.263 	  -84.70 	 
0.184199995	 -0.264 	  -84.63 	 
0.184399995	 -0.264 	  -84.58 	 
0.184599995	 -0.263 	  -84.49 	 
0.184799995	 -0.263 	  -84.41 	 
0.184999995	 -0.264 	  -84.30 	 
0.185199995	 -0.264 	  -84.21 	 
0.185399995	 -0.263 	  -84.11 	 
0.185599995	 -0.263 	  -84.00 	 
0.185799995	 -0.264 	  -83.88 	 
0.185999995	 -0.263 	  -83.78 	 
0.186199995	 -0.262 	  -83.66 	 
0.186399995	 -0.263 	  -83.55 	 
0.186599995	 -0.263 	  -83.44 	 
0.186799995	 -0.263 	  -83.32 	 
0.186999995	 -0.262 	  -83.20 	 
0.187199995	 -0.262 	  -83.07 	 
0.187399995	 -0.262 	  -82.93 	 
0.187599995	 -0.261 	  -82.78 	 
0.187799995	 -0.262 	  -82.60 	 
0.187999995	 -0.261 	  -82.44 	 
0.188199995	 -0.262 	  -82.28 	 
0.188399995	 -0.261 	  -82.11 	 
0.188599995	 -0.261 	  -81.96 	 
0.188799995	 -0.261 	  -81.82 	 
0.188999995	 -0.261 	  -81.69 	 
0.189199995	 -0.261 	  -81.56 	 
0.189399995	 -0.261 	  -81.38 	 
0.189599995	 -0.261 	  -81.23 	 
0.189799995	 -0.260 	  -81.03 	 
0.189999995	 -0.261 	  -80.85 	 
0.190199995	 -0.260 	  -80.64 	 
0.190399995	 -0.260 	  -80.42 	 
0.190599995	 -0.260 	  -80.22 	 
0.190799995	 -0.259 	  -80.01 	 
0.190999995	 -0.259 	  -79.81 	 
0.191199995	 -0.259 	  -79.61 	 
0.191399995	 -0.259 	  -79.43 	 
0.191599995	 -0.259 	  -79.23 	 
0.191799995	 -0.259 	  -79.01 	 
0.191999995	 -0.259 	  -78.79 	 
0.192199995	 -0.258 	  -78.58 	 
0.192399995	 -0.259 	  -78.37 	 
0.192599995	 -0.257 	  -78.16 	 
0.192799995	 -0.257 	  -77.97 	 
0.192999995	 -0.257 	  -77.75 	 
0.193199995	 -0.257 	  -77.51 	 
0.193399995	 -0.257 	  -77.29 	 
0.193599995	 -0.257 	  -77.06 	 
0.193799995	 -0.256 	  -76.80 	 
0.193999995	 -0.256 	  -76.56 	 
0.194199995	 -0.256 	  -76.32 	 
0.194399995	 -0.256 	  -76.05 	 
0.194599995	 -0.255 	  -75.79 	 
0.194799995	 -0.255 	  -75.51 	 
0.194999995	 -0.255 	  -75.24 	 
0.195199995	 -0.255 	  -74.98 	 
0.195399995	 -0.254 	  -74.72 	 
0.195599995	 -0.254 	  -74.45 	 
0.195799995	 -0.254 	  -74.22 	 
0.195999995	 -0.254 	  -73.95 	 
0.196199995	 -0.253 	  -73.70 	 
0.196399995	 -0.252 	  -73.46 	 
0.196599995	 -0.252 	  -73.20 	 
0.196799995	 -0.252 	  -72.95 	 
0.196999995	 -0.252 	  -72.68 	 
0.197199995	 -0.251 	  -72.40 	 
0.197399995	 -0.251 	  -72.11 	 
0.197599995	 -0.251 	  -71.85 	 
0.197799995	 -0.251 	  -71.56 	 
0.197999995	 -0.250 	  -71.26 	 
0.198199995	 -0.249 	  -70.95 	 
0.198399995	 -0.249 	  -70.66 	 
0.198599995	 -0.249 	  -70.37 	 
0.198799995	 -0.248 	  -70.09 	 
0.198999995	 -0.248 	  -69.77 	 
0.199199995	 -0.248 	  -69.48 	 
0.199399995	 -0.247 	  -69.23 	 
0.199599995	 -0.247 	  -68.98 	 
0.199799995	 -0.247 	  -68.70 	 
0.199999995	 -0.247 	  -68.42 	 
0.200199995	 -0.246 	  -68.14 	 
0.200399995	 -0.246 	  -67.82 	 
0.200599995	 -0.245 	  -67.53 	 
0.200799995	 -0.245 	  -67.21 	 
0.200999995	 -0.245 	  -66.91 	 
0.201199995	 -0.244 	  -66.58 	 
0.201399995	 -0.244 	  -66.27 	 
0.201599995	 -0.243 	  -65.95 	 
0.201799995	 -0.243 	  -65.65 	 
0.201999995	 -0.243 	  -65.34 	 
0.202199995	 -0.241 	  -65.03 	 
0.202399995	 -0.241 	  -64.73 	 
0.202599995	 -0.240 	  -64.42 	 
0.202799995	 -0.240 	  -64.13 	 
0.202999995	 -0.240 	  -63.82 	 
0.203199995	 -0.240 	  -63.52 	 
0.203399995	 -0.239 	  -63.22 	 
0.203599995	 -0.239 	  -62.90 	 
0.203799995	 -0.238 	  -62.60 	 
0.203999995	 -0.237 	  -62.30 	 
0.204199995	 -0.238 	  -61.97 	 
0.204399995	 -0.237 	  -61.66 	 
0.204599995	 -0.236 	  -61.36 	 
