0.000000000	  0.361 	  -68.14 	 
0.000200000	  0.362 	  -67.85 	 
0.000400000	  0.362 	  -67.56 	 
0.000600000	  0.363 	  -67.27 	 
0.000800000	  0.363 	  -66.97 	 
0.001000000	  0.363 	  -66.67 	 
0.001200000	  0.363 	  -66.39 	 
0.001400000	  0.363 	  -66.10 	 
0.001600000	  0.363 	  -65.80 	 
0.001800000	  0.364 	  -65.48 	 
0.002000000	  0.364 	  -65.19 	 
0.002200000	  0.364 	  -64.89 	 
0.002400000	  0.364 	  -64.61 	 
0.002600000	  0.364 	  -64.30 	 
0.002800000	  0.365 	  -63.96 	 
0.003000000	  0.365 	  -63.67 	 
0.003200000	  0.365 	  -63.37 	 
0.003400000	  0.365 	  -63.08 	 
0.003600000	  0.366 	  -62.80 	 
0.003800000	  0.366 	  -62.51 	 
0.004000000	  0.366 	  -62.23 	 
0.004200000	  0.367 	  -61.93 	 
0.004400000	  0.367 	  -61.64 	 
0.004600000	  0.367 	  -61.33 	 
0.004800000	  0.367 	  -60.98 	 
0.005000000	  0.367 	  -60.67 	 
0.005200000	  0.367 	  -60.34 	 
0.005400000	  0.367 	  -60.08 	 
0.005600000	  0.368 	  -59.79 	 
0.005800000	  0.367 	  -59.53 	 
0.006000000	  0.368 	  -59.22 	 
0.006200000	  0.368 	  -58.94 	 
0.006400000	  0.368 	  -58.63 	 
0.006600000	  0.368 	  -58.30 	 
0.006800000	  0.369 	  -57.96 	 
0.007000000	  0.369 	  -57.65 	 
0.007200000	  0.370 	  -57.33 	 
0.007400000	  0.370 	  -57.04 	 
0.007600000	  0.370 	  -56.75 	 
0.007800000	  0.370 	  -56.48 	 
0.008000000	  0.370 	  -56.19 	 
0.008200000	  0.371 	  -55.88 	 
0.008400000	  0.370 	  -55.60 	 
0.008600000	  0.371 	  -55.30 	 
0.008800000	  0.371 	  -55.02 	 
0.009000000	  0.371 	  -54.72 	 
0.009200000	  0.372 	  -54.43 	 
0.009400000	  0.372 	  -54.16 	 
0.009600000	  0.372 	  -53.88 	 
0.009800000	  0.372 	  -53.59 	 
0.010000000	  0.372 	  -53.30 	 
0.010200000	  0.373 	  -53.02 	 
0.010400000	  0.373 	  -52.72 	 
0.010600000	  0.374 	  -52.45 	 
0.010800000	  0.374 	  -52.18 	 
0.011000000	  0.374 	  -51.91 	 
0.011200000	  0.374 	  -51.62 	 
0.011400000	  0.374 	  -51.35 	 
0.011600000	  0.374 	  -51.09 	 
0.011800000	  0.375 	  -50.82 	 
0.012000000	  0.375 	  -50.55 	 
0.012200000	  0.375 	  -50.29 	 
0.012400000	  0.375 	  -50.04 	 
0.012600000	  0.375 	  -49.76 	 
0.012800000	  0.376 	  -49.51 	 
0.013000000	  0.375 	  -49.25 	 
0.013200000	  0.376 	  -48.96 	 
0.013400000	  0.376 	  -48.71 	 
0.013600000	  0.376 	  -48.47 	 
0.013800000	  0.377 	  -48.20 	 
0.014000000	  0.377 	  -47.96 	 
0.014200000	  0.377 	  -47.73 	 
0.014400000	  0.377 	  -47.48 	 
0.014600000	  0.377 	  -47.26 	 
0.014800000	  0.377 	  -47.00 	 
0.015000000	  0.378 	  -46.75 	 
0.015200000	  0.377 	  -46.50 	 
0.015400000	  0.379 	  -46.26 	 
0.015600000	  0.379 	  -46.02 	 
0.015800000	  0.378 	  -45.84 	 
0.016000000	  0.380 	  -45.62 	 
0.016200000	  0.379 	  -45.43 	 
0.016400000	  0.379 	  -45.20 	 
0.016600000	  0.380 	  -45.00 	 
0.016800000	  0.380 	  -44.79 	 
0.017000000	  0.380 	  -44.57 	 
0.017200000	  0.380 	  -44.35 	 
0.017400000	  0.380 	  -44.14 	 
0.017600000	  0.380 	  -43.91 	 
0.017800000	  0.380 	  -43.72 	 
0.018000000	  0.380 	  -43.52 	 
0.018200000	  0.381 	  -43.35 	 
0.018400000	  0.381 	  -43.21 	 
0.018600000	  0.381 	  -43.04 	 
0.018800000	  0.381 	  -42.85 	 
0.019000000	  0.382 	  -42.64 	 
0.019200000	  0.382 	  -42.44 	 
0.019400000	  0.382 	  -42.23 	 
0.019600000	  0.382 	  -42.05 	 
0.019799999	  0.382 	  -41.87 	 
0.019999999	  0.383 	  -41.71 	 
0.020199999	  0.382 	  -41.55 	 
0.020399999	  0.382 	  -41.39 	 
0.020599999	  0.383 	  -41.23 	 
0.020799999	  0.383 	  -41.06 	 
0.020999999	  0.382 	  -40.91 	 
0.021199999	  0.383 	  -40.77 	 
0.021399999	  0.383 	  -40.64 	 
0.021599999	  0.384 	  -40.51 	 
0.021799999	  0.384 	  -40.36 	 
0.021999999	  0.384 	  -40.21 	 
0.022199999	  0.383 	  -40.09 	 
0.022399999	  0.384 	  -39.96 	 
0.022599999	  0.384 	  -39.83 	 
0.022799999	  0.384 	  -39.70 	 
0.022999999	  0.385 	  -39.59 	 
0.023199999	  0.384 	  -39.48 	 
0.023399999	  0.384 	  -39.35 	 
0.023599999	  0.385 	  -39.24 	 
0.023799999	  0.385 	  -39.16 	 
0.023999999	  0.385 	  -39.05 	 
0.024199999	  0.386 	  -38.98 	 
0.024399999	  0.386 	  -38.88 	 
0.024599999	  0.386 	  -38.79 	 
0.024799999	  0.386 	  -38.69 	 
0.024999999	  0.386 	  -38.58 	 
0.025199999	  0.386 	  -38.51 	 
0.025399999	  0.385 	  -38.43 	 
0.025599999	  0.386 	  -38.40 	 
0.025799999	  0.386 	  -38.32 	 
0.025999999	  0.386 	  -38.27 	 
0.026199999	  0.386 	  -38.23 	 
0.026399999	  0.387 	  -38.15 	 
0.026599999	  0.387 	  -38.07 	 
0.026799999	  0.386 	  -38.01 	 
0.026999999	  0.387 	  -37.93 	 
0.027199999	  0.387 	  -37.89 	 
0.027399999	  0.387 	  -37.86 	 
0.027599999	  0.387 	  -37.86 	 
0.027799999	  0.387 	  -37.82 	 
0.027999999	  0.387 	  -37.81 	 
0.028199999	  0.387 	  -37.79 	 
0.028399999	  0.387 	  -37.77 	 
0.028599999	  0.387 	  -37.73 	 
0.028799999	  0.387 	  -37.70 	 
0.028999999	  0.387 	  -37.70 	 
0.029199999	  0.387 	  -37.70 	 
0.029399999	  0.387 	  -37.72 	 
0.029599999	  0.387 	  -37.71 	 
0.029799999	  0.387 	  -37.75 	 
0.029999999	  0.388 	  -37.77 	 
0.030199999	  0.387 	  -37.77 	 
0.030399999	  0.387 	  -37.79 	 
0.030599999	  0.388 	  -37.80 	 
0.030799999	  0.388 	  -37.81 	 
0.030999999	  0.388 	  -37.84 	 
0.031199999	  0.388 	  -37.86 	 
0.031399999	  0.387 	  -37.89 	 
0.031599999	  0.388 	  -37.95 	 
0.031799999	  0.387 	  -37.99 	 
0.031999999	  0.387 	  -38.04 	 
0.032199999	  0.388 	  -38.08 	 
0.032399999	  0.388 	  -38.10 	 
0.032599999	  0.387 	  -38.13 	 
0.032799999	  0.387 	  -38.18 	 
0.032999999	  0.387 	  -38.23 	 
0.033199999	  0.387 	  -38.32 	 
0.033399999	  0.387 	  -38.39 	 
0.033599999	  0.387 	  -38.46 	 
0.033799999	  0.388 	  -38.55 	 
0.033999999	  0.388 	  -38.61 	 
0.034199999	  0.388 	  -38.70 	 
0.034399999	  0.387 	  -38.83 	 
0.034599999	  0.387 	  -38.95 	 
0.034799999	  0.387 	  -39.04 	 
0.034999999	  0.388 	  -39.13 	 
0.035199999	  0.387 	  -39.20 	 
0.035399999	  0.387 	  -39.25 	 
0.035599999	  0.387 	  -39.34 	 
0.035799999	  0.387 	  -39.45 	 
0.035999999	  0.387 	  -39.59 	 
0.036199999	  0.387 	  -39.71 	 
0.036399999	  0.387 	  -39.83 	 
0.036599999	  0.387 	  -39.98 	 
0.036799999	  0.387 	  -40.14 	 
0.036999999	  0.387 	  -40.25 	 
0.037199999	  0.386 	  -40.38 	 
0.037399999	  0.387 	  -40.53 	 
0.037599999	  0.387 	  -40.64 	 
0.037799999	  0.386 	  -40.79 	 
0.037999999	  0.386 	  -40.96 	 
0.038199999	  0.386 	  -41.13 	 
0.038399999	  0.386 	  -41.30 	 
0.038599999	  0.386 	  -41.48 	 
0.038799999	  0.386 	  -41.63 	 
0.038999999	  0.386 	  -41.77 	 
0.039199999	  0.385 	  -41.89 	 
0.039399999	  0.385 	  -42.06 	 
0.039599999	  0.386 	  -42.24 	 
0.039799999	  0.385 	  -42.43 	 
0.039999999	  0.385 	  -42.65 	 
0.040199999	  0.385 	  -42.88 	 
0.040399999	  0.385 	  -43.09 	 
0.040599999	  0.385 	  -43.27 	 
0.040799999	  0.385 	  -43.45 	 
0.040999999	  0.385 	  -43.62 	 
0.041199999	  0.385 	  -43.77 	 
0.041399999	  0.385 	  -43.95 	 
0.041599999	  0.384 	  -44.18 	 
0.041799999	  0.384 	  -44.41 	 
0.041999999	  0.384 	  -44.67 	 
0.042199999	  0.384 	  -44.94 	 
0.042399999	  0.384 	  -45.18 	 
0.042599999	  0.383 	  -45.40 	 
0.042799999	  0.383 	  -45.61 	 
0.042999999	  0.383 	  -45.78 	 
0.043199999	  0.384 	  -45.96 	 
0.043399999	  0.383 	  -46.16 	 
0.043599999	  0.383 	  -46.40 	 
0.043799999	  0.383 	  -46.67 	 
0.043999999	  0.383 	  -46.97 	 
0.044199999	  0.383 	  -47.25 	 
0.044399999	  0.382 	  -47.52 	 
0.044599999	  0.382 	  -47.78 	 
0.044799999	  0.382 	  -48.02 	 
0.044999999	  0.382 	  -48.25 	 
0.045199999	  0.382 	  -48.47 	 
0.045399999	  0.381 	  -48.71 	 
0.045599999	  0.382 	  -48.97 	 
0.045799999	  0.381 	  -49.24 	 
0.045999999	  0.381 	  -49.51 	 
0.046199999	  0.380 	  -49.80 	 
0.046399999	  0.381 	  -50.07 	 
0.046599999	  0.380 	  -50.37 	 
0.046799999	  0.380 	  -50.60 	 
0.046999999	  0.380 	  -50.83 	 
0.047199999	  0.379 	  -51.09 	 
0.047399999	  0.379 	  -51.34 	 
0.047599999	  0.379 	  -51.61 	 
0.047799999	  0.379 	  -51.88 	 
0.047999999	  0.379 	  -52.18 	 
0.048199999	  0.379 	  -52.48 	 
0.048399999	  0.379 	  -52.77 	 
0.048599999	  0.378 	  -53.06 	 
0.048799999	  0.378 	  -53.37 	 
0.048999999	  0.379 	  -53.61 	 
0.049199999	  0.378 	  -53.88 	 
0.049399999	  0.377 	  -54.17 	 
0.049599999	  0.377 	  -54.44 	 
0.049799999	  0.377 	  -54.76 	 
0.049999999	  0.377 	  -55.06 	 
0.050199999	  0.377 	  -55.37 	 
0.050399999	  0.376 	  -55.67 	 
0.050599999	  0.376 	  -56.00 	 
0.050799999	  0.376 	  -56.28 	 
0.050999999	  0.376 	  -56.55 	 
0.051199999	  0.376 	  -56.84 	 
0.051399999	  0.375 	  -57.10 	 
0.051599999	  0.375 	  -57.38 	 
0.051799999	  0.375 	  -57.70 	 
0.051999999	  0.375 	  -57.99 	 
0.052199999	  0.375 	  -58.32 	 
0.052399999	  0.374 	  -58.63 	 
0.052599999	  0.374 	  -58.94 	 
0.052799999	  0.374 	  -59.25 	 
0.052999999	  0.374 	  -59.52 	 
0.053199999	  0.374 	  -59.83 	 
0.053399999	  0.373 	  -60.12 	 
0.053599999	  0.373 	  -60.39 	 
0.053799999	  0.372 	  -60.70 	 
0.053999999	  0.372 	  -61.00 	 
0.054199999	  0.373 	  -61.28 	 
0.054399999	  0.372 	  -61.60 	 
0.054599999	  0.373 	  -61.87 	 
0.054799999	  0.372 	  -62.18 	 
0.054999999	  0.372 	  -62.48 	 
0.055199999	  0.371 	  -62.78 	 
0.055399999	  0.371 	  -63.12 	 
0.055599999	  0.371 	  -63.43 	 
0.055799999	  0.370 	  -63.73 	 
0.055999999	  0.370 	  -64.04 	 
0.056199999	  0.370 	  -64.33 	 
0.056399999	  0.370 	  -64.62 	 
0.056599999	  0.369 	  -64.92 	 
0.056799999	  0.369 	  -65.19 	 
0.056999999	  0.369 	  -65.48 	 
0.057199999	  0.369 	  -65.78 	 
0.057399999	  0.369 	  -66.08 	 
0.057599999	  0.368 	  -66.39 	 
0.057799999	  0.368 	  -66.68 	 
0.057999999	  0.368 	  -67.01 	 
0.058199999	  0.367 	  -67.33 	 
0.058399999	  0.367 	  -67.64 	 
0.058599999	  0.367 	  -67.88 	 
0.058799999	  0.367 	  -68.15 	 
0.058999999	  0.367 	  -68.41 	 
0.059199999	  0.366 	  -68.67 	 
0.059399998	  0.366 	  -68.92 	 
0.059599998	  0.366 	  -69.24 	 
0.059799998	  0.366 	  -69.56 	 
0.059999998	  0.366 	  -69.86 	 
0.060199998	  0.366 	  -70.15 	 
0.060399998	  0.365 	  -70.45 	 
0.060599998	  0.365 	  -70.71 	 
0.060799998	  0.365 	  -70.99 	 
0.060999998	  0.364 	  -71.23 	 
0.061199998	  0.364 	  -71.48 	 
0.061399998	  0.364 	  -71.76 	 
0.061599998	  0.364 	  -72.05 	 
0.061799998	  0.363 	  -72.30 	 
0.061999998	  0.364 	  -72.61 	 
0.062199998	  0.363 	  -72.86 	 
0.062399998	  0.363 	  -73.15 	 
0.062599998	  0.363 	  -73.41 	 
0.062799998	  0.363 	  -73.65 	 
0.062999998	  0.362 	  -73.87 	 
0.063199998	  0.362 	  -74.13 	 
0.063399998	  0.362 	  -74.37 	 
0.063599998	  0.362 	  -74.65 	 
0.063799998	  0.361 	  -74.90 	 
0.063999998	  0.361 	  -75.16 	 
0.064199998	  0.361 	  -75.42 	 
0.064399998	  0.361 	  -75.68 	 
0.064599998	  0.361 	  -75.91 	 
0.064799998	  0.361 	  -76.14 	 
0.064999998	  0.360 	  -76.35 	 
0.065199998	  0.360 	  -76.60 	 
0.065399998	  0.360 	  -76.82 	 
0.065599998	  0.360 	  -77.06 	 
0.065799998	  0.359 	  -77.32 	 
0.065999998	  0.359 	  -77.55 	 
0.066199998	  0.359 	  -77.77 	 
0.066399998	  0.359 	  -77.99 	 
0.066599998	  0.359 	  -78.18 	 
0.066799998	  0.359 	  -78.38 	 
0.066999998	  0.359 	  -78.58 	 
0.067199998	  0.358 	  -78.77 	 
0.067399998	  0.359 	  -78.97 	 
0.067599998	  0.358 	  -79.17 	 
0.067799998	  0.357 	  -79.39 	 
0.067999998	  0.358 	  -79.61 	 
0.068199998	  0.357 	  -79.82 	 
0.068399998	  0.358 	  -80.00 	 
0.068599998	  0.357 	  -80.20 	 
0.068799998	  0.357 	  -80.34 	 
0.068999998	  0.357 	  -80.53 	 
0.069199998	  0.356 	  -80.68 	 
0.069399998	  0.357 	  -80.88 	 
0.069599998	  0.357 	  -81.05 	 
0.069799998	  0.356 	  -81.25 	 
0.069999998	  0.356 	  -81.45 	 
0.070199998	  0.356 	  -81.62 	 
0.070399998	  0.356 	  -81.79 	 
0.070599998	  0.356 	  -81.94 	 
0.070799998	  0.356 	  -82.08 	 
0.070999998	  0.356 	  -82.22 	 
0.071199998	  0.356 	  -82.37 	 
0.071399998	  0.355 	  -82.50 	 
0.071599998	  0.355 	  -82.63 	 
0.071799998	  0.355 	  -82.78 	 
0.071999998	  0.355 	  -82.95 	 
0.072199998	  0.355 	  -83.09 	 
0.072399998	  0.355 	  -83.21 	 
0.072599998	  0.354 	  -83.33 	 
0.072799998	  0.354 	  -83.42 	 
0.072999998	  0.354 	  -83.54 	 
0.073199998	  0.354 	  -83.65 	 
0.073399998	  0.354 	  -83.75 	 
0.073599998	  0.354 	  -83.90 	 
0.073799998	  0.354 	  -84.00 	 
0.073999998	  0.354 	  -84.13 	 
0.074199998	  0.355 	  -84.24 	 
0.074399998	  0.354 	  -84.36 	 
0.074599998	  0.354 	  -84.41 	 
0.074799998	  0.353 	  -84.47 	 
0.074999998	  0.353 	  -84.51 	 
0.075199998	  0.354 	  -84.59 	 
0.075399998	  0.353 	  -84.67 	 
0.075599998	  0.353 	  -84.76 	 
0.075799998	  0.353 	  -84.87 	 
0.075999998	  0.353 	  -84.93 	 
0.076199998	  0.353 	  -85.00 	 
0.076399998	  0.353 	  -85.06 	 
0.076599998	  0.353 	  -85.13 	 
0.076799998	  0.353 	  -85.17 	 
0.076999998	  0.353 	  -85.19 	 
0.077199998	  0.353 	  -85.21 	 
0.077399998	  0.353 	  -85.24 	 
0.077599998	  0.353 	  -85.28 	 
0.077799998	  0.353 	  -85.35 	 
0.077999998	  0.353 	  -85.41 	 
0.078199998	  0.352 	  -85.46 	 
0.078399998	  0.353 	  -85.47 	 
0.078599998	  0.353 	  -85.51 	 
0.078799998	  0.353 	  -85.50 	 
0.078999998	  0.353 	  -85.47 	 
0.079199998	  0.353 	  -85.44 	 
0.079399998	  0.353 	  -85.43 	 
0.079599998	  0.353 	  -85.42 	 
0.079799998	  0.352 	  -85.46 	 
0.079999998	  0.353 	  -85.48 	 
0.080199998	  0.353 	  -85.51 	 
0.080399998	  0.352 	  -85.48 	 
0.080599998	  0.352 	  -85.49 	 
0.080799998	  0.352 	  -85.44 	 
0.080999998	  0.352 	  -85.39 	 
0.081199998	  0.353 	  -85.35 	 
0.081399998	  0.352 	  -85.32 	 
0.081599998	  0.353 	  -85.30 	 
0.081799998	  0.353 	  -85.26 	 
0.081999998	  0.353 	  -85.25 	 
0.082199998	  0.352 	  -85.21 	 
0.082399998	  0.353 	  -85.17 	 
0.082599998	  0.353 	  -85.11 	 
0.082799998	  0.352 	  -85.04 	 
0.082999998	  0.352 	  -84.94 	 
0.083199998	  0.352 	  -84.87 	 
0.083399998	  0.352 	  -84.81 	 
0.083599998	  0.353 	  -84.76 	 
0.083799998	  0.353 	  -84.71 	 
0.083999998	  0.353 	  -84.65 	 
0.084199998	  0.353 	  -84.59 	 
0.084399998	  0.353 	  -84.49 	 
0.084599998	  0.353 	  -84.39 	 
0.084799998	  0.352 	  -84.27 	 
0.084999998	  0.352 	  -84.14 	 
0.085199998	  0.353 	  -84.06 	 
0.085399998	  0.353 	  -83.97 	 
0.085599998	  0.353 	  -83.88 	 
0.085799998	  0.353 	  -83.80 	 
0.085999998	  0.353 	  -83.69 	 
0.086199998	  0.353 	  -83.57 	 
0.086399998	  0.353 	  -83.44 	 
0.086599998	  0.353 	  -83.28 	 
0.086799998	  0.353 	  -83.12 	 
0.086999998	  0.353 	  -82.99 	 
0.087199998	  0.354 	  -82.85 	 
0.087399998	  0.353 	  -82.70 	 
0.087599998	  0.354 	  -82.59 	 
0.087799998	  0.353 	  -82.45 	 
0.087999998	  0.353 	  -82.30 	 
0.088199998	  0.353 	  -82.16 	 
0.088399998	  0.353 	  -81.97 	 
0.088599998	  0.354 	  -81.80 	 
0.088799998	  0.354 	  -81.64 	 
0.088999998	  0.354 	  -81.43 	 
0.089199998	  0.354 	  -81.27 	 
0.089399998	  0.354 	  -81.12 	 
0.089599998	  0.355 	  -80.99 	 
0.089799998	  0.354 	  -80.82 	 
0.089999998	  0.355 	  -80.63 	 
0.090199998	  0.354 	  -80.45 	 
0.090399998	  0.355 	  -80.24 	 
0.090599998	  0.355 	  -80.02 	 
0.090799998	  0.355 	  -79.81 	 
0.090999998	  0.355 	  -79.61 	 
0.091199998	  0.354 	  -79.41 	 
0.091399998	  0.354 	  -79.23 	 
0.091599998	  0.355 	  -79.03 	 
0.091799998	  0.355 	  -78.84 	 
0.091999998	  0.356 	  -78.63 	 
0.092199998	  0.356 	  -78.39 	 
0.092399998	  0.356 	  -78.14 	 
0.092599998	  0.356 	  -77.91 	 
0.092799998	  0.356 	  -77.66 	 
0.092999998	  0.356 	  -77.44 	 
0.093199998	  0.356 	  -77.24 	 
0.093399998	  0.356 	  -77.02 	 
0.093599998	  0.357 	  -76.81 	 
0.093799998	  0.356 	  -76.58 	 
0.093999998	  0.357 	  -76.34 	 
0.094199998	  0.357 	  -76.09 	 
0.094399998	  0.357 	  -75.80 	 
0.094599998	  0.357 	  -75.53 	 
0.094799998	  0.357 	  -75.27 	 
0.094999998	  0.357 	  -75.00 	 
0.095199998	  0.357 	  -74.76 	 
0.095399998	  0.357 	  -74.54 	 
0.095599998	  0.358 	  -74.30 	 
0.095799998	  0.358 	  -74.05 	 
0.095999998	  0.358 	  -73.80 	 
0.096199998	  0.359 	  -73.51 	 
0.096399998	  0.358 	  -73.23 	 
0.096599998	  0.359 	  -72.97 	 
0.096799998	  0.359 	  -72.68 	 
0.096999998	  0.359 	  -72.42 	 
0.097199998	  0.359 	  -72.15 	 
0.097399998	  0.360 	  -71.88 	 
0.097599998	  0.360 	  -71.61 	 
0.097799998	  0.359 	  -71.36 	 
0.097999998	  0.360 	  -71.10 	 
0.098199998	  0.360 	  -70.80 	 
0.098399998	  0.361 	  -70.51 	 
0.098599998	  0.360 	  -70.22 	 
0.098799998	  0.361 	  -69.90 	 
0.098999997	  0.361 	  -69.61 	 
0.099199997	  0.361 	  -69.33 	 
0.099399997	  0.361 	  -69.04 	 
0.099599997	  0.362 	  -68.76 	 
0.099799997	  0.362 	  -68.47 	 
0.099999997	  0.362 	  -68.17 	 
0.100199997	  0.361 	  -67.88 	 
0.100399997	  0.362 	  -67.57 	 
0.100599997	  0.363 	  -67.25 	 
0.100799997	  0.362 	  -66.94 	 
0.100999997	  0.363 	  -66.65 	 
0.101199997	  0.363 	  -66.38 	 
0.101399997	  0.364 	  -66.09 	 
0.101599997	  0.363 	  -65.80 	 
0.101799997	  0.363 	  -65.53 	 
0.101999997	  0.364 	  -65.24 	 
0.102199997	  0.364 	  -64.94 	 
0.102399997	  0.364 	  -64.62 	 
0.102599997	  0.364 	  -64.30 	 
0.102799997	  0.365 	  -63.99 	 
0.102999997	  0.365 	  -63.67 	 
0.103199997	  0.365 	  -63.38 	 
0.103399997	  0.365 	  -63.09 	 
0.103599997	  0.366 	  -62.77 	 
0.103799997	  0.366 	  -62.48 	 
0.103999997	  0.366 	  -62.18 	 
0.104199997	  0.366 	  -61.91 	 
0.104399997	  0.366 	  -61.61 	 
0.104599997	  0.367 	  -61.31 	 
0.104799997	  0.366 	  -61.02 	 
0.104999997	  0.367 	  -60.71 	 
0.105199997	  0.367 	  -60.43 	 
0.105399997	  0.368 	  -60.12 	 
0.105599997	  0.368 	  -59.83 	 
0.105799997	  0.368 	  -59.52 	 
0.105999997	  0.369 	  -59.20 	 
0.106199997	  0.368 	  -58.90 	 
0.106399997	  0.368 	  -58.56 	 
0.106599997	  0.368 	  -58.24 	 
0.106799997	  0.368 	  -57.93 	 
0.106999997	  0.369 	  -57.65 	 
0.107199997	  0.369 	  -57.35 	 
0.107399997	  0.369 	  -57.06 	 
0.107599997	  0.370 	  -56.77 	 
0.107799997	  0.369 	  -56.46 	 
0.107999997	  0.370 	  -56.17 	 
0.108199997	  0.370 	  -55.85 	 
0.108399997	  0.370 	  -55.54 	 
0.108599997	  0.371 	  -55.26 	 
0.108799997	  0.371 	  -54.97 	 
0.108999997	  0.371 	  -54.73 	 
0.109199997	  0.372 	  -54.43 	 
0.109399997	  0.372 	  -54.18 	 
0.109599997	  0.372 	  -53.89 	 
0.109799997	  0.373 	  -53.60 	 
0.109999997	  0.373 	  -53.31 	 
0.110199997	  0.372 	  -52.99 	 
0.110399997	  0.373 	  -52.70 	 
0.110599997	  0.373 	  -52.42 	 
0.110799997	  0.373 	  -52.17 	 
0.110999997	  0.374 	  -51.89 	 
0.111199997	  0.374 	  -51.64 	 
0.111399997	  0.374 	  -51.38 	 
0.111599997	  0.374 	  -51.11 	 
0.111799997	  0.375 	  -50.82 	 
0.111999997	  0.375 	  -50.51 	 
0.112199997	  0.375 	  -50.23 	 
0.112399997	  0.375 	  -49.93 	 
0.112599997	  0.376 	  -49.69 	 
0.112799997	  0.375 	  -49.46 	 
0.112999997	  0.376 	  -49.23 	 
0.113199997	  0.376 	  -49.01 	 
0.113399997	  0.376 	  -48.79 	 
0.113599997	  0.376 	  -48.56 	 
0.113799997	  0.376 	  -48.29 	 
0.113999997	  0.376 	  -48.03 	 
0.114199997	  0.377 	  -47.75 	 
0.114399997	  0.377 	  -47.46 	 
0.114599997	  0.377 	  -47.20 	 
0.114799997	  0.377 	  -46.95 	 
0.114999997	  0.378 	  -46.77 	 
0.115199997	  0.378 	  -46.52 	 
0.115399997	  0.379 	  -46.33 	 
0.115599997	  0.378 	  -46.13 	 
0.115799997	  0.379 	  -45.91 	 
0.115999997	  0.378 	  -45.68 	 
0.116199997	  0.379 	  -45.43 	 
0.116399997	  0.379 	  -45.20 	 
0.116599997	  0.379 	  -44.96 	 
0.116799997	  0.379 	  -44.74 	 
0.116999997	  0.380 	  -44.53 	 
0.117199997	  0.380 	  -44.33 	 
0.117399997	  0.380 	  -44.15 	 
0.117599997	  0.380 	  -43.95 	 
0.117799997	  0.380 	  -43.75 	 
0.117999997	  0.380 	  -43.55 	 
0.118199997	  0.380 	  -43.34 	 
0.118399997	  0.381 	  -43.16 	 
0.118599997	  0.381 	  -42.98 	 
0.118799997	  0.381 	  -42.79 	 
0.118999997	  0.382 	  -42.61 	 
0.119199997	  0.381 	  -42.42 	 
0.119399997	  0.382 	  -42.24 	 
0.119599997	  0.382 	  -42.07 	 
0.119799997	  0.382 	  -41.89 	 
0.119999997	  0.382 	  -41.71 	 
0.120199997	  0.383 	  -41.52 	 
0.120399997	  0.383 	  -41.36 	 
0.120599997	  0.383 	  -41.20 	 
0.120799997	  0.383 	  -41.05 	 
0.120999997	  0.383 	  -40.91 	 
0.121199997	  0.384 	  -40.75 	 
0.121399997	  0.383 	  -40.62 	 
0.121599997	  0.383 	  -40.47 	 
0.121799997	  0.383 	  -40.33 	 
0.121999997	  0.383 	  -40.19 	 
0.122199997	  0.384 	  -40.05 	 
0.122399997	  0.384 	  -39.92 	 
0.122599997	  0.384 	  -39.77 	 
0.122799997	  0.384 	  -39.70 	 
0.122999997	  0.384 	  -39.59 	 
0.123199997	  0.385 	  -39.50 	 
0.123399997	  0.385 	  -39.41 	 
0.123599997	  0.385 	  -39.30 	 
0.123799997	  0.385 	  -39.20 	 
0.123999997	  0.385 	  -39.06 	 
0.124199997	  0.385 	  -38.97 	 
0.124399997	  0.385 	  -38.88 	 
0.124599997	  0.385 	  -38.79 	 
0.124799997	  0.385 	  -38.71 	 
0.124999997	  0.386 	  -38.62 	 
0.125199997	  0.386 	  -38.54 	 
0.125399997	  0.386 	  -38.47 	 
0.125599997	  0.387 	  -38.41 	 
0.125799997	  0.386 	  -38.37 	 
0.125999997	  0.386 	  -38.32 	 
0.126199997	  0.387 	  -38.27 	 
0.126399997	  0.386 	  -38.19 	 
0.126599997	  0.387 	  -38.11 	 
0.126799997	  0.387 	  -38.02 	 
0.126999997	  0.387 	  -37.95 	 
0.127199997	  0.387 	  -37.90 	 
0.127399997	  0.387 	  -37.85 	 
0.127599997	  0.387 	  -37.84 	 
0.127799997	  0.387 	  -37.84 	 
0.127999997	  0.387 	  -37.83 	 
0.128199997	  0.387 	  -37.79 	 
0.128399997	  0.387 	  -37.77 	 
0.128599997	  0.387 	  -37.73 	 
0.128799997	  0.387 	  -37.71 	 
0.128999997	  0.387 	  -37.71 	 
0.129199997	  0.387 	  -37.72 	 
0.129399997	  0.387 	  -37.72 	 
0.129599997	  0.387 	  -37.74 	 
0.129799997	  0.387 	  -37.74 	 
0.129999997	  0.387 	  -37.75 	 
0.130199997	  0.387 	  -37.74 	 
0.130399997	  0.387 	  -37.77 	 
0.130599997	  0.388 	  -37.78 	 
0.130799997	  0.387 	  -37.79 	 
0.130999997	  0.388 	  -37.84 	 
0.131199997	  0.388 	  -37.86 	 
0.131399997	  0.387 	  -37.92 	 
0.131599997	  0.387 	  -37.95 	 
0.131799997	  0.388 	  -37.97 	 
0.131999997	  0.388 	  -38.01 	 
0.132199997	  0.388 	  -38.04 	 
0.132399997	  0.387 	  -38.09 	 
0.132599997	  0.387 	  -38.12 	 
0.132799997	  0.388 	  -38.18 	 
0.132999997	  0.388 	  -38.25 	 
0.133199997	  0.388 	  -38.32 	 
0.133399997	  0.387 	  -38.42 	 
0.133599997	  0.388 	  -38.49 	 
0.133799997	  0.387 	  -38.56 	 
0.133999997	  0.387 	  -38.62 	 
0.134199997	  0.387 	  -38.67 	 
0.134399997	  0.387 	  -38.73 	 
0.134599997	  0.387 	  -38.80 	 
0.134799997	  0.387 	  -38.92 	 
0.134999997	  0.387 	  -39.04 	 
0.135199997	  0.387 	  -39.15 	 
0.135399997	  0.387 	  -39.26 	 
0.135599997	  0.387 	  -39.39 	 
0.135799997	  0.387 	  -39.46 	 
0.135999997	  0.387 	  -39.56 	 
0.136199997	  0.387 	  -39.65 	 
0.136399997	  0.387 	  -39.79 	 
0.136599997	  0.386 	  -39.94 	 
0.136799997	  0.387 	  -40.10 	 
0.136999997	  0.387 	  -40.25 	 
0.137199997	  0.386 	  -40.40 	 
0.137399997	  0.386 	  -40.55 	 
0.137599997	  0.386 	  -40.68 	 
0.137799997	  0.386 	  -40.82 	 
0.137999997	  0.386 	  -40.93 	 
0.138199997	  0.386 	  -41.10 	 
0.138399997	  0.386 	  -41.26 	 
0.138599996	  0.386 	  -41.43 	 
0.138799996	  0.386 	  -41.63 	 
0.138999996	  0.386 	  -41.80 	 
0.139199996	  0.386 	  -41.96 	 
0.139399996	  0.385 	  -42.13 	 
0.139599996	  0.386 	  -42.30 	 
0.139799996	  0.385 	  -42.46 	 
0.139999996	  0.386 	  -42.63 	 
0.140199996	  0.385 	  -42.83 	 
0.140399996	  0.386 	  -43.03 	 
0.140599996	  0.385 	  -43.23 	 
0.140799996	  0.384 	  -43.42 	 
0.140999996	  0.385 	  -43.64 	 
0.141199996	  0.384 	  -43.84 	 
0.141399996	  0.384 	  -44.05 	 
0.141599996	  0.384 	  -44.25 	 
0.141799996	  0.384 	  -44.45 	 
0.141999996	  0.383 	  -44.69 	 
0.142199996	  0.384 	  -44.89 	 
0.142399996	  0.384 	  -45.11 	 
0.142599996	  0.384 	  -45.33 	 
0.142799996	  0.384 	  -45.55 	 
0.142999996	  0.383 	  -45.76 	 
0.143199996	  0.383 	  -46.01 	 
0.143399996	  0.383 	  -46.25 	 
0.143599996	  0.383 	  -46.48 	 
0.143799996	  0.383 	  -46.73 	 
0.143999996	  0.382 	  -47.00 	 
0.144199996	  0.383 	  -47.23 	 
0.144399996	  0.382 	  -47.48 	 
0.144599996	  0.382 	  -47.70 	 
0.144799996	  0.382 	  -47.93 	 
0.144999996	  0.382 	  -48.18 	 
0.145199996	  0.382 	  -48.44 	 
0.145399996	  0.382 	  -48.71 	 
0.145599996	  0.382 	  -48.99 	 
0.145799996	  0.381 	  -49.26 	 
0.145999996	  0.381 	  -49.52 	 
0.146199996	  0.381 	  -49.82 	 
0.146399996	  0.381 	  -50.07 	 
0.146599996	  0.380 	  -50.31 	 
0.146799996	  0.380 	  -50.55 	 
0.146999996	  0.380 	  -50.81 	 
0.147199996	  0.379 	  -51.05 	 
0.147399996	  0.379 	  -51.34 	 
0.147599996	  0.379 	  -51.60 	 
0.147799996	  0.379 	  -51.90 	 
0.147999996	  0.379 	  -52.19 	 
0.148199996	  0.379 	  -52.49 	 
0.148399996	  0.379 	  -52.78 	 
0.148599996	  0.379 	  -53.05 	 
0.148799996	  0.378 	  -53.33 	 
0.148999996	  0.379 	  -53.61 	 
0.149199996	  0.378 	  -53.88 	 
0.149399996	  0.378 	  -54.17 	 
0.149599996	  0.377 	  -54.46 	 
0.149799996	  0.377 	  -54.79 	 
0.149999996	  0.377 	  -55.10 	 
0.150199996	  0.376 	  -55.40 	 
0.150399996	  0.376 	  -55.70 	 
0.150599996	  0.376 	  -55.99 	 
0.150799996	  0.376 	  -56.26 	 
0.150999996	  0.375 	  -56.55 	 
0.151199996	  0.375 	  -56.83 	 
0.151399996	  0.375 	  -57.12 	 
0.151599996	  0.375 	  -57.41 	 
0.151799996	  0.375 	  -57.71 	 
0.151999996	  0.375 	  -58.00 	 
0.152199996	  0.375 	  -58.31 	 
0.152399996	  0.374 	  -58.63 	 
0.152599996	  0.374 	  -58.93 	 
0.152799996	  0.374 	  -59.25 	 
0.152999996	  0.373 	  -59.55 	 
0.153199996	  0.374 	  -59.84 	 
0.153399996	  0.374 	  -60.13 	 
0.153599996	  0.374 	  -60.43 	 
0.153799996	  0.373 	  -60.72 	 
0.153999996	  0.373 	  -61.02 	 
0.154199996	  0.373 	  -61.31 	 
0.154399996	  0.372 	  -61.63 	 
0.154599996	  0.372 	  -61.93 	 
0.154799996	  0.371 	  -62.21 	 
0.154999996	  0.371 	  -62.52 	 
0.155199996	  0.372 	  -62.82 	 
0.155399996	  0.371 	  -63.15 	 
0.155599996	  0.370 	  -63.43 	 
0.155799996	  0.370 	  -63.73 	 
0.155999996	  0.370 	  -64.04 	 
0.156199996	  0.370 	  -64.32 	 
0.156399996	  0.370 	  -64.62 	 
0.156599996	  0.369 	  -64.92 	 
0.156799996	  0.369 	  -65.23 	 
0.156999996	  0.369 	  -65.54 	 
0.157199996	  0.368 	  -65.84 	 
0.157399996	  0.369 	  -66.15 	 
0.157599996	  0.368 	  -66.46 	 
0.157799996	  0.368 	  -66.73 	 
0.157999996	  0.368 	  -67.00 	 
0.158199996	  0.367 	  -67.26 	 
0.158399996	  0.367 	  -67.51 	 
0.158599996	  0.367 	  -67.80 	 
0.158799996	  0.367 	  -68.09 	 
0.158999996	  0.366 	  -68.39 	 
0.159199996	  0.366 	  -68.71 	 
0.159399996	  0.366 	  -68.99 	 
0.159599996	  0.367 	  -69.30 	 
0.159799996	  0.366 	  -69.59 	 
0.159999996	  0.365 	  -69.85 	 
0.160199996	  0.365 	  -70.12 	 
0.160399996	  0.365 	  -70.38 	 
0.160599996	  0.365 	  -70.64 	 
0.160799996	  0.365 	  -70.92 	 
0.160999996	  0.364 	  -71.19 	 
0.161199996	  0.364 	  -71.50 	 
0.161399996	  0.364 	  -71.78 	 
0.161599996	  0.364 	  -72.06 	 
0.161799996	  0.363 	  -72.37 	 
0.161999996	  0.364 	  -72.61 	 
0.162199996	  0.364 	  -72.88 	 
0.162399996	  0.363 	  -73.14 	 
0.162599996	  0.363 	  -73.37 	 
0.162799996	  0.362 	  -73.62 	 
0.162999996	  0.362 	  -73.89 	 
0.163199996	  0.362 	  -74.13 	 
0.163399996	  0.362 	  -74.41 	 
0.163599996	  0.362 	  -74.67 	 
0.163799996	  0.361 	  -74.90 	 
0.163999996	  0.362 	  -75.17 	 
0.164199996	  0.362 	  -75.42 	 
0.164399996	  0.361 	  -75.66 	 
0.164599996	  0.361 	  -75.90 	 
0.164799996	  0.361 	  -76.13 	 
0.164999996	  0.360 	  -76.36 	 
0.165199996	  0.360 	  -76.58 	 
0.165399996	  0.359 	  -76.83 	 
0.165599996	  0.359 	  -77.07 	 
0.165799996	  0.359 	  -77.30 	 
0.165999996	  0.359 	  -77.55 	 
0.166199996	  0.359 	  -77.77 	 
0.166399996	  0.359 	  -77.99 	 
0.166599996	  0.359 	  -78.18 	 
0.166799996	  0.359 	  -78.39 	 
0.166999996	  0.359 	  -78.56 	 
0.167199996	  0.359 	  -78.76 	 
0.167399996	  0.359 	  -78.99 	 
0.167599996	  0.358 	  -79.19 	 
0.167799996	  0.358 	  -79.40 	 
0.167999996	  0.358 	  -79.61 	 
0.168199996	  0.358 	  -79.82 	 
0.168399996	  0.357 	  -79.98 	 
0.168599996	  0.357 	  -80.18 	 
0.168799996	  0.357 	  -80.33 	 
0.168999996	  0.357 	  -80.53 	 
0.169199996	  0.357 	  -80.70 	 
0.169399996	  0.357 	  -80.88 	 
0.169599996	  0.357 	  -81.08 	 
0.169799996	  0.357 	  -81.26 	 
0.169999996	  0.357 	  -81.42 	 
0.170199996	  0.356 	  -81.60 	 
0.170399996	  0.356 	  -81.77 	 
0.170599996	  0.356 	  -81.91 	 
0.170799996	  0.356 	  -82.08 	 
0.170999996	  0.356 	  -82.20 	 
0.171199996	  0.355 	  -82.37 	 
0.171399996	  0.355 	  -82.51 	 
0.171599996	  0.355 	  -82.65 	 
0.171799996	  0.355 	  -82.81 	 
0.171999996	  0.355 	  -82.94 	 
0.172199996	  0.354 	  -83.09 	 
0.172399996	  0.355 	  -83.19 	 
0.172599996	  0.354 	  -83.31 	 
0.172799996	  0.354 	  -83.41 	 
0.172999996	  0.355 	  -83.53 	 
0.173199996	  0.354 	  -83.67 	 
0.173399996	  0.354 	  -83.79 	 
0.173599996	  0.354 	  -83.90 	 
0.173799996	  0.354 	  -84.02 	 
0.173999996	  0.354 	  -84.12 	 
0.174199996	  0.354 	  -84.20 	 
0.174399996	  0.353 	  -84.29 	 
0.174599996	  0.354 	  -84.37 	 
0.174799996	  0.354 	  -84.47 	 
0.174999996	  0.353 	  -84.57 	 
0.175199996	  0.354 	  -84.62 	 
0.175399996	  0.353 	  -84.70 	 
0.175599996	  0.354 	  -84.79 	 
0.175799996	  0.353 	  -84.86 	 
0.175999996	  0.353 	  -84.91 	 
0.176199996	  0.354 	  -84.96 	 
0.176399996	  0.353 	  -85.02 	 
0.176599996	  0.353 	  -85.07 	 
0.176799996	  0.353 	  -85.12 	 
0.176999996	  0.352 	  -85.18 	 
0.177199996	  0.353 	  -85.25 	 
0.177399996	  0.353 	  -85.30 	 
0.177599996	  0.353 	  -85.35 	 
0.177799996	  0.353 	  -85.37 	 
0.177999996	  0.353 	  -85.39 	 
0.178199995	  0.353 	  -85.41 	 
0.178399995	  0.353 	  -85.44 	 
0.178599995	  0.353 	  -85.46 	 
0.178799995	  0.352 	  -85.47 	 
0.178999995	  0.353 	  -85.50 	 
0.179199995	  0.352 	  -85.52 	 
0.179399995	  0.353 	  -85.52 	 
0.179599995	  0.352 	  -85.54 	 
0.179799995	  0.353 	  -85.52 	 
0.179999995	  0.353 	  -85.48 	 
0.180199995	  0.352 	  -85.47 	 
0.180399995	  0.353 	  -85.44 	 
0.180599995	  0.352 	  -85.43 	 
0.180799995	  0.353 	  -85.40 	 
0.180999995	  0.352 	  -85.39 	 
0.181199995	  0.352 	  -85.39 	 
0.181399995	  0.353 	  -85.36 	 
0.181599995	  0.353 	  -85.33 	 
0.181799995	  0.352 	  -85.28 	 
0.181999995	  0.352 	  -85.24 	 
0.182199995	  0.353 	  -85.18 	 
0.182399995	  0.352 	  -85.13 	 
0.182599995	  0.353 	  -85.07 	 
0.182799995	  0.352 	  -85.02 	 
0.182999995	  0.353 	  -84.96 	 
0.183199995	  0.353 	  -84.91 	 
0.183399995	  0.353 	  -84.85 	 
0.183599995	  0.353 	  -84.78 	 
0.183799995	  0.353 	  -84.73 	 
0.183999995	  0.353 	  -84.65 	 
0.184199995	  0.353 	  -84.56 	 
0.184399995	  0.352 	  -84.45 	 
0.184599995	  0.353 	  -84.36 	 
0.184799995	  0.353 	  -84.25 	 
0.184999995	  0.352 	  -84.17 	 
0.185199995	  0.353 	  -84.08 	 
0.185399995	  0.353 	  -84.00 	 
0.185599995	  0.353 	  -83.91 	 
0.185799995	  0.353 	  -83.81 	 
0.185999995	  0.353 	  -83.68 	 
0.186199995	  0.353 	  -83.53 	 
0.186399995	  0.353 	  -83.40 	 
0.186599995	  0.353 	  -83.26 	 
0.186799995	  0.353 	  -83.11 	 
0.186999995	  0.353 	  -82.99 	 
0.187199995	  0.353 	  -82.85 	 
0.187399995	  0.354 	  -82.72 	 
0.187599995	  0.354 	  -82.60 	 
0.187799995	  0.354 	  -82.46 	 
0.187999995	  0.354 	  -82.30 	 
0.188199995	  0.354 	  -82.12 	 
0.188399995	  0.354 	  -81.97 	 
0.188599995	  0.354 	  -81.79 	 
0.188799995	  0.354 	  -81.63 	 
0.188999995	  0.354 	  -81.45 	 
0.189199995	  0.354 	  -81.31 	 
0.189399995	  0.354 	  -81.14 	 
0.189599995	  0.354 	  -80.96 	 
0.189799995	  0.354 	  -80.79 	 
0.189999995	  0.354 	  -80.61 	 
0.190199995	  0.354 	  -80.41 	 
0.190399995	  0.355 	  -80.22 	 
0.190599995	  0.355 	  -80.02 	 
0.190799995	  0.355 	  -79.86 	 
0.190999995	  0.355 	  -79.64 	 
0.191199995	  0.355 	  -79.44 	 
0.191399995	  0.356 	  -79.23 	 
0.191599995	  0.356 	  -79.01 	 
0.191799995	  0.355 	  -78.81 	 
0.191999995	  0.355 	  -78.60 	 
0.192199995	  0.355 	  -78.37 	 
0.192399995	  0.355 	  -78.14 	 
0.192599995	  0.356 	  -77.90 	 
0.192799995	  0.356 	  -77.70 	 
0.192999995	  0.356 	  -77.48 	 
0.193199995	  0.356 	  -77.26 	 
0.193399995	  0.356 	  -77.05 	 
0.193599995	  0.357 	  -76.82 	 
0.193799995	  0.357 	  -76.53 	 
0.193999995	  0.357 	  -76.30 	 
0.194199995	  0.357 	  -76.03 	 
0.194399995	  0.357 	  -75.80 	 
0.194599995	  0.357 	  -75.56 	 
0.194799995	  0.357 	  -75.31 	 
0.194999995	  0.357 	  -75.07 	 
0.195199995	  0.358 	  -74.81 	 
0.195399995	  0.358 	  -74.55 	 
0.195599995	  0.358 	  -74.28 	 
0.195799995	  0.358 	  -74.00 	 
0.195999995	  0.358 	  -73.75 	 
0.196199995	  0.359 	  -73.47 	 
0.196399995	  0.359 	  -73.23 	 
0.196599995	  0.359 	  -72.96 	 
0.196799995	  0.359 	  -72.72 	 
0.196999995	  0.359 	  -72.45 	 
0.197199995	  0.359 	  -72.19 	 
0.197399995	  0.359 	  -71.89 	 
0.197599995	  0.359 	  -71.62 	 
0.197799995	  0.359 	  -71.34 	 
0.197999995	  0.360 	  -71.06 	 
0.198199995	  0.360 	  -70.76 	 
0.198399995	  0.360 	  -70.46 	 
0.198599995	  0.361 	  -70.20 	 
0.198799995	  0.361 	  -69.92 	 
0.198999995	  0.361 	  -69.66 	 
0.199199995	  0.361 	  -69.37 	 
0.199399995	  0.361 	  -69.09 	 
0.199599995	  0.362 	  -68.80 	 
0.199799995	  0.362 	  -68.46 	 
0.199999995	  0.362 	  -68.15 	 
0.200199995	  0.362 	  -67.86 	 
0.200399995	  0.362 	  -67.57 	 
0.200599995	  0.362 	  -67.28 	 
0.200799995	  0.362 	  -66.96 	 
0.200999995	  0.362 	  -66.67 	 
0.201199995	  0.363 	  -66.36 	 
0.201399995	  0.364 	  -66.07 	 
0.201599995	  0.363 	  -65.78 	 
0.201799995	  0.364 	  -65.47 	 
0.201999995	  0.365 	  -65.19 	 
0.202199995	  0.364 	  -64.90 	 
0.202399995	  0.364 	  -64.60 	 
0.202599995	  0.364 	  -64.28 	 
0.202799995	  0.365 	  -63.99 	 
0.202999995	  0.365 	  -63.72 	 
0.203199995	  0.366 	  -63.41 	 
0.203399995	  0.366 	  -63.11 	 
0.203599995	  0.366 	  -62.81 	 
0.203799995	  0.366 	  -62.51 	 
0.203999995	  0.365 	  -62.20 	 
0.204199995	  0.366 	  -61.90 	 
0.204399995	  0.366 	  -61.60 	 
0.204599995	  0.367 	  -61.28 	 
