0.000000000	 -0.090 	  -68.30 	 
0.000200000	 -0.090 	  -68.03 	 
0.000400000	 -0.090 	  -67.73 	 
0.000600000	 -0.090 	  -67.43 	 
0.000800000	 -0.089 	  -67.14 	 
0.001000000	 -0.089 	  -66.84 	 
0.001200000	 -0.088 	  -66.52 	 
0.001400000	 -0.088 	  -66.22 	 
0.001600000	 -0.088 	  -65.92 	 
0.001800000	 -0.087 	  -65.65 	 
0.002000000	 -0.088 	  -65.36 	 
0.002200000	 -0.087 	  -65.03 	 
0.002400000	 -0.087 	  -64.74 	 
0.002600000	 -0.086 	  -64.38 	 
0.002800000	 -0.086 	  -64.09 	 
0.003000000	 -0.086 	  -63.80 	 
0.003200000	 -0.086 	  -63.50 	 
0.003400000	 -0.086 	  -63.20 	 
0.003600000	 -0.085 	  -62.90 	 
0.003800000	 -0.085 	  -62.62 	 
0.004000000	 -0.085 	  -62.31 	 
0.004200000	 -0.083 	  -62.01 	 
0.004400000	 -0.084 	  -61.70 	 
0.004600000	 -0.083 	  -61.41 	 
0.004800000	 -0.083 	  -61.11 	 
0.005000000	 -0.083 	  -60.80 	 
0.005200000	 -0.083 	  -60.49 	 
0.005400000	 -0.083 	  -60.15 	 
0.005600000	 -0.081 	  -59.82 	 
0.005800000	 -0.081 	  -59.51 	 
0.006000000	 -0.081 	  -59.22 	 
0.006200000	 -0.081 	  -58.90 	 
0.006400000	 -0.081 	  -58.66 	 
0.006600000	 -0.080 	  -58.37 	 
0.006800000	 -0.080 	  -58.11 	 
0.007000000	 -0.080 	  -57.80 	 
0.007200000	 -0.079 	  -57.48 	 
0.007400000	 -0.079 	  -57.23 	 
0.007600000	 -0.079 	  -56.92 	 
0.007800000	 -0.079 	  -56.61 	 
0.008000000	 -0.078 	  -56.31 	 
0.008200000	 -0.078 	  -56.00 	 
0.008400000	 -0.078 	  -55.70 	 
0.008600000	 -0.077 	  -55.40 	 
0.008800000	 -0.077 	  -55.12 	 
0.009000000	 -0.076 	  -54.81 	 
0.009200000	 -0.076 	  -54.49 	 
0.009400000	 -0.075 	  -54.22 	 
0.009600000	 -0.075 	  -53.93 	 
0.009800000	 -0.075 	  -53.64 	 
0.010000000	 -0.075 	  -53.37 	 
0.010200000	 -0.074 	  -53.09 	 
0.010400000	 -0.073 	  -52.79 	 
0.010600000	 -0.074 	  -52.53 	 
0.010800000	 -0.073 	  -52.27 	 
0.011000000	 -0.073 	  -51.98 	 
0.011200000	 -0.073 	  -51.71 	 
0.011400000	 -0.072 	  -51.43 	 
0.011600000	 -0.073 	  -51.14 	 
0.011800000	 -0.071 	  -50.86 	 
0.012000000	 -0.071 	  -50.60 	 
0.012200000	 -0.071 	  -50.32 	 
0.012400000	 -0.071 	  -50.04 	 
0.012600000	 -0.070 	  -49.79 	 
0.012800000	 -0.069 	  -49.53 	 
0.013000000	 -0.069 	  -49.31 	 
0.013200000	 -0.070 	  -49.06 	 
0.013400000	 -0.069 	  -48.78 	 
0.013600000	 -0.068 	  -48.54 	 
0.013800000	 -0.068 	  -48.27 	 
0.014000000	 -0.068 	  -48.01 	 
0.014200000	 -0.068 	  -47.76 	 
0.014400000	 -0.067 	  -47.51 	 
0.014600000	 -0.067 	  -47.28 	 
0.014800000	 -0.066 	  -47.06 	 
0.015000000	 -0.066 	  -46.84 	 
0.015200000	 -0.065 	  -46.59 	 
0.015400000	 -0.066 	  -46.38 	 
0.015600000	 -0.065 	  -46.17 	 
0.015800000	 -0.066 	  -45.92 	 
0.016000000	 -0.064 	  -45.68 	 
0.016200000	 -0.064 	  -45.43 	 
0.016400000	 -0.064 	  -45.20 	 
0.016600000	 -0.063 	  -44.94 	 
0.016800000	 -0.063 	  -44.72 	 
0.017000000	 -0.063 	  -44.52 	 
0.017200000	 -0.062 	  -44.30 	 
0.017400000	 -0.062 	  -44.10 	 
0.017600000	 -0.061 	  -43.91 	 
0.017800000	 -0.062 	  -43.72 	 
0.018000000	 -0.061 	  -43.53 	 
0.018200000	 -0.061 	  -43.33 	 
0.018400000	 -0.061 	  -43.14 	 
0.018600000	 -0.061 	  -42.94 	 
0.018800000	 -0.060 	  -42.74 	 
0.019000000	 -0.060 	  -42.57 	 
0.019200000	 -0.060 	  -42.41 	 
0.019400000	 -0.059 	  -42.21 	 
0.019600000	 -0.059 	  -42.05 	 
0.019799999	 -0.059 	  -41.88 	 
0.019999999	 -0.058 	  -41.73 	 
0.020199999	 -0.059 	  -41.56 	 
0.020399999	 -0.057 	  -41.40 	 
0.020599999	 -0.057 	  -41.23 	 
0.020799999	 -0.058 	  -41.06 	 
0.020999999	 -0.058 	  -40.92 	 
0.021199999	 -0.057 	  -40.76 	 
0.021399999	 -0.056 	  -40.61 	 
0.021599999	 -0.057 	  -40.47 	 
0.021799999	 -0.056 	  -40.31 	 
0.021999999	 -0.056 	  -40.21 	 
0.022199999	 -0.056 	  -40.07 	 
0.022399999	 -0.056 	  -39.96 	 
0.022599999	 -0.056 	  -39.83 	 
0.022799999	 -0.056 	  -39.72 	 
0.022999999	 -0.055 	  -39.57 	 
0.023199999	 -0.055 	  -39.46 	 
0.023399999	 -0.054 	  -39.36 	 
0.023599999	 -0.054 	  -39.24 	 
0.023799999	 -0.054 	  -39.12 	 
0.023999999	 -0.054 	  -39.05 	 
0.024199999	 -0.054 	  -38.96 	 
0.024399999	 -0.053 	  -38.87 	 
0.024599999	 -0.053 	  -38.76 	 
0.024799999	 -0.053 	  -38.69 	 
0.024999999	 -0.053 	  -38.57 	 
0.025199999	 -0.052 	  -38.49 	 
0.025399999	 -0.052 	  -38.41 	 
0.025599999	 -0.052 	  -38.34 	 
0.025799999	 -0.051 	  -38.29 	 
0.025999999	 -0.052 	  -38.28 	 
0.026199999	 -0.052 	  -38.20 	 
0.026399999	 -0.052 	  -38.13 	 
0.026599999	 -0.052 	  -38.08 	 
0.026799999	 -0.052 	  -38.06 	 
0.026999999	 -0.052 	  -38.01 	 
0.027199999	 -0.051 	  -37.98 	 
0.027399999	 -0.051 	  -37.91 	 
0.027599999	 -0.051 	  -37.87 	 
0.027799999	 -0.051 	  -37.81 	 
0.027999999	 -0.051 	  -37.79 	 
0.028199999	 -0.050 	  -37.76 	 
0.028399999	 -0.050 	  -37.75 	 
0.028599999	 -0.050 	  -37.75 	 
0.028799999	 -0.050 	  -37.72 	 
0.028999999	 -0.050 	  -37.73 	 
0.029199999	 -0.050 	  -37.72 	 
0.029399999	 -0.051 	  -37.70 	 
0.029599999	 -0.050 	  -37.72 	 
0.029799999	 -0.050 	  -37.72 	 
0.029999999	 -0.050 	  -37.72 	 
0.030199999	 -0.050 	  -37.71 	 
0.030399999	 -0.050 	  -37.71 	 
0.030599999	 -0.050 	  -37.73 	 
0.030799999	 -0.049 	  -37.76 	 
0.030999999	 -0.049 	  -37.80 	 
0.031199999	 -0.050 	  -37.82 	 
0.031399999	 -0.049 	  -37.86 	 
0.031599999	 -0.049 	  -37.91 	 
0.031799999	 -0.049 	  -37.95 	 
0.031999999	 -0.050 	  -37.97 	 
0.032199999	 -0.050 	  -38.01 	 
0.032399999	 -0.050 	  -38.09 	 
0.032599999	 -0.049 	  -38.15 	 
0.032799999	 -0.050 	  -38.18 	 
0.032999999	 -0.050 	  -38.25 	 
0.033199999	 -0.050 	  -38.30 	 
0.033399999	 -0.049 	  -38.35 	 
0.033599999	 -0.049 	  -38.44 	 
0.033799999	 -0.050 	  -38.48 	 
0.033999999	 -0.049 	  -38.58 	 
0.034199999	 -0.050 	  -38.66 	 
0.034399999	 -0.050 	  -38.75 	 
0.034599999	 -0.050 	  -38.85 	 
0.034799999	 -0.050 	  -38.92 	 
0.034999999	 -0.050 	  -39.06 	 
0.035199999	 -0.050 	  -39.17 	 
0.035399999	 -0.050 	  -39.28 	 
0.035599999	 -0.050 	  -39.38 	 
0.035799999	 -0.050 	  -39.49 	 
0.035999999	 -0.050 	  -39.59 	 
0.036199999	 -0.050 	  -39.69 	 
0.036399999	 -0.050 	  -39.80 	 
0.036599999	 -0.050 	  -39.91 	 
0.036799999	 -0.050 	  -40.03 	 
0.036999999	 -0.051 	  -40.17 	 
0.037199999	 -0.051 	  -40.29 	 
0.037399999	 -0.050 	  -40.46 	 
0.037599999	 -0.051 	  -40.59 	 
0.037799999	 -0.051 	  -40.75 	 
0.037999999	 -0.051 	  -40.92 	 
0.038199999	 -0.052 	  -41.08 	 
0.038399999	 -0.051 	  -41.25 	 
0.038599999	 -0.052 	  -41.43 	 
0.038799999	 -0.052 	  -41.58 	 
0.038999999	 -0.052 	  -41.73 	 
0.039199999	 -0.052 	  -41.89 	 
0.039399999	 -0.052 	  -42.04 	 
0.039599999	 -0.052 	  -42.22 	 
0.039799999	 -0.052 	  -42.42 	 
0.039999999	 -0.053 	  -42.61 	 
0.040199999	 -0.053 	  -42.81 	 
0.040399999	 -0.053 	  -43.01 	 
0.040599999	 -0.052 	  -43.19 	 
0.040799999	 -0.053 	  -43.41 	 
0.040999999	 -0.054 	  -43.59 	 
0.041199999	 -0.054 	  -43.83 	 
0.041399999	 -0.054 	  -44.05 	 
0.041599999	 -0.053 	  -44.28 	 
0.041799999	 -0.054 	  -44.45 	 
0.041999999	 -0.054 	  -44.67 	 
0.042199999	 -0.055 	  -44.85 	 
0.042399999	 -0.055 	  -45.06 	 
0.042599999	 -0.055 	  -45.27 	 
0.042799999	 -0.055 	  -45.51 	 
0.042999999	 -0.055 	  -45.73 	 
0.043199999	 -0.056 	  -45.98 	 
0.043399999	 -0.055 	  -46.21 	 
0.043599999	 -0.056 	  -46.45 	 
0.043799999	 -0.056 	  -46.68 	 
0.043999999	 -0.056 	  -46.91 	 
0.044199999	 -0.057 	  -47.17 	 
0.044399999	 -0.057 	  -47.41 	 
0.044599999	 -0.057 	  -47.69 	 
0.044799999	 -0.057 	  -47.96 	 
0.044999999	 -0.057 	  -48.20 	 
0.045199999	 -0.058 	  -48.45 	 
0.045399999	 -0.057 	  -48.69 	 
0.045599999	 -0.059 	  -48.91 	 
0.045799999	 -0.059 	  -49.17 	 
0.045999999	 -0.059 	  -49.43 	 
0.046199999	 -0.058 	  -49.71 	 
0.046399999	 -0.059 	  -49.98 	 
0.046599999	 -0.059 	  -50.26 	 
0.046799999	 -0.060 	  -50.55 	 
0.046999999	 -0.060 	  -50.82 	 
0.047199999	 -0.060 	  -51.10 	 
0.047399999	 -0.060 	  -51.38 	 
0.047599999	 -0.061 	  -51.69 	 
0.047799999	 -0.061 	  -51.98 	 
0.047999999	 -0.061 	  -52.27 	 
0.048199999	 -0.062 	  -52.53 	 
0.048399999	 -0.061 	  -52.79 	 
0.048599999	 -0.062 	  -53.04 	 
0.048799999	 -0.062 	  -53.33 	 
0.048999999	 -0.062 	  -53.59 	 
0.049199999	 -0.062 	  -53.88 	 
0.049399999	 -0.063 	  -54.14 	 
0.049599999	 -0.064 	  -54.43 	 
0.049799999	 -0.063 	  -54.73 	 
0.049999999	 -0.064 	  -55.03 	 
0.050199999	 -0.064 	  -55.32 	 
0.050399999	 -0.065 	  -55.63 	 
0.050599999	 -0.065 	  -55.90 	 
0.050799999	 -0.066 	  -56.22 	 
0.050999999	 -0.066 	  -56.53 	 
0.051199999	 -0.065 	  -56.83 	 
0.051399999	 -0.066 	  -57.14 	 
0.051599999	 -0.066 	  -57.44 	 
0.051799999	 -0.066 	  -57.73 	 
0.051999999	 -0.067 	  -58.04 	 
0.052199999	 -0.067 	  -58.30 	 
0.052399999	 -0.067 	  -58.59 	 
0.052599999	 -0.068 	  -58.87 	 
0.052799999	 -0.069 	  -59.20 	 
0.052999999	 -0.068 	  -59.47 	 
0.053199999	 -0.069 	  -59.77 	 
0.053399999	 -0.069 	  -60.08 	 
0.053599999	 -0.070 	  -60.40 	 
0.053799999	 -0.070 	  -60.72 	 
0.053999999	 -0.071 	  -61.00 	 
0.054199999	 -0.071 	  -61.31 	 
0.054399999	 -0.071 	  -61.61 	 
0.054599999	 -0.071 	  -61.94 	 
0.054799999	 -0.072 	  -62.26 	 
0.054999999	 -0.072 	  -62.53 	 
0.055199999	 -0.073 	  -62.86 	 
0.055399999	 -0.073 	  -63.14 	 
0.055599999	 -0.073 	  -63.45 	 
0.055799999	 -0.074 	  -63.75 	 
0.055999999	 -0.073 	  -64.04 	 
0.056199999	 -0.075 	  -64.29 	 
0.056399999	 -0.074 	  -64.58 	 
0.056599999	 -0.075 	  -64.86 	 
0.056799999	 -0.075 	  -65.14 	 
0.056999999	 -0.075 	  -65.45 	 
0.057199999	 -0.076 	  -65.76 	 
0.057399999	 -0.076 	  -66.06 	 
0.057599999	 -0.077 	  -66.39 	 
0.057799999	 -0.077 	  -66.67 	 
0.057999999	 -0.076 	  -66.95 	 
0.058199999	 -0.078 	  -67.25 	 
0.058399999	 -0.078 	  -67.54 	 
0.058599999	 -0.079 	  -67.81 	 
0.058799999	 -0.079 	  -68.13 	 
0.058999999	 -0.078 	  -68.44 	 
0.059199999	 -0.079 	  -68.74 	 
0.059399998	 -0.080 	  -69.04 	 
0.059599998	 -0.080 	  -69.31 	 
0.059799998	 -0.081 	  -69.60 	 
0.059999998	 -0.081 	  -69.85 	 
0.060199998	 -0.080 	  -70.12 	 
0.060399998	 -0.081 	  -70.40 	 
0.060599998	 -0.081 	  -70.66 	 
0.060799998	 -0.082 	  -70.94 	 
0.060999998	 -0.082 	  -71.22 	 
0.061199998	 -0.083 	  -71.49 	 
0.061399998	 -0.083 	  -71.76 	 
0.061599998	 -0.083 	  -72.02 	 
0.061799998	 -0.084 	  -72.29 	 
0.061999998	 -0.084 	  -72.60 	 
0.062199998	 -0.084 	  -72.86 	 
0.062399998	 -0.084 	  -73.14 	 
0.062599998	 -0.085 	  -73.40 	 
0.062799998	 -0.085 	  -73.65 	 
0.062999998	 -0.085 	  -73.91 	 
0.063199998	 -0.086 	  -74.17 	 
0.063399998	 -0.086 	  -74.41 	 
0.063599998	 -0.086 	  -74.65 	 
0.063799998	 -0.087 	  -74.88 	 
0.063999998	 -0.087 	  -75.13 	 
0.064199998	 -0.087 	  -75.36 	 
0.064399998	 -0.087 	  -75.60 	 
0.064599998	 -0.088 	  -75.84 	 
0.064799998	 -0.088 	  -76.08 	 
0.064999998	 -0.089 	  -76.33 	 
0.065199998	 -0.088 	  -76.56 	 
0.065399998	 -0.089 	  -76.78 	 
0.065599998	 -0.090 	  -77.04 	 
0.065799998	 -0.090 	  -77.26 	 
0.065999998	 -0.090 	  -77.54 	 
0.066199998	 -0.090 	  -77.74 	 
0.066399998	 -0.091 	  -77.98 	 
0.066599998	 -0.091 	  -78.20 	 
0.066799998	 -0.091 	  -78.42 	 
0.066999998	 -0.091 	  -78.62 	 
0.067199998	 -0.092 	  -78.81 	 
0.067399998	 -0.092 	  -79.01 	 
0.067599998	 -0.092 	  -79.20 	 
0.067799998	 -0.093 	  -79.39 	 
0.067999998	 -0.092 	  -79.58 	 
0.068199998	 -0.093 	  -79.78 	 
0.068399998	 -0.093 	  -79.97 	 
0.068599998	 -0.093 	  -80.18 	 
0.068799998	 -0.094 	  -80.35 	 
0.068999998	 -0.094 	  -80.53 	 
0.069199998	 -0.095 	  -80.74 	 
0.069399998	 -0.094 	  -80.92 	 
0.069599998	 -0.094 	  -81.09 	 
0.069799998	 -0.095 	  -81.27 	 
0.069999998	 -0.095 	  -81.42 	 
0.070199998	 -0.096 	  -81.60 	 
0.070399998	 -0.095 	  -81.74 	 
0.070599998	 -0.096 	  -81.91 	 
0.070799998	 -0.096 	  -82.05 	 
0.070999998	 -0.096 	  -82.19 	 
0.071199998	 -0.096 	  -82.32 	 
0.071399998	 -0.096 	  -82.48 	 
0.071599998	 -0.097 	  -82.62 	 
0.071799998	 -0.097 	  -82.77 	 
0.071999998	 -0.098 	  -82.92 	 
0.072199998	 -0.098 	  -83.05 	 
0.072399998	 -0.097 	  -83.17 	 
0.072599998	 -0.098 	  -83.28 	 
0.072799998	 -0.098 	  -83.44 	 
0.072999998	 -0.098 	  -83.58 	 
0.073199998	 -0.099 	  -83.70 	 
0.073399998	 -0.098 	  -83.81 	 
0.073599998	 -0.098 	  -83.93 	 
0.073799998	 -0.099 	  -84.03 	 
0.073999998	 -0.099 	  -84.12 	 
0.074199998	 -0.099 	  -84.22 	 
0.074399998	 -0.100 	  -84.30 	 
0.074599998	 -0.099 	  -84.38 	 
0.074799998	 -0.099 	  -84.47 	 
0.074999998	 -0.100 	  -84.56 	 
0.075199998	 -0.099 	  -84.62 	 
0.075399998	 -0.100 	  -84.73 	 
0.075599998	 -0.100 	  -84.82 	 
0.075799998	 -0.100 	  -84.87 	 
0.075999998	 -0.100 	  -84.91 	 
0.076199998	 -0.100 	  -84.95 	 
0.076399998	 -0.101 	  -85.02 	 
0.076599998	 -0.100 	  -85.08 	 
0.076799998	 -0.100 	  -85.13 	 
0.076999998	 -0.101 	  -85.19 	 
0.077199998	 -0.101 	  -85.26 	 
0.077399998	 -0.101 	  -85.29 	 
0.077599998	 -0.101 	  -85.33 	 
0.077799998	 -0.101 	  -85.36 	 
0.077999998	 -0.101 	  -85.37 	 
0.078199998	 -0.102 	  -85.39 	 
0.078399998	 -0.101 	  -85.40 	 
0.078599998	 -0.102 	  -85.43 	 
0.078799998	 -0.102 	  -85.46 	 
0.078999998	 -0.101 	  -85.46 	 
0.079199998	 -0.102 	  -85.52 	 
0.079399998	 -0.102 	  -85.50 	 
0.079599998	 -0.102 	  -85.51 	 
0.079799998	 -0.102 	  -85.51 	 
0.079999998	 -0.101 	  -85.51 	 
0.080199998	 -0.102 	  -85.50 	 
0.080399998	 -0.102 	  -85.50 	 
0.080599998	 -0.102 	  -85.48 	 
0.080799998	 -0.102 	  -85.46 	 
0.080999998	 -0.102 	  -85.44 	 
0.081199998	 -0.101 	  -85.39 	 
0.081399998	 -0.102 	  -85.35 	 
0.081599998	 -0.102 	  -85.32 	 
0.081799998	 -0.102 	  -85.28 	 
0.081999998	 -0.102 	  -85.26 	 
0.082199998	 -0.102 	  -85.22 	 
0.082399998	 -0.102 	  -85.19 	 
0.082599998	 -0.102 	  -85.11 	 
0.082799998	 -0.101 	  -85.08 	 
0.082999998	 -0.102 	  -85.02 	 
0.083199998	 -0.102 	  -84.94 	 
0.083399998	 -0.102 	  -84.89 	 
0.083599998	 -0.102 	  -84.83 	 
0.083799998	 -0.102 	  -84.79 	 
0.083999998	 -0.101 	  -84.70 	 
0.084199998	 -0.102 	  -84.65 	 
0.084399998	 -0.102 	  -84.55 	 
0.084599998	 -0.102 	  -84.45 	 
0.084799998	 -0.102 	  -84.34 	 
0.084999998	 -0.102 	  -84.23 	 
0.085199998	 -0.102 	  -84.12 	 
0.085399998	 -0.102 	  -84.03 	 
0.085599998	 -0.102 	  -83.92 	 
0.085799998	 -0.102 	  -83.84 	 
0.085999998	 -0.102 	  -83.74 	 
0.086199998	 -0.101 	  -83.63 	 
0.086399998	 -0.102 	  -83.51 	 
0.086599998	 -0.102 	  -83.39 	 
0.086799998	 -0.101 	  -83.27 	 
0.086999998	 -0.102 	  -83.16 	 
0.087199998	 -0.101 	  -83.03 	 
0.087399998	 -0.102 	  -82.89 	 
0.087599998	 -0.101 	  -82.76 	 
0.087799998	 -0.101 	  -82.61 	 
0.087999998	 -0.101 	  -82.44 	 
0.088199998	 -0.100 	  -82.28 	 
0.088399998	 -0.100 	  -82.10 	 
0.088599998	 -0.100 	  -81.94 	 
0.088799998	 -0.100 	  -81.76 	 
0.088999998	 -0.100 	  -81.63 	 
0.089199998	 -0.100 	  -81.45 	 
0.089399998	 -0.100 	  -81.27 	 
0.089599998	 -0.099 	  -81.09 	 
0.089799998	 -0.099 	  -80.92 	 
0.089999998	 -0.099 	  -80.75 	 
0.090199998	 -0.099 	  -80.58 	 
0.090399998	 -0.100 	  -80.39 	 
0.090599998	 -0.099 	  -80.19 	 
0.090799998	 -0.099 	  -79.97 	 
0.090999998	 -0.099 	  -79.78 	 
0.091199998	 -0.099 	  -79.58 	 
0.091399998	 -0.099 	  -79.36 	 
0.091599998	 -0.099 	  -79.15 	 
0.091799998	 -0.099 	  -78.95 	 
0.091999998	 -0.098 	  -78.74 	 
0.092199998	 -0.098 	  -78.53 	 
0.092399998	 -0.098 	  -78.30 	 
0.092599998	 -0.097 	  -78.05 	 
0.092799998	 -0.097 	  -77.81 	 
0.092999998	 -0.097 	  -77.59 	 
0.093199998	 -0.097 	  -77.37 	 
0.093399998	 -0.097 	  -77.17 	 
0.093599998	 -0.097 	  -76.91 	 
0.093799998	 -0.097 	  -76.73 	 
0.093999998	 -0.097 	  -76.51 	 
0.094199998	 -0.096 	  -76.26 	 
0.094399998	 -0.096 	  -76.03 	 
0.094599998	 -0.096 	  -75.75 	 
0.094799998	 -0.095 	  -75.46 	 
0.094999998	 -0.095 	  -75.23 	 
0.095199998	 -0.096 	  -74.95 	 
0.095399998	 -0.095 	  -74.71 	 
0.095599998	 -0.095 	  -74.43 	 
0.095799998	 -0.095 	  -74.17 	 
0.095999998	 -0.095 	  -73.91 	 
0.096199998	 -0.094 	  -73.64 	 
0.096399998	 -0.094 	  -73.38 	 
0.096599998	 -0.094 	  -73.10 	 
0.096799998	 -0.094 	  -72.81 	 
0.096999998	 -0.094 	  -72.55 	 
0.097199998	 -0.093 	  -72.29 	 
0.097399998	 -0.094 	  -72.02 	 
0.097599998	 -0.093 	  -71.75 	 
0.097799998	 -0.093 	  -71.46 	 
0.097999998	 -0.092 	  -71.19 	 
0.098199998	 -0.092 	  -70.91 	 
0.098399998	 -0.092 	  -70.60 	 
0.098599998	 -0.092 	  -70.33 	 
0.098799998	 -0.091 	  -70.05 	 
0.098999997	 -0.091 	  -69.74 	 
0.099199997	 -0.091 	  -69.46 	 
0.099399997	 -0.091 	  -69.18 	 
0.099599997	 -0.090 	  -68.90 	 
0.099799997	 -0.090 	  -68.63 	 
0.099999997	 -0.090 	  -68.34 	 
0.100199997	 -0.090 	  -68.05 	 
0.100399997	 -0.090 	  -67.75 	 
0.100599997	 -0.089 	  -67.46 	 
0.100799997	 -0.090 	  -67.13 	 
0.100999997	 -0.088 	  -66.81 	 
0.101199997	 -0.088 	  -66.49 	 
0.101399997	 -0.088 	  -66.18 	 
0.101599997	 -0.088 	  -65.91 	 
0.101799997	 -0.088 	  -65.61 	 
0.101999997	 -0.087 	  -65.34 	 
0.102199997	 -0.087 	  -65.02 	 
0.102399997	 -0.086 	  -64.74 	 
0.102599997	 -0.087 	  -64.44 	 
0.102799997	 -0.086 	  -64.13 	 
0.102999997	 -0.086 	  -63.84 	 
0.103199997	 -0.085 	  -63.54 	 
0.103399997	 -0.085 	  -63.26 	 
0.103599997	 -0.086 	  -62.94 	 
0.103799997	 -0.085 	  -62.62 	 
0.103999997	 -0.085 	  -62.29 	 
0.104199997	 -0.084 	  -61.94 	 
0.104399997	 -0.084 	  -61.65 	 
0.104599997	 -0.084 	  -61.34 	 
0.104799997	 -0.083 	  -61.04 	 
0.104999997	 -0.083 	  -60.76 	 
0.105199997	 -0.083 	  -60.46 	 
0.105399997	 -0.082 	  -60.17 	 
0.105599997	 -0.082 	  -59.87 	 
0.105799997	 -0.081 	  -59.58 	 
0.105999997	 -0.081 	  -59.29 	 
0.106199997	 -0.081 	  -59.00 	 
0.106399997	 -0.081 	  -58.70 	 
0.106599997	 -0.081 	  -58.39 	 
0.106799997	 -0.080 	  -58.08 	 
0.106999997	 -0.080 	  -57.76 	 
0.107199997	 -0.080 	  -57.47 	 
0.107399997	 -0.079 	  -57.16 	 
0.107599997	 -0.078 	  -56.86 	 
0.107799997	 -0.078 	  -56.58 	 
0.107999997	 -0.078 	  -56.29 	 
0.108199997	 -0.077 	  -55.99 	 
0.108399997	 -0.078 	  -55.72 	 
0.108599997	 -0.078 	  -55.43 	 
0.108799997	 -0.077 	  -55.13 	 
0.108999997	 -0.077 	  -54.84 	 
0.109199997	 -0.076 	  -54.54 	 
0.109399997	 -0.076 	  -54.24 	 
0.109599997	 -0.075 	  -53.94 	 
0.109799997	 -0.075 	  -53.65 	 
0.109999997	 -0.075 	  -53.35 	 
0.110199997	 -0.074 	  -53.09 	 
0.110399997	 -0.073 	  -52.78 	 
0.110599997	 -0.073 	  -52.49 	 
0.110799997	 -0.074 	  -52.23 	 
0.110999997	 -0.073 	  -51.97 	 
0.111199997	 -0.073 	  -51.71 	 
0.111399997	 -0.072 	  -51.44 	 
0.111599997	 -0.072 	  -51.16 	 
0.111799997	 -0.071 	  -50.89 	 
0.111999997	 -0.072 	  -50.63 	 
0.112199997	 -0.071 	  -50.34 	 
0.112399997	 -0.070 	  -50.08 	 
0.112599997	 -0.070 	  -49.80 	 
0.112799997	 -0.070 	  -49.56 	 
0.112999997	 -0.070 	  -49.30 	 
0.113199997	 -0.069 	  -49.05 	 
0.113399997	 -0.069 	  -48.79 	 
0.113599997	 -0.069 	  -48.52 	 
0.113799997	 -0.068 	  -48.25 	 
0.113999997	 -0.067 	  -48.03 	 
0.114199997	 -0.067 	  -47.78 	 
0.114399997	 -0.067 	  -47.55 	 
0.114599997	 -0.067 	  -47.32 	 
0.114799997	 -0.067 	  -47.08 	 
0.114999997	 -0.066 	  -46.84 	 
0.115199997	 -0.066 	  -46.58 	 
0.115399997	 -0.066 	  -46.36 	 
0.115599997	 -0.065 	  -46.10 	 
0.115799997	 -0.065 	  -45.86 	 
0.115999997	 -0.064 	  -45.64 	 
0.116199997	 -0.065 	  -45.43 	 
0.116399997	 -0.064 	  -45.20 	 
0.116599997	 -0.064 	  -44.97 	 
0.116799997	 -0.064 	  -44.77 	 
0.116999997	 -0.063 	  -44.57 	 
0.117199997	 -0.062 	  -44.35 	 
0.117399997	 -0.062 	  -44.12 	 
0.117599997	 -0.063 	  -43.91 	 
0.117799997	 -0.062 	  -43.71 	 
0.117999997	 -0.062 	  -43.51 	 
0.118199997	 -0.061 	  -43.31 	 
0.118399997	 -0.061 	  -43.11 	 
0.118599997	 -0.060 	  -42.94 	 
0.118799997	 -0.060 	  -42.77 	 
0.118999997	 -0.060 	  -42.57 	 
0.119199997	 -0.060 	  -42.39 	 
0.119399997	 -0.060 	  -42.22 	 
0.119599997	 -0.060 	  -42.06 	 
0.119799997	 -0.059 	  -41.89 	 
0.119999997	 -0.058 	  -41.70 	 
0.120199997	 -0.059 	  -41.56 	 
0.120399997	 -0.058 	  -41.38 	 
0.120599997	 -0.057 	  -41.23 	 
0.120799997	 -0.057 	  -41.07 	 
0.120999997	 -0.057 	  -40.90 	 
0.121199997	 -0.057 	  -40.74 	 
0.121399997	 -0.057 	  -40.61 	 
0.121599997	 -0.057 	  -40.47 	 
0.121799997	 -0.056 	  -40.33 	 
0.121999997	 -0.056 	  -40.22 	 
0.122199997	 -0.055 	  -40.07 	 
0.122399997	 -0.055 	  -39.95 	 
0.122599997	 -0.055 	  -39.84 	 
0.122799997	 -0.055 	  -39.72 	 
0.122999997	 -0.055 	  -39.58 	 
0.123199997	 -0.055 	  -39.46 	 
0.123399997	 -0.055 	  -39.35 	 
0.123599997	 -0.055 	  -39.24 	 
0.123799997	 -0.054 	  -39.11 	 
0.123999997	 -0.054 	  -39.02 	 
0.124199997	 -0.054 	  -38.93 	 
0.124399997	 -0.054 	  -38.83 	 
0.124599997	 -0.053 	  -38.74 	 
0.124799997	 -0.052 	  -38.69 	 
0.124999997	 -0.053 	  -38.60 	 
0.125199997	 -0.053 	  -38.51 	 
0.125399997	 -0.053 	  -38.44 	 
0.125599997	 -0.052 	  -38.35 	 
0.125799997	 -0.052 	  -38.25 	 
0.125999997	 -0.051 	  -38.21 	 
0.126199997	 -0.052 	  -38.16 	 
0.126399997	 -0.052 	  -38.12 	 
0.126599997	 -0.051 	  -38.08 	 
0.126799997	 -0.052 	  -38.03 	 
0.126999997	 -0.052 	  -38.01 	 
0.127199997	 -0.051 	  -37.96 	 
0.127399997	 -0.051 	  -37.94 	 
0.127599997	 -0.051 	  -37.90 	 
0.127799997	 -0.051 	  -37.87 	 
0.127999997	 -0.051 	  -37.85 	 
0.128199997	 -0.051 	  -37.80 	 
0.128399997	 -0.050 	  -37.76 	 
0.128599997	 -0.050 	  -37.75 	 
0.128799997	 -0.051 	  -37.70 	 
0.128999997	 -0.050 	  -37.69 	 
0.129199997	 -0.051 	  -37.68 	 
0.129399997	 -0.050 	  -37.69 	 
0.129599997	 -0.050 	  -37.70 	 
0.129799997	 -0.050 	  -37.70 	 
0.129999997	 -0.050 	  -37.72 	 
0.130199997	 -0.050 	  -37.75 	 
0.130399997	 -0.049 	  -37.78 	 
0.130599997	 -0.050 	  -37.79 	 
0.130799997	 -0.050 	  -37.80 	 
0.130999997	 -0.050 	  -37.81 	 
0.131199997	 -0.050 	  -37.83 	 
0.131399997	 -0.050 	  -37.85 	 
0.131599997	 -0.050 	  -37.90 	 
0.131799997	 -0.050 	  -37.91 	 
0.131999997	 -0.050 	  -37.95 	 
0.132199997	 -0.050 	  -38.01 	 
0.132399997	 -0.049 	  -38.08 	 
0.132599997	 -0.050 	  -38.11 	 
0.132799997	 -0.049 	  -38.18 	 
0.132999997	 -0.050 	  -38.25 	 
0.133199997	 -0.050 	  -38.34 	 
0.133399997	 -0.050 	  -38.38 	 
0.133599997	 -0.050 	  -38.44 	 
0.133799997	 -0.049 	  -38.52 	 
0.133999997	 -0.050 	  -38.58 	 
0.134199997	 -0.049 	  -38.65 	 
0.134399997	 -0.049 	  -38.78 	 
0.134599997	 -0.050 	  -38.83 	 
0.134799997	 -0.050 	  -38.93 	 
0.134999997	 -0.050 	  -39.05 	 
0.135199997	 -0.050 	  -39.13 	 
0.135399997	 -0.050 	  -39.25 	 
0.135599997	 -0.050 	  -39.36 	 
0.135799997	 -0.051 	  -39.47 	 
0.135999997	 -0.050 	  -39.59 	 
0.136199997	 -0.050 	  -39.71 	 
0.136399997	 -0.051 	  -39.83 	 
0.136599997	 -0.050 	  -39.94 	 
0.136799997	 -0.050 	  -40.05 	 
0.136999997	 -0.051 	  -40.17 	 
0.137199997	 -0.051 	  -40.27 	 
0.137399997	 -0.052 	  -40.45 	 
0.137599997	 -0.051 	  -40.60 	 
0.137799997	 -0.051 	  -40.75 	 
0.137999997	 -0.051 	  -40.90 	 
0.138199997	 -0.052 	  -41.08 	 
0.138399997	 -0.052 	  -41.22 	 
0.138599996	 -0.052 	  -41.39 	 
0.138799996	 -0.052 	  -41.54 	 
0.138999996	 -0.051 	  -41.74 	 
0.139199996	 -0.052 	  -41.93 	 
0.139399996	 -0.052 	  -42.12 	 
0.139599996	 -0.052 	  -42.31 	 
0.139799996	 -0.053 	  -42.49 	 
0.139999996	 -0.053 	  -42.64 	 
0.140199996	 -0.053 	  -42.82 	 
0.140399996	 -0.053 	  -42.99 	 
0.140599996	 -0.053 	  -43.18 	 
0.140799996	 -0.053 	  -43.37 	 
0.140999996	 -0.053 	  -43.56 	 
0.141199996	 -0.054 	  -43.77 	 
0.141399996	 -0.054 	  -43.99 	 
0.141599996	 -0.054 	  -44.20 	 
0.141799996	 -0.054 	  -44.43 	 
0.141999996	 -0.054 	  -44.65 	 
0.142199996	 -0.055 	  -44.89 	 
0.142399996	 -0.055 	  -45.16 	 
0.142599996	 -0.055 	  -45.38 	 
0.142799996	 -0.056 	  -45.59 	 
0.142999996	 -0.056 	  -45.79 	 
0.143199996	 -0.055 	  -45.99 	 
0.143399996	 -0.055 	  -46.18 	 
0.143599996	 -0.056 	  -46.42 	 
0.143799996	 -0.057 	  -46.65 	 
0.143999996	 -0.056 	  -46.89 	 
0.144199996	 -0.056 	  -47.13 	 
0.144399996	 -0.057 	  -47.41 	 
0.144599996	 -0.057 	  -47.66 	 
0.144799996	 -0.057 	  -47.92 	 
0.144999996	 -0.058 	  -48.16 	 
0.145199996	 -0.057 	  -48.41 	 
0.145399996	 -0.057 	  -48.67 	 
0.145599996	 -0.058 	  -48.95 	 
0.145799996	 -0.059 	  -49.22 	 
0.145999996	 -0.059 	  -49.49 	 
0.146199996	 -0.059 	  -49.78 	 
0.146399996	 -0.059 	  -50.05 	 
0.146599996	 -0.060 	  -50.31 	 
0.146799996	 -0.060 	  -50.57 	 
0.146999996	 -0.060 	  -50.84 	 
0.147199996	 -0.060 	  -51.09 	 
0.147399996	 -0.061 	  -51.35 	 
0.147599996	 -0.060 	  -51.64 	 
0.147799996	 -0.061 	  -51.90 	 
0.147999996	 -0.061 	  -52.17 	 
0.148199996	 -0.061 	  -52.46 	 
0.148399996	 -0.062 	  -52.74 	 
0.148599996	 -0.061 	  -53.03 	 
0.148799996	 -0.062 	  -53.35 	 
0.148999996	 -0.063 	  -53.67 	 
0.149199996	 -0.063 	  -53.95 	 
0.149399996	 -0.063 	  -54.23 	 
0.149599996	 -0.063 	  -54.52 	 
0.149799996	 -0.064 	  -54.77 	 
0.149999996	 -0.064 	  -55.04 	 
0.150199996	 -0.064 	  -55.30 	 
0.150399996	 -0.065 	  -55.61 	 
0.150599996	 -0.065 	  -55.89 	 
0.150799996	 -0.065 	  -56.19 	 
0.150999996	 -0.066 	  -56.49 	 
0.151199996	 -0.066 	  -56.81 	 
0.151399996	 -0.066 	  -57.12 	 
0.151599996	 -0.066 	  -57.43 	 
0.151799996	 -0.067 	  -57.74 	 
0.151999996	 -0.067 	  -58.01 	 
0.152199996	 -0.068 	  -58.28 	 
0.152399996	 -0.067 	  -58.60 	 
0.152599996	 -0.068 	  -58.89 	 
0.152799996	 -0.069 	  -59.22 	 
0.152999996	 -0.069 	  -59.53 	 
0.153199996	 -0.070 	  -59.83 	 
0.153399996	 -0.069 	  -60.13 	 
0.153599996	 -0.070 	  -60.44 	 
0.153799996	 -0.070 	  -60.74 	 
0.153999996	 -0.070 	  -61.04 	 
0.154199996	 -0.071 	  -61.30 	 
0.154399996	 -0.071 	  -61.59 	 
0.154599996	 -0.071 	  -61.89 	 
0.154799996	 -0.072 	  -62.21 	 
0.154999996	 -0.071 	  -62.52 	 
0.155199996	 -0.072 	  -62.84 	 
0.155399996	 -0.073 	  -63.15 	 
0.155599996	 -0.073 	  -63.46 	 
0.155799996	 -0.074 	  -63.76 	 
0.155999996	 -0.074 	  -64.05 	 
0.156199996	 -0.075 	  -64.33 	 
0.156399996	 -0.074 	  -64.60 	 
0.156599996	 -0.075 	  -64.90 	 
0.156799996	 -0.076 	  -65.18 	 
0.156999996	 -0.076 	  -65.47 	 
0.157199996	 -0.076 	  -65.78 	 
0.157399996	 -0.076 	  -66.06 	 
0.157599996	 -0.076 	  -66.37 	 
0.157799996	 -0.077 	  -66.64 	 
0.157999996	 -0.078 	  -66.94 	 
0.158199996	 -0.078 	  -67.24 	 
0.158399996	 -0.078 	  -67.56 	 
0.158599996	 -0.078 	  -67.86 	 
0.158799996	 -0.078 	  -68.13 	 
0.158999996	 -0.079 	  -68.43 	 
0.159199996	 -0.079 	  -68.71 	 
0.159399996	 -0.079 	  -69.00 	 
0.159599996	 -0.080 	  -69.29 	 
0.159799996	 -0.081 	  -69.59 	 
0.159999996	 -0.081 	  -69.88 	 
0.160199996	 -0.082 	  -70.17 	 
0.160399996	 -0.081 	  -70.47 	 
0.160599996	 -0.081 	  -70.74 	 
0.160799996	 -0.081 	  -71.00 	 
0.160999996	 -0.083 	  -71.25 	 
0.161199996	 -0.083 	  -71.50 	 
0.161399996	 -0.083 	  -71.75 	 
0.161599996	 -0.083 	  -72.02 	 
0.161799996	 -0.084 	  -72.27 	 
0.161999996	 -0.084 	  -72.55 	 
0.162199996	 -0.084 	  -72.83 	 
0.162399996	 -0.085 	  -73.13 	 
0.162599996	 -0.085 	  -73.40 	 
0.162799996	 -0.085 	  -73.64 	 
0.162999996	 -0.085 	  -73.91 	 
0.163199996	 -0.086 	  -74.15 	 
0.163399996	 -0.086 	  -74.44 	 
0.163599996	 -0.087 	  -74.70 	 
0.163799996	 -0.087 	  -74.92 	 
0.163999996	 -0.088 	  -75.18 	 
0.164199996	 -0.087 	  -75.42 	 
0.164399996	 -0.088 	  -75.66 	 
0.164599996	 -0.088 	  -75.88 	 
0.164799996	 -0.089 	  -76.13 	 
0.164999996	 -0.089 	  -76.34 	 
0.165199996	 -0.089 	  -76.56 	 
0.165399996	 -0.089 	  -76.80 	 
0.165599996	 -0.089 	  -77.00 	 
0.165799996	 -0.090 	  -77.25 	 
0.165999996	 -0.090 	  -77.47 	 
0.166199996	 -0.090 	  -77.72 	 
0.166399996	 -0.091 	  -77.94 	 
0.166599996	 -0.090 	  -78.19 	 
0.166799996	 -0.091 	  -78.40 	 
0.166999996	 -0.092 	  -78.64 	 
0.167199996	 -0.092 	  -78.84 	 
0.167399996	 -0.092 	  -79.08 	 
0.167599996	 -0.092 	  -79.26 	 
0.167799996	 -0.092 	  -79.44 	 
0.167999996	 -0.093 	  -79.63 	 
0.168199996	 -0.093 	  -79.80 	 
0.168399996	 -0.093 	  -80.00 	 
0.168599996	 -0.094 	  -80.18 	 
0.168799996	 -0.093 	  -80.35 	 
0.168999996	 -0.093 	  -80.53 	 
0.169199996	 -0.094 	  -80.70 	 
0.169399996	 -0.094 	  -80.90 	 
0.169599996	 -0.095 	  -81.06 	 
0.169799996	 -0.094 	  -81.24 	 
0.169999996	 -0.095 	  -81.40 	 
0.170199996	 -0.095 	  -81.54 	 
0.170399996	 -0.095 	  -81.73 	 
0.170599996	 -0.096 	  -81.91 	 
0.170799996	 -0.096 	  -82.10 	 
0.170999996	 -0.096 	  -82.26 	 
0.171199996	 -0.096 	  -82.41 	 
0.171399996	 -0.097 	  -82.56 	 
0.171599996	 -0.097 	  -82.70 	 
0.171799996	 -0.097 	  -82.81 	 
0.171999996	 -0.097 	  -82.91 	 
0.172199996	 -0.098 	  -83.05 	 
0.172399996	 -0.097 	  -83.16 	 
0.172599996	 -0.097 	  -83.28 	 
0.172799996	 -0.098 	  -83.40 	 
0.172999996	 -0.099 	  -83.56 	 
0.173199996	 -0.098 	  -83.68 	 
0.173399996	 -0.098 	  -83.80 	 
0.173599996	 -0.099 	  -83.90 	 
0.173799996	 -0.099 	  -84.00 	 
0.173999996	 -0.099 	  -84.10 	 
0.174199996	 -0.099 	  -84.21 	 
0.174399996	 -0.099 	  -84.31 	 
0.174599996	 -0.099 	  -84.43 	 
0.174799996	 -0.099 	  -84.51 	 
0.174999996	 -0.100 	  -84.63 	 
0.175199996	 -0.100 	  -84.73 	 
0.175399996	 -0.099 	  -84.78 	 
0.175599996	 -0.100 	  -84.86 	 
0.175799996	 -0.100 	  -84.90 	 
0.175999996	 -0.100 	  -84.93 	 
0.176199996	 -0.100 	  -84.96 	 
0.176399996	 -0.101 	  -85.00 	 
0.176599996	 -0.100 	  -85.06 	 
0.176799996	 -0.101 	  -85.09 	 
0.176999996	 -0.100 	  -85.17 	 
0.177199996	 -0.101 	  -85.22 	 
0.177399996	 -0.102 	  -85.30 	 
0.177599996	 -0.101 	  -85.34 	 
0.177799996	 -0.101 	  -85.37 	 
0.177999996	 -0.101 	  -85.41 	 
0.178199995	 -0.101 	  -85.44 	 
0.178399995	 -0.101 	  -85.46 	 
0.178599995	 -0.102 	  -85.49 	 
0.178799995	 -0.102 	  -85.52 	 
0.178999995	 -0.101 	  -85.52 	 
0.179199995	 -0.101 	  -85.52 	 
0.179399995	 -0.102 	  -85.52 	 
0.179599995	 -0.102 	  -85.50 	 
0.179799995	 -0.101 	  -85.50 	 
0.179999995	 -0.102 	  -85.50 	 
0.180199995	 -0.102 	  -85.49 	 
0.180399995	 -0.102 	  -85.48 	 
0.180599995	 -0.102 	  -85.48 	 
0.180799995	 -0.102 	  -85.44 	 
0.180999995	 -0.102 	  -85.41 	 
0.181199995	 -0.102 	  -85.41 	 
0.181399995	 -0.102 	  -85.35 	 
0.181599995	 -0.102 	  -85.34 	 
0.181799995	 -0.102 	  -85.33 	 
0.181999995	 -0.102 	  -85.29 	 
0.182199995	 -0.102 	  -85.28 	 
0.182399995	 -0.102 	  -85.24 	 
0.182599995	 -0.102 	  -85.19 	 
0.182799995	 -0.102 	  -85.13 	 
0.182999995	 -0.102 	  -85.02 	 
0.183199995	 -0.102 	  -84.94 	 
0.183399995	 -0.102 	  -84.86 	 
0.183599995	 -0.102 	  -84.78 	 
0.183799995	 -0.102 	  -84.73 	 
0.183999995	 -0.102 	  -84.69 	 
0.184199995	 -0.102 	  -84.63 	 
0.184399995	 -0.102 	  -84.56 	 
0.184599995	 -0.101 	  -84.45 	 
0.184799995	 -0.102 	  -84.36 	 
0.184999995	 -0.102 	  -84.25 	 
0.185199995	 -0.101 	  -84.15 	 
0.185399995	 -0.101 	  -84.06 	 
0.185599995	 -0.101 	  -83.99 	 
0.185799995	 -0.102 	  -83.88 	 
0.185999995	 -0.101 	  -83.79 	 
0.186199995	 -0.102 	  -83.70 	 
0.186399995	 -0.102 	  -83.58 	 
0.186599995	 -0.101 	  -83.44 	 
0.186799995	 -0.101 	  -83.28 	 
0.186999995	 -0.102 	  -83.12 	 
0.187199995	 -0.101 	  -82.98 	 
0.187399995	 -0.101 	  -82.81 	 
0.187599995	 -0.101 	  -82.69 	 
0.187799995	 -0.101 	  -82.56 	 
0.187999995	 -0.101 	  -82.44 	 
0.188199995	 -0.101 	  -82.30 	 
0.188399995	 -0.100 	  -82.15 	 
0.188599995	 -0.100 	  -81.99 	 
0.188799995	 -0.101 	  -81.84 	 
0.188999995	 -0.101 	  -81.67 	 
0.189199995	 -0.100 	  -81.50 	 
0.189399995	 -0.100 	  -81.31 	 
0.189599995	 -0.100 	  -81.13 	 
0.189799995	 -0.100 	  -80.95 	 
0.189999995	 -0.100 	  -80.75 	 
0.190199995	 -0.099 	  -80.55 	 
0.190399995	 -0.099 	  -80.35 	 
0.190599995	 -0.099 	  -80.16 	 
0.190799995	 -0.099 	  -79.98 	 
0.190999995	 -0.099 	  -79.78 	 
0.191199995	 -0.098 	  -79.60 	 
0.191399995	 -0.099 	  -79.37 	 
0.191599995	 -0.099 	  -79.17 	 
0.191799995	 -0.098 	  -78.95 	 
0.191999995	 -0.098 	  -78.74 	 
0.192199995	 -0.097 	  -78.53 	 
0.192399995	 -0.098 	  -78.31 	 
0.192599995	 -0.098 	  -78.13 	 
0.192799995	 -0.098 	  -77.89 	 
0.192999995	 -0.097 	  -77.66 	 
0.193199995	 -0.097 	  -77.41 	 
0.193399995	 -0.097 	  -77.19 	 
0.193599995	 -0.097 	  -76.95 	 
0.193799995	 -0.097 	  -76.71 	 
0.193999995	 -0.097 	  -76.45 	 
0.194199995	 -0.097 	  -76.21 	 
0.194399995	 -0.097 	  -75.95 	 
0.194599995	 -0.096 	  -75.70 	 
0.194799995	 -0.097 	  -75.47 	 
0.194999995	 -0.095 	  -75.22 	 
0.195199995	 -0.096 	  -75.02 	 
0.195399995	 -0.095 	  -74.80 	 
0.195599995	 -0.095 	  -74.54 	 
0.195799995	 -0.095 	  -74.23 	 
0.195999995	 -0.095 	  -73.93 	 
0.196199995	 -0.094 	  -73.63 	 
0.196399995	 -0.094 	  -73.32 	 
0.196599995	 -0.094 	  -73.08 	 
0.196799995	 -0.094 	  -72.79 	 
0.196999995	 -0.094 	  -72.55 	 
0.197199995	 -0.094 	  -72.31 	 
0.197399995	 -0.093 	  -72.04 	 
0.197599995	 -0.093 	  -71.75 	 
0.197799995	 -0.092 	  -71.48 	 
0.197999995	 -0.092 	  -71.17 	 
0.198199995	 -0.092 	  -70.88 	 
0.198399995	 -0.092 	  -70.61 	 
0.198599995	 -0.092 	  -70.36 	 
0.198799995	 -0.092 	  -70.08 	 
0.198999995	 -0.091 	  -69.79 	 
0.199199995	 -0.091 	  -69.50 	 
0.199399995	 -0.091 	  -69.19 	 
0.199599995	 -0.090 	  -68.92 	 
0.199799995	 -0.090 	  -68.62 	 
0.199999995	 -0.090 	  -68.33 	 
0.200199995	 -0.090 	  -68.02 	 
0.200399995	 -0.090 	  -67.73 	 
0.200599995	 -0.089 	  -67.43 	 
0.200799995	 -0.089 	  -67.11 	 
0.200999995	 -0.089 	  -66.81 	 
0.201199995	 -0.088 	  -66.50 	 
0.201399995	 -0.088 	  -66.22 	 
0.201599995	 -0.088 	  -65.93 	 
0.201799995	 -0.088 	  -65.68 	 
0.201999995	 -0.087 	  -65.39 	 
0.202199995	 -0.087 	  -65.10 	 
0.202399995	 -0.087 	  -64.77 	 
0.202599995	 -0.086 	  -64.44 	 
0.202799995	 -0.086 	  -64.10 	 
0.202999995	 -0.086 	  -63.79 	 
0.203199995	 -0.085 	  -63.50 	 
0.203399995	 -0.086 	  -63.18 	 
0.203599995	 -0.085 	  -62.90 	 
0.203799995	 -0.085 	  -62.62 	 
0.203999995	 -0.084 	  -62.30 	 
0.204199995	 -0.084 	  -62.01 	 
0.204399995	 -0.084 	  -61.72 	 
0.204599995	 -0.083 	  -61.43 	 
