0.000000000	 -0.190 	  -69.01 	 
0.000200000	 -0.189 	  -68.69 	 
0.000400000	 -0.190 	  -68.33 	 
0.000600000	 -0.190 	  -68.03 	 
0.000800000	 -0.189 	  -67.73 	 
0.001000000	 -0.189 	  -67.48 	 
0.001200000	 -0.189 	  -67.25 	 
0.001400000	 -0.189 	  -66.98 	 
0.001600000	 -0.189 	  -66.70 	 
0.001800000	 -0.188 	  -66.34 	 
0.002000000	 -0.188 	  -66.01 	 
0.002200000	 -0.188 	  -65.67 	 
0.002400000	 -0.188 	  -65.36 	 
0.002600000	 -0.188 	  -65.10 	 
0.002800000	 -0.188 	  -64.86 	 
0.003000000	 -0.187 	  -64.59 	 
0.003200000	 -0.188 	  -64.32 	 
0.003400000	 -0.187 	  -63.98 	 
0.003600000	 -0.187 	  -63.63 	 
0.003800000	 -0.186 	  -63.28 	 
0.004000000	 -0.186 	  -62.94 	 
0.004200000	 -0.186 	  -62.63 	 
0.004400000	 -0.186 	  -62.36 	 
0.004600000	 -0.186 	  -62.08 	 
0.004800000	 -0.186 	  -61.81 	 
0.005000000	 -0.185 	  -61.54 	 
0.005200000	 -0.185 	  -61.24 	 
0.005400000	 -0.185 	  -60.89 	 
0.005600000	 -0.184 	  -60.56 	 
0.005800000	 -0.185 	  -60.20 	 
0.006000000	 -0.184 	  -59.90 	 
0.006200000	 -0.184 	  -59.63 	 
0.006400000	 -0.184 	  -59.38 	 
0.006600000	 -0.183 	  -59.13 	 
0.006800000	 -0.183 	  -58.87 	 
0.007000000	 -0.184 	  -58.55 	 
0.007200000	 -0.183 	  -58.21 	 
0.007400000	 -0.183 	  -57.86 	 
0.007600000	 -0.183 	  -57.52 	 
0.007800000	 -0.182 	  -57.21 	 
0.008000000	 -0.183 	  -56.96 	 
0.008200000	 -0.183 	  -56.71 	 
0.008400000	 -0.182 	  -56.45 	 
0.008600000	 -0.182 	  -56.20 	 
0.008800000	 -0.181 	  -55.90 	 
0.009000000	 -0.182 	  -55.54 	 
0.009200000	 -0.181 	  -55.23 	 
0.009400000	 -0.181 	  -54.91 	 
0.009600000	 -0.180 	  -54.62 	 
0.009800000	 -0.180 	  -54.36 	 
0.010000000	 -0.181 	  -54.11 	 
0.010200000	 -0.180 	  -53.89 	 
0.010400000	 -0.180 	  -53.63 	 
0.010600000	 -0.179 	  -53.35 	 
0.010800000	 -0.179 	  -53.02 	 
0.011000000	 -0.178 	  -52.70 	 
0.011200000	 -0.179 	  -52.40 	 
0.011400000	 -0.178 	  -52.10 	 
0.011600000	 -0.178 	  -51.84 	 
0.011800000	 -0.178 	  -51.61 	 
0.012000000	 -0.178 	  -51.38 	 
0.012200000	 -0.178 	  -51.16 	 
0.012400000	 -0.177 	  -50.90 	 
0.012600000	 -0.178 	  -50.58 	 
0.012800000	 -0.176 	  -50.30 	 
0.013000000	 -0.177 	  -49.99 	 
0.013200000	 -0.177 	  -49.74 	 
0.013400000	 -0.176 	  -49.54 	 
0.013600000	 -0.176 	  -49.31 	 
0.013800000	 -0.175 	  -49.08 	 
0.014000000	 -0.176 	  -48.82 	 
0.014200000	 -0.175 	  -48.57 	 
0.014400000	 -0.175 	  -48.29 	 
0.014600000	 -0.176 	  -48.01 	 
0.014800000	 -0.174 	  -47.76 	 
0.015000000	 -0.175 	  -47.56 	 
0.015200000	 -0.174 	  -47.33 	 
0.015400000	 -0.174 	  -47.11 	 
0.015600000	 -0.174 	  -46.87 	 
0.015800000	 -0.174 	  -46.67 	 
0.016000000	 -0.174 	  -46.45 	 
0.016200000	 -0.173 	  -46.21 	 
0.016400000	 -0.174 	  -45.94 	 
0.016600000	 -0.173 	  -45.70 	 
0.016800000	 -0.173 	  -45.50 	 
0.017000000	 -0.172 	  -45.34 	 
0.017200000	 -0.172 	  -45.17 	 
0.017400000	 -0.172 	  -44.99 	 
0.017600000	 -0.172 	  -44.79 	 
0.017800000	 -0.172 	  -44.58 	 
0.018000000	 -0.172 	  -44.34 	 
0.018200000	 -0.172 	  -44.13 	 
0.018400000	 -0.171 	  -43.95 	 
0.018600000	 -0.171 	  -43.77 	 
0.018800000	 -0.172 	  -43.61 	 
0.019000000	 -0.170 	  -43.45 	 
0.019200000	 -0.171 	  -43.26 	 
0.019400000	 -0.170 	  -43.05 	 
0.019600000	 -0.170 	  -42.84 	 
0.019799999	 -0.170 	  -42.61 	 
0.019999999	 -0.170 	  -42.44 	 
0.020199999	 -0.170 	  -42.29 	 
0.020399999	 -0.169 	  -42.15 	 
0.020599999	 -0.169 	  -42.01 	 
0.020799999	 -0.170 	  -41.90 	 
0.020999999	 -0.169 	  -41.75 	 
0.021199999	 -0.168 	  -41.59 	 
0.021399999	 -0.169 	  -41.42 	 
0.021599999	 -0.168 	  -41.24 	 
0.021799999	 -0.168 	  -41.07 	 
0.021999999	 -0.168 	  -40.95 	 
0.022199999	 -0.168 	  -40.85 	 
0.022399999	 -0.168 	  -40.75 	 
0.022599999	 -0.167 	  -40.69 	 
0.022799999	 -0.167 	  -40.60 	 
0.022999999	 -0.168 	  -40.45 	 
0.023199999	 -0.167 	  -40.31 	 
0.023399999	 -0.168 	  -40.16 	 
0.023599999	 -0.167 	  -40.05 	 
0.023799999	 -0.167 	  -39.94 	 
0.023999999	 -0.167 	  -39.88 	 
0.024199999	 -0.168 	  -39.81 	 
0.024399999	 -0.167 	  -39.71 	 
0.024599999	 -0.167 	  -39.62 	 
0.024799999	 -0.167 	  -39.51 	 
0.024999999	 -0.166 	  -39.40 	 
0.025199999	 -0.166 	  -39.31 	 
0.025399999	 -0.166 	  -39.22 	 
0.025599999	 -0.166 	  -39.16 	 
0.025799999	 -0.166 	  -39.12 	 
0.025999999	 -0.165 	  -39.09 	 
0.026199999	 -0.166 	  -39.06 	 
0.026399999	 -0.165 	  -38.99 	 
0.026599999	 -0.166 	  -38.91 	 
0.026799999	 -0.165 	  -38.85 	 
0.026999999	 -0.166 	  -38.76 	 
0.027199999	 -0.165 	  -38.67 	 
0.027399999	 -0.165 	  -38.65 	 
0.027599999	 -0.165 	  -38.65 	 
0.027799999	 -0.165 	  -38.65 	 
0.027999999	 -0.166 	  -38.66 	 
0.028199999	 -0.165 	  -38.65 	 
0.028399999	 -0.165 	  -38.61 	 
0.028599999	 -0.165 	  -38.59 	 
0.028799999	 -0.165 	  -38.56 	 
0.028999999	 -0.165 	  -38.55 	 
0.029199999	 -0.165 	  -38.55 	 
0.029399999	 -0.165 	  -38.58 	 
0.029599999	 -0.164 	  -38.59 	 
0.029799999	 -0.165 	  -38.58 	 
0.029999999	 -0.165 	  -38.59 	 
0.030199999	 -0.165 	  -38.59 	 
0.030399999	 -0.165 	  -38.58 	 
0.030599999	 -0.165 	  -38.59 	 
0.030799999	 -0.165 	  -38.61 	 
0.030999999	 -0.165 	  -38.65 	 
0.031199999	 -0.165 	  -38.73 	 
0.031399999	 -0.164 	  -38.78 	 
0.031599999	 -0.165 	  -38.80 	 
0.031799999	 -0.165 	  -38.80 	 
0.031999999	 -0.165 	  -38.81 	 
0.032199999	 -0.165 	  -38.82 	 
0.032399999	 -0.165 	  -38.84 	 
0.032599999	 -0.165 	  -38.91 	 
0.032799999	 -0.165 	  -39.02 	 
0.032999999	 -0.166 	  -39.12 	 
0.033199999	 -0.165 	  -39.21 	 
0.033399999	 -0.165 	  -39.26 	 
0.033599999	 -0.165 	  -39.31 	 
0.033799999	 -0.165 	  -39.34 	 
0.033999999	 -0.165 	  -39.37 	 
0.034199999	 -0.164 	  -39.45 	 
0.034399999	 -0.165 	  -39.60 	 
0.034599999	 -0.165 	  -39.76 	 
0.034799999	 -0.165 	  -39.87 	 
0.034999999	 -0.166 	  -39.98 	 
0.035199999	 -0.165 	  -40.05 	 
0.035399999	 -0.166 	  -40.07 	 
0.035599999	 -0.165 	  -40.14 	 
0.035799999	 -0.165 	  -40.19 	 
0.035999999	 -0.165 	  -40.31 	 
0.036199999	 -0.166 	  -40.48 	 
0.036399999	 -0.166 	  -40.68 	 
0.036599999	 -0.165 	  -40.87 	 
0.036799999	 -0.166 	  -41.04 	 
0.036999999	 -0.165 	  -41.12 	 
0.037199999	 -0.167 	  -41.19 	 
0.037399999	 -0.166 	  -41.27 	 
0.037599999	 -0.166 	  -41.38 	 
0.037799999	 -0.166 	  -41.57 	 
0.037999999	 -0.166 	  -41.77 	 
0.038199999	 -0.167 	  -42.00 	 
0.038399999	 -0.166 	  -42.21 	 
0.038599999	 -0.166 	  -42.35 	 
0.038799999	 -0.166 	  -42.48 	 
0.038999999	 -0.167 	  -42.58 	 
0.039199999	 -0.166 	  -42.66 	 
0.039399999	 -0.166 	  -42.79 	 
0.039599999	 -0.166 	  -42.96 	 
0.039799999	 -0.167 	  -43.21 	 
0.039999999	 -0.167 	  -43.45 	 
0.040199999	 -0.167 	  -43.73 	 
0.040399999	 -0.167 	  -43.95 	 
0.040599999	 -0.166 	  -44.16 	 
0.040799999	 -0.167 	  -44.28 	 
0.040999999	 -0.167 	  -44.41 	 
0.041199999	 -0.167 	  -44.51 	 
0.041399999	 -0.168 	  -44.71 	 
0.041599999	 -0.168 	  -44.98 	 
0.041799999	 -0.168 	  -45.32 	 
0.041999999	 -0.168 	  -45.64 	 
0.042199999	 -0.168 	  -45.95 	 
0.042399999	 -0.168 	  -46.15 	 
0.042599999	 -0.168 	  -46.28 	 
0.042799999	 -0.169 	  -46.36 	 
0.042999999	 -0.168 	  -46.50 	 
0.043199999	 -0.168 	  -46.67 	 
0.043399999	 -0.169 	  -46.96 	 
0.043599999	 -0.169 	  -47.28 	 
0.043799999	 -0.169 	  -47.65 	 
0.043999999	 -0.169 	  -47.98 	 
0.044199999	 -0.170 	  -48.21 	 
0.044399999	 -0.170 	  -48.37 	 
0.044599999	 -0.170 	  -48.49 	 
0.044799999	 -0.170 	  -48.64 	 
0.044999999	 -0.169 	  -48.82 	 
0.045199999	 -0.170 	  -49.16 	 
0.045399999	 -0.170 	  -49.49 	 
0.045599999	 -0.170 	  -49.90 	 
0.045799999	 -0.170 	  -50.24 	 
0.045999999	 -0.171 	  -50.52 	 
0.046199999	 -0.171 	  -50.73 	 
0.046399999	 -0.171 	  -50.87 	 
0.046599999	 -0.171 	  -51.02 	 
0.046799999	 -0.172 	  -51.22 	 
0.046999999	 -0.171 	  -51.51 	 
0.047199999	 -0.172 	  -51.86 	 
0.047399999	 -0.172 	  -52.25 	 
0.047599999	 -0.172 	  -52.62 	 
0.047799999	 -0.172 	  -52.92 	 
0.047999999	 -0.172 	  -53.15 	 
0.048199999	 -0.172 	  -53.36 	 
0.048399999	 -0.173 	  -53.55 	 
0.048599999	 -0.172 	  -53.79 	 
0.048799999	 -0.173 	  -54.04 	 
0.048999999	 -0.173 	  -54.39 	 
0.049199999	 -0.174 	  -54.79 	 
0.049399999	 -0.173 	  -55.16 	 
0.049599999	 -0.174 	  -55.46 	 
0.049799999	 -0.174 	  -55.75 	 
0.049999999	 -0.174 	  -55.98 	 
0.050199999	 -0.175 	  -56.16 	 
0.050399999	 -0.175 	  -56.40 	 
0.050599999	 -0.175 	  -56.69 	 
0.050799999	 -0.175 	  -57.02 	 
0.050999999	 -0.175 	  -57.40 	 
0.051199999	 -0.176 	  -57.76 	 
0.051399999	 -0.175 	  -58.09 	 
0.051599999	 -0.177 	  -58.39 	 
0.051799999	 -0.176 	  -58.64 	 
0.051999999	 -0.176 	  -58.87 	 
0.052199999	 -0.176 	  -59.09 	 
0.052399999	 -0.177 	  -59.35 	 
0.052599999	 -0.177 	  -59.66 	 
0.052799999	 -0.178 	  -60.01 	 
0.052999999	 -0.178 	  -60.38 	 
0.053199999	 -0.177 	  -60.75 	 
0.053399999	 -0.178 	  -61.06 	 
0.053599999	 -0.178 	  -61.37 	 
0.053799999	 -0.178 	  -61.61 	 
0.053999999	 -0.179 	  -61.86 	 
0.054199999	 -0.178 	  -62.12 	 
0.054399999	 -0.179 	  -62.41 	 
0.054599999	 -0.180 	  -62.72 	 
0.054799999	 -0.180 	  -63.05 	 
0.054999999	 -0.180 	  -63.39 	 
0.055199999	 -0.179 	  -63.68 	 
0.055399999	 -0.180 	  -63.99 	 
0.055599999	 -0.180 	  -64.27 	 
0.055799999	 -0.181 	  -64.53 	 
0.055999999	 -0.180 	  -64.81 	 
0.056199999	 -0.181 	  -65.10 	 
0.056399999	 -0.182 	  -65.43 	 
0.056599999	 -0.182 	  -65.77 	 
0.056799999	 -0.182 	  -66.08 	 
0.056999999	 -0.182 	  -66.40 	 
0.057199999	 -0.182 	  -66.69 	 
0.057399999	 -0.182 	  -66.98 	 
0.057599999	 -0.182 	  -67.25 	 
0.057799999	 -0.183 	  -67.52 	 
0.057999999	 -0.182 	  -67.79 	 
0.058199999	 -0.183 	  -68.10 	 
0.058399999	 -0.183 	  -68.41 	 
0.058599999	 -0.183 	  -68.73 	 
0.058799999	 -0.184 	  -69.04 	 
0.058999999	 -0.184 	  -69.33 	 
0.059199999	 -0.185 	  -69.60 	 
0.059399998	 -0.184 	  -69.85 	 
0.059599998	 -0.185 	  -70.09 	 
0.059799998	 -0.185 	  -70.38 	 
0.059999998	 -0.185 	  -70.64 	 
0.060199998	 -0.186 	  -70.95 	 
0.060399998	 -0.185 	  -71.26 	 
0.060599998	 -0.186 	  -71.54 	 
0.060799998	 -0.186 	  -71.83 	 
0.060999998	 -0.186 	  -72.09 	 
0.061199998	 -0.186 	  -72.33 	 
0.061399998	 -0.186 	  -72.61 	 
0.061599998	 -0.186 	  -72.85 	 
0.061799998	 -0.187 	  -73.14 	 
0.061999998	 -0.187 	  -73.43 	 
0.062199998	 -0.187 	  -73.73 	 
0.062399998	 -0.187 	  -73.96 	 
0.062599998	 -0.187 	  -74.25 	 
0.062799998	 -0.188 	  -74.50 	 
0.062999998	 -0.188 	  -74.74 	 
0.063199998	 -0.188 	  -74.99 	 
0.063399998	 -0.188 	  -75.24 	 
0.063599998	 -0.188 	  -75.51 	 
0.063799998	 -0.189 	  -75.77 	 
0.063999998	 -0.188 	  -76.01 	 
0.064199998	 -0.189 	  -76.25 	 
0.064399998	 -0.189 	  -76.50 	 
0.064599998	 -0.189 	  -76.71 	 
0.064799998	 -0.190 	  -76.93 	 
0.064999998	 -0.190 	  -77.16 	 
0.065199998	 -0.190 	  -77.41 	 
0.065399998	 -0.190 	  -77.66 	 
0.065599998	 -0.191 	  -77.92 	 
0.065799998	 -0.191 	  -78.20 	 
0.065999998	 -0.191 	  -78.44 	 
0.066199998	 -0.191 	  -78.65 	 
0.066399998	 -0.192 	  -78.83 	 
0.066599998	 -0.191 	  -78.99 	 
0.066799998	 -0.192 	  -79.16 	 
0.066999998	 -0.192 	  -79.35 	 
0.067199998	 -0.192 	  -79.59 	 
0.067399998	 -0.192 	  -79.83 	 
0.067599998	 -0.192 	  -80.05 	 
0.067799998	 -0.192 	  -80.28 	 
0.067999998	 -0.193 	  -80.44 	 
0.068199998	 -0.193 	  -80.62 	 
0.068399998	 -0.193 	  -80.81 	 
0.068599998	 -0.193 	  -80.98 	 
0.068799998	 -0.193 	  -81.17 	 
0.068999998	 -0.193 	  -81.35 	 
0.069199998	 -0.193 	  -81.56 	 
0.069399998	 -0.194 	  -81.76 	 
0.069599998	 -0.194 	  -81.95 	 
0.069799998	 -0.194 	  -82.13 	 
0.069999998	 -0.194 	  -82.26 	 
0.070199998	 -0.194 	  -82.37 	 
0.070399998	 -0.194 	  -82.51 	 
0.070599998	 -0.195 	  -82.67 	 
0.070799998	 -0.195 	  -82.86 	 
0.070999998	 -0.194 	  -83.04 	 
0.071199998	 -0.195 	  -83.23 	 
0.071399998	 -0.195 	  -83.40 	 
0.071599998	 -0.195 	  -83.51 	 
0.071799998	 -0.196 	  -83.62 	 
0.071999998	 -0.196 	  -83.70 	 
0.072199998	 -0.196 	  -83.77 	 
0.072399998	 -0.196 	  -83.90 	 
0.072599998	 -0.196 	  -84.04 	 
0.072799998	 -0.196 	  -84.23 	 
0.072999998	 -0.196 	  -84.39 	 
0.073199998	 -0.196 	  -84.55 	 
0.073399998	 -0.196 	  -84.65 	 
0.073599998	 -0.197 	  -84.71 	 
0.073799998	 -0.196 	  -84.79 	 
0.073999998	 -0.197 	  -84.84 	 
0.074199998	 -0.197 	  -84.93 	 
0.074399998	 -0.196 	  -85.04 	 
0.074599998	 -0.197 	  -85.17 	 
0.074799998	 -0.196 	  -85.33 	 
0.074999998	 -0.197 	  -85.43 	 
0.075199998	 -0.197 	  -85.48 	 
0.075399998	 -0.197 	  -85.52 	 
0.075599998	 -0.197 	  -85.56 	 
0.075799998	 -0.198 	  -85.62 	 
0.075999998	 -0.197 	  -85.67 	 
0.076199998	 -0.197 	  -85.79 	 
0.076399998	 -0.197 	  -85.86 	 
0.076599998	 -0.198 	  -85.94 	 
0.076799998	 -0.198 	  -86.00 	 
0.076999998	 -0.198 	  -86.04 	 
0.077199998	 -0.198 	  -86.03 	 
0.077399998	 -0.198 	  -86.07 	 
0.077599998	 -0.198 	  -86.09 	 
0.077799998	 -0.199 	  -86.16 	 
0.077999998	 -0.197 	  -86.22 	 
0.078199998	 -0.198 	  -86.29 	 
0.078399998	 -0.198 	  -86.31 	 
0.078599998	 -0.199 	  -86.31 	 
0.078799998	 -0.198 	  -86.29 	 
0.078999998	 -0.198 	  -86.27 	 
0.079199998	 -0.198 	  -86.27 	 
0.079399998	 -0.198 	  -86.25 	 
0.079599998	 -0.198 	  -86.25 	 
0.079799998	 -0.198 	  -86.30 	 
0.079999998	 -0.198 	  -86.29 	 
0.080199998	 -0.198 	  -86.27 	 
0.080399998	 -0.198 	  -86.28 	 
0.080599998	 -0.198 	  -86.25 	 
0.080799998	 -0.198 	  -86.22 	 
0.080999998	 -0.198 	  -86.18 	 
0.081199998	 -0.198 	  -86.14 	 
0.081399998	 -0.199 	  -86.09 	 
0.081599998	 -0.198 	  -86.07 	 
0.081799998	 -0.198 	  -86.07 	 
0.081999998	 -0.198 	  -86.04 	 
0.082199998	 -0.198 	  -86.00 	 
0.082399998	 -0.198 	  -85.94 	 
0.082599998	 -0.198 	  -85.88 	 
0.082799998	 -0.199 	  -85.83 	 
0.082999998	 -0.198 	  -85.78 	 
0.083199998	 -0.198 	  -85.71 	 
0.083399998	 -0.199 	  -85.66 	 
0.083599998	 -0.197 	  -85.58 	 
0.083799998	 -0.198 	  -85.51 	 
0.083999998	 -0.198 	  -85.41 	 
0.084199998	 -0.198 	  -85.35 	 
0.084399998	 -0.198 	  -85.24 	 
0.084599998	 -0.198 	  -85.19 	 
0.084799998	 -0.198 	  -85.10 	 
0.084999998	 -0.198 	  -84.98 	 
0.085199998	 -0.198 	  -84.90 	 
0.085399998	 -0.198 	  -84.82 	 
0.085599998	 -0.197 	  -84.73 	 
0.085799998	 -0.198 	  -84.66 	 
0.085999998	 -0.198 	  -84.54 	 
0.086199998	 -0.198 	  -84.41 	 
0.086399998	 -0.198 	  -84.25 	 
0.086599998	 -0.198 	  -84.12 	 
0.086799998	 -0.198 	  -83.99 	 
0.086999998	 -0.198 	  -83.85 	 
0.087199998	 -0.197 	  -83.72 	 
0.087399998	 -0.197 	  -83.60 	 
0.087599998	 -0.197 	  -83.46 	 
0.087799998	 -0.197 	  -83.31 	 
0.087999998	 -0.198 	  -83.15 	 
0.088199998	 -0.197 	  -82.98 	 
0.088399998	 -0.198 	  -82.79 	 
0.088599998	 -0.197 	  -82.63 	 
0.088799998	 -0.197 	  -82.47 	 
0.088999998	 -0.197 	  -82.31 	 
0.089199998	 -0.197 	  -82.18 	 
0.089399998	 -0.197 	  -82.02 	 
0.089599998	 -0.197 	  -81.86 	 
0.089799998	 -0.196 	  -81.67 	 
0.089999998	 -0.197 	  -81.45 	 
0.090199998	 -0.196 	  -81.22 	 
0.090399998	 -0.197 	  -81.01 	 
0.090599998	 -0.196 	  -80.85 	 
0.090799998	 -0.197 	  -80.73 	 
0.090999998	 -0.196 	  -80.57 	 
0.091199998	 -0.196 	  -80.37 	 
0.091399998	 -0.196 	  -80.14 	 
0.091599998	 -0.196 	  -79.88 	 
0.091799998	 -0.196 	  -79.63 	 
0.091999998	 -0.196 	  -79.38 	 
0.092199998	 -0.196 	  -79.17 	 
0.092399998	 -0.195 	  -78.95 	 
0.092599998	 -0.196 	  -78.75 	 
0.092799998	 -0.195 	  -78.56 	 
0.092999998	 -0.195 	  -78.34 	 
0.093199998	 -0.195 	  -78.10 	 
0.093399998	 -0.194 	  -77.87 	 
0.093599998	 -0.195 	  -77.59 	 
0.093799998	 -0.195 	  -77.37 	 
0.093999998	 -0.195 	  -77.13 	 
0.094199998	 -0.195 	  -76.91 	 
0.094399998	 -0.194 	  -76.68 	 
0.094599998	 -0.195 	  -76.43 	 
0.094799998	 -0.193 	  -76.14 	 
0.094999998	 -0.194 	  -75.89 	 
0.095199998	 -0.193 	  -75.64 	 
0.095399998	 -0.193 	  -75.41 	 
0.095599998	 -0.193 	  -75.18 	 
0.095799998	 -0.193 	  -74.93 	 
0.095999998	 -0.193 	  -74.68 	 
0.096199998	 -0.193 	  -74.40 	 
0.096399998	 -0.193 	  -74.11 	 
0.096599998	 -0.193 	  -73.82 	 
0.096799998	 -0.193 	  -73.51 	 
0.096999998	 -0.193 	  -73.22 	 
0.097199998	 -0.192 	  -72.96 	 
0.097399998	 -0.192 	  -72.70 	 
0.097599998	 -0.192 	  -72.42 	 
0.097799998	 -0.192 	  -72.18 	 
0.097999998	 -0.192 	  -71.92 	 
0.098199998	 -0.192 	  -71.63 	 
0.098399998	 -0.192 	  -71.32 	 
0.098599998	 -0.191 	  -70.99 	 
0.098799998	 -0.192 	  -70.66 	 
0.098999997	 -0.191 	  -70.41 	 
0.099199997	 -0.191 	  -70.16 	 
0.099399997	 -0.190 	  -69.88 	 
0.099599997	 -0.191 	  -69.59 	 
0.099799997	 -0.190 	  -69.28 	 
0.099999997	 -0.190 	  -68.96 	 
0.100199997	 -0.189 	  -68.63 	 
0.100399997	 -0.190 	  -68.31 	 
0.100599997	 -0.190 	  -68.03 	 
0.100799997	 -0.189 	  -67.76 	 
0.100999997	 -0.189 	  -67.49 	 
0.101199997	 -0.189 	  -67.25 	 
0.101399997	 -0.189 	  -66.94 	 
0.101599997	 -0.189 	  -66.63 	 
0.101799997	 -0.188 	  -66.29 	 
0.101999997	 -0.188 	  -65.95 	 
0.102199997	 -0.188 	  -65.62 	 
0.102399997	 -0.188 	  -65.37 	 
0.102599997	 -0.188 	  -65.14 	 
0.102799997	 -0.188 	  -64.89 	 
0.102999997	 -0.188 	  -64.62 	 
0.103199997	 -0.187 	  -64.31 	 
0.103399997	 -0.187 	  -63.94 	 
0.103599997	 -0.187 	  -63.56 	 
0.103799997	 -0.187 	  -63.21 	 
0.103999997	 -0.186 	  -62.87 	 
0.104199997	 -0.186 	  -62.61 	 
0.104399997	 -0.186 	  -62.36 	 
0.104599997	 -0.186 	  -62.09 	 
0.104799997	 -0.186 	  -61.82 	 
0.104999997	 -0.186 	  -61.53 	 
0.105199997	 -0.185 	  -61.22 	 
0.105399997	 -0.185 	  -60.85 	 
0.105599997	 -0.185 	  -60.50 	 
0.105799997	 -0.185 	  -60.18 	 
0.105999997	 -0.185 	  -59.88 	 
0.106199997	 -0.184 	  -59.60 	 
0.106399997	 -0.183 	  -59.32 	 
0.106599997	 -0.183 	  -59.07 	 
0.106799997	 -0.183 	  -58.79 	 
0.106999997	 -0.183 	  -58.48 	 
0.107199997	 -0.183 	  -58.18 	 
0.107399997	 -0.182 	  -57.83 	 
0.107599997	 -0.182 	  -57.50 	 
0.107799997	 -0.182 	  -57.19 	 
0.107999997	 -0.182 	  -56.90 	 
0.108199997	 -0.182 	  -56.64 	 
0.108399997	 -0.182 	  -56.40 	 
0.108599997	 -0.182 	  -56.16 	 
0.108799997	 -0.181 	  -55.89 	 
0.108999997	 -0.181 	  -55.59 	 
0.109199997	 -0.181 	  -55.26 	 
0.109399997	 -0.181 	  -54.88 	 
0.109599997	 -0.180 	  -54.58 	 
0.109799997	 -0.181 	  -54.31 	 
0.109999997	 -0.180 	  -54.07 	 
0.110199997	 -0.180 	  -53.83 	 
0.110399997	 -0.179 	  -53.59 	 
0.110599997	 -0.180 	  -53.29 	 
0.110799997	 -0.179 	  -52.99 	 
0.110999997	 -0.180 	  -52.68 	 
0.111199997	 -0.179 	  -52.39 	 
0.111399997	 -0.179 	  -52.08 	 
0.111599997	 -0.178 	  -51.82 	 
0.111799997	 -0.178 	  -51.55 	 
0.111999997	 -0.178 	  -51.35 	 
0.112199997	 -0.178 	  -51.10 	 
0.112399997	 -0.178 	  -50.83 	 
0.112599997	 -0.177 	  -50.54 	 
0.112799997	 -0.177 	  -50.25 	 
0.112999997	 -0.177 	  -49.97 	 
0.113199997	 -0.176 	  -49.69 	 
0.113399997	 -0.176 	  -49.45 	 
0.113599997	 -0.176 	  -49.23 	 
0.113799997	 -0.176 	  -49.01 	 
0.113999997	 -0.176 	  -48.77 	 
0.114199997	 -0.175 	  -48.51 	 
0.114399997	 -0.175 	  -48.27 	 
0.114599997	 -0.175 	  -48.05 	 
0.114799997	 -0.175 	  -47.79 	 
0.114999997	 -0.175 	  -47.54 	 
0.115199997	 -0.175 	  -47.30 	 
0.115399997	 -0.174 	  -47.05 	 
0.115599997	 -0.174 	  -46.83 	 
0.115799997	 -0.173 	  -46.60 	 
0.115999997	 -0.174 	  -46.40 	 
0.116199997	 -0.173 	  -46.16 	 
0.116399997	 -0.174 	  -45.97 	 
0.116599997	 -0.173 	  -45.75 	 
0.116799997	 -0.173 	  -45.53 	 
0.116999997	 -0.172 	  -45.31 	 
0.117199997	 -0.173 	  -45.09 	 
0.117399997	 -0.172 	  -44.89 	 
0.117599997	 -0.172 	  -44.69 	 
0.117799997	 -0.172 	  -44.50 	 
0.117999997	 -0.171 	  -44.28 	 
0.118199997	 -0.172 	  -44.10 	 
0.118399997	 -0.171 	  -43.90 	 
0.118599997	 -0.171 	  -43.71 	 
0.118799997	 -0.171 	  -43.53 	 
0.118999997	 -0.170 	  -43.35 	 
0.119199997	 -0.170 	  -43.17 	 
0.119399997	 -0.170 	  -42.98 	 
0.119599997	 -0.170 	  -42.80 	 
0.119799997	 -0.170 	  -42.60 	 
0.119999997	 -0.170 	  -42.44 	 
0.120199997	 -0.170 	  -42.29 	 
0.120399997	 -0.169 	  -42.15 	 
0.120599997	 -0.169 	  -42.02 	 
0.120799997	 -0.169 	  -41.88 	 
0.120999997	 -0.169 	  -41.69 	 
0.121199997	 -0.168 	  -41.52 	 
0.121399997	 -0.168 	  -41.36 	 
0.121599997	 -0.168 	  -41.24 	 
0.121799997	 -0.168 	  -41.08 	 
0.121999997	 -0.168 	  -40.95 	 
0.122199997	 -0.168 	  -40.84 	 
0.122399997	 -0.168 	  -40.73 	 
0.122599997	 -0.167 	  -40.60 	 
0.122799997	 -0.168 	  -40.50 	 
0.122999997	 -0.168 	  -40.38 	 
0.123199997	 -0.167 	  -40.25 	 
0.123399997	 -0.167 	  -40.11 	 
0.123599997	 -0.167 	  -39.96 	 
0.123799997	 -0.167 	  -39.89 	 
0.123999997	 -0.167 	  -39.81 	 
0.124199997	 -0.167 	  -39.74 	 
0.124399997	 -0.166 	  -39.67 	 
0.124599997	 -0.167 	  -39.59 	 
0.124799997	 -0.167 	  -39.49 	 
0.124999997	 -0.166 	  -39.37 	 
0.125199997	 -0.166 	  -39.28 	 
0.125399997	 -0.166 	  -39.18 	 
0.125599997	 -0.167 	  -39.15 	 
0.125799997	 -0.166 	  -39.11 	 
0.125999997	 -0.166 	  -39.08 	 
0.126199997	 -0.166 	  -39.00 	 
0.126399997	 -0.166 	  -38.93 	 
0.126599997	 -0.166 	  -38.85 	 
0.126799997	 -0.165 	  -38.78 	 
0.126999997	 -0.165 	  -38.70 	 
0.127199997	 -0.165 	  -38.67 	 
0.127399997	 -0.165 	  -38.61 	 
0.127599997	 -0.166 	  -38.62 	 
0.127799997	 -0.165 	  -38.62 	 
0.127999997	 -0.165 	  -38.61 	 
0.128199997	 -0.165 	  -38.58 	 
0.128399997	 -0.165 	  -38.56 	 
0.128599997	 -0.165 	  -38.52 	 
0.128799997	 -0.165 	  -38.47 	 
0.128999997	 -0.165 	  -38.47 	 
0.129199997	 -0.165 	  -38.47 	 
0.129399997	 -0.165 	  -38.47 	 
0.129599997	 -0.165 	  -38.51 	 
0.129799997	 -0.165 	  -38.54 	 
0.129999997	 -0.165 	  -38.57 	 
0.130199997	 -0.165 	  -38.58 	 
0.130399997	 -0.164 	  -38.59 	 
0.130599997	 -0.164 	  -38.56 	 
0.130799997	 -0.165 	  -38.56 	 
0.130999997	 -0.165 	  -38.56 	 
0.131199997	 -0.165 	  -38.61 	 
0.131399997	 -0.165 	  -38.69 	 
0.131599997	 -0.165 	  -38.80 	 
0.131799997	 -0.165 	  -38.85 	 
0.131999997	 -0.165 	  -38.86 	 
0.132199997	 -0.165 	  -38.86 	 
0.132399997	 -0.165 	  -38.84 	 
0.132599997	 -0.165 	  -38.85 	 
0.132799997	 -0.165 	  -38.87 	 
0.132999997	 -0.165 	  -38.96 	 
0.133199997	 -0.165 	  -39.09 	 
0.133399997	 -0.165 	  -39.21 	 
0.133599997	 -0.165 	  -39.31 	 
0.133799997	 -0.165 	  -39.38 	 
0.133999997	 -0.165 	  -39.44 	 
0.134199997	 -0.165 	  -39.48 	 
0.134399997	 -0.165 	  -39.51 	 
0.134599997	 -0.165 	  -39.59 	 
0.134799997	 -0.165 	  -39.66 	 
0.134999997	 -0.165 	  -39.80 	 
0.135199997	 -0.165 	  -39.97 	 
0.135399997	 -0.165 	  -40.11 	 
0.135599997	 -0.165 	  -40.20 	 
0.135799997	 -0.166 	  -40.29 	 
0.135999997	 -0.165 	  -40.36 	 
0.136199997	 -0.165 	  -40.42 	 
0.136399997	 -0.165 	  -40.55 	 
0.136599997	 -0.165 	  -40.72 	 
0.136799997	 -0.166 	  -40.88 	 
0.136999997	 -0.166 	  -41.08 	 
0.137199997	 -0.165 	  -41.25 	 
0.137399997	 -0.165 	  -41.39 	 
0.137599997	 -0.166 	  -41.50 	 
0.137799997	 -0.166 	  -41.59 	 
0.137999997	 -0.166 	  -41.70 	 
0.138199997	 -0.166 	  -41.84 	 
0.138399997	 -0.167 	  -42.02 	 
0.138599996	 -0.167 	  -42.26 	 
0.138799996	 -0.166 	  -42.50 	 
0.138999996	 -0.167 	  -42.70 	 
0.139199996	 -0.166 	  -42.87 	 
0.139399996	 -0.167 	  -42.96 	 
0.139599996	 -0.167 	  -43.02 	 
0.139799996	 -0.167 	  -43.14 	 
0.139999996	 -0.167 	  -43.30 	 
0.140199996	 -0.167 	  -43.53 	 
0.140399996	 -0.167 	  -43.79 	 
0.140599996	 -0.167 	  -44.06 	 
0.140799996	 -0.167 	  -44.30 	 
0.140999996	 -0.168 	  -44.52 	 
0.141199996	 -0.167 	  -44.67 	 
0.141399996	 -0.168 	  -44.78 	 
0.141599996	 -0.168 	  -44.93 	 
0.141799996	 -0.168 	  -45.15 	 
0.141999996	 -0.168 	  -45.40 	 
0.142199996	 -0.167 	  -45.68 	 
0.142399996	 -0.168 	  -45.99 	 
0.142599996	 -0.168 	  -46.25 	 
0.142799996	 -0.169 	  -46.46 	 
0.142999996	 -0.169 	  -46.66 	 
0.143199996	 -0.168 	  -46.84 	 
0.143399996	 -0.169 	  -47.00 	 
0.143599996	 -0.169 	  -47.21 	 
0.143799996	 -0.169 	  -47.47 	 
0.143999996	 -0.169 	  -47.76 	 
0.144199996	 -0.169 	  -48.05 	 
0.144399996	 -0.170 	  -48.30 	 
0.144599996	 -0.170 	  -48.55 	 
0.144799996	 -0.170 	  -48.74 	 
0.144999996	 -0.170 	  -48.97 	 
0.145199996	 -0.170 	  -49.19 	 
0.145399996	 -0.170 	  -49.43 	 
0.145599996	 -0.170 	  -49.72 	 
0.145799996	 -0.170 	  -50.02 	 
0.145999996	 -0.171 	  -50.34 	 
0.146199996	 -0.171 	  -50.64 	 
0.146399996	 -0.171 	  -50.92 	 
0.146599996	 -0.172 	  -51.16 	 
0.146799996	 -0.172 	  -51.38 	 
0.146999996	 -0.172 	  -51.59 	 
0.147199996	 -0.172 	  -51.82 	 
0.147399996	 -0.172 	  -52.09 	 
0.147599996	 -0.172 	  -52.41 	 
0.147799996	 -0.172 	  -52.78 	 
0.147999996	 -0.173 	  -53.12 	 
0.148199996	 -0.173 	  -53.46 	 
0.148399996	 -0.173 	  -53.72 	 
0.148599996	 -0.173 	  -53.94 	 
0.148799996	 -0.174 	  -54.16 	 
0.148999996	 -0.173 	  -54.40 	 
0.149199996	 -0.174 	  -54.66 	 
0.149399996	 -0.174 	  -54.97 	 
0.149599996	 -0.174 	  -55.32 	 
0.149799996	 -0.175 	  -55.67 	 
0.149999996	 -0.175 	  -55.98 	 
0.150199996	 -0.175 	  -56.27 	 
0.150399996	 -0.175 	  -56.54 	 
0.150599996	 -0.175 	  -56.79 	 
0.150799996	 -0.175 	  -57.02 	 
0.150999996	 -0.175 	  -57.31 	 
0.151199996	 -0.176 	  -57.63 	 
0.151399996	 -0.176 	  -57.95 	 
0.151599996	 -0.177 	  -58.29 	 
0.151799996	 -0.176 	  -58.59 	 
0.151999996	 -0.177 	  -58.85 	 
0.152199996	 -0.177 	  -59.13 	 
0.152399996	 -0.177 	  -59.40 	 
0.152599996	 -0.177 	  -59.70 	 
0.152799996	 -0.177 	  -60.01 	 
0.152999996	 -0.178 	  -60.33 	 
0.153199996	 -0.178 	  -60.66 	 
0.153399996	 -0.177 	  -61.01 	 
0.153599996	 -0.178 	  -61.31 	 
0.153799996	 -0.178 	  -61.60 	 
0.153999996	 -0.179 	  -61.85 	 
0.154199996	 -0.178 	  -62.09 	 
0.154399996	 -0.179 	  -62.37 	 
0.154599996	 -0.179 	  -62.69 	 
0.154799996	 -0.180 	  -63.02 	 
0.154999996	 -0.180 	  -63.34 	 
0.155199996	 -0.180 	  -63.68 	 
0.155399996	 -0.180 	  -63.96 	 
0.155599996	 -0.180 	  -64.25 	 
0.155799996	 -0.181 	  -64.54 	 
0.155999996	 -0.181 	  -64.80 	 
0.156199996	 -0.182 	  -65.09 	 
0.156399996	 -0.181 	  -65.40 	 
0.156599996	 -0.182 	  -65.73 	 
0.156799996	 -0.182 	  -66.06 	 
0.156999996	 -0.182 	  -66.41 	 
0.157199996	 -0.183 	  -66.71 	 
0.157399996	 -0.182 	  -67.00 	 
0.157599996	 -0.183 	  -67.28 	 
0.157799996	 -0.183 	  -67.59 	 
0.157999996	 -0.183 	  -67.86 	 
0.158199996	 -0.183 	  -68.17 	 
0.158399996	 -0.183 	  -68.45 	 
0.158599996	 -0.183 	  -68.74 	 
0.158799996	 -0.184 	  -69.00 	 
0.158999996	 -0.184 	  -69.28 	 
0.159199996	 -0.185 	  -69.52 	 
0.159399996	 -0.184 	  -69.78 	 
0.159599996	 -0.185 	  -70.05 	 
0.159799996	 -0.185 	  -70.35 	 
0.159999996	 -0.185 	  -70.66 	 
0.160199996	 -0.185 	  -70.95 	 
0.160399996	 -0.185 	  -71.23 	 
0.160599996	 -0.186 	  -71.52 	 
0.160799996	 -0.186 	  -71.76 	 
0.160999996	 -0.186 	  -72.05 	 
0.161199996	 -0.186 	  -72.31 	 
0.161399996	 -0.187 	  -72.59 	 
0.161599996	 -0.186 	  -72.86 	 
0.161799996	 -0.188 	  -73.14 	 
0.161999996	 -0.187 	  -73.46 	 
0.162199996	 -0.187 	  -73.72 	 
0.162399996	 -0.188 	  -74.00 	 
0.162599996	 -0.188 	  -74.26 	 
0.162799996	 -0.188 	  -74.50 	 
0.162999996	 -0.188 	  -74.72 	 
0.163199996	 -0.189 	  -74.96 	 
0.163399996	 -0.188 	  -75.20 	 
0.163599996	 -0.189 	  -75.46 	 
0.163799996	 -0.189 	  -75.74 	 
0.163999996	 -0.189 	  -76.01 	 
0.164199996	 -0.190 	  -76.25 	 
0.164399996	 -0.189 	  -76.51 	 
0.164599996	 -0.189 	  -76.74 	 
0.164799996	 -0.190 	  -76.95 	 
0.164999996	 -0.190 	  -77.17 	 
0.165199996	 -0.191 	  -77.39 	 
0.165399996	 -0.190 	  -77.66 	 
0.165599996	 -0.191 	  -77.90 	 
0.165799996	 -0.191 	  -78.13 	 
0.165999996	 -0.191 	  -78.38 	 
0.166199996	 -0.192 	  -78.58 	 
0.166399996	 -0.191 	  -78.79 	 
0.166599996	 -0.192 	  -78.98 	 
0.166799996	 -0.192 	  -79.17 	 
0.166999996	 -0.192 	  -79.38 	 
0.167199996	 -0.192 	  -79.62 	 
0.167399996	 -0.192 	  -79.85 	 
0.167599996	 -0.193 	  -80.11 	 
0.167799996	 -0.193 	  -80.31 	 
0.167999996	 -0.193 	  -80.49 	 
0.168199996	 -0.192 	  -80.66 	 
0.168399996	 -0.193 	  -80.84 	 
0.168599996	 -0.193 	  -81.01 	 
0.168799996	 -0.193 	  -81.16 	 
0.168999996	 -0.193 	  -81.34 	 
0.169199996	 -0.193 	  -81.53 	 
0.169399996	 -0.193 	  -81.75 	 
0.169599996	 -0.194 	  -81.95 	 
0.169799996	 -0.194 	  -82.11 	 
0.169999996	 -0.194 	  -82.26 	 
0.170199996	 -0.195 	  -82.41 	 
0.170399996	 -0.195 	  -82.55 	 
0.170599996	 -0.194 	  -82.70 	 
0.170799996	 -0.195 	  -82.87 	 
0.170999996	 -0.194 	  -83.05 	 
0.171199996	 -0.195 	  -83.21 	 
0.171399996	 -0.196 	  -83.36 	 
0.171599996	 -0.196 	  -83.49 	 
0.171799996	 -0.196 	  -83.60 	 
0.171999996	 -0.196 	  -83.73 	 
0.172199996	 -0.196 	  -83.84 	 
0.172399996	 -0.196 	  -83.93 	 
0.172599996	 -0.196 	  -84.07 	 
0.172799996	 -0.196 	  -84.23 	 
0.172999996	 -0.196 	  -84.38 	 
0.173199996	 -0.197 	  -84.51 	 
0.173399996	 -0.196 	  -84.61 	 
0.173599996	 -0.196 	  -84.73 	 
0.173799996	 -0.197 	  -84.82 	 
0.173999996	 -0.196 	  -84.90 	 
0.174199996	 -0.196 	  -84.98 	 
0.174399996	 -0.197 	  -85.04 	 
0.174599996	 -0.196 	  -85.12 	 
0.174799996	 -0.197 	  -85.22 	 
0.174999996	 -0.197 	  -85.30 	 
0.175199996	 -0.197 	  -85.39 	 
0.175399996	 -0.197 	  -85.48 	 
0.175599996	 -0.197 	  -85.59 	 
0.175799996	 -0.198 	  -85.65 	 
0.175999996	 -0.198 	  -85.73 	 
0.176199996	 -0.197 	  -85.79 	 
0.176399996	 -0.197 	  -85.85 	 
0.176599996	 -0.197 	  -85.89 	 
0.176799996	 -0.198 	  -85.94 	 
0.176999996	 -0.197 	  -85.98 	 
0.177199996	 -0.198 	  -86.03 	 
0.177399996	 -0.198 	  -86.07 	 
0.177599996	 -0.197 	  -86.09 	 
0.177799996	 -0.198 	  -86.15 	 
0.177999996	 -0.198 	  -86.18 	 
0.178199995	 -0.198 	  -86.22 	 
0.178399995	 -0.198 	  -86.25 	 
0.178599995	 -0.198 	  -86.29 	 
0.178799995	 -0.199 	  -86.29 	 
0.178999995	 -0.198 	  -86.29 	 
0.179199995	 -0.198 	  -86.24 	 
0.179399995	 -0.198 	  -86.27 	 
0.179599995	 -0.198 	  -86.25 	 
0.179799995	 -0.198 	  -86.28 	 
0.179999995	 -0.198 	  -86.29 	 
0.180199995	 -0.198 	  -86.27 	 
0.180399995	 -0.198 	  -86.27 	 
0.180599995	 -0.198 	  -86.25 	 
0.180799995	 -0.198 	  -86.21 	 
0.180999995	 -0.198 	  -86.17 	 
0.181199995	 -0.197 	  -86.11 	 
0.181399995	 -0.199 	  -86.09 	 
0.181599995	 -0.198 	  -86.07 	 
0.181799995	 -0.198 	  -86.07 	 
0.181999995	 -0.199 	  -86.03 	 
0.182199995	 -0.198 	  -85.98 	 
0.182399995	 -0.199 	  -85.95 	 
0.182599995	 -0.198 	  -85.87 	 
0.182799995	 -0.198 	  -85.81 	 
0.182999995	 -0.198 	  -85.75 	 
0.183199995	 -0.198 	  -85.69 	 
0.183399995	 -0.198 	  -85.65 	 
0.183599995	 -0.198 	  -85.58 	 
0.183799995	 -0.198 	  -85.53 	 
0.183999995	 -0.198 	  -85.45 	 
0.184199995	 -0.198 	  -85.35 	 
0.184399995	 -0.198 	  -85.26 	 
0.184599995	 -0.198 	  -85.16 	 
0.184799995	 -0.198 	  -85.08 	 
0.184999995	 -0.198 	  -85.00 	 
0.185199995	 -0.198 	  -84.91 	 
0.185399995	 -0.198 	  -84.82 	 
0.185599995	 -0.197 	  -84.71 	 
0.185799995	 -0.198 	  -84.61 	 
0.185999995	 -0.198 	  -84.51 	 
0.186199995	 -0.198 	  -84.42 	 
0.186399995	 -0.198 	  -84.30 	 
0.186599995	 -0.197 	  -84.17 	 
0.186799995	 -0.197 	  -84.02 	 
0.186999995	 -0.198 	  -83.85 	 
0.187199995	 -0.198 	  -83.71 	 
0.187399995	 -0.197 	  -83.56 	 
0.187599995	 -0.197 	  -83.42 	 
0.187799995	 -0.197 	  -83.29 	 
0.187999995	 -0.197 	  -83.16 	 
0.188199995	 -0.197 	  -83.00 	 
0.188399995	 -0.197 	  -82.85 	 
0.188599995	 -0.197 	  -82.69 	 
0.188799995	 -0.197 	  -82.50 	 
0.188999995	 -0.196 	  -82.32 	 
0.189199995	 -0.196 	  -82.14 	 
0.189399995	 -0.197 	  -81.96 	 
0.189599995	 -0.197 	  -81.82 	 
0.189799995	 -0.197 	  -81.65 	 
0.189999995	 -0.197 	  -81.49 	 
0.190199995	 -0.196 	  -81.31 	 
0.190399995	 -0.197 	  -81.08 	 
0.190599995	 -0.196 	  -80.85 	 
0.190799995	 -0.197 	  -80.67 	 
0.190999995	 -0.196 	  -80.48 	 
0.191199995	 -0.196 	  -80.32 	 
0.191399995	 -0.196 	  -80.12 	 
0.191599995	 -0.196 	  -79.91 	 
0.191799995	 -0.196 	  -79.66 	 
0.191999995	 -0.195 	  -79.41 	 
0.192199995	 -0.196 	  -79.16 	 
0.192399995	 -0.196 	  -78.94 	 
0.192599995	 -0.196 	  -78.73 	 
0.192799995	 -0.196 	  -78.54 	 
0.192999995	 -0.194 	  -78.38 	 
0.193199995	 -0.195 	  -78.16 	 
0.193399995	 -0.195 	  -77.89 	 
0.193599995	 -0.195 	  -77.61 	 
0.193799995	 -0.195 	  -77.33 	 
0.193999995	 -0.195 	  -77.05 	 
0.194199995	 -0.194 	  -76.83 	 
0.194399995	 -0.195 	  -76.65 	 
0.194599995	 -0.194 	  -76.46 	 
0.194799995	 -0.194 	  -76.24 	 
0.194999995	 -0.194 	  -76.01 	 
0.195199995	 -0.194 	  -75.74 	 
0.195399995	 -0.194 	  -75.41 	 
0.195599995	 -0.193 	  -75.09 	 
0.195799995	 -0.193 	  -74.80 	 
0.195999995	 -0.193 	  -74.54 	 
0.196199995	 -0.193 	  -74.30 	 
0.196399995	 -0.193 	  -74.10 	 
0.196599995	 -0.192 	  -73.86 	 
0.196799995	 -0.193 	  -73.58 	 
0.196999995	 -0.192 	  -73.28 	 
0.197199995	 -0.192 	  -72.96 	 
0.197399995	 -0.193 	  -72.65 	 
0.197599995	 -0.192 	  -72.38 	 
0.197799995	 -0.192 	  -72.13 	 
0.197999995	 -0.191 	  -71.89 	 
0.198199995	 -0.191 	  -71.61 	 
0.198399995	 -0.191 	  -71.34 	 
0.198599995	 -0.191 	  -71.05 	 
0.198799995	 -0.191 	  -70.77 	 
0.198999995	 -0.191 	  -70.45 	 
0.199199995	 -0.191 	  -70.09 	 
0.199399995	 -0.190 	  -69.79 	 
0.199599995	 -0.191 	  -69.50 	 
0.199799995	 -0.191 	  -69.24 	 
0.199999995	 -0.190 	  -68.98 	 
0.200199995	 -0.190 	  -68.71 	 
0.200399995	 -0.190 	  -68.40 	 
0.200599995	 -0.190 	  -68.08 	 
0.200799995	 -0.189 	  -67.74 	 
0.200999995	 -0.189 	  -67.41 	 
0.201199995	 -0.189 	  -67.13 	 
0.201399995	 -0.189 	  -66.85 	 
0.201599995	 -0.189 	  -66.59 	 
0.201799995	 -0.189 	  -66.36 	 
0.201999995	 -0.189 	  -66.08 	 
0.202199995	 -0.188 	  -65.77 	 
0.202399995	 -0.188 	  -65.42 	 
0.202599995	 -0.188 	  -65.05 	 
0.202799995	 -0.187 	  -64.73 	 
0.202999995	 -0.188 	  -64.44 	 
0.203199995	 -0.187 	  -64.19 	 
0.203399995	 -0.188 	  -63.94 	 
0.203599995	 -0.186 	  -63.70 	 
0.203799995	 -0.186 	  -63.39 	 
0.203999995	 -0.187 	  -63.05 	 
0.204199995	 -0.186 	  -62.63 	 
0.204399995	 -0.186 	  -62.27 	 
0.204599995	 -0.186 	  -61.96 	 
