0.000000000	 -0.287 	  -68.17 	 
0.000200000	 -0.287 	  -67.86 	 
0.000400000	 -0.288 	  -67.57 	 
0.000600000	 -0.287 	  -67.31 	 
0.000800000	 -0.287 	  -67.03 	 
0.001000000	 -0.286 	  -66.72 	 
0.001200000	 -0.286 	  -66.41 	 
0.001400000	 -0.286 	  -66.11 	 
0.001600000	 -0.286 	  -65.80 	 
0.001800000	 -0.286 	  -65.48 	 
0.002000000	 -0.284 	  -65.19 	 
0.002200000	 -0.285 	  -64.89 	 
0.002400000	 -0.284 	  -64.61 	 
0.002600000	 -0.284 	  -64.35 	 
0.002800000	 -0.284 	  -64.07 	 
0.003000000	 -0.284 	  -63.74 	 
0.003200000	 -0.283 	  -63.43 	 
0.003400000	 -0.284 	  -63.10 	 
0.003600000	 -0.283 	  -62.75 	 
0.003800000	 -0.283 	  -62.42 	 
0.004000000	 -0.282 	  -62.12 	 
0.004200000	 -0.282 	  -61.83 	 
0.004400000	 -0.282 	  -61.55 	 
0.004600000	 -0.282 	  -61.27 	 
0.004800000	 -0.282 	  -60.98 	 
0.005000000	 -0.281 	  -60.69 	 
0.005200000	 -0.281 	  -60.36 	 
0.005400000	 -0.280 	  -60.08 	 
0.005600000	 -0.280 	  -59.75 	 
0.005800000	 -0.280 	  -59.44 	 
0.006000000	 -0.280 	  -59.17 	 
0.006200000	 -0.280 	  -58.90 	 
0.006400000	 -0.280 	  -58.59 	 
0.006600000	 -0.279 	  -58.28 	 
0.006800000	 -0.279 	  -58.00 	 
0.007000000	 -0.278 	  -57.65 	 
0.007200000	 -0.278 	  -57.33 	 
0.007400000	 -0.278 	  -57.02 	 
0.007600000	 -0.278 	  -56.71 	 
0.007800000	 -0.277 	  -56.42 	 
0.008000000	 -0.277 	  -56.13 	 
0.008200000	 -0.277 	  -55.82 	 
0.008400000	 -0.276 	  -55.51 	 
0.008600000	 -0.276 	  -55.24 	 
0.008800000	 -0.275 	  -54.98 	 
0.009000000	 -0.275 	  -54.69 	 
0.009200000	 -0.276 	  -54.39 	 
0.009400000	 -0.275 	  -54.13 	 
0.009600000	 -0.274 	  -53.83 	 
0.009800000	 -0.275 	  -53.57 	 
0.010000000	 -0.274 	  -53.28 	 
0.010200000	 -0.274 	  -52.98 	 
0.010400000	 -0.274 	  -52.71 	 
0.010600000	 -0.274 	  -52.41 	 
0.010800000	 -0.273 	  -52.14 	 
0.011000000	 -0.273 	  -51.87 	 
0.011200000	 -0.272 	  -51.61 	 
0.011400000	 -0.272 	  -51.34 	 
0.011600000	 -0.272 	  -51.05 	 
0.011800000	 -0.272 	  -50.79 	 
0.012000000	 -0.271 	  -50.51 	 
0.012200000	 -0.271 	  -50.24 	 
0.012400000	 -0.271 	  -49.97 	 
0.012600000	 -0.270 	  -49.72 	 
0.012800000	 -0.270 	  -49.48 	 
0.013000000	 -0.270 	  -49.21 	 
0.013200000	 -0.269 	  -48.97 	 
0.013400000	 -0.270 	  -48.72 	 
0.013600000	 -0.270 	  -48.46 	 
0.013800000	 -0.269 	  -48.21 	 
0.014000000	 -0.268 	  -47.94 	 
0.014200000	 -0.268 	  -47.68 	 
0.014400000	 -0.268 	  -47.47 	 
0.014600000	 -0.268 	  -47.22 	 
0.014800000	 -0.268 	  -46.97 	 
0.015000000	 -0.267 	  -46.73 	 
0.015200000	 -0.267 	  -46.49 	 
0.015400000	 -0.266 	  -46.25 	 
0.015600000	 -0.267 	  -46.01 	 
0.015800000	 -0.267 	  -45.77 	 
0.016000000	 -0.266 	  -45.55 	 
0.016200000	 -0.265 	  -45.35 	 
0.016400000	 -0.265 	  -45.16 	 
0.016600000	 -0.265 	  -44.91 	 
0.016800000	 -0.266 	  -44.72 	 
0.017000000	 -0.264 	  -44.53 	 
0.017200000	 -0.264 	  -44.34 	 
0.017400000	 -0.264 	  -44.14 	 
0.017600000	 -0.264 	  -43.91 	 
0.017800000	 -0.264 	  -43.71 	 
0.018000000	 -0.264 	  -43.49 	 
0.018200000	 -0.264 	  -43.31 	 
0.018400000	 -0.263 	  -43.12 	 
0.018600000	 -0.263 	  -42.93 	 
0.018800000	 -0.262 	  -42.74 	 
0.019000000	 -0.262 	  -42.56 	 
0.019200000	 -0.263 	  -42.37 	 
0.019400000	 -0.262 	  -42.21 	 
0.019600000	 -0.261 	  -42.05 	 
0.019799999	 -0.261 	  -41.86 	 
0.019999999	 -0.262 	  -41.69 	 
0.020199999	 -0.261 	  -41.52 	 
0.020399999	 -0.260 	  -41.38 	 
0.020599999	 -0.260 	  -41.23 	 
0.020799999	 -0.259 	  -41.10 	 
0.020999999	 -0.260 	  -40.92 	 
0.021199999	 -0.260 	  -40.77 	 
0.021399999	 -0.260 	  -40.61 	 
0.021599999	 -0.259 	  -40.44 	 
0.021799999	 -0.259 	  -40.31 	 
0.021999999	 -0.259 	  -40.19 	 
0.022199999	 -0.259 	  -40.07 	 
0.022399999	 -0.259 	  -39.94 	 
0.022599999	 -0.259 	  -39.81 	 
0.022799999	 -0.258 	  -39.70 	 
0.022999999	 -0.258 	  -39.57 	 
0.023199999	 -0.258 	  -39.44 	 
0.023399999	 -0.258 	  -39.32 	 
0.023599999	 -0.258 	  -39.22 	 
0.023799999	 -0.257 	  -39.11 	 
0.023999999	 -0.257 	  -39.06 	 
0.024199999	 -0.257 	  -38.96 	 
0.024399999	 -0.257 	  -38.88 	 
0.024599999	 -0.257 	  -38.79 	 
0.024799999	 -0.257 	  -38.67 	 
0.024999999	 -0.257 	  -38.58 	 
0.025199999	 -0.256 	  -38.50 	 
0.025399999	 -0.257 	  -38.43 	 
0.025599999	 -0.256 	  -38.36 	 
0.025799999	 -0.256 	  -38.28 	 
0.025999999	 -0.256 	  -38.26 	 
0.026199999	 -0.256 	  -38.21 	 
0.026399999	 -0.256 	  -38.16 	 
0.026599999	 -0.256 	  -38.12 	 
0.026799999	 -0.256 	  -38.05 	 
0.026999999	 -0.256 	  -37.99 	 
0.027199999	 -0.256 	  -37.94 	 
0.027399999	 -0.255 	  -37.90 	 
0.027599999	 -0.256 	  -37.88 	 
0.027799999	 -0.256 	  -37.84 	 
0.027999999	 -0.255 	  -37.79 	 
0.028199999	 -0.255 	  -37.77 	 
0.028399999	 -0.255 	  -37.73 	 
0.028599999	 -0.255 	  -37.73 	 
0.028799999	 -0.255 	  -37.71 	 
0.028999999	 -0.255 	  -37.70 	 
0.029199999	 -0.255 	  -37.71 	 
0.029399999	 -0.255 	  -37.70 	 
0.029599999	 -0.255 	  -37.70 	 
0.029799999	 -0.255 	  -37.70 	 
0.029999999	 -0.255 	  -37.70 	 
0.030199999	 -0.255 	  -37.73 	 
0.030399999	 -0.254 	  -37.74 	 
0.030599999	 -0.255 	  -37.77 	 
0.030799999	 -0.254 	  -37.83 	 
0.030999999	 -0.255 	  -37.86 	 
0.031199999	 -0.255 	  -37.92 	 
0.031399999	 -0.255 	  -37.92 	 
0.031599999	 -0.254 	  -37.94 	 
0.031799999	 -0.255 	  -37.94 	 
0.031999999	 -0.254 	  -37.95 	 
0.032199999	 -0.255 	  -37.98 	 
0.032399999	 -0.255 	  -38.06 	 
0.032599999	 -0.255 	  -38.14 	 
0.032799999	 -0.255 	  -38.22 	 
0.032999999	 -0.255 	  -38.29 	 
0.033199999	 -0.255 	  -38.36 	 
0.033399999	 -0.254 	  -38.43 	 
0.033599999	 -0.255 	  -38.49 	 
0.033799999	 -0.255 	  -38.54 	 
0.033999999	 -0.255 	  -38.60 	 
0.034199999	 -0.255 	  -38.69 	 
0.034399999	 -0.255 	  -38.78 	 
0.034599999	 -0.255 	  -38.90 	 
0.034799999	 -0.255 	  -39.03 	 
0.034999999	 -0.255 	  -39.13 	 
0.035199999	 -0.255 	  -39.22 	 
0.035399999	 -0.255 	  -39.28 	 
0.035599999	 -0.255 	  -39.36 	 
0.035799999	 -0.255 	  -39.46 	 
0.035999999	 -0.255 	  -39.56 	 
0.036199999	 -0.255 	  -39.67 	 
0.036399999	 -0.255 	  -39.80 	 
0.036599999	 -0.256 	  -39.96 	 
0.036799999	 -0.256 	  -40.12 	 
0.036999999	 -0.256 	  -40.27 	 
0.037199999	 -0.256 	  -40.43 	 
0.037399999	 -0.255 	  -40.55 	 
0.037599999	 -0.256 	  -40.70 	 
0.037799999	 -0.257 	  -40.82 	 
0.037999999	 -0.256 	  -40.98 	 
0.038199999	 -0.256 	  -41.11 	 
0.038399999	 -0.257 	  -41.30 	 
0.038599999	 -0.256 	  -41.47 	 
0.038799999	 -0.256 	  -41.67 	 
0.038999999	 -0.257 	  -41.89 	 
0.039199999	 -0.257 	  -42.07 	 
0.039399999	 -0.257 	  -42.22 	 
0.039599999	 -0.256 	  -42.37 	 
0.039799999	 -0.257 	  -42.49 	 
0.039999999	 -0.257 	  -42.64 	 
0.040199999	 -0.257 	  -42.80 	 
0.040399999	 -0.257 	  -42.97 	 
0.040599999	 -0.258 	  -43.16 	 
0.040799999	 -0.258 	  -43.38 	 
0.040999999	 -0.258 	  -43.64 	 
0.041199999	 -0.258 	  -43.88 	 
0.041399999	 -0.258 	  -44.11 	 
0.041599999	 -0.258 	  -44.32 	 
0.041799999	 -0.259 	  -44.53 	 
0.041999999	 -0.259 	  -44.70 	 
0.042199999	 -0.259 	  -44.87 	 
0.042399999	 -0.259 	  -45.07 	 
0.042599999	 -0.259 	  -45.28 	 
0.042799999	 -0.260 	  -45.52 	 
0.042999999	 -0.259 	  -45.77 	 
0.043199999	 -0.260 	  -46.05 	 
0.043399999	 -0.260 	  -46.34 	 
0.043599999	 -0.260 	  -46.62 	 
0.043799999	 -0.260 	  -46.85 	 
0.043999999	 -0.261 	  -47.07 	 
0.044199999	 -0.261 	  -47.28 	 
0.044399999	 -0.261 	  -47.46 	 
0.044599999	 -0.261 	  -47.68 	 
0.044799999	 -0.261 	  -47.90 	 
0.044999999	 -0.261 	  -48.14 	 
0.045199999	 -0.261 	  -48.43 	 
0.045399999	 -0.262 	  -48.73 	 
0.045599999	 -0.262 	  -49.03 	 
0.045799999	 -0.262 	  -49.33 	 
0.045999999	 -0.262 	  -49.59 	 
0.046199999	 -0.262 	  -49.87 	 
0.046399999	 -0.264 	  -50.09 	 
0.046599999	 -0.263 	  -50.33 	 
0.046799999	 -0.264 	  -50.56 	 
0.046999999	 -0.264 	  -50.81 	 
0.047199999	 -0.264 	  -51.06 	 
0.047399999	 -0.264 	  -51.35 	 
0.047599999	 -0.264 	  -51.62 	 
0.047799999	 -0.265 	  -51.94 	 
0.047999999	 -0.264 	  -52.26 	 
0.048199999	 -0.265 	  -52.58 	 
0.048399999	 -0.265 	  -52.88 	 
0.048599999	 -0.265 	  -53.15 	 
0.048799999	 -0.266 	  -53.41 	 
0.048999999	 -0.266 	  -53.66 	 
0.049199999	 -0.266 	  -53.89 	 
0.049399999	 -0.266 	  -54.18 	 
0.049599999	 -0.267 	  -54.43 	 
0.049799999	 -0.267 	  -54.71 	 
0.049999999	 -0.267 	  -55.06 	 
0.050199999	 -0.267 	  -55.38 	 
0.050399999	 -0.268 	  -55.72 	 
0.050599999	 -0.268 	  -56.03 	 
0.050799999	 -0.268 	  -56.33 	 
0.050999999	 -0.268 	  -56.60 	 
0.051199999	 -0.269 	  -56.88 	 
0.051399999	 -0.269 	  -57.12 	 
0.051599999	 -0.269 	  -57.42 	 
0.051799999	 -0.270 	  -57.73 	 
0.051999999	 -0.270 	  -58.03 	 
0.052199999	 -0.270 	  -58.33 	 
0.052399999	 -0.270 	  -58.65 	 
0.052599999	 -0.270 	  -58.97 	 
0.052799999	 -0.271 	  -59.29 	 
0.052999999	 -0.271 	  -59.61 	 
0.053199999	 -0.272 	  -59.91 	 
0.053399999	 -0.272 	  -60.23 	 
0.053599999	 -0.272 	  -60.53 	 
0.053799999	 -0.272 	  -60.80 	 
0.053999999	 -0.273 	  -61.08 	 
0.054199999	 -0.273 	  -61.35 	 
0.054399999	 -0.274 	  -61.64 	 
0.054599999	 -0.273 	  -61.93 	 
0.054799999	 -0.274 	  -62.25 	 
0.054999999	 -0.274 	  -62.57 	 
0.055199999	 -0.275 	  -62.88 	 
0.055399999	 -0.275 	  -63.17 	 
0.055599999	 -0.275 	  -63.48 	 
0.055799999	 -0.275 	  -63.74 	 
0.055999999	 -0.275 	  -64.01 	 
0.056199999	 -0.276 	  -64.31 	 
0.056399999	 -0.277 	  -64.61 	 
0.056599999	 -0.276 	  -64.90 	 
0.056799999	 -0.277 	  -65.24 	 
0.056999999	 -0.277 	  -65.56 	 
0.057199999	 -0.278 	  -65.88 	 
0.057399999	 -0.278 	  -66.19 	 
0.057599999	 -0.278 	  -66.50 	 
0.057799999	 -0.278 	  -66.76 	 
0.057999999	 -0.279 	  -67.03 	 
0.058199999	 -0.279 	  -67.30 	 
0.058399999	 -0.279 	  -67.60 	 
0.058599999	 -0.280 	  -67.92 	 
0.058799999	 -0.280 	  -68.21 	 
0.058999999	 -0.280 	  -68.54 	 
0.059199999	 -0.281 	  -68.85 	 
0.059399998	 -0.281 	  -69.12 	 
0.059599998	 -0.281 	  -69.37 	 
0.059799998	 -0.282 	  -69.65 	 
0.059999998	 -0.281 	  -69.89 	 
0.060199998	 -0.282 	  -70.17 	 
0.060399998	 -0.282 	  -70.43 	 
0.060599998	 -0.282 	  -70.69 	 
0.060799998	 -0.283 	  -70.95 	 
0.060999998	 -0.282 	  -71.21 	 
0.061199998	 -0.283 	  -71.49 	 
0.061399998	 -0.284 	  -71.82 	 
0.061599998	 -0.284 	  -72.07 	 
0.061799998	 -0.284 	  -72.33 	 
0.061999998	 -0.284 	  -72.57 	 
0.062199998	 -0.285 	  -72.83 	 
0.062399998	 -0.285 	  -73.10 	 
0.062599998	 -0.285 	  -73.37 	 
0.062799998	 -0.286 	  -73.64 	 
0.062999998	 -0.286 	  -73.90 	 
0.063199998	 -0.286 	  -74.16 	 
0.063399998	 -0.286 	  -74.43 	 
0.063599998	 -0.286 	  -74.69 	 
0.063799998	 -0.287 	  -74.98 	 
0.063999998	 -0.287 	  -75.22 	 
0.064199998	 -0.288 	  -75.45 	 
0.064399998	 -0.287 	  -75.66 	 
0.064599998	 -0.288 	  -75.88 	 
0.064799998	 -0.288 	  -76.10 	 
0.064999998	 -0.289 	  -76.34 	 
0.065199998	 -0.289 	  -76.58 	 
0.065399998	 -0.289 	  -76.83 	 
0.065599998	 -0.289 	  -77.08 	 
0.065799998	 -0.289 	  -77.31 	 
0.065999998	 -0.289 	  -77.54 	 
0.066199998	 -0.290 	  -77.74 	 
0.066399998	 -0.290 	  -77.94 	 
0.066599998	 -0.290 	  -78.13 	 
0.066799998	 -0.291 	  -78.36 	 
0.066999998	 -0.291 	  -78.53 	 
0.067199998	 -0.291 	  -78.73 	 
0.067399998	 -0.291 	  -78.94 	 
0.067599998	 -0.291 	  -79.13 	 
0.067799998	 -0.292 	  -79.34 	 
0.067999998	 -0.292 	  -79.55 	 
0.068199998	 -0.292 	  -79.74 	 
0.068399998	 -0.292 	  -79.96 	 
0.068599998	 -0.292 	  -80.14 	 
0.068799998	 -0.292 	  -80.31 	 
0.068999998	 -0.293 	  -80.50 	 
0.069199998	 -0.293 	  -80.68 	 
0.069399998	 -0.294 	  -80.88 	 
0.069599998	 -0.293 	  -81.08 	 
0.069799998	 -0.294 	  -81.25 	 
0.069999998	 -0.294 	  -81.41 	 
0.070199998	 -0.294 	  -81.58 	 
0.070399998	 -0.294 	  -81.73 	 
0.070599998	 -0.294 	  -81.89 	 
0.070799998	 -0.294 	  -82.03 	 
0.070999998	 -0.294 	  -82.19 	 
0.071199998	 -0.295 	  -82.33 	 
0.071399998	 -0.295 	  -82.46 	 
0.071599998	 -0.296 	  -82.61 	 
0.071799998	 -0.296 	  -82.72 	 
0.071999998	 -0.295 	  -82.85 	 
0.072199998	 -0.296 	  -83.01 	 
0.072399998	 -0.296 	  -83.15 	 
0.072599998	 -0.296 	  -83.26 	 
0.072799998	 -0.297 	  -83.39 	 
0.072999998	 -0.297 	  -83.51 	 
0.073199998	 -0.296 	  -83.63 	 
0.073399998	 -0.296 	  -83.73 	 
0.073599998	 -0.297 	  -83.84 	 
0.073799998	 -0.297 	  -83.94 	 
0.073999998	 -0.296 	  -84.05 	 
0.074199998	 -0.297 	  -84.19 	 
0.074399998	 -0.297 	  -84.31 	 
0.074599998	 -0.297 	  -84.37 	 
0.074799998	 -0.297 	  -84.46 	 
0.074999998	 -0.297 	  -84.54 	 
0.075199998	 -0.297 	  -84.60 	 
0.075399998	 -0.297 	  -84.67 	 
0.075599998	 -0.298 	  -84.73 	 
0.075799998	 -0.298 	  -84.78 	 
0.075999998	 -0.298 	  -84.86 	 
0.076199998	 -0.298 	  -84.91 	 
0.076399998	 -0.298 	  -84.99 	 
0.076599998	 -0.297 	  -85.02 	 
0.076799998	 -0.298 	  -85.08 	 
0.076999998	 -0.299 	  -85.13 	 
0.077199998	 -0.298 	  -85.17 	 
0.077399998	 -0.298 	  -85.23 	 
0.077599998	 -0.298 	  -85.25 	 
0.077799998	 -0.298 	  -85.29 	 
0.077999998	 -0.299 	  -85.34 	 
0.078199998	 -0.299 	  -85.39 	 
0.078399998	 -0.299 	  -85.42 	 
0.078599998	 -0.298 	  -85.44 	 
0.078799998	 -0.298 	  -85.44 	 
0.078999998	 -0.299 	  -85.43 	 
0.079199998	 -0.299 	  -85.44 	 
0.079399998	 -0.299 	  -85.42 	 
0.079599998	 -0.299 	  -85.42 	 
0.079799998	 -0.299 	  -85.43 	 
0.079999998	 -0.299 	  -85.46 	 
0.080199998	 -0.299 	  -85.47 	 
0.080399998	 -0.299 	  -85.46 	 
0.080599998	 -0.299 	  -85.45 	 
0.080799998	 -0.299 	  -85.41 	 
0.080999998	 -0.299 	  -85.35 	 
0.081199998	 -0.299 	  -85.33 	 
0.081399998	 -0.300 	  -85.28 	 
0.081599998	 -0.300 	  -85.23 	 
0.081799998	 -0.299 	  -85.21 	 
0.081999998	 -0.299 	  -85.18 	 
0.082199998	 -0.299 	  -85.15 	 
0.082399998	 -0.299 	  -85.10 	 
0.082599998	 -0.299 	  -85.06 	 
0.082799998	 -0.299 	  -85.00 	 
0.082999998	 -0.299 	  -84.95 	 
0.083199998	 -0.299 	  -84.89 	 
0.083399998	 -0.299 	  -84.80 	 
0.083599998	 -0.299 	  -84.73 	 
0.083799998	 -0.299 	  -84.65 	 
0.083999998	 -0.298 	  -84.59 	 
0.084199998	 -0.299 	  -84.51 	 
0.084399998	 -0.299 	  -84.45 	 
0.084599998	 -0.298 	  -84.41 	 
0.084799998	 -0.299 	  -84.32 	 
0.084999998	 -0.299 	  -84.25 	 
0.085199998	 -0.299 	  -84.14 	 
0.085399998	 -0.299 	  -84.03 	 
0.085599998	 -0.298 	  -83.89 	 
0.085799998	 -0.299 	  -83.77 	 
0.085999998	 -0.299 	  -83.66 	 
0.086199998	 -0.298 	  -83.55 	 
0.086399998	 -0.298 	  -83.41 	 
0.086599998	 -0.298 	  -83.31 	 
0.086799998	 -0.298 	  -83.18 	 
0.086999998	 -0.298 	  -83.02 	 
0.087199998	 -0.298 	  -82.89 	 
0.087399998	 -0.298 	  -82.76 	 
0.087599998	 -0.298 	  -82.60 	 
0.087799998	 -0.297 	  -82.44 	 
0.087999998	 -0.298 	  -82.29 	 
0.088199998	 -0.298 	  -82.15 	 
0.088399998	 -0.297 	  -81.98 	 
0.088599998	 -0.297 	  -81.82 	 
0.088799998	 -0.297 	  -81.66 	 
0.088999998	 -0.297 	  -81.51 	 
0.089199998	 -0.297 	  -81.34 	 
0.089399998	 -0.297 	  -81.18 	 
0.089599998	 -0.297 	  -81.04 	 
0.089799998	 -0.297 	  -80.85 	 
0.089999998	 -0.297 	  -80.72 	 
0.090199998	 -0.297 	  -80.54 	 
0.090399998	 -0.297 	  -80.33 	 
0.090599998	 -0.296 	  -80.11 	 
0.090799998	 -0.296 	  -79.89 	 
0.090999998	 -0.296 	  -79.66 	 
0.091199998	 -0.295 	  -79.45 	 
0.091399998	 -0.296 	  -79.23 	 
0.091599998	 -0.296 	  -79.02 	 
0.091799998	 -0.296 	  -78.84 	 
0.091999998	 -0.295 	  -78.64 	 
0.092199998	 -0.295 	  -78.43 	 
0.092399998	 -0.295 	  -78.21 	 
0.092599998	 -0.295 	  -78.00 	 
0.092799998	 -0.294 	  -77.74 	 
0.092999998	 -0.294 	  -77.50 	 
0.093199998	 -0.294 	  -77.27 	 
0.093399998	 -0.294 	  -77.00 	 
0.093599998	 -0.294 	  -76.78 	 
0.093799998	 -0.294 	  -76.56 	 
0.093999998	 -0.294 	  -76.36 	 
0.094199998	 -0.294 	  -76.12 	 
0.094399998	 -0.293 	  -75.89 	 
0.094599998	 -0.293 	  -75.67 	 
0.094799998	 -0.293 	  -75.41 	 
0.094999998	 -0.293 	  -75.16 	 
0.095199998	 -0.293 	  -74.89 	 
0.095399998	 -0.292 	  -74.62 	 
0.095599998	 -0.292 	  -74.32 	 
0.095799998	 -0.292 	  -74.02 	 
0.095999998	 -0.292 	  -73.77 	 
0.096199998	 -0.292 	  -73.52 	 
0.096399998	 -0.292 	  -73.27 	 
0.096599998	 -0.292 	  -73.02 	 
0.096799998	 -0.292 	  -72.77 	 
0.096999998	 -0.291 	  -72.50 	 
0.097199998	 -0.290 	  -72.22 	 
0.097399998	 -0.291 	  -71.92 	 
0.097599998	 -0.290 	  -71.64 	 
0.097799998	 -0.290 	  -71.34 	 
0.097999998	 -0.290 	  -71.05 	 
0.098199998	 -0.290 	  -70.78 	 
0.098399998	 -0.289 	  -70.52 	 
0.098599998	 -0.289 	  -70.28 	 
0.098799998	 -0.289 	  -69.97 	 
0.098999997	 -0.289 	  -69.70 	 
0.099199997	 -0.288 	  -69.44 	 
0.099399997	 -0.288 	  -69.14 	 
0.099599997	 -0.288 	  -68.85 	 
0.099799997	 -0.288 	  -68.54 	 
0.099999997	 -0.288 	  -68.21 	 
0.100199997	 -0.288 	  -67.90 	 
0.100399997	 -0.287 	  -67.56 	 
0.100599997	 -0.287 	  -67.25 	 
0.100799997	 -0.287 	  -66.94 	 
0.100999997	 -0.287 	  -66.68 	 
0.101199997	 -0.286 	  -66.40 	 
0.101399997	 -0.286 	  -66.11 	 
0.101599997	 -0.286 	  -65.85 	 
0.101799997	 -0.285 	  -65.54 	 
0.101999997	 -0.285 	  -65.23 	 
0.102199997	 -0.285 	  -64.89 	 
0.102399997	 -0.285 	  -64.58 	 
0.102599997	 -0.285 	  -64.26 	 
0.102799997	 -0.284 	  -63.95 	 
0.102999997	 -0.284 	  -63.67 	 
0.103199997	 -0.284 	  -63.42 	 
0.103399997	 -0.284 	  -63.13 	 
0.103599997	 -0.283 	  -62.87 	 
0.103799997	 -0.282 	  -62.55 	 
0.103999997	 -0.282 	  -62.25 	 
0.104199997	 -0.282 	  -61.90 	 
0.104399997	 -0.282 	  -61.57 	 
0.104599997	 -0.282 	  -61.22 	 
0.104799997	 -0.281 	  -60.91 	 
0.104999997	 -0.281 	  -60.61 	 
0.105199997	 -0.281 	  -60.33 	 
0.105399997	 -0.280 	  -60.05 	 
0.105599997	 -0.281 	  -59.77 	 
0.105799997	 -0.281 	  -59.49 	 
0.105999997	 -0.280 	  -59.20 	 
0.106199997	 -0.280 	  -58.91 	 
0.106399997	 -0.279 	  -58.59 	 
0.106599997	 -0.279 	  -58.26 	 
0.106799997	 -0.279 	  -57.93 	 
0.106999997	 -0.279 	  -57.63 	 
0.107199997	 -0.278 	  -57.32 	 
0.107399997	 -0.278 	  -57.03 	 
0.107599997	 -0.278 	  -56.73 	 
0.107799997	 -0.278 	  -56.44 	 
0.107999997	 -0.278 	  -56.13 	 
0.108199997	 -0.277 	  -55.85 	 
0.108399997	 -0.277 	  -55.54 	 
0.108599997	 -0.277 	  -55.25 	 
0.108799997	 -0.276 	  -54.95 	 
0.108999997	 -0.276 	  -54.64 	 
0.109199997	 -0.275 	  -54.36 	 
0.109399997	 -0.275 	  -54.09 	 
0.109599997	 -0.274 	  -53.81 	 
0.109799997	 -0.275 	  -53.53 	 
0.109999997	 -0.274 	  -53.27 	 
0.110199997	 -0.273 	  -53.00 	 
0.110399997	 -0.273 	  -52.72 	 
0.110599997	 -0.273 	  -52.43 	 
0.110799997	 -0.273 	  -52.16 	 
0.110999997	 -0.273 	  -51.89 	 
0.111199997	 -0.273 	  -51.61 	 
0.111399997	 -0.273 	  -51.34 	 
0.111599997	 -0.271 	  -51.07 	 
0.111799997	 -0.271 	  -50.75 	 
0.111999997	 -0.272 	  -50.50 	 
0.112199997	 -0.271 	  -50.22 	 
0.112399997	 -0.271 	  -49.97 	 
0.112599997	 -0.270 	  -49.69 	 
0.112799997	 -0.271 	  -49.45 	 
0.112999997	 -0.271 	  -49.19 	 
0.113199997	 -0.270 	  -48.95 	 
0.113399997	 -0.270 	  -48.70 	 
0.113599997	 -0.269 	  -48.44 	 
0.113799997	 -0.269 	  -48.18 	 
0.113999997	 -0.268 	  -47.94 	 
0.114199997	 -0.268 	  -47.70 	 
0.114399997	 -0.268 	  -47.47 	 
0.114599997	 -0.268 	  -47.23 	 
0.114799997	 -0.268 	  -46.97 	 
0.114999997	 -0.268 	  -46.73 	 
0.115199997	 -0.267 	  -46.48 	 
0.115399997	 -0.267 	  -46.26 	 
0.115599997	 -0.266 	  -46.00 	 
0.115799997	 -0.266 	  -45.78 	 
0.115999997	 -0.266 	  -45.56 	 
0.116199997	 -0.266 	  -45.33 	 
0.116399997	 -0.266 	  -45.11 	 
0.116599997	 -0.265 	  -44.89 	 
0.116799997	 -0.265 	  -44.70 	 
0.116999997	 -0.264 	  -44.51 	 
0.117199997	 -0.264 	  -44.33 	 
0.117399997	 -0.265 	  -44.10 	 
0.117599997	 -0.264 	  -43.91 	 
0.117799997	 -0.263 	  -43.71 	 
0.117999997	 -0.263 	  -43.51 	 
0.118199997	 -0.263 	  -43.36 	 
0.118399997	 -0.263 	  -43.14 	 
0.118599997	 -0.264 	  -42.93 	 
0.118799997	 -0.263 	  -42.76 	 
0.118999997	 -0.262 	  -42.54 	 
0.119199997	 -0.262 	  -42.35 	 
0.119399997	 -0.261 	  -42.21 	 
0.119599997	 -0.262 	  -42.02 	 
0.119799997	 -0.261 	  -41.85 	 
0.119999997	 -0.261 	  -41.68 	 
0.120199997	 -0.260 	  -41.50 	 
0.120399997	 -0.260 	  -41.33 	 
0.120599997	 -0.260 	  -41.19 	 
0.120799997	 -0.260 	  -41.01 	 
0.120999997	 -0.260 	  -40.86 	 
0.121199997	 -0.259 	  -40.74 	 
0.121399997	 -0.259 	  -40.59 	 
0.121599997	 -0.259 	  -40.47 	 
0.121799997	 -0.259 	  -40.35 	 
0.121999997	 -0.259 	  -40.20 	 
0.122199997	 -0.259 	  -40.07 	 
0.122399997	 -0.259 	  -39.94 	 
0.122599997	 -0.258 	  -39.82 	 
0.122799997	 -0.258 	  -39.67 	 
0.122999997	 -0.258 	  -39.53 	 
0.123199997	 -0.258 	  -39.43 	 
0.123399997	 -0.258 	  -39.30 	 
0.123599997	 -0.258 	  -39.22 	 
0.123799997	 -0.257 	  -39.11 	 
0.123999997	 -0.257 	  -39.02 	 
0.124199997	 -0.257 	  -38.92 	 
0.124399997	 -0.257 	  -38.85 	 
0.124599997	 -0.257 	  -38.77 	 
0.124799997	 -0.257 	  -38.69 	 
0.124999997	 -0.256 	  -38.59 	 
0.125199997	 -0.257 	  -38.54 	 
0.125399997	 -0.256 	  -38.46 	 
0.125599997	 -0.256 	  -38.40 	 
0.125799997	 -0.256 	  -38.34 	 
0.125999997	 -0.256 	  -38.27 	 
0.126199997	 -0.256 	  -38.18 	 
0.126399997	 -0.256 	  -38.10 	 
0.126599997	 -0.256 	  -38.07 	 
0.126799997	 -0.256 	  -38.00 	 
0.126999997	 -0.256 	  -37.95 	 
0.127199997	 -0.256 	  -37.88 	 
0.127399997	 -0.255 	  -37.84 	 
0.127599997	 -0.255 	  -37.80 	 
0.127799997	 -0.256 	  -37.77 	 
0.127999997	 -0.255 	  -37.77 	 
0.128199997	 -0.255 	  -37.76 	 
0.128399997	 -0.255 	  -37.73 	 
0.128599997	 -0.256 	  -37.72 	 
0.128799997	 -0.255 	  -37.72 	 
0.128999997	 -0.255 	  -37.73 	 
0.129199997	 -0.255 	  -37.73 	 
0.129399997	 -0.254 	  -37.72 	 
0.129599997	 -0.255 	  -37.68 	 
0.129799997	 -0.255 	  -37.71 	 
0.129999997	 -0.255 	  -37.70 	 
0.130199997	 -0.255 	  -37.72 	 
0.130399997	 -0.254 	  -37.74 	 
0.130599997	 -0.255 	  -37.77 	 
0.130799997	 -0.255 	  -37.80 	 
0.130999997	 -0.255 	  -37.82 	 
0.131199997	 -0.255 	  -37.84 	 
0.131399997	 -0.255 	  -37.88 	 
0.131599997	 -0.255 	  -37.90 	 
0.131799997	 -0.255 	  -37.94 	 
0.131999997	 -0.255 	  -37.98 	 
0.132199997	 -0.255 	  -38.03 	 
0.132399997	 -0.254 	  -38.10 	 
0.132599997	 -0.255 	  -38.18 	 
0.132799997	 -0.254 	  -38.24 	 
0.132999997	 -0.255 	  -38.30 	 
0.133199997	 -0.255 	  -38.36 	 
0.133399997	 -0.255 	  -38.42 	 
0.133599997	 -0.255 	  -38.46 	 
0.133799997	 -0.255 	  -38.52 	 
0.133999997	 -0.255 	  -38.60 	 
0.134199997	 -0.255 	  -38.69 	 
0.134399997	 -0.255 	  -38.76 	 
0.134599997	 -0.255 	  -38.85 	 
0.134799997	 -0.255 	  -38.98 	 
0.134999997	 -0.255 	  -39.04 	 
0.135199997	 -0.256 	  -39.13 	 
0.135399997	 -0.255 	  -39.24 	 
0.135599997	 -0.255 	  -39.37 	 
0.135799997	 -0.255 	  -39.46 	 
0.135999997	 -0.255 	  -39.60 	 
0.136199997	 -0.256 	  -39.70 	 
0.136399997	 -0.256 	  -39.83 	 
0.136599997	 -0.256 	  -39.98 	 
0.136799997	 -0.256 	  -40.15 	 
0.136999997	 -0.256 	  -40.29 	 
0.137199997	 -0.256 	  -40.44 	 
0.137399997	 -0.256 	  -40.56 	 
0.137599997	 -0.256 	  -40.68 	 
0.137799997	 -0.256 	  -40.81 	 
0.137999997	 -0.256 	  -40.93 	 
0.138199997	 -0.256 	  -41.08 	 
0.138399997	 -0.256 	  -41.25 	 
0.138599996	 -0.256 	  -41.41 	 
0.138799996	 -0.257 	  -41.61 	 
0.138999996	 -0.256 	  -41.82 	 
0.139199996	 -0.257 	  -42.02 	 
0.139399996	 -0.257 	  -42.16 	 
0.139599996	 -0.257 	  -42.32 	 
0.139799996	 -0.257 	  -42.48 	 
0.139999996	 -0.257 	  -42.65 	 
0.140199996	 -0.257 	  -42.83 	 
0.140399996	 -0.257 	  -42.99 	 
0.140599996	 -0.257 	  -43.18 	 
0.140799996	 -0.258 	  -43.45 	 
0.140999996	 -0.258 	  -43.69 	 
0.141199996	 -0.258 	  -43.91 	 
0.141399996	 -0.258 	  -44.15 	 
0.141599996	 -0.258 	  -44.34 	 
0.141799996	 -0.258 	  -44.52 	 
0.141999996	 -0.259 	  -44.68 	 
0.142199996	 -0.259 	  -44.84 	 
0.142399996	 -0.259 	  -45.05 	 
0.142599996	 -0.259 	  -45.27 	 
0.142799996	 -0.260 	  -45.51 	 
0.142999996	 -0.261 	  -45.77 	 
0.143199996	 -0.259 	  -46.04 	 
0.143399996	 -0.260 	  -46.30 	 
0.143599996	 -0.261 	  -46.55 	 
0.143799996	 -0.260 	  -46.77 	 
0.143999996	 -0.261 	  -47.00 	 
0.144199996	 -0.261 	  -47.20 	 
0.144399996	 -0.261 	  -47.44 	 
0.144599996	 -0.261 	  -47.68 	 
0.144799996	 -0.261 	  -47.92 	 
0.144999996	 -0.261 	  -48.18 	 
0.145199996	 -0.262 	  -48.46 	 
0.145399996	 -0.261 	  -48.76 	 
0.145599996	 -0.262 	  -49.08 	 
0.145799996	 -0.262 	  -49.37 	 
0.145999996	 -0.263 	  -49.64 	 
0.146199996	 -0.263 	  -49.89 	 
0.146399996	 -0.263 	  -50.10 	 
0.146599996	 -0.263 	  -50.33 	 
0.146799996	 -0.264 	  -50.57 	 
0.146999996	 -0.263 	  -50.79 	 
0.147199996	 -0.264 	  -51.05 	 
0.147399996	 -0.264 	  -51.32 	 
0.147599996	 -0.264 	  -51.61 	 
0.147799996	 -0.264 	  -51.95 	 
0.147999996	 -0.265 	  -52.23 	 
0.148199996	 -0.265 	  -52.53 	 
0.148399996	 -0.265 	  -52.83 	 
0.148599996	 -0.265 	  -53.08 	 
0.148799996	 -0.265 	  -53.35 	 
0.148999996	 -0.266 	  -53.60 	 
0.149199996	 -0.266 	  -53.88 	 
0.149399996	 -0.266 	  -54.15 	 
0.149599996	 -0.267 	  -54.45 	 
0.149799996	 -0.267 	  -54.75 	 
0.149999996	 -0.267 	  -55.10 	 
0.150199996	 -0.267 	  -55.46 	 
0.150399996	 -0.268 	  -55.79 	 
0.150599996	 -0.268 	  -56.09 	 
0.150799996	 -0.268 	  -56.37 	 
0.150999996	 -0.268 	  -56.65 	 
0.151199996	 -0.269 	  -56.89 	 
0.151399996	 -0.269 	  -57.12 	 
0.151599996	 -0.269 	  -57.41 	 
0.151799996	 -0.270 	  -57.67 	 
0.151999996	 -0.270 	  -57.98 	 
0.152199996	 -0.270 	  -58.30 	 
0.152399996	 -0.271 	  -58.62 	 
0.152599996	 -0.271 	  -58.97 	 
0.152799996	 -0.271 	  -59.29 	 
0.152999996	 -0.272 	  -59.60 	 
0.153199996	 -0.271 	  -59.92 	 
0.153399996	 -0.271 	  -60.19 	 
0.153599996	 -0.273 	  -60.47 	 
0.153799996	 -0.273 	  -60.72 	 
0.153999996	 -0.273 	  -61.00 	 
0.154199996	 -0.273 	  -61.30 	 
0.154399996	 -0.273 	  -61.61 	 
0.154599996	 -0.273 	  -61.93 	 
0.154799996	 -0.275 	  -62.26 	 
0.154999996	 -0.275 	  -62.62 	 
0.155199996	 -0.274 	  -62.97 	 
0.155399996	 -0.275 	  -63.27 	 
0.155599996	 -0.275 	  -63.54 	 
0.155799996	 -0.276 	  -63.79 	 
0.155999996	 -0.276 	  -64.04 	 
0.156199996	 -0.277 	  -64.31 	 
0.156399996	 -0.277 	  -64.58 	 
0.156599996	 -0.276 	  -64.88 	 
0.156799996	 -0.277 	  -65.22 	 
0.156999996	 -0.277 	  -65.54 	 
0.157199996	 -0.278 	  -65.89 	 
0.157399996	 -0.278 	  -66.19 	 
0.157599996	 -0.278 	  -66.51 	 
0.157799996	 -0.278 	  -66.80 	 
0.157999996	 -0.279 	  -67.05 	 
0.158199996	 -0.279 	  -67.33 	 
0.158399996	 -0.279 	  -67.57 	 
0.158599996	 -0.280 	  -67.84 	 
0.158799996	 -0.280 	  -68.14 	 
0.158999996	 -0.280 	  -68.44 	 
0.159199996	 -0.281 	  -68.75 	 
0.159399996	 -0.281 	  -69.06 	 
0.159599996	 -0.281 	  -69.39 	 
0.159799996	 -0.281 	  -69.70 	 
0.159999996	 -0.281 	  -69.97 	 
0.160199996	 -0.282 	  -70.23 	 
0.160399996	 -0.282 	  -70.45 	 
0.160599996	 -0.282 	  -70.69 	 
0.160799996	 -0.283 	  -70.95 	 
0.160999996	 -0.283 	  -71.21 	 
0.161199996	 -0.283 	  -71.50 	 
0.161399996	 -0.284 	  -71.78 	 
0.161599996	 -0.284 	  -72.10 	 
0.161799996	 -0.283 	  -72.37 	 
0.161999996	 -0.284 	  -72.65 	 
0.162199996	 -0.285 	  -72.90 	 
0.162399996	 -0.285 	  -73.14 	 
0.162599996	 -0.285 	  -73.38 	 
0.162799996	 -0.286 	  -73.60 	 
0.162999996	 -0.286 	  -73.86 	 
0.163199996	 -0.286 	  -74.11 	 
0.163399996	 -0.286 	  -74.39 	 
0.163599996	 -0.287 	  -74.65 	 
0.163799996	 -0.287 	  -74.94 	 
0.163999996	 -0.287 	  -75.20 	 
0.164199996	 -0.287 	  -75.48 	 
0.164399996	 -0.287 	  -75.71 	 
0.164599996	 -0.288 	  -75.95 	 
0.164799996	 -0.288 	  -76.14 	 
0.164999996	 -0.288 	  -76.35 	 
0.165199996	 -0.288 	  -76.58 	 
0.165399996	 -0.289 	  -76.80 	 
0.165599996	 -0.289 	  -77.05 	 
0.165799996	 -0.289 	  -77.29 	 
0.165999996	 -0.289 	  -77.52 	 
0.166199996	 -0.291 	  -77.75 	 
0.166399996	 -0.290 	  -77.98 	 
0.166599996	 -0.290 	  -78.17 	 
0.166799996	 -0.290 	  -78.33 	 
0.166999996	 -0.291 	  -78.53 	 
0.167199996	 -0.291 	  -78.73 	 
0.167399996	 -0.291 	  -78.93 	 
0.167599996	 -0.290 	  -79.12 	 
0.167799996	 -0.292 	  -79.31 	 
0.167999996	 -0.292 	  -79.55 	 
0.168199996	 -0.292 	  -79.78 	 
0.168399996	 -0.292 	  -79.99 	 
0.168599996	 -0.292 	  -80.18 	 
0.168799996	 -0.292 	  -80.34 	 
0.168999996	 -0.293 	  -80.51 	 
0.169199996	 -0.293 	  -80.68 	 
0.169399996	 -0.293 	  -80.88 	 
0.169599996	 -0.293 	  -81.05 	 
0.169799996	 -0.293 	  -81.25 	 
0.169999996	 -0.293 	  -81.43 	 
0.170199996	 -0.295 	  -81.60 	 
0.170399996	 -0.294 	  -81.77 	 
0.170599996	 -0.294 	  -81.91 	 
0.170799996	 -0.294 	  -82.04 	 
0.170999996	 -0.295 	  -82.18 	 
0.171199996	 -0.295 	  -82.30 	 
0.171399996	 -0.295 	  -82.48 	 
0.171599996	 -0.295 	  -82.61 	 
0.171799996	 -0.295 	  -82.75 	 
0.171999996	 -0.295 	  -82.86 	 
0.172199996	 -0.296 	  -82.99 	 
0.172399996	 -0.295 	  -83.13 	 
0.172599996	 -0.296 	  -83.24 	 
0.172799996	 -0.296 	  -83.40 	 
0.172999996	 -0.296 	  -83.51 	 
0.173199996	 -0.297 	  -83.65 	 
0.173399996	 -0.297 	  -83.77 	 
0.173599996	 -0.297 	  -83.89 	 
0.173799996	 -0.297 	  -83.97 	 
0.173999996	 -0.297 	  -84.06 	 
0.174199996	 -0.297 	  -84.14 	 
0.174399996	 -0.297 	  -84.23 	 
0.174599996	 -0.298 	  -84.30 	 
0.174799996	 -0.297 	  -84.41 	 
0.174999996	 -0.297 	  -84.51 	 
0.175199996	 -0.297 	  -84.61 	 
0.175399996	 -0.298 	  -84.73 	 
0.175599996	 -0.298 	  -84.78 	 
0.175799996	 -0.297 	  -84.86 	 
0.175999996	 -0.298 	  -84.90 	 
0.176199996	 -0.298 	  -84.94 	 
0.176399996	 -0.297 	  -85.00 	 
0.176599996	 -0.298 	  -85.04 	 
0.176799996	 -0.298 	  -85.08 	 
0.176999996	 -0.298 	  -85.14 	 
0.177199996	 -0.298 	  -85.19 	 
0.177399996	 -0.298 	  -85.23 	 
0.177599996	 -0.299 	  -85.28 	 
0.177799996	 -0.298 	  -85.33 	 
0.177999996	 -0.298 	  -85.37 	 
0.178199995	 -0.298 	  -85.37 	 
0.178399995	 -0.298 	  -85.39 	 
0.178599995	 -0.299 	  -85.39 	 
0.178799995	 -0.299 	  -85.43 	 
0.178999995	 -0.299 	  -85.44 	 
0.179199995	 -0.299 	  -85.45 	 
0.179399995	 -0.298 	  -85.44 	 
0.179599995	 -0.298 	  -85.46 	 
0.179799995	 -0.299 	  -85.46 	 
0.179999995	 -0.299 	  -85.43 	 
0.180199995	 -0.299 	  -85.46 	 
0.180399995	 -0.298 	  -85.44 	 
0.180599995	 -0.299 	  -85.41 	 
0.180799995	 -0.299 	  -85.40 	 
0.180999995	 -0.299 	  -85.37 	 
0.181199995	 -0.299 	  -85.33 	 
0.181399995	 -0.299 	  -85.30 	 
0.181599995	 -0.298 	  -85.28 	 
0.181799995	 -0.299 	  -85.22 	 
0.181999995	 -0.299 	  -85.20 	 
0.182199995	 -0.299 	  -85.15 	 
0.182399995	 -0.299 	  -85.08 	 
0.182599995	 -0.298 	  -85.02 	 
0.182799995	 -0.299 	  -84.99 	 
0.182999995	 -0.299 	  -84.95 	 
0.183199995	 -0.299 	  -84.89 	 
0.183399995	 -0.299 	  -84.83 	 
0.183599995	 -0.299 	  -84.76 	 
0.183799995	 -0.299 	  -84.71 	 
0.183999995	 -0.299 	  -84.64 	 
0.184199995	 -0.298 	  -84.56 	 
0.184399995	 -0.299 	  -84.46 	 
0.184599995	 -0.299 	  -84.36 	 
0.184799995	 -0.298 	  -84.25 	 
0.184999995	 -0.299 	  -84.19 	 
0.185199995	 -0.298 	  -84.09 	 
0.185399995	 -0.299 	  -84.01 	 
0.185599995	 -0.299 	  -83.92 	 
0.185799995	 -0.299 	  -83.83 	 
0.185999995	 -0.298 	  -83.75 	 
0.186199995	 -0.298 	  -83.63 	 
0.186399995	 -0.298 	  -83.49 	 
0.186599995	 -0.299 	  -83.34 	 
0.186799995	 -0.299 	  -83.16 	 
0.186999995	 -0.298 	  -83.01 	 
0.187199995	 -0.298 	  -82.83 	 
0.187399995	 -0.298 	  -82.71 	 
0.187599995	 -0.298 	  -82.59 	 
0.187799995	 -0.298 	  -82.46 	 
0.187999995	 -0.298 	  -82.32 	 
0.188199995	 -0.297 	  -82.18 	 
0.188399995	 -0.297 	  -82.02 	 
0.188599995	 -0.297 	  -81.85 	 
0.188799995	 -0.297 	  -81.69 	 
0.188999995	 -0.297 	  -81.49 	 
0.189199995	 -0.297 	  -81.33 	 
0.189399995	 -0.296 	  -81.15 	 
0.189599995	 -0.296 	  -80.98 	 
0.189799995	 -0.297 	  -80.84 	 
0.189999995	 -0.297 	  -80.66 	 
0.190199995	 -0.297 	  -80.49 	 
0.190399995	 -0.296 	  -80.31 	 
0.190599995	 -0.296 	  -80.14 	 
0.190799995	 -0.296 	  -79.96 	 
0.190999995	 -0.296 	  -79.76 	 
0.191199995	 -0.296 	  -79.54 	 
0.191399995	 -0.296 	  -79.33 	 
0.191599995	 -0.295 	  -79.10 	 
0.191799995	 -0.295 	  -78.86 	 
0.191999995	 -0.296 	  -78.62 	 
0.192199995	 -0.295 	  -78.39 	 
0.192399995	 -0.296 	  -78.16 	 
0.192599995	 -0.295 	  -77.95 	 
0.192799995	 -0.295 	  -77.75 	 
0.192999995	 -0.295 	  -77.54 	 
0.193199995	 -0.294 	  -77.32 	 
0.193399995	 -0.295 	  -77.10 	 
0.193599995	 -0.294 	  -76.86 	 
0.193799995	 -0.294 	  -76.63 	 
0.193999995	 -0.293 	  -76.35 	 
0.194199995	 -0.293 	  -76.07 	 
0.194399995	 -0.294 	  -75.80 	 
0.194599995	 -0.293 	  -75.55 	 
0.194799995	 -0.293 	  -75.31 	 
0.194999995	 -0.293 	  -75.09 	 
0.195199995	 -0.293 	  -74.86 	 
0.195399995	 -0.293 	  -74.62 	 
0.195599995	 -0.292 	  -74.40 	 
0.195799995	 -0.292 	  -74.13 	 
0.195999995	 -0.292 	  -73.89 	 
0.196199995	 -0.291 	  -73.61 	 
0.196399995	 -0.292 	  -73.30 	 
0.196599995	 -0.292 	  -72.99 	 
0.196799995	 -0.292 	  -72.68 	 
0.196999995	 -0.291 	  -72.42 	 
0.197199995	 -0.290 	  -72.17 	 
0.197399995	 -0.291 	  -71.91 	 
0.197599995	 -0.290 	  -71.68 	 
0.197799995	 -0.290 	  -71.43 	 
0.197999995	 -0.291 	  -71.16 	 
0.198199995	 -0.290 	  -70.86 	 
0.198399995	 -0.289 	  -70.55 	 
0.198599995	 -0.289 	  -70.21 	 
0.198799995	 -0.289 	  -69.90 	 
0.198999995	 -0.289 	  -69.60 	 
0.199199995	 -0.289 	  -69.34 	 
0.199399995	 -0.288 	  -69.08 	 
0.199599995	 -0.288 	  -68.82 	 
0.199799995	 -0.288 	  -68.56 	 
0.199999995	 -0.288 	  -68.28 	 
0.200199995	 -0.288 	  -67.98 	 
0.200399995	 -0.287 	  -67.67 	 
0.200599995	 -0.287 	  -67.31 	 
0.200799995	 -0.287 	  -66.98 	 
0.200999995	 -0.287 	  -66.65 	 
0.201199995	 -0.286 	  -66.34 	 
0.201399995	 -0.286 	  -66.04 	 
0.201599995	 -0.285 	  -65.80 	 
0.201799995	 -0.286 	  -65.51 	 
0.201999995	 -0.286 	  -65.24 	 
0.202199995	 -0.285 	  -64.95 	 
0.202399995	 -0.285 	  -64.62 	 
0.202599995	 -0.285 	  -64.29 	 
0.202799995	 -0.284 	  -63.98 	 
0.202999995	 -0.283 	  -63.65 	 
0.203199995	 -0.284 	  -63.34 	 
0.203399995	 -0.284 	  -63.04 	 
0.203599995	 -0.283 	  -62.79 	 
0.203799995	 -0.282 	  -62.53 	 
0.203999995	 -0.282 	  -62.26 	 
0.204199995	 -0.282 	  -61.94 	 
0.204399995	 -0.282 	  -61.63 	 
0.204599995	 -0.282 	  -61.28 	 
