0.000000000	  0.164 	  -68.08 	 
0.000200000	  0.164 	  -67.82 	 
0.000400000	  0.165 	  -67.53 	 
0.000600000	  0.165 	  -67.27 	 
0.000800000	  0.165 	  -66.98 	 
0.001000000	  0.165 	  -66.70 	 
0.001200000	  0.165 	  -66.40 	 
0.001400000	  0.166 	  -66.13 	 
0.001600000	  0.166 	  -65.80 	 
0.001800000	  0.166 	  -65.52 	 
0.002000000	  0.166 	  -65.20 	 
0.002200000	  0.166 	  -64.84 	 
0.002400000	  0.167 	  -64.55 	 
0.002600000	  0.167 	  -64.24 	 
0.002800000	  0.167 	  -63.95 	 
0.003000000	  0.167 	  -63.69 	 
0.003200000	  0.167 	  -63.37 	 
0.003400000	  0.168 	  -63.09 	 
0.003600000	  0.168 	  -62.79 	 
0.003800000	  0.168 	  -62.49 	 
0.004000000	  0.168 	  -62.17 	 
0.004200000	  0.169 	  -61.86 	 
0.004400000	  0.169 	  -61.55 	 
0.004600000	  0.169 	  -61.28 	 
0.004800000	  0.169 	  -60.96 	 
0.005000000	  0.170 	  -60.65 	 
0.005200000	  0.170 	  -60.33 	 
0.005400000	  0.171 	  -60.04 	 
0.005600000	  0.171 	  -59.73 	 
0.005800000	  0.171 	  -59.42 	 
0.006000000	  0.171 	  -59.14 	 
0.006200000	  0.172 	  -58.85 	 
0.006400000	  0.172 	  -58.54 	 
0.006600000	  0.172 	  -58.24 	 
0.006800000	  0.172 	  -57.93 	 
0.007000000	  0.173 	  -57.61 	 
0.007200000	  0.173 	  -57.31 	 
0.007400000	  0.173 	  -57.05 	 
0.007600000	  0.174 	  -56.77 	 
0.007800000	  0.174 	  -56.48 	 
0.008000000	  0.174 	  -56.16 	 
0.008200000	  0.175 	  -55.85 	 
0.008400000	  0.174 	  -55.56 	 
0.008600000	  0.174 	  -55.24 	 
0.008800000	  0.174 	  -54.94 	 
0.009000000	  0.175 	  -54.65 	 
0.009200000	  0.175 	  -54.35 	 
0.009400000	  0.176 	  -54.10 	 
0.009600000	  0.176 	  -53.82 	 
0.009800000	  0.177 	  -53.55 	 
0.010000000	  0.176 	  -53.28 	 
0.010200000	  0.176 	  -53.01 	 
0.010400000	  0.177 	  -52.72 	 
0.010600000	  0.177 	  -52.47 	 
0.010800000	  0.177 	  -52.19 	 
0.011000000	  0.177 	  -51.91 	 
0.011200000	  0.178 	  -51.60 	 
0.011400000	  0.178 	  -51.29 	 
0.011600000	  0.179 	  -51.03 	 
0.011800000	  0.179 	  -50.74 	 
0.012000000	  0.179 	  -50.48 	 
0.012200000	  0.180 	  -50.23 	 
0.012400000	  0.179 	  -50.00 	 
0.012600000	  0.179 	  -49.73 	 
0.012800000	  0.180 	  -49.47 	 
0.013000000	  0.181 	  -49.20 	 
0.013200000	  0.180 	  -48.95 	 
0.013400000	  0.181 	  -48.66 	 
0.013600000	  0.181 	  -48.41 	 
0.013800000	  0.181 	  -48.16 	 
0.014000000	  0.181 	  -47.92 	 
0.014200000	  0.182 	  -47.66 	 
0.014400000	  0.182 	  -47.43 	 
0.014600000	  0.182 	  -47.19 	 
0.014800000	  0.182 	  -46.94 	 
0.015000000	  0.183 	  -46.70 	 
0.015200000	  0.183 	  -46.46 	 
0.015400000	  0.183 	  -46.23 	 
0.015600000	  0.183 	  -46.02 	 
0.015800000	  0.183 	  -45.77 	 
0.016000000	  0.183 	  -45.57 	 
0.016200000	  0.183 	  -45.37 	 
0.016400000	  0.184 	  -45.16 	 
0.016600000	  0.184 	  -44.94 	 
0.016800000	  0.185 	  -44.72 	 
0.017000000	  0.185 	  -44.50 	 
0.017200000	  0.185 	  -44.28 	 
0.017400000	  0.185 	  -44.06 	 
0.017600000	  0.186 	  -43.86 	 
0.017800000	  0.186 	  -43.65 	 
0.018000000	  0.186 	  -43.46 	 
0.018200000	  0.186 	  -43.27 	 
0.018400000	  0.187 	  -43.12 	 
0.018600000	  0.187 	  -42.95 	 
0.018800000	  0.187 	  -42.76 	 
0.019000000	  0.187 	  -42.58 	 
0.019200000	  0.188 	  -42.37 	 
0.019400000	  0.187 	  -42.18 	 
0.019600000	  0.188 	  -41.98 	 
0.019799999	  0.188 	  -41.80 	 
0.019999999	  0.188 	  -41.63 	 
0.020199999	  0.189 	  -41.45 	 
0.020399999	  0.189 	  -41.31 	 
0.020599999	  0.189 	  -41.16 	 
0.020799999	  0.189 	  -41.03 	 
0.020999999	  0.189 	  -40.88 	 
0.021199999	  0.189 	  -40.73 	 
0.021399999	  0.190 	  -40.58 	 
0.021599999	  0.189 	  -40.44 	 
0.021799999	  0.190 	  -40.31 	 
0.021999999	  0.190 	  -40.18 	 
0.022199999	  0.190 	  -40.06 	 
0.022399999	  0.190 	  -39.92 	 
0.022599999	  0.191 	  -39.80 	 
0.022799999	  0.191 	  -39.67 	 
0.022999999	  0.190 	  -39.54 	 
0.023199999	  0.190 	  -39.44 	 
0.023399999	  0.191 	  -39.31 	 
0.023599999	  0.191 	  -39.24 	 
0.023799999	  0.191 	  -39.10 	 
0.023999999	  0.191 	  -39.02 	 
0.024199999	  0.192 	  -38.93 	 
0.024399999	  0.192 	  -38.84 	 
0.024599999	  0.191 	  -38.78 	 
0.024799999	  0.191 	  -38.69 	 
0.024999999	  0.192 	  -38.60 	 
0.025199999	  0.192 	  -38.52 	 
0.025399999	  0.192 	  -38.43 	 
0.025599999	  0.192 	  -38.35 	 
0.025799999	  0.193 	  -38.26 	 
0.025999999	  0.192 	  -38.21 	 
0.026199999	  0.193 	  -38.16 	 
0.026399999	  0.193 	  -38.10 	 
0.026599999	  0.193 	  -38.06 	 
0.026799999	  0.192 	  -38.01 	 
0.026999999	  0.193 	  -37.99 	 
0.027199999	  0.194 	  -37.92 	 
0.027399999	  0.193 	  -37.88 	 
0.027599999	  0.193 	  -37.84 	 
0.027799999	  0.193 	  -37.81 	 
0.027999999	  0.194 	  -37.81 	 
0.028199999	  0.193 	  -37.79 	 
0.028399999	  0.193 	  -37.77 	 
0.028599999	  0.193 	  -37.75 	 
0.028799999	  0.193 	  -37.71 	 
0.028999999	  0.194 	  -37.71 	 
0.029199999	  0.193 	  -37.70 	 
0.029399999	  0.194 	  -37.69 	 
0.029599999	  0.194 	  -37.70 	 
0.029799999	  0.194 	  -37.73 	 
0.029999999	  0.194 	  -37.73 	 
0.030199999	  0.194 	  -37.76 	 
0.030399999	  0.194 	  -37.78 	 
0.030599999	  0.193 	  -37.83 	 
0.030799999	  0.193 	  -37.86 	 
0.030999999	  0.194 	  -37.88 	 
0.031199999	  0.193 	  -37.89 	 
0.031399999	  0.193 	  -37.90 	 
0.031599999	  0.194 	  -37.92 	 
0.031799999	  0.194 	  -37.94 	 
0.031999999	  0.194 	  -37.97 	 
0.032199999	  0.193 	  -38.01 	 
0.032399999	  0.194 	  -38.07 	 
0.032599999	  0.194 	  -38.16 	 
0.032799999	  0.193 	  -38.21 	 
0.032999999	  0.193 	  -38.29 	 
0.033199999	  0.194 	  -38.34 	 
0.033399999	  0.194 	  -38.41 	 
0.033599999	  0.194 	  -38.49 	 
0.033799999	  0.193 	  -38.56 	 
0.033999999	  0.194 	  -38.63 	 
0.034199999	  0.194 	  -38.70 	 
0.034399999	  0.193 	  -38.76 	 
0.034599999	  0.193 	  -38.84 	 
0.034799999	  0.193 	  -38.93 	 
0.034999999	  0.194 	  -39.04 	 
0.035199999	  0.194 	  -39.14 	 
0.035399999	  0.192 	  -39.26 	 
0.035599999	  0.192 	  -39.38 	 
0.035799999	  0.193 	  -39.49 	 
0.035999999	  0.192 	  -39.61 	 
0.036199999	  0.192 	  -39.71 	 
0.036399999	  0.193 	  -39.83 	 
0.036599999	  0.193 	  -40.01 	 
0.036799999	  0.193 	  -40.13 	 
0.036999999	  0.192 	  -40.26 	 
0.037199999	  0.192 	  -40.40 	 
0.037399999	  0.193 	  -40.52 	 
0.037599999	  0.192 	  -40.66 	 
0.037799999	  0.192 	  -40.79 	 
0.037999999	  0.191 	  -40.95 	 
0.038199999	  0.192 	  -41.10 	 
0.038399999	  0.192 	  -41.30 	 
0.038599999	  0.191 	  -41.45 	 
0.038799999	  0.190 	  -41.62 	 
0.038999999	  0.191 	  -41.80 	 
0.039199999	  0.191 	  -41.96 	 
0.039399999	  0.190 	  -42.12 	 
0.039599999	  0.191 	  -42.28 	 
0.039799999	  0.191 	  -42.46 	 
0.039999999	  0.190 	  -42.64 	 
0.040199999	  0.191 	  -42.85 	 
0.040399999	  0.190 	  -43.05 	 
0.040599999	  0.189 	  -43.26 	 
0.040799999	  0.190 	  -43.45 	 
0.040999999	  0.190 	  -43.64 	 
0.041199999	  0.190 	  -43.82 	 
0.041399999	  0.189 	  -44.02 	 
0.041599999	  0.189 	  -44.21 	 
0.041799999	  0.189 	  -44.41 	 
0.041999999	  0.189 	  -44.64 	 
0.042199999	  0.189 	  -44.89 	 
0.042399999	  0.189 	  -45.12 	 
0.042599999	  0.188 	  -45.36 	 
0.042799999	  0.188 	  -45.60 	 
0.042999999	  0.188 	  -45.83 	 
0.043199999	  0.189 	  -46.04 	 
0.043399999	  0.187 	  -46.27 	 
0.043599999	  0.188 	  -46.52 	 
0.043799999	  0.187 	  -46.77 	 
0.043999999	  0.187 	  -47.01 	 
0.044199999	  0.187 	  -47.27 	 
0.044399999	  0.187 	  -47.50 	 
0.044599999	  0.187 	  -47.74 	 
0.044799999	  0.186 	  -47.96 	 
0.044999999	  0.186 	  -48.20 	 
0.045199999	  0.186 	  -48.44 	 
0.045399999	  0.186 	  -48.70 	 
0.045599999	  0.185 	  -48.95 	 
0.045799999	  0.185 	  -49.21 	 
0.045999999	  0.185 	  -49.50 	 
0.046199999	  0.185 	  -49.79 	 
0.046399999	  0.185 	  -50.06 	 
0.046599999	  0.184 	  -50.32 	 
0.046799999	  0.184 	  -50.58 	 
0.046999999	  0.184 	  -50.85 	 
0.047199999	  0.183 	  -51.13 	 
0.047399999	  0.183 	  -51.42 	 
0.047599999	  0.184 	  -51.71 	 
0.047799999	  0.183 	  -51.99 	 
0.047999999	  0.183 	  -52.26 	 
0.048199999	  0.183 	  -52.54 	 
0.048399999	  0.183 	  -52.80 	 
0.048599999	  0.181 	  -53.05 	 
0.048799999	  0.183 	  -53.33 	 
0.048999999	  0.182 	  -53.60 	 
0.049199999	  0.181 	  -53.90 	 
0.049399999	  0.182 	  -54.21 	 
0.049599999	  0.181 	  -54.52 	 
0.049799999	  0.181 	  -54.83 	 
0.049999999	  0.180 	  -55.14 	 
0.050199999	  0.180 	  -55.43 	 
0.050399999	  0.180 	  -55.70 	 
0.050599999	  0.180 	  -55.98 	 
0.050799999	  0.180 	  -56.29 	 
0.050999999	  0.180 	  -56.60 	 
0.051199999	  0.179 	  -56.92 	 
0.051399999	  0.179 	  -57.23 	 
0.051599999	  0.179 	  -57.55 	 
0.051799999	  0.179 	  -57.82 	 
0.051999999	  0.178 	  -58.11 	 
0.052199999	  0.177 	  -58.37 	 
0.052399999	  0.177 	  -58.63 	 
0.052599999	  0.178 	  -58.93 	 
0.052799999	  0.178 	  -59.21 	 
0.052999999	  0.177 	  -59.53 	 
0.053199999	  0.176 	  -59.84 	 
0.053399999	  0.177 	  -60.16 	 
0.053599999	  0.176 	  -60.48 	 
0.053799999	  0.176 	  -60.79 	 
0.053999999	  0.176 	  -61.10 	 
0.054199999	  0.176 	  -61.38 	 
0.054399999	  0.175 	  -61.68 	 
0.054599999	  0.175 	  -61.96 	 
0.054799999	  0.175 	  -62.27 	 
0.054999999	  0.174 	  -62.61 	 
0.055199999	  0.174 	  -62.88 	 
0.055399999	  0.174 	  -63.21 	 
0.055599999	  0.174 	  -63.49 	 
0.055799999	  0.174 	  -63.79 	 
0.055999999	  0.173 	  -64.07 	 
0.056199999	  0.172 	  -64.35 	 
0.056399999	  0.172 	  -64.64 	 
0.056599999	  0.172 	  -64.92 	 
0.056799999	  0.172 	  -65.22 	 
0.056999999	  0.172 	  -65.54 	 
0.057199999	  0.172 	  -65.87 	 
0.057399999	  0.171 	  -66.21 	 
0.057599999	  0.171 	  -66.50 	 
0.057799999	  0.171 	  -66.79 	 
0.057999999	  0.171 	  -67.05 	 
0.058199999	  0.170 	  -67.31 	 
0.058399999	  0.170 	  -67.59 	 
0.058599999	  0.170 	  -67.88 	 
0.058799999	  0.169 	  -68.21 	 
0.058999999	  0.168 	  -68.54 	 
0.059199999	  0.169 	  -68.84 	 
0.059399998	  0.169 	  -69.13 	 
0.059599998	  0.169 	  -69.39 	 
0.059799998	  0.168 	  -69.64 	 
0.059999998	  0.168 	  -69.88 	 
0.060199998	  0.167 	  -70.11 	 
0.060399998	  0.167 	  -70.36 	 
0.060599998	  0.168 	  -70.62 	 
0.060799998	  0.167 	  -70.93 	 
0.060999998	  0.166 	  -71.21 	 
0.061199998	  0.166 	  -71.54 	 
0.061399998	  0.167 	  -71.83 	 
0.061599998	  0.166 	  -72.12 	 
0.061799998	  0.166 	  -72.38 	 
0.061999998	  0.165 	  -72.61 	 
0.062199998	  0.166 	  -72.86 	 
0.062399998	  0.165 	  -73.12 	 
0.062599998	  0.165 	  -73.39 	 
0.062799998	  0.164 	  -73.67 	 
0.062999998	  0.164 	  -73.95 	 
0.063199998	  0.165 	  -74.25 	 
0.063399998	  0.164 	  -74.50 	 
0.063599998	  0.163 	  -74.75 	 
0.063799998	  0.163 	  -74.97 	 
0.063999998	  0.164 	  -75.16 	 
0.064199998	  0.164 	  -75.35 	 
0.064399998	  0.162 	  -75.57 	 
0.064599998	  0.162 	  -75.81 	 
0.064799998	  0.163 	  -76.08 	 
0.064999998	  0.162 	  -76.36 	 
0.065199998	  0.162 	  -76.63 	 
0.065399998	  0.161 	  -76.89 	 
0.065599998	  0.161 	  -77.11 	 
0.065799998	  0.162 	  -77.31 	 
0.065999998	  0.161 	  -77.53 	 
0.066199998	  0.161 	  -77.76 	 
0.066399998	  0.161 	  -77.97 	 
0.066599998	  0.161 	  -78.18 	 
0.066799998	  0.160 	  -78.41 	 
0.066999998	  0.159 	  -78.60 	 
0.067199998	  0.160 	  -78.83 	 
0.067399998	  0.160 	  -79.02 	 
0.067599998	  0.160 	  -79.23 	 
0.067799998	  0.160 	  -79.39 	 
0.067999998	  0.159 	  -79.56 	 
0.068199998	  0.159 	  -79.73 	 
0.068399998	  0.159 	  -79.91 	 
0.068599998	  0.159 	  -80.13 	 
0.068799998	  0.159 	  -80.35 	 
0.068999998	  0.158 	  -80.57 	 
0.069199998	  0.159 	  -80.76 	 
0.069399998	  0.158 	  -80.93 	 
0.069599998	  0.158 	  -81.12 	 
0.069799998	  0.158 	  -81.25 	 
0.069999998	  0.158 	  -81.40 	 
0.070199998	  0.158 	  -81.56 	 
0.070399998	  0.158 	  -81.74 	 
0.070599998	  0.157 	  -81.92 	 
0.070799998	  0.158 	  -82.10 	 
0.070999998	  0.157 	  -82.27 	 
0.071199998	  0.157 	  -82.41 	 
0.071399998	  0.157 	  -82.52 	 
0.071599998	  0.157 	  -82.65 	 
0.071799998	  0.157 	  -82.76 	 
0.071999998	  0.157 	  -82.86 	 
0.072199998	  0.156 	  -82.98 	 
0.072399998	  0.156 	  -83.11 	 
0.072599998	  0.156 	  -83.27 	 
0.072799998	  0.157 	  -83.42 	 
0.072999998	  0.156 	  -83.56 	 
0.073199998	  0.156 	  -83.70 	 
0.073399998	  0.155 	  -83.77 	 
0.073599998	  0.155 	  -83.86 	 
0.073799998	  0.155 	  -83.93 	 
0.073999998	  0.155 	  -84.01 	 
0.074199998	  0.155 	  -84.13 	 
0.074399998	  0.155 	  -84.25 	 
0.074599998	  0.155 	  -84.36 	 
0.074799998	  0.155 	  -84.47 	 
0.074999998	  0.155 	  -84.58 	 
0.075199998	  0.154 	  -84.64 	 
0.075399998	  0.155 	  -84.68 	 
0.075599998	  0.155 	  -84.70 	 
0.075799998	  0.154 	  -84.74 	 
0.075999998	  0.154 	  -84.78 	 
0.076199998	  0.154 	  -84.87 	 
0.076399998	  0.154 	  -84.95 	 
0.076599998	  0.154 	  -85.05 	 
0.076799998	  0.154 	  -85.14 	 
0.076999998	  0.154 	  -85.22 	 
0.077199998	  0.154 	  -85.26 	 
0.077399998	  0.154 	  -85.28 	 
0.077599998	  0.154 	  -85.28 	 
0.077799998	  0.154 	  -85.26 	 
0.077999998	  0.154 	  -85.27 	 
0.078199998	  0.154 	  -85.31 	 
0.078399998	  0.154 	  -85.37 	 
0.078599998	  0.153 	  -85.45 	 
0.078799998	  0.154 	  -85.49 	 
0.078999998	  0.154 	  -85.50 	 
0.079199998	  0.154 	  -85.51 	 
0.079399998	  0.153 	  -85.46 	 
0.079599998	  0.154 	  -85.40 	 
0.079799998	  0.153 	  -85.35 	 
0.079999998	  0.154 	  -85.31 	 
0.080199998	  0.153 	  -85.30 	 
0.080399998	  0.153 	  -85.33 	 
0.080599998	  0.154 	  -85.36 	 
0.080799998	  0.153 	  -85.39 	 
0.080999998	  0.153 	  -85.40 	 
0.081199998	  0.153 	  -85.35 	 
0.081399998	  0.153 	  -85.30 	 
0.081599998	  0.153 	  -85.22 	 
0.081799998	  0.153 	  -85.16 	 
0.081999998	  0.153 	  -85.09 	 
0.082199998	  0.154 	  -85.06 	 
0.082399998	  0.153 	  -85.09 	 
0.082599998	  0.153 	  -85.08 	 
0.082799998	  0.153 	  -85.06 	 
0.082999998	  0.154 	  -85.02 	 
0.083199998	  0.154 	  -84.94 	 
0.083399998	  0.153 	  -84.83 	 
0.083599998	  0.153 	  -84.72 	 
0.083799998	  0.154 	  -84.60 	 
0.083999998	  0.154 	  -84.52 	 
0.084199998	  0.154 	  -84.44 	 
0.084399998	  0.154 	  -84.37 	 
0.084599998	  0.154 	  -84.33 	 
0.084799998	  0.154 	  -84.28 	 
0.084999998	  0.154 	  -84.22 	 
0.085199998	  0.153 	  -84.11 	 
0.085399998	  0.154 	  -83.97 	 
0.085599998	  0.154 	  -83.84 	 
0.085799998	  0.154 	  -83.70 	 
0.085999998	  0.154 	  -83.59 	 
0.086199998	  0.153 	  -83.50 	 
0.086399998	  0.154 	  -83.42 	 
0.086599998	  0.154 	  -83.32 	 
0.086799998	  0.154 	  -83.24 	 
0.086999998	  0.154 	  -83.10 	 
0.087199998	  0.154 	  -82.91 	 
0.087399998	  0.154 	  -82.74 	 
0.087599998	  0.154 	  -82.53 	 
0.087799998	  0.155 	  -82.36 	 
0.087999998	  0.155 	  -82.21 	 
0.088199998	  0.155 	  -82.09 	 
0.088399998	  0.155 	  -81.95 	 
0.088599998	  0.155 	  -81.84 	 
0.088799998	  0.156 	  -81.69 	 
0.088999998	  0.155 	  -81.54 	 
0.089199998	  0.155 	  -81.34 	 
0.089399998	  0.155 	  -81.14 	 
0.089599998	  0.156 	  -80.96 	 
0.089799998	  0.156 	  -80.79 	 
0.089999998	  0.156 	  -80.63 	 
0.090199998	  0.156 	  -80.47 	 
0.090399998	  0.156 	  -80.31 	 
0.090599998	  0.156 	  -80.12 	 
0.090799998	  0.156 	  -79.91 	 
0.090999998	  0.156 	  -79.65 	 
0.091199998	  0.156 	  -79.45 	 
0.091399998	  0.157 	  -79.20 	 
0.091599998	  0.157 	  -78.99 	 
0.091799998	  0.157 	  -78.80 	 
0.091999998	  0.157 	  -78.60 	 
0.092199998	  0.157 	  -78.40 	 
0.092399998	  0.158 	  -78.19 	 
0.092599998	  0.158 	  -77.97 	 
0.092799998	  0.158 	  -77.73 	 
0.092999998	  0.158 	  -77.50 	 
0.093199998	  0.158 	  -77.24 	 
0.093399998	  0.158 	  -77.02 	 
0.093599998	  0.158 	  -76.81 	 
0.093799998	  0.158 	  -76.58 	 
0.093999998	  0.159 	  -76.36 	 
0.094199998	  0.158 	  -76.12 	 
0.094399998	  0.158 	  -75.86 	 
0.094599998	  0.159 	  -75.59 	 
0.094799998	  0.159 	  -75.31 	 
0.094999998	  0.160 	  -75.03 	 
0.095199998	  0.160 	  -74.74 	 
0.095399998	  0.160 	  -74.51 	 
0.095599998	  0.160 	  -74.26 	 
0.095799998	  0.160 	  -74.01 	 
0.095999998	  0.160 	  -73.80 	 
0.096199998	  0.160 	  -73.56 	 
0.096399998	  0.160 	  -73.30 	 
0.096599998	  0.161 	  -73.01 	 
0.096799998	  0.161 	  -72.70 	 
0.096999998	  0.161 	  -72.44 	 
0.097199998	  0.161 	  -72.18 	 
0.097399998	  0.161 	  -71.91 	 
0.097599998	  0.162 	  -71.61 	 
0.097799998	  0.162 	  -71.36 	 
0.097999998	  0.162 	  -71.08 	 
0.098199998	  0.162 	  -70.76 	 
0.098399998	  0.163 	  -70.51 	 
0.098599998	  0.162 	  -70.21 	 
0.098799998	  0.162 	  -69.92 	 
0.098999997	  0.163 	  -69.63 	 
0.099199997	  0.163 	  -69.33 	 
0.099399997	  0.164 	  -69.04 	 
0.099599997	  0.163 	  -68.74 	 
0.099799997	  0.164 	  -68.45 	 
0.099999997	  0.164 	  -68.15 	 
0.100199997	  0.164 	  -67.86 	 
0.100399997	  0.165 	  -67.57 	 
0.100599997	  0.165 	  -67.29 	 
0.100799997	  0.165 	  -66.99 	 
0.100999997	  0.165 	  -66.68 	 
0.101199997	  0.165 	  -66.35 	 
0.101399997	  0.166 	  -66.04 	 
0.101599997	  0.166 	  -65.76 	 
0.101799997	  0.166 	  -65.46 	 
0.101999997	  0.166 	  -65.16 	 
0.102199997	  0.167 	  -64.86 	 
0.102399997	  0.166 	  -64.57 	 
0.102599997	  0.167 	  -64.27 	 
0.102799997	  0.167 	  -63.98 	 
0.102999997	  0.167 	  -63.70 	 
0.103199997	  0.168 	  -63.40 	 
0.103399997	  0.168 	  -63.10 	 
0.103599997	  0.169 	  -62.81 	 
0.103799997	  0.168 	  -62.47 	 
0.103999997	  0.168 	  -62.15 	 
0.104199997	  0.169 	  -61.84 	 
0.104399997	  0.169 	  -61.54 	 
0.104599997	  0.169 	  -61.24 	 
0.104799997	  0.169 	  -60.93 	 
0.104999997	  0.170 	  -60.63 	 
0.105199997	  0.170 	  -60.32 	 
0.105399997	  0.170 	  -60.03 	 
0.105599997	  0.171 	  -59.75 	 
0.105799997	  0.171 	  -59.45 	 
0.105999997	  0.171 	  -59.18 	 
0.106199997	  0.172 	  -58.88 	 
0.106399997	  0.171 	  -58.55 	 
0.106599997	  0.172 	  -58.22 	 
0.106799997	  0.172 	  -57.89 	 
0.106999997	  0.173 	  -57.60 	 
0.107199997	  0.173 	  -57.28 	 
0.107399997	  0.173 	  -56.99 	 
0.107599997	  0.173 	  -56.71 	 
0.107799997	  0.174 	  -56.43 	 
0.107999997	  0.174 	  -56.17 	 
0.108199997	  0.174 	  -55.87 	 
0.108399997	  0.175 	  -55.57 	 
0.108599997	  0.175 	  -55.28 	 
0.108799997	  0.175 	  -54.98 	 
0.108999997	  0.175 	  -54.71 	 
0.109199997	  0.175 	  -54.40 	 
0.109399997	  0.176 	  -54.12 	 
0.109599997	  0.176 	  -53.83 	 
0.109799997	  0.176 	  -53.55 	 
0.109999997	  0.177 	  -53.27 	 
0.110199997	  0.177 	  -53.00 	 
0.110399997	  0.177 	  -52.71 	 
0.110599997	  0.177 	  -52.45 	 
0.110799997	  0.177 	  -52.15 	 
0.110999997	  0.177 	  -51.88 	 
0.111199997	  0.178 	  -51.60 	 
0.111399997	  0.178 	  -51.31 	 
0.111599997	  0.179 	  -51.05 	 
0.111799997	  0.179 	  -50.79 	 
0.111999997	  0.178 	  -50.55 	 
0.112199997	  0.179 	  -50.28 	 
0.112399997	  0.180 	  -50.01 	 
0.112599997	  0.180 	  -49.71 	 
0.112799997	  0.180 	  -49.43 	 
0.112999997	  0.180 	  -49.15 	 
0.113199997	  0.181 	  -48.88 	 
0.113399997	  0.181 	  -48.65 	 
0.113599997	  0.181 	  -48.39 	 
0.113799997	  0.181 	  -48.14 	 
0.113999997	  0.181 	  -47.93 	 
0.114199997	  0.181 	  -47.67 	 
0.114399997	  0.182 	  -47.43 	 
0.114599997	  0.182 	  -47.22 	 
0.114799997	  0.182 	  -46.98 	 
0.114999997	  0.182 	  -46.74 	 
0.115199997	  0.183 	  -46.49 	 
0.115399997	  0.183 	  -46.24 	 
0.115599997	  0.183 	  -45.99 	 
0.115799997	  0.184 	  -45.77 	 
0.115999997	  0.183 	  -45.53 	 
0.116199997	  0.184 	  -45.32 	 
0.116399997	  0.184 	  -45.13 	 
0.116599997	  0.185 	  -44.91 	 
0.116799997	  0.185 	  -44.72 	 
0.116999997	  0.184 	  -44.51 	 
0.117199997	  0.185 	  -44.30 	 
0.117399997	  0.185 	  -44.09 	 
0.117599997	  0.185 	  -43.91 	 
0.117799997	  0.186 	  -43.70 	 
0.117999997	  0.186 	  -43.49 	 
0.118199997	  0.186 	  -43.29 	 
0.118399997	  0.187 	  -43.09 	 
0.118599997	  0.187 	  -42.91 	 
0.118799997	  0.187 	  -42.72 	 
0.118999997	  0.187 	  -42.54 	 
0.119199997	  0.187 	  -42.36 	 
0.119399997	  0.187 	  -42.17 	 
0.119599997	  0.187 	  -41.99 	 
0.119799997	  0.188 	  -41.80 	 
0.119999997	  0.188 	  -41.65 	 
0.120199997	  0.188 	  -41.47 	 
0.120399997	  0.189 	  -41.32 	 
0.120599997	  0.189 	  -41.18 	 
0.120799997	  0.189 	  -41.03 	 
0.120999997	  0.189 	  -40.87 	 
0.121199997	  0.190 	  -40.72 	 
0.121399997	  0.190 	  -40.58 	 
0.121599997	  0.189 	  -40.42 	 
0.121799997	  0.190 	  -40.29 	 
0.121999997	  0.190 	  -40.15 	 
0.122199997	  0.190 	  -40.01 	 
0.122399997	  0.190 	  -39.90 	 
0.122599997	  0.190 	  -39.79 	 
0.122799997	  0.190 	  -39.70 	 
0.122999997	  0.190 	  -39.59 	 
0.123199997	  0.190 	  -39.48 	 
0.123399997	  0.191 	  -39.38 	 
0.123599997	  0.191 	  -39.27 	 
0.123799997	  0.191 	  -39.14 	 
0.123999997	  0.192 	  -39.02 	 
0.124199997	  0.192 	  -38.91 	 
0.124399997	  0.191 	  -38.82 	 
0.124599997	  0.191 	  -38.70 	 
0.124799997	  0.192 	  -38.62 	 
0.124999997	  0.192 	  -38.56 	 
0.125199997	  0.192 	  -38.48 	 
0.125399997	  0.192 	  -38.43 	 
0.125599997	  0.192 	  -38.36 	 
0.125799997	  0.192 	  -38.33 	 
0.125999997	  0.192 	  -38.29 	 
0.126199997	  0.193 	  -38.22 	 
0.126399997	  0.193 	  -38.16 	 
0.126599997	  0.192 	  -38.08 	 
0.126799997	  0.193 	  -38.01 	 
0.126999997	  0.193 	  -37.95 	 
0.127199997	  0.193 	  -37.89 	 
0.127399997	  0.192 	  -37.86 	 
0.127599997	  0.193 	  -37.83 	 
0.127799997	  0.193 	  -37.80 	 
0.127999997	  0.193 	  -37.78 	 
0.128199997	  0.193 	  -37.77 	 
0.128399997	  0.193 	  -37.75 	 
0.128599997	  0.194 	  -37.75 	 
0.128799997	  0.193 	  -37.74 	 
0.128999997	  0.194 	  -37.74 	 
0.129199997	  0.194 	  -37.74 	 
0.129399997	  0.194 	  -37.75 	 
0.129599997	  0.194 	  -37.74 	 
0.129799997	  0.193 	  -37.73 	 
0.129999997	  0.194 	  -37.74 	 
0.130199997	  0.194 	  -37.75 	 
0.130399997	  0.193 	  -37.77 	 
0.130599997	  0.193 	  -37.77 	 
0.130799997	  0.193 	  -37.81 	 
0.130999997	  0.194 	  -37.83 	 
0.131199997	  0.193 	  -37.88 	 
0.131399997	  0.194 	  -37.88 	 
0.131599997	  0.194 	  -37.92 	 
0.131799997	  0.193 	  -37.97 	 
0.131999997	  0.193 	  -38.06 	 
0.132199997	  0.194 	  -38.08 	 
0.132399997	  0.194 	  -38.13 	 
0.132599997	  0.193 	  -38.17 	 
0.132799997	  0.194 	  -38.19 	 
0.132999997	  0.194 	  -38.25 	 
0.133199997	  0.194 	  -38.30 	 
0.133399997	  0.194 	  -38.34 	 
0.133599997	  0.193 	  -38.43 	 
0.133799997	  0.194 	  -38.51 	 
0.133999997	  0.194 	  -38.60 	 
0.134199997	  0.193 	  -38.71 	 
0.134399997	  0.193 	  -38.80 	 
0.134599997	  0.194 	  -38.91 	 
0.134799997	  0.193 	  -39.02 	 
0.134999997	  0.193 	  -39.11 	 
0.135199997	  0.193 	  -39.19 	 
0.135399997	  0.194 	  -39.24 	 
0.135599997	  0.193 	  -39.35 	 
0.135799997	  0.192 	  -39.44 	 
0.135999997	  0.193 	  -39.55 	 
0.136199997	  0.193 	  -39.70 	 
0.136399997	  0.192 	  -39.85 	 
0.136599997	  0.192 	  -39.98 	 
0.136799997	  0.193 	  -40.15 	 
0.136999997	  0.192 	  -40.26 	 
0.137199997	  0.192 	  -40.40 	 
0.137399997	  0.192 	  -40.54 	 
0.137599997	  0.192 	  -40.66 	 
0.137799997	  0.192 	  -40.79 	 
0.137999997	  0.192 	  -40.95 	 
0.138199997	  0.191 	  -41.14 	 
0.138399997	  0.192 	  -41.32 	 
0.138599996	  0.191 	  -41.50 	 
0.138799996	  0.191 	  -41.66 	 
0.138999996	  0.192 	  -41.81 	 
0.139199996	  0.191 	  -41.96 	 
0.139399996	  0.190 	  -42.09 	 
0.139599996	  0.191 	  -42.26 	 
0.139799996	  0.190 	  -42.44 	 
0.139999996	  0.191 	  -42.59 	 
0.140199996	  0.190 	  -42.80 	 
0.140399996	  0.190 	  -42.99 	 
0.140599996	  0.191 	  -43.21 	 
0.140799996	  0.189 	  -43.43 	 
0.140999996	  0.190 	  -43.64 	 
0.141199996	  0.190 	  -43.88 	 
0.141399996	  0.190 	  -44.10 	 
0.141599996	  0.189 	  -44.30 	 
0.141799996	  0.189 	  -44.49 	 
0.141999996	  0.189 	  -44.67 	 
0.142199996	  0.189 	  -44.88 	 
0.142399996	  0.189 	  -45.07 	 
0.142599996	  0.188 	  -45.31 	 
0.142799996	  0.189 	  -45.52 	 
0.142999996	  0.187 	  -45.78 	 
0.143199996	  0.188 	  -46.04 	 
0.143399996	  0.188 	  -46.30 	 
0.143599996	  0.187 	  -46.54 	 
0.143799996	  0.187 	  -46.79 	 
0.143999996	  0.187 	  -47.02 	 
0.144199996	  0.187 	  -47.23 	 
0.144399996	  0.186 	  -47.46 	 
0.144599996	  0.186 	  -47.68 	 
0.144799996	  0.186 	  -47.92 	 
0.144999996	  0.185 	  -48.18 	 
0.145199996	  0.186 	  -48.49 	 
0.145399996	  0.186 	  -48.77 	 
0.145599996	  0.186 	  -49.07 	 
0.145799996	  0.185 	  -49.31 	 
0.145999996	  0.185 	  -49.58 	 
0.146199996	  0.184 	  -49.80 	 
0.146399996	  0.184 	  -50.05 	 
0.146599996	  0.184 	  -50.26 	 
0.146799996	  0.184 	  -50.50 	 
0.146999996	  0.184 	  -50.77 	 
0.147199996	  0.184 	  -51.09 	 
0.147399996	  0.183 	  -51.38 	 
0.147599996	  0.183 	  -51.67 	 
0.147799996	  0.183 	  -51.97 	 
0.147999996	  0.183 	  -52.23 	 
0.148199996	  0.183 	  -52.51 	 
0.148399996	  0.183 	  -52.79 	 
0.148599996	  0.182 	  -53.08 	 
0.148799996	  0.182 	  -53.39 	 
0.148999996	  0.181 	  -53.68 	 
0.149199996	  0.181 	  -53.98 	 
0.149399996	  0.181 	  -54.26 	 
0.149599996	  0.181 	  -54.57 	 
0.149799996	  0.181 	  -54.84 	 
0.149999996	  0.181 	  -55.13 	 
0.150199996	  0.180 	  -55.40 	 
0.150399996	  0.180 	  -55.68 	 
0.150599996	  0.180 	  -55.98 	 
0.150799996	  0.180 	  -56.27 	 
0.150999996	  0.179 	  -56.57 	 
0.151199996	  0.179 	  -56.88 	 
0.151399996	  0.179 	  -57.19 	 
0.151599996	  0.179 	  -57.49 	 
0.151799996	  0.178 	  -57.76 	 
0.151999996	  0.178 	  -58.05 	 
0.152199996	  0.178 	  -58.36 	 
0.152399996	  0.177 	  -58.68 	 
0.152599996	  0.177 	  -58.99 	 
0.152799996	  0.177 	  -59.31 	 
0.152999996	  0.177 	  -59.60 	 
0.153199996	  0.177 	  -59.91 	 
0.153399996	  0.176 	  -60.20 	 
0.153599996	  0.177 	  -60.47 	 
0.153799996	  0.176 	  -60.74 	 
0.153999996	  0.176 	  -61.02 	 
0.154199996	  0.175 	  -61.31 	 
0.154399996	  0.175 	  -61.61 	 
0.154599996	  0.175 	  -61.94 	 
0.154799996	  0.174 	  -62.28 	 
0.154999996	  0.174 	  -62.62 	 
0.155199996	  0.174 	  -62.93 	 
0.155399996	  0.174 	  -63.21 	 
0.155599996	  0.174 	  -63.50 	 
0.155799996	  0.174 	  -63.76 	 
0.155999996	  0.173 	  -64.04 	 
0.156199996	  0.173 	  -64.35 	 
0.156399996	  0.173 	  -64.66 	 
0.156599996	  0.172 	  -64.97 	 
0.156799996	  0.172 	  -65.30 	 
0.156999996	  0.172 	  -65.62 	 
0.157199996	  0.172 	  -65.92 	 
0.157399996	  0.172 	  -66.22 	 
0.157599996	  0.171 	  -66.48 	 
0.157799996	  0.171 	  -66.74 	 
0.157999996	  0.171 	  -67.01 	 
0.158199996	  0.170 	  -67.27 	 
0.158399996	  0.170 	  -67.57 	 
0.158599996	  0.170 	  -67.86 	 
0.158799996	  0.169 	  -68.18 	 
0.158999996	  0.169 	  -68.49 	 
0.159199996	  0.169 	  -68.79 	 
0.159399996	  0.168 	  -69.07 	 
0.159599996	  0.168 	  -69.34 	 
0.159799996	  0.168 	  -69.57 	 
0.159999996	  0.168 	  -69.85 	 
0.160199996	  0.168 	  -70.13 	 
0.160399996	  0.168 	  -70.42 	 
0.160599996	  0.167 	  -70.73 	 
0.160799996	  0.167 	  -71.04 	 
0.160999996	  0.167 	  -71.32 	 
0.161199996	  0.166 	  -71.60 	 
0.161399996	  0.167 	  -71.86 	 
0.161599996	  0.166 	  -72.10 	 
0.161799996	  0.166 	  -72.33 	 
0.161999996	  0.166 	  -72.59 	 
0.162199996	  0.166 	  -72.81 	 
0.162399996	  0.165 	  -73.10 	 
0.162599996	  0.165 	  -73.36 	 
0.162799996	  0.165 	  -73.64 	 
0.162999996	  0.164 	  -73.93 	 
0.163199996	  0.164 	  -74.21 	 
0.163399996	  0.164 	  -74.47 	 
0.163599996	  0.164 	  -74.73 	 
0.163799996	  0.164 	  -74.94 	 
0.163999996	  0.163 	  -75.17 	 
0.164199996	  0.163 	  -75.40 	 
0.164399996	  0.163 	  -75.66 	 
0.164599996	  0.162 	  -75.90 	 
0.164799996	  0.162 	  -76.19 	 
0.164999996	  0.162 	  -76.41 	 
0.165199996	  0.162 	  -76.65 	 
0.165399996	  0.162 	  -76.87 	 
0.165599996	  0.161 	  -77.09 	 
0.165799996	  0.162 	  -77.28 	 
0.165999996	  0.161 	  -77.49 	 
0.166199996	  0.161 	  -77.70 	 
0.166399996	  0.161 	  -77.92 	 
0.166599996	  0.161 	  -78.14 	 
0.166799996	  0.160 	  -78.36 	 
0.166999996	  0.160 	  -78.61 	 
0.167199996	  0.160 	  -78.80 	 
0.167399996	  0.159 	  -79.03 	 
0.167599996	  0.160 	  -79.23 	 
0.167799996	  0.160 	  -79.38 	 
0.167999996	  0.159 	  -79.57 	 
0.168199996	  0.158 	  -79.79 	 
0.168399996	  0.159 	  -79.98 	 
0.168599996	  0.159 	  -80.19 	 
0.168799996	  0.159 	  -80.38 	 
0.168999996	  0.158 	  -80.58 	 
0.169199996	  0.158 	  -80.76 	 
0.169399996	  0.158 	  -80.94 	 
0.169599996	  0.158 	  -81.10 	 
0.169799996	  0.158 	  -81.26 	 
0.169999996	  0.158 	  -81.40 	 
0.170199996	  0.158 	  -81.55 	 
0.170399996	  0.158 	  -81.71 	 
0.170599996	  0.157 	  -81.86 	 
0.170799996	  0.158 	  -82.04 	 
0.170999996	  0.157 	  -82.23 	 
0.171199996	  0.157 	  -82.38 	 
0.171399996	  0.157 	  -82.52 	 
0.171599996	  0.157 	  -82.64 	 
0.171799996	  0.155 	  -82.75 	 
0.171999996	  0.157 	  -82.87 	 
0.172199996	  0.156 	  -83.00 	 
0.172399996	  0.156 	  -83.15 	 
0.172599996	  0.156 	  -83.30 	 
0.172799996	  0.155 	  -83.46 	 
0.172999996	  0.156 	  -83.61 	 
0.173199996	  0.155 	  -83.70 	 
0.173399996	  0.156 	  -83.78 	 
0.173599996	  0.156 	  -83.86 	 
0.173799996	  0.155 	  -83.94 	 
0.173999996	  0.155 	  -84.02 	 
0.174199996	  0.155 	  -84.10 	 
0.174399996	  0.155 	  -84.21 	 
0.174599996	  0.155 	  -84.34 	 
0.174799996	  0.154 	  -84.43 	 
0.174999996	  0.155 	  -84.54 	 
0.175199996	  0.154 	  -84.64 	 
0.175399996	  0.154 	  -84.68 	 
0.175599996	  0.155 	  -84.73 	 
0.175799996	  0.155 	  -84.76 	 
0.175999996	  0.154 	  -84.83 	 
0.176199996	  0.155 	  -84.89 	 
0.176399996	  0.155 	  -84.97 	 
0.176599996	  0.154 	  -85.06 	 
0.176799996	  0.154 	  -85.17 	 
0.176999996	  0.154 	  -85.21 	 
0.177199996	  0.154 	  -85.26 	 
0.177399996	  0.153 	  -85.28 	 
0.177599996	  0.154 	  -85.30 	 
0.177799996	  0.154 	  -85.28 	 
0.177999996	  0.154 	  -85.29 	 
0.178199995	  0.154 	  -85.32 	 
0.178399995	  0.154 	  -85.37 	 
0.178599995	  0.154 	  -85.40 	 
0.178799995	  0.153 	  -85.46 	 
0.178999995	  0.153 	  -85.47 	 
0.179199995	  0.154 	  -85.47 	 
0.179399995	  0.154 	  -85.43 	 
0.179599995	  0.153 	  -85.38 	 
0.179799995	  0.154 	  -85.36 	 
0.179999995	  0.154 	  -85.32 	 
0.180199995	  0.153 	  -85.35 	 
0.180399995	  0.153 	  -85.37 	 
0.180599995	  0.153 	  -85.40 	 
0.180799995	  0.154 	  -85.42 	 
0.180999995	  0.153 	  -85.40 	 
0.181199995	  0.153 	  -85.35 	 
0.181399995	  0.154 	  -85.26 	 
0.181599995	  0.154 	  -85.20 	 
0.181799995	  0.153 	  -85.14 	 
0.181999995	  0.153 	  -85.08 	 
0.182199995	  0.154 	  -85.06 	 
0.182399995	  0.154 	  -85.06 	 
0.182599995	  0.153 	  -85.06 	 
0.182799995	  0.153 	  -85.05 	 
0.182999995	  0.153 	  -84.98 	 
0.183199995	  0.154 	  -84.93 	 
0.183399995	  0.153 	  -84.80 	 
0.183599995	  0.153 	  -84.70 	 
0.183799995	  0.153 	  -84.60 	 
0.183999995	  0.154 	  -84.52 	 
0.184199995	  0.154 	  -84.48 	 
0.184399995	  0.153 	  -84.45 	 
0.184599995	  0.154 	  -84.41 	 
0.184799995	  0.154 	  -84.34 	 
0.184999995	  0.154 	  -84.24 	 
0.185199995	  0.154 	  -84.11 	 
0.185399995	  0.154 	  -83.95 	 
0.185599995	  0.154 	  -83.80 	 
0.185799995	  0.154 	  -83.65 	 
0.185999995	  0.154 	  -83.57 	 
0.186199995	  0.154 	  -83.46 	 
0.186399995	  0.154 	  -83.38 	 
0.186599995	  0.154 	  -83.30 	 
0.186799995	  0.154 	  -83.18 	 
0.186999995	  0.154 	  -83.05 	 
0.187199995	  0.154 	  -82.89 	 
0.187399995	  0.155 	  -82.74 	 
0.187599995	  0.154 	  -82.58 	 
0.187799995	  0.154 	  -82.40 	 
0.187999995	  0.155 	  -82.27 	 
0.188199995	  0.155 	  -82.14 	 
0.188399995	  0.155 	  -82.00 	 
0.188599995	  0.155 	  -81.87 	 
0.188799995	  0.155 	  -81.70 	 
0.188999995	  0.155 	  -81.51 	 
0.189199995	  0.155 	  -81.35 	 
0.189399995	  0.156 	  -81.16 	 
0.189599995	  0.156 	  -80.99 	 
0.189799995	  0.155 	  -80.79 	 
0.189999995	  0.156 	  -80.62 	 
0.190199995	  0.156 	  -80.41 	 
0.190399995	  0.156 	  -80.23 	 
0.190599995	  0.156 	  -80.05 	 
0.190799995	  0.157 	  -79.85 	 
0.190999995	  0.156 	  -79.64 	 
0.191199995	  0.157 	  -79.46 	 
0.191399995	  0.156 	  -79.30 	 
0.191599995	  0.156 	  -79.12 	 
0.191799995	  0.157 	  -78.89 	 
0.191999995	  0.157 	  -78.68 	 
0.192199995	  0.157 	  -78.44 	 
0.192399995	  0.158 	  -78.17 	 
0.192599995	  0.157 	  -77.90 	 
0.192799995	  0.158 	  -77.68 	 
0.192999995	  0.158 	  -77.42 	 
0.193199995	  0.158 	  -77.20 	 
0.193399995	  0.158 	  -77.00 	 
0.193599995	  0.158 	  -76.81 	 
0.193799995	  0.158 	  -76.59 	 
0.193999995	  0.158 	  -76.37 	 
0.194199995	  0.159 	  -76.11 	 
0.194399995	  0.159 	  -75.83 	 
0.194599995	  0.158 	  -75.55 	 
0.194799995	  0.160 	  -75.27 	 
0.194999995	  0.159 	  -75.00 	 
0.195199995	  0.159 	  -74.77 	 
0.195399995	  0.160 	  -74.58 	 
0.195599995	  0.159 	  -74.36 	 
0.195799995	  0.160 	  -74.14 	 
0.195999995	  0.161 	  -73.86 	 
0.196199995	  0.160 	  -73.59 	 
0.196399995	  0.160 	  -73.25 	 
0.196599995	  0.161 	  -72.92 	 
0.196799995	  0.161 	  -72.61 	 
0.196999995	  0.162 	  -72.35 	 
0.197199995	  0.161 	  -72.11 	 
0.197399995	  0.161 	  -71.87 	 
0.197599995	  0.162 	  -71.63 	 
0.197799995	  0.161 	  -71.40 	 
0.197999995	  0.162 	  -71.12 	 
0.198199995	  0.163 	  -70.85 	 
0.198399995	  0.162 	  -70.52 	 
0.198599995	  0.162 	  -70.23 	 
0.198799995	  0.163 	  -69.92 	 
0.198999995	  0.164 	  -69.61 	 
0.199199995	  0.163 	  -69.30 	 
0.199399995	  0.163 	  -69.00 	 
0.199599995	  0.164 	  -68.73 	 
0.199799995	  0.164 	  -68.43 	 
0.199999995	  0.164 	  -68.14 	 
0.200199995	  0.164 	  -67.87 	 
0.200399995	  0.164 	  -67.60 	 
0.200599995	  0.164 	  -67.26 	 
0.200799995	  0.165 	  -66.95 	 
0.200999995	  0.165 	  -66.65 	 
0.201199995	  0.166 	  -66.33 	 
0.201399995	  0.165 	  -66.05 	 
0.201599995	  0.166 	  -65.77 	 
0.201799995	  0.167 	  -65.50 	 
0.201999995	  0.166 	  -65.21 	 
0.202199995	  0.167 	  -64.92 	 
0.202399995	  0.167 	  -64.61 	 
0.202599995	  0.167 	  -64.31 	 
0.202799995	  0.167 	  -63.98 	 
0.202999995	  0.168 	  -63.69 	 
0.203199995	  0.168 	  -63.37 	 
0.203399995	  0.168 	  -63.05 	 
0.203599995	  0.168 	  -62.73 	 
0.203799995	  0.169 	  -62.45 	 
0.203999995	  0.169 	  -62.12 	 
0.204199995	  0.169 	  -61.84 	 
0.204399995	  0.169 	  -61.54 	 
0.204599995	  0.170 	  -61.26 	 
