0.000000000	  0.126 	  -68.21 	 
0.000200000	  0.126 	  -67.93 	 
0.000400000	  0.127 	  -67.67 	 
0.000600000	  0.126 	  -67.37 	 
0.000800000	  0.126 	  -67.07 	 
0.001000000	  0.127 	  -66.73 	 
0.001200000	  0.127 	  -66.41 	 
0.001400000	  0.128 	  -66.11 	 
0.001600000	  0.128 	  -65.80 	 
0.001800000	  0.128 	  -65.50 	 
0.002000000	  0.128 	  -65.24 	 
0.002200000	  0.128 	  -64.98 	 
0.002400000	  0.128 	  -64.68 	 
0.002600000	  0.129 	  -64.40 	 
0.002800000	  0.128 	  -64.10 	 
0.003000000	  0.129 	  -63.76 	 
0.003200000	  0.130 	  -63.43 	 
0.003400000	  0.130 	  -63.10 	 
0.003600000	  0.129 	  -62.78 	 
0.003800000	  0.130 	  -62.48 	 
0.004000000	  0.130 	  -62.18 	 
0.004200000	  0.131 	  -61.87 	 
0.004400000	  0.130 	  -61.57 	 
0.004600000	  0.131 	  -61.29 	 
0.004800000	  0.131 	  -60.99 	 
0.005000000	  0.131 	  -60.69 	 
0.005200000	  0.131 	  -60.39 	 
0.005400000	  0.131 	  -60.09 	 
0.005600000	  0.132 	  -59.77 	 
0.005800000	  0.132 	  -59.45 	 
0.006000000	  0.132 	  -59.12 	 
0.006200000	  0.133 	  -58.83 	 
0.006400000	  0.132 	  -58.57 	 
0.006600000	  0.133 	  -58.28 	 
0.006800000	  0.134 	  -57.99 	 
0.007000000	  0.133 	  -57.68 	 
0.007200000	  0.134 	  -57.37 	 
0.007400000	  0.134 	  -57.08 	 
0.007600000	  0.134 	  -56.79 	 
0.007800000	  0.135 	  -56.51 	 
0.008000000	  0.134 	  -56.21 	 
0.008200000	  0.134 	  -55.91 	 
0.008400000	  0.135 	  -55.60 	 
0.008600000	  0.135 	  -55.31 	 
0.008800000	  0.136 	  -55.03 	 
0.009000000	  0.136 	  -54.73 	 
0.009200000	  0.136 	  -54.42 	 
0.009400000	  0.136 	  -54.11 	 
0.009600000	  0.136 	  -53.85 	 
0.009800000	  0.137 	  -53.57 	 
0.010000000	  0.137 	  -53.30 	 
0.010200000	  0.136 	  -53.03 	 
0.010400000	  0.137 	  -52.79 	 
0.010600000	  0.137 	  -52.49 	 
0.010800000	  0.138 	  -52.19 	 
0.011000000	  0.138 	  -51.89 	 
0.011200000	  0.138 	  -51.62 	 
0.011400000	  0.138 	  -51.32 	 
0.011600000	  0.139 	  -51.05 	 
0.011800000	  0.139 	  -50.81 	 
0.012000000	  0.139 	  -50.54 	 
0.012200000	  0.139 	  -50.27 	 
0.012400000	  0.140 	  -50.04 	 
0.012600000	  0.140 	  -49.79 	 
0.012800000	  0.139 	  -49.49 	 
0.013000000	  0.140 	  -49.21 	 
0.013200000	  0.140 	  -48.95 	 
0.013400000	  0.140 	  -48.68 	 
0.013600000	  0.141 	  -48.44 	 
0.013800000	  0.140 	  -48.20 	 
0.014000000	  0.141 	  -47.96 	 
0.014200000	  0.141 	  -47.72 	 
0.014400000	  0.142 	  -47.50 	 
0.014600000	  0.142 	  -47.28 	 
0.014800000	  0.142 	  -47.03 	 
0.015000000	  0.143 	  -46.80 	 
0.015200000	  0.143 	  -46.55 	 
0.015400000	  0.143 	  -46.30 	 
0.015600000	  0.143 	  -46.06 	 
0.015800000	  0.143 	  -45.84 	 
0.016000000	  0.143 	  -45.63 	 
0.016200000	  0.144 	  -45.39 	 
0.016400000	  0.144 	  -45.16 	 
0.016600000	  0.144 	  -44.95 	 
0.016800000	  0.144 	  -44.74 	 
0.017000000	  0.144 	  -44.52 	 
0.017200000	  0.144 	  -44.33 	 
0.017400000	  0.145 	  -44.14 	 
0.017600000	  0.145 	  -43.93 	 
0.017800000	  0.146 	  -43.70 	 
0.018000000	  0.146 	  -43.51 	 
0.018200000	  0.146 	  -43.30 	 
0.018400000	  0.146 	  -43.09 	 
0.018600000	  0.146 	  -42.92 	 
0.018800000	  0.146 	  -42.74 	 
0.019000000	  0.146 	  -42.55 	 
0.019200000	  0.147 	  -42.40 	 
0.019400000	  0.147 	  -42.20 	 
0.019600000	  0.147 	  -42.07 	 
0.019799999	  0.147 	  -41.87 	 
0.019999999	  0.147 	  -41.71 	 
0.020199999	  0.148 	  -41.53 	 
0.020399999	  0.148 	  -41.35 	 
0.020599999	  0.148 	  -41.19 	 
0.020799999	  0.149 	  -41.03 	 
0.020999999	  0.149 	  -40.88 	 
0.021199999	  0.149 	  -40.73 	 
0.021399999	  0.149 	  -40.62 	 
0.021599999	  0.148 	  -40.47 	 
0.021799999	  0.149 	  -40.38 	 
0.021999999	  0.149 	  -40.25 	 
0.022199999	  0.149 	  -40.13 	 
0.022399999	  0.150 	  -39.98 	 
0.022599999	  0.150 	  -39.85 	 
0.022799999	  0.150 	  -39.71 	 
0.022999999	  0.150 	  -39.59 	 
0.023199999	  0.150 	  -39.44 	 
0.023399999	  0.150 	  -39.34 	 
0.023599999	  0.150 	  -39.24 	 
0.023799999	  0.150 	  -39.13 	 
0.023999999	  0.151 	  -39.03 	 
0.024199999	  0.151 	  -38.96 	 
0.024399999	  0.151 	  -38.88 	 
0.024599999	  0.152 	  -38.78 	 
0.024799999	  0.151 	  -38.66 	 
0.024999999	  0.151 	  -38.55 	 
0.025199999	  0.151 	  -38.47 	 
0.025399999	  0.152 	  -38.40 	 
0.025599999	  0.152 	  -38.34 	 
0.025799999	  0.152 	  -38.27 	 
0.025999999	  0.152 	  -38.23 	 
0.026199999	  0.152 	  -38.19 	 
0.026399999	  0.152 	  -38.15 	 
0.026599999	  0.153 	  -38.11 	 
0.026799999	  0.152 	  -38.08 	 
0.026999999	  0.152 	  -38.01 	 
0.027199999	  0.152 	  -37.93 	 
0.027399999	  0.152 	  -37.88 	 
0.027599999	  0.152 	  -37.84 	 
0.027799999	  0.152 	  -37.81 	 
0.027999999	  0.153 	  -37.79 	 
0.028199999	  0.153 	  -37.78 	 
0.028399999	  0.153 	  -37.79 	 
0.028599999	  0.153 	  -37.78 	 
0.028799999	  0.153 	  -37.77 	 
0.028999999	  0.153 	  -37.73 	 
0.029199999	  0.153 	  -37.74 	 
0.029399999	  0.153 	  -37.72 	 
0.029599999	  0.153 	  -37.68 	 
0.029799999	  0.153 	  -37.70 	 
0.029999999	  0.153 	  -37.69 	 
0.030199999	  0.153 	  -37.73 	 
0.030399999	  0.154 	  -37.76 	 
0.030599999	  0.153 	  -37.81 	 
0.030799999	  0.154 	  -37.83 	 
0.030999999	  0.153 	  -37.85 	 
0.031199999	  0.153 	  -37.85 	 
0.031399999	  0.153 	  -37.89 	 
0.031599999	  0.154 	  -37.92 	 
0.031799999	  0.154 	  -37.96 	 
0.031999999	  0.153 	  -37.99 	 
0.032199999	  0.152 	  -38.06 	 
0.032399999	  0.153 	  -38.07 	 
0.032599999	  0.153 	  -38.14 	 
0.032799999	  0.153 	  -38.20 	 
0.032999999	  0.154 	  -38.27 	 
0.033199999	  0.154 	  -38.32 	 
0.033399999	  0.153 	  -38.40 	 
0.033599999	  0.154 	  -38.45 	 
0.033799999	  0.153 	  -38.56 	 
0.033999999	  0.153 	  -38.65 	 
0.034199999	  0.153 	  -38.75 	 
0.034399999	  0.154 	  -38.81 	 
0.034599999	  0.153 	  -38.88 	 
0.034799999	  0.153 	  -38.96 	 
0.034999999	  0.153 	  -39.04 	 
0.035199999	  0.153 	  -39.15 	 
0.035399999	  0.153 	  -39.26 	 
0.035599999	  0.153 	  -39.37 	 
0.035799999	  0.153 	  -39.50 	 
0.035999999	  0.153 	  -39.62 	 
0.036199999	  0.153 	  -39.75 	 
0.036399999	  0.152 	  -39.87 	 
0.036599999	  0.152 	  -40.03 	 
0.036799999	  0.153 	  -40.14 	 
0.036999999	  0.152 	  -40.25 	 
0.037199999	  0.153 	  -40.37 	 
0.037399999	  0.152 	  -40.49 	 
0.037599999	  0.152 	  -40.64 	 
0.037799999	  0.152 	  -40.79 	 
0.037999999	  0.152 	  -40.98 	 
0.038199999	  0.152 	  -41.13 	 
0.038399999	  0.152 	  -41.30 	 
0.038599999	  0.152 	  -41.45 	 
0.038799999	  0.152 	  -41.60 	 
0.038999999	  0.151 	  -41.78 	 
0.039199999	  0.152 	  -41.96 	 
0.039399999	  0.152 	  -42.15 	 
0.039599999	  0.151 	  -42.34 	 
0.039799999	  0.152 	  -42.51 	 
0.039999999	  0.152 	  -42.66 	 
0.040199999	  0.151 	  -42.84 	 
0.040399999	  0.151 	  -43.03 	 
0.040599999	  0.150 	  -43.23 	 
0.040799999	  0.151 	  -43.43 	 
0.040999999	  0.150 	  -43.64 	 
0.041199999	  0.151 	  -43.83 	 
0.041399999	  0.151 	  -44.06 	 
0.041599999	  0.151 	  -44.24 	 
0.041799999	  0.150 	  -44.47 	 
0.041999999	  0.151 	  -44.72 	 
0.042199999	  0.150 	  -44.95 	 
0.042399999	  0.150 	  -45.21 	 
0.042599999	  0.150 	  -45.41 	 
0.042799999	  0.150 	  -45.64 	 
0.042999999	  0.150 	  -45.83 	 
0.043199999	  0.149 	  -46.03 	 
0.043399999	  0.150 	  -46.23 	 
0.043599999	  0.149 	  -46.48 	 
0.043799999	  0.149 	  -46.74 	 
0.043999999	  0.149 	  -46.97 	 
0.044199999	  0.149 	  -47.22 	 
0.044399999	  0.149 	  -47.46 	 
0.044599999	  0.148 	  -47.70 	 
0.044799999	  0.148 	  -47.94 	 
0.044999999	  0.147 	  -48.22 	 
0.045199999	  0.147 	  -48.49 	 
0.045399999	  0.147 	  -48.77 	 
0.045599999	  0.147 	  -49.01 	 
0.045799999	  0.147 	  -49.23 	 
0.045999999	  0.148 	  -49.49 	 
0.046199999	  0.147 	  -49.75 	 
0.046399999	  0.146 	  -50.02 	 
0.046599999	  0.146 	  -50.31 	 
0.046799999	  0.146 	  -50.57 	 
0.046999999	  0.146 	  -50.85 	 
0.047199999	  0.146 	  -51.12 	 
0.047399999	  0.146 	  -51.38 	 
0.047599999	  0.145 	  -51.67 	 
0.047799999	  0.146 	  -51.99 	 
0.047999999	  0.146 	  -52.30 	 
0.048199999	  0.145 	  -52.57 	 
0.048399999	  0.145 	  -52.85 	 
0.048599999	  0.145 	  -53.10 	 
0.048799999	  0.144 	  -53.35 	 
0.048999999	  0.145 	  -53.60 	 
0.049199999	  0.145 	  -53.86 	 
0.049399999	  0.144 	  -54.18 	 
0.049599999	  0.144 	  -54.47 	 
0.049799999	  0.144 	  -54.80 	 
0.049999999	  0.144 	  -55.12 	 
0.050199999	  0.143 	  -55.41 	 
0.050399999	  0.143 	  -55.71 	 
0.050599999	  0.143 	  -55.98 	 
0.050799999	  0.142 	  -56.29 	 
0.050999999	  0.142 	  -56.60 	 
0.051199999	  0.142 	  -56.90 	 
0.051399999	  0.141 	  -57.20 	 
0.051599999	  0.141 	  -57.46 	 
0.051799999	  0.142 	  -57.74 	 
0.051999999	  0.141 	  -58.04 	 
0.052199999	  0.140 	  -58.35 	 
0.052399999	  0.141 	  -58.63 	 
0.052599999	  0.140 	  -58.94 	 
0.052799999	  0.140 	  -59.25 	 
0.052999999	  0.140 	  -59.54 	 
0.053199999	  0.140 	  -59.84 	 
0.053399999	  0.139 	  -60.15 	 
0.053599999	  0.139 	  -60.46 	 
0.053799999	  0.139 	  -60.80 	 
0.053999999	  0.139 	  -61.13 	 
0.054199999	  0.138 	  -61.41 	 
0.054399999	  0.139 	  -61.70 	 
0.054599999	  0.139 	  -61.97 	 
0.054799999	  0.138 	  -62.24 	 
0.054999999	  0.138 	  -62.56 	 
0.055199999	  0.138 	  -62.84 	 
0.055399999	  0.138 	  -63.15 	 
0.055599999	  0.137 	  -63.50 	 
0.055799999	  0.137 	  -63.81 	 
0.055999999	  0.137 	  -64.10 	 
0.056199999	  0.136 	  -64.37 	 
0.056399999	  0.136 	  -64.69 	 
0.056599999	  0.136 	  -64.99 	 
0.056799999	  0.136 	  -65.28 	 
0.056999999	  0.136 	  -65.58 	 
0.057199999	  0.135 	  -65.87 	 
0.057399999	  0.135 	  -66.15 	 
0.057599999	  0.135 	  -66.44 	 
0.057799999	  0.135 	  -66.72 	 
0.057999999	  0.134 	  -67.01 	 
0.058199999	  0.134 	  -67.31 	 
0.058399999	  0.134 	  -67.60 	 
0.058599999	  0.133 	  -67.87 	 
0.058799999	  0.134 	  -68.18 	 
0.058999999	  0.134 	  -68.47 	 
0.059199999	  0.133 	  -68.78 	 
0.059399998	  0.132 	  -69.05 	 
0.059599998	  0.133 	  -69.35 	 
0.059799998	  0.132 	  -69.63 	 
0.059999998	  0.132 	  -69.93 	 
0.060199998	  0.132 	  -70.20 	 
0.060399998	  0.132 	  -70.48 	 
0.060599998	  0.131 	  -70.75 	 
0.060799998	  0.131 	  -71.01 	 
0.060999998	  0.131 	  -71.28 	 
0.061199998	  0.130 	  -71.54 	 
0.061399998	  0.131 	  -71.81 	 
0.061599998	  0.130 	  -72.09 	 
0.061799998	  0.130 	  -72.36 	 
0.061999998	  0.130 	  -72.64 	 
0.062199998	  0.130 	  -72.92 	 
0.062399998	  0.129 	  -73.21 	 
0.062599998	  0.129 	  -73.49 	 
0.062799998	  0.129 	  -73.74 	 
0.062999998	  0.129 	  -74.00 	 
0.063199998	  0.129 	  -74.21 	 
0.063399998	  0.128 	  -74.45 	 
0.063599998	  0.128 	  -74.65 	 
0.063799998	  0.128 	  -74.89 	 
0.063999998	  0.128 	  -75.15 	 
0.064199998	  0.127 	  -75.41 	 
0.064399998	  0.127 	  -75.66 	 
0.064599998	  0.128 	  -75.90 	 
0.064799998	  0.127 	  -76.14 	 
0.064999998	  0.126 	  -76.38 	 
0.065199998	  0.126 	  -76.60 	 
0.065399998	  0.126 	  -76.83 	 
0.065599998	  0.126 	  -77.08 	 
0.065799998	  0.126 	  -77.30 	 
0.065999998	  0.126 	  -77.52 	 
0.066199998	  0.125 	  -77.76 	 
0.066399998	  0.126 	  -77.98 	 
0.066599998	  0.125 	  -78.18 	 
0.066799998	  0.125 	  -78.41 	 
0.066999998	  0.124 	  -78.62 	 
0.067199998	  0.125 	  -78.79 	 
0.067399998	  0.124 	  -79.01 	 
0.067599998	  0.124 	  -79.23 	 
0.067799998	  0.125 	  -79.40 	 
0.067999998	  0.124 	  -79.61 	 
0.068199998	  0.124 	  -79.81 	 
0.068399998	  0.124 	  -80.02 	 
0.068599998	  0.123 	  -80.22 	 
0.068799998	  0.123 	  -80.40 	 
0.068999998	  0.123 	  -80.59 	 
0.069199998	  0.122 	  -80.76 	 
0.069399998	  0.123 	  -80.92 	 
0.069599998	  0.123 	  -81.10 	 
0.069799998	  0.122 	  -81.27 	 
0.069999998	  0.123 	  -81.42 	 
0.070199998	  0.122 	  -81.59 	 
0.070399998	  0.122 	  -81.75 	 
0.070599998	  0.122 	  -81.89 	 
0.070799998	  0.121 	  -82.04 	 
0.070999998	  0.122 	  -82.23 	 
0.071199998	  0.122 	  -82.37 	 
0.071399998	  0.121 	  -82.52 	 
0.071599998	  0.121 	  -82.67 	 
0.071799998	  0.121 	  -82.83 	 
0.071999998	  0.122 	  -82.96 	 
0.072199998	  0.121 	  -83.07 	 
0.072399998	  0.120 	  -83.18 	 
0.072599998	  0.121 	  -83.31 	 
0.072799998	  0.120 	  -83.46 	 
0.072999998	  0.120 	  -83.57 	 
0.073199998	  0.120 	  -83.68 	 
0.073399998	  0.120 	  -83.80 	 
0.073599998	  0.120 	  -83.89 	 
0.073799998	  0.120 	  -83.99 	 
0.073999998	  0.120 	  -84.10 	 
0.074199998	  0.120 	  -84.21 	 
0.074399998	  0.120 	  -84.29 	 
0.074599998	  0.119 	  -84.40 	 
0.074799998	  0.119 	  -84.50 	 
0.074999998	  0.119 	  -84.60 	 
0.075199998	  0.119 	  -84.69 	 
0.075399998	  0.119 	  -84.73 	 
0.075599998	  0.120 	  -84.82 	 
0.075799998	  0.119 	  -84.86 	 
0.075999998	  0.119 	  -84.91 	 
0.076199998	  0.120 	  -84.94 	 
0.076399998	  0.118 	  -85.00 	 
0.076599998	  0.118 	  -85.06 	 
0.076799998	  0.119 	  -85.12 	 
0.076999998	  0.118 	  -85.20 	 
0.077199998	  0.118 	  -85.26 	 
0.077399998	  0.119 	  -85.32 	 
0.077599998	  0.119 	  -85.33 	 
0.077799998	  0.119 	  -85.37 	 
0.077999998	  0.118 	  -85.40 	 
0.078199998	  0.119 	  -85.41 	 
0.078399998	  0.118 	  -85.43 	 
0.078599998	  0.118 	  -85.44 	 
0.078799998	  0.118 	  -85.46 	 
0.078999998	  0.118 	  -85.46 	 
0.079199998	  0.118 	  -85.47 	 
0.079399998	  0.118 	  -85.47 	 
0.079599998	  0.118 	  -85.47 	 
0.079799998	  0.118 	  -85.47 	 
0.079999998	  0.118 	  -85.46 	 
0.080199998	  0.119 	  -85.44 	 
0.080399998	  0.118 	  -85.42 	 
0.080599998	  0.118 	  -85.42 	 
0.080799998	  0.118 	  -85.44 	 
0.080999998	  0.118 	  -85.42 	 
0.081199998	  0.117 	  -85.39 	 
0.081399998	  0.118 	  -85.37 	 
0.081599998	  0.118 	  -85.32 	 
0.081799998	  0.118 	  -85.26 	 
0.081999998	  0.118 	  -85.22 	 
0.082199998	  0.118 	  -85.15 	 
0.082399998	  0.118 	  -85.12 	 
0.082599998	  0.118 	  -85.08 	 
0.082799998	  0.118 	  -85.04 	 
0.082999998	  0.118 	  -85.00 	 
0.083199998	  0.118 	  -84.94 	 
0.083399998	  0.118 	  -84.87 	 
0.083599998	  0.118 	  -84.80 	 
0.083799998	  0.118 	  -84.73 	 
0.083999998	  0.118 	  -84.65 	 
0.084199998	  0.118 	  -84.60 	 
0.084399998	  0.118 	  -84.47 	 
0.084599998	  0.118 	  -84.39 	 
0.084799998	  0.118 	  -84.29 	 
0.084999998	  0.118 	  -84.18 	 
0.085199998	  0.118 	  -84.08 	 
0.085399998	  0.118 	  -83.98 	 
0.085599998	  0.118 	  -83.90 	 
0.085799998	  0.118 	  -83.81 	 
0.085999998	  0.118 	  -83.67 	 
0.086199998	  0.119 	  -83.55 	 
0.086399998	  0.119 	  -83.45 	 
0.086599998	  0.119 	  -83.34 	 
0.086799998	  0.119 	  -83.23 	 
0.086999998	  0.119 	  -83.13 	 
0.087199998	  0.119 	  -83.00 	 
0.087399998	  0.119 	  -82.84 	 
0.087599998	  0.119 	  -82.65 	 
0.087799998	  0.119 	  -82.50 	 
0.087999998	  0.119 	  -82.33 	 
0.088199998	  0.119 	  -82.17 	 
0.088399998	  0.119 	  -82.03 	 
0.088599998	  0.118 	  -81.90 	 
0.088799998	  0.119 	  -81.73 	 
0.088999998	  0.119 	  -81.54 	 
0.089199998	  0.120 	  -81.38 	 
0.089399998	  0.119 	  -81.18 	 
0.089599998	  0.119 	  -81.01 	 
0.089799998	  0.120 	  -80.86 	 
0.089999998	  0.119 	  -80.72 	 
0.090199998	  0.120 	  -80.55 	 
0.090399998	  0.120 	  -80.36 	 
0.090599998	  0.120 	  -80.17 	 
0.090799998	  0.119 	  -79.91 	 
0.090999998	  0.121 	  -79.68 	 
0.091199998	  0.120 	  -79.45 	 
0.091399998	  0.120 	  -79.27 	 
0.091599998	  0.120 	  -79.06 	 
0.091799998	  0.120 	  -78.84 	 
0.091999998	  0.120 	  -78.65 	 
0.092199998	  0.120 	  -78.45 	 
0.092399998	  0.121 	  -78.24 	 
0.092599998	  0.121 	  -78.04 	 
0.092799998	  0.121 	  -77.81 	 
0.092999998	  0.121 	  -77.60 	 
0.093199998	  0.121 	  -77.36 	 
0.093399998	  0.122 	  -77.12 	 
0.093599998	  0.122 	  -76.84 	 
0.093799998	  0.121 	  -76.61 	 
0.093999998	  0.122 	  -76.37 	 
0.094199998	  0.122 	  -76.14 	 
0.094399998	  0.122 	  -75.88 	 
0.094599998	  0.122 	  -75.65 	 
0.094799998	  0.122 	  -75.39 	 
0.094999998	  0.123 	  -75.13 	 
0.095199998	  0.123 	  -74.87 	 
0.095399998	  0.123 	  -74.63 	 
0.095599998	  0.123 	  -74.37 	 
0.095799998	  0.123 	  -74.15 	 
0.095999998	  0.123 	  -73.90 	 
0.096199998	  0.124 	  -73.62 	 
0.096399998	  0.123 	  -73.32 	 
0.096599998	  0.123 	  -73.01 	 
0.096799998	  0.124 	  -72.73 	 
0.096999998	  0.124 	  -72.46 	 
0.097199998	  0.124 	  -72.20 	 
0.097399998	  0.123 	  -71.94 	 
0.097599998	  0.124 	  -71.66 	 
0.097799998	  0.124 	  -71.37 	 
0.097999998	  0.124 	  -71.10 	 
0.098199998	  0.125 	  -70.82 	 
0.098399998	  0.124 	  -70.59 	 
0.098599998	  0.126 	  -70.31 	 
0.098799998	  0.125 	  -70.00 	 
0.098999997	  0.125 	  -69.67 	 
0.099199997	  0.125 	  -69.33 	 
0.099399997	  0.126 	  -69.03 	 
0.099599997	  0.126 	  -68.74 	 
0.099799997	  0.126 	  -68.49 	 
0.099999997	  0.126 	  -68.22 	 
0.100199997	  0.126 	  -67.97 	 
0.100399997	  0.127 	  -67.66 	 
0.100599997	  0.126 	  -67.36 	 
0.100799997	  0.127 	  -67.05 	 
0.100999997	  0.127 	  -66.76 	 
0.101199997	  0.127 	  -66.47 	 
0.101399997	  0.128 	  -66.16 	 
0.101599997	  0.128 	  -65.85 	 
0.101799997	  0.128 	  -65.54 	 
0.101999997	  0.128 	  -65.23 	 
0.102199997	  0.128 	  -64.94 	 
0.102399997	  0.129 	  -64.66 	 
0.102599997	  0.128 	  -64.37 	 
0.102799997	  0.129 	  -64.08 	 
0.102999997	  0.129 	  -63.75 	 
0.103199997	  0.129 	  -63.44 	 
0.103399997	  0.130 	  -63.13 	 
0.103599997	  0.130 	  -62.83 	 
0.103799997	  0.130 	  -62.51 	 
0.103999997	  0.131 	  -62.21 	 
0.104199997	  0.130 	  -61.89 	 
0.104399997	  0.131 	  -61.57 	 
0.104599997	  0.131 	  -61.27 	 
0.104799997	  0.131 	  -60.96 	 
0.104999997	  0.131 	  -60.65 	 
0.105199997	  0.131 	  -60.36 	 
0.105399997	  0.131 	  -60.06 	 
0.105599997	  0.132 	  -59.77 	 
0.105799997	  0.132 	  -59.47 	 
0.105999997	  0.132 	  -59.20 	 
0.106199997	  0.133 	  -58.90 	 
0.106399997	  0.133 	  -58.58 	 
0.106599997	  0.133 	  -58.27 	 
0.106799997	  0.133 	  -57.96 	 
0.106999997	  0.134 	  -57.65 	 
0.107199997	  0.134 	  -57.39 	 
0.107399997	  0.134 	  -57.09 	 
0.107599997	  0.134 	  -56.81 	 
0.107799997	  0.134 	  -56.52 	 
0.107999997	  0.134 	  -56.22 	 
0.108199997	  0.134 	  -55.92 	 
0.108399997	  0.134 	  -55.61 	 
0.108599997	  0.135 	  -55.32 	 
0.108799997	  0.134 	  -55.03 	 
0.108999997	  0.136 	  -54.72 	 
0.109199997	  0.136 	  -54.41 	 
0.109399997	  0.136 	  -54.15 	 
0.109599997	  0.137 	  -53.87 	 
0.109799997	  0.137 	  -53.59 	 
0.109999997	  0.136 	  -53.29 	 
0.110199997	  0.137 	  -53.02 	 
0.110399997	  0.137 	  -52.74 	 
0.110599997	  0.137 	  -52.46 	 
0.110799997	  0.137 	  -52.17 	 
0.110999997	  0.137 	  -51.92 	 
0.111199997	  0.138 	  -51.66 	 
0.111399997	  0.139 	  -51.36 	 
0.111599997	  0.139 	  -51.08 	 
0.111799997	  0.139 	  -50.81 	 
0.111999997	  0.139 	  -50.55 	 
0.112199997	  0.139 	  -50.26 	 
0.112399997	  0.140 	  -49.99 	 
0.112599997	  0.139 	  -49.72 	 
0.112799997	  0.140 	  -49.49 	 
0.112999997	  0.140 	  -49.24 	 
0.113199997	  0.139 	  -48.99 	 
0.113399997	  0.140 	  -48.76 	 
0.113599997	  0.141 	  -48.49 	 
0.113799997	  0.141 	  -48.26 	 
0.113999997	  0.141 	  -47.97 	 
0.114199997	  0.141 	  -47.72 	 
0.114399997	  0.142 	  -47.47 	 
0.114599997	  0.142 	  -47.24 	 
0.114799997	  0.142 	  -47.01 	 
0.114999997	  0.142 	  -46.78 	 
0.115199997	  0.143 	  -46.54 	 
0.115399997	  0.143 	  -46.32 	 
0.115599997	  0.144 	  -46.08 	 
0.115799997	  0.144 	  -45.88 	 
0.115999997	  0.143 	  -45.66 	 
0.116199997	  0.144 	  -45.41 	 
0.116399997	  0.144 	  -45.17 	 
0.116599997	  0.144 	  -44.94 	 
0.116799997	  0.145 	  -44.73 	 
0.116999997	  0.144 	  -44.52 	 
0.117199997	  0.145 	  -44.31 	 
0.117399997	  0.145 	  -44.13 	 
0.117599997	  0.145 	  -43.92 	 
0.117799997	  0.146 	  -43.71 	 
0.117999997	  0.146 	  -43.52 	 
0.118199997	  0.146 	  -43.34 	 
0.118399997	  0.146 	  -43.13 	 
0.118599997	  0.146 	  -42.94 	 
0.118799997	  0.146 	  -42.77 	 
0.118999997	  0.147 	  -42.58 	 
0.119199997	  0.146 	  -42.39 	 
0.119399997	  0.147 	  -42.19 	 
0.119599997	  0.147 	  -42.02 	 
0.119799997	  0.147 	  -41.86 	 
0.119999997	  0.147 	  -41.68 	 
0.120199997	  0.148 	  -41.53 	 
0.120399997	  0.148 	  -41.39 	 
0.120599997	  0.149 	  -41.25 	 
0.120799997	  0.148 	  -41.10 	 
0.120999997	  0.148 	  -40.94 	 
0.121199997	  0.149 	  -40.78 	 
0.121399997	  0.149 	  -40.62 	 
0.121599997	  0.149 	  -40.46 	 
0.121799997	  0.149 	  -40.31 	 
0.121999997	  0.150 	  -40.18 	 
0.122199997	  0.149 	  -40.08 	 
0.122399997	  0.150 	  -39.97 	 
0.122599997	  0.150 	  -39.87 	 
0.122799997	  0.151 	  -39.75 	 
0.122999997	  0.150 	  -39.65 	 
0.123199997	  0.150 	  -39.51 	 
0.123399997	  0.151 	  -39.38 	 
0.123599997	  0.150 	  -39.23 	 
0.123799997	  0.151 	  -39.09 	 
0.123999997	  0.151 	  -39.00 	 
0.124199997	  0.151 	  -38.89 	 
0.124399997	  0.152 	  -38.83 	 
0.124599997	  0.151 	  -38.76 	 
0.124799997	  0.152 	  -38.67 	 
0.124999997	  0.152 	  -38.61 	 
0.125199997	  0.152 	  -38.54 	 
0.125399997	  0.152 	  -38.45 	 
0.125599997	  0.152 	  -38.36 	 
0.125799997	  0.152 	  -38.28 	 
0.125999997	  0.152 	  -38.23 	 
0.126199997	  0.151 	  -38.15 	 
0.126399997	  0.152 	  -38.10 	 
0.126599997	  0.152 	  -38.08 	 
0.126799997	  0.152 	  -38.01 	 
0.126999997	  0.152 	  -37.99 	 
0.127199997	  0.153 	  -37.96 	 
0.127399997	  0.153 	  -37.94 	 
0.127599997	  0.153 	  -37.92 	 
0.127799997	  0.153 	  -37.87 	 
0.127999997	  0.153 	  -37.82 	 
0.128199997	  0.153 	  -37.78 	 
0.128399997	  0.153 	  -37.76 	 
0.128599997	  0.153 	  -37.73 	 
0.128799997	  0.153 	  -37.70 	 
0.128999997	  0.153 	  -37.69 	 
0.129199997	  0.153 	  -37.70 	 
0.129399997	  0.153 	  -37.74 	 
0.129599997	  0.153 	  -37.73 	 
0.129799997	  0.153 	  -37.78 	 
0.129999997	  0.154 	  -37.79 	 
0.130199997	  0.153 	  -37.79 	 
0.130399997	  0.153 	  -37.79 	 
0.130599997	  0.153 	  -37.79 	 
0.130799997	  0.153 	  -37.76 	 
0.130999997	  0.154 	  -37.81 	 
0.131199997	  0.154 	  -37.84 	 
0.131399997	  0.153 	  -37.90 	 
0.131599997	  0.153 	  -37.93 	 
0.131799997	  0.153 	  -37.97 	 
0.131999997	  0.154 	  -38.01 	 
0.132199997	  0.154 	  -38.07 	 
0.132399997	  0.154 	  -38.13 	 
0.132599997	  0.153 	  -38.18 	 
0.132799997	  0.154 	  -38.23 	 
0.132999997	  0.154 	  -38.28 	 
0.133199997	  0.153 	  -38.32 	 
0.133399997	  0.153 	  -38.39 	 
0.133599997	  0.154 	  -38.45 	 
0.133799997	  0.153 	  -38.54 	 
0.133999997	  0.153 	  -38.65 	 
0.134199997	  0.153 	  -38.73 	 
0.134399997	  0.153 	  -38.80 	 
0.134599997	  0.153 	  -38.88 	 
0.134799997	  0.153 	  -39.00 	 
0.134999997	  0.152 	  -39.10 	 
0.135199997	  0.153 	  -39.20 	 
0.135399997	  0.153 	  -39.30 	 
0.135599997	  0.153 	  -39.41 	 
0.135799997	  0.152 	  -39.48 	 
0.135999997	  0.153 	  -39.61 	 
0.136199997	  0.153 	  -39.72 	 
0.136399997	  0.152 	  -39.85 	 
0.136599997	  0.152 	  -39.97 	 
0.136799997	  0.152 	  -40.12 	 
0.136999997	  0.152 	  -40.27 	 
0.137199997	  0.152 	  -40.40 	 
0.137399997	  0.153 	  -40.57 	 
0.137599997	  0.153 	  -40.71 	 
0.137799997	  0.153 	  -40.86 	 
0.137999997	  0.152 	  -41.00 	 
0.138199997	  0.152 	  -41.15 	 
0.138399997	  0.152 	  -41.26 	 
0.138599996	  0.153 	  -41.40 	 
0.138799996	  0.152 	  -41.58 	 
0.138999996	  0.152 	  -41.77 	 
0.139199996	  0.152 	  -41.96 	 
0.139399996	  0.152 	  -42.14 	 
0.139599996	  0.151 	  -42.31 	 
0.139799996	  0.152 	  -42.50 	 
0.139999996	  0.151 	  -42.66 	 
0.140199996	  0.151 	  -42.85 	 
0.140399996	  0.151 	  -43.07 	 
0.140599996	  0.151 	  -43.27 	 
0.140799996	  0.151 	  -43.47 	 
0.140999996	  0.150 	  -43.68 	 
0.141199996	  0.150 	  -43.86 	 
0.141399996	  0.150 	  -44.04 	 
0.141599996	  0.150 	  -44.26 	 
0.141799996	  0.150 	  -44.47 	 
0.141999996	  0.150 	  -44.72 	 
0.142199996	  0.150 	  -44.92 	 
0.142399996	  0.150 	  -45.16 	 
0.142599996	  0.150 	  -45.37 	 
0.142799996	  0.150 	  -45.58 	 
0.142999996	  0.150 	  -45.81 	 
0.143199996	  0.149 	  -46.07 	 
0.143399996	  0.149 	  -46.32 	 
0.143599996	  0.149 	  -46.54 	 
0.143799996	  0.149 	  -46.78 	 
0.143999996	  0.149 	  -46.98 	 
0.144199996	  0.149 	  -47.19 	 
0.144399996	  0.149 	  -47.42 	 
0.144599996	  0.148 	  -47.66 	 
0.144799996	  0.149 	  -47.94 	 
0.144999996	  0.148 	  -48.20 	 
0.145199996	  0.148 	  -48.46 	 
0.145399996	  0.148 	  -48.73 	 
0.145599996	  0.148 	  -48.99 	 
0.145799996	  0.147 	  -49.26 	 
0.145999996	  0.147 	  -49.54 	 
0.146199996	  0.147 	  -49.83 	 
0.146399996	  0.146 	  -50.10 	 
0.146599996	  0.146 	  -50.36 	 
0.146799996	  0.147 	  -50.61 	 
0.146999996	  0.146 	  -50.85 	 
0.147199996	  0.146 	  -51.12 	 
0.147399996	  0.146 	  -51.38 	 
0.147599996	  0.146 	  -51.69 	 
0.147799996	  0.146 	  -51.97 	 
0.147999996	  0.146 	  -52.25 	 
0.148199996	  0.146 	  -52.53 	 
0.148399996	  0.145 	  -52.80 	 
0.148599996	  0.145 	  -53.06 	 
0.148799996	  0.144 	  -53.37 	 
0.148999996	  0.144 	  -53.66 	 
0.149199996	  0.144 	  -53.97 	 
0.149399996	  0.144 	  -54.27 	 
0.149599996	  0.143 	  -54.55 	 
0.149799996	  0.144 	  -54.86 	 
0.149999996	  0.143 	  -55.10 	 
0.150199996	  0.143 	  -55.37 	 
0.150399996	  0.143 	  -55.65 	 
0.150599996	  0.143 	  -55.94 	 
0.150799996	  0.143 	  -56.25 	 
0.150999996	  0.142 	  -56.55 	 
0.151199996	  0.142 	  -56.87 	 
0.151399996	  0.142 	  -57.18 	 
0.151599996	  0.142 	  -57.47 	 
0.151799996	  0.142 	  -57.78 	 
0.151999996	  0.141 	  -58.10 	 
0.152199996	  0.141 	  -58.40 	 
0.152399996	  0.140 	  -58.70 	 
0.152599996	  0.140 	  -58.97 	 
0.152799996	  0.140 	  -59.25 	 
0.152999996	  0.140 	  -59.54 	 
0.153199996	  0.140 	  -59.84 	 
0.153399996	  0.140 	  -60.14 	 
0.153599996	  0.139 	  -60.47 	 
0.153799996	  0.139 	  -60.76 	 
0.153999996	  0.139 	  -61.10 	 
0.154199996	  0.139 	  -61.37 	 
0.154399996	  0.139 	  -61.67 	 
0.154599996	  0.138 	  -61.99 	 
0.154799996	  0.138 	  -62.31 	 
0.154999996	  0.138 	  -62.62 	 
0.155199996	  0.137 	  -62.94 	 
0.155399996	  0.138 	  -63.22 	 
0.155599996	  0.137 	  -63.49 	 
0.155799996	  0.137 	  -63.78 	 
0.155999996	  0.136 	  -64.05 	 
0.156199996	  0.136 	  -64.33 	 
0.156399996	  0.137 	  -64.65 	 
0.156599996	  0.136 	  -64.97 	 
0.156799996	  0.136 	  -65.27 	 
0.156999996	  0.136 	  -65.57 	 
0.157199996	  0.135 	  -65.87 	 
0.157399996	  0.135 	  -66.17 	 
0.157599996	  0.135 	  -66.46 	 
0.157799996	  0.135 	  -66.77 	 
0.157999996	  0.135 	  -67.07 	 
0.158199996	  0.134 	  -67.36 	 
0.158399996	  0.134 	  -67.63 	 
0.158599996	  0.134 	  -67.91 	 
0.158799996	  0.133 	  -68.20 	 
0.158999996	  0.133 	  -68.47 	 
0.159199996	  0.133 	  -68.76 	 
0.159399996	  0.133 	  -69.01 	 
0.159599996	  0.133 	  -69.31 	 
0.159799996	  0.132 	  -69.59 	 
0.159999996	  0.132 	  -69.89 	 
0.160199996	  0.132 	  -70.19 	 
0.160399996	  0.132 	  -70.46 	 
0.160599996	  0.132 	  -70.78 	 
0.160799996	  0.131 	  -71.06 	 
0.160999996	  0.131 	  -71.35 	 
0.161199996	  0.131 	  -71.61 	 
0.161399996	  0.130 	  -71.85 	 
0.161599996	  0.130 	  -72.11 	 
0.161799996	  0.130 	  -72.36 	 
0.161999996	  0.129 	  -72.61 	 
0.162199996	  0.129 	  -72.90 	 
0.162399996	  0.129 	  -73.16 	 
0.162599996	  0.129 	  -73.44 	 
0.162799996	  0.129 	  -73.73 	 
0.162999996	  0.129 	  -73.97 	 
0.163199996	  0.128 	  -74.21 	 
0.163399996	  0.128 	  -74.46 	 
0.163599996	  0.128 	  -74.69 	 
0.163799996	  0.128 	  -74.92 	 
0.163999996	  0.128 	  -75.20 	 
0.164199996	  0.128 	  -75.42 	 
0.164399996	  0.128 	  -75.66 	 
0.164599996	  0.127 	  -75.90 	 
0.164799996	  0.128 	  -76.14 	 
0.164999996	  0.126 	  -76.36 	 
0.165199996	  0.127 	  -76.63 	 
0.165399996	  0.127 	  -76.84 	 
0.165599996	  0.126 	  -77.07 	 
0.165799996	  0.127 	  -77.31 	 
0.165999996	  0.126 	  -77.51 	 
0.166199996	  0.125 	  -77.76 	 
0.166399996	  0.125 	  -77.98 	 
0.166599996	  0.125 	  -78.24 	 
0.166799996	  0.124 	  -78.44 	 
0.166999996	  0.125 	  -78.66 	 
0.167199996	  0.125 	  -78.86 	 
0.167399996	  0.124 	  -79.04 	 
0.167599996	  0.124 	  -79.24 	 
0.167799996	  0.124 	  -79.43 	 
0.167999996	  0.124 	  -79.61 	 
0.168199996	  0.124 	  -79.80 	 
0.168399996	  0.124 	  -80.00 	 
0.168599996	  0.123 	  -80.20 	 
0.168799996	  0.123 	  -80.39 	 
0.168999996	  0.123 	  -80.55 	 
0.169199996	  0.123 	  -80.73 	 
0.169399996	  0.122 	  -80.92 	 
0.169599996	  0.122 	  -81.12 	 
0.169799996	  0.122 	  -81.30 	 
0.169999996	  0.122 	  -81.46 	 
0.170199996	  0.122 	  -81.62 	 
0.170399996	  0.122 	  -81.76 	 
0.170599996	  0.123 	  -81.90 	 
0.170799996	  0.122 	  -82.06 	 
0.170999996	  0.122 	  -82.23 	 
0.171199996	  0.122 	  -82.37 	 
0.171399996	  0.121 	  -82.53 	 
0.171599996	  0.122 	  -82.65 	 
0.171799996	  0.121 	  -82.79 	 
0.171999996	  0.122 	  -82.93 	 
0.172199996	  0.121 	  -83.07 	 
0.172399996	  0.120 	  -83.20 	 
0.172599996	  0.121 	  -83.35 	 
0.172799996	  0.121 	  -83.48 	 
0.172999996	  0.120 	  -83.60 	 
0.173199996	  0.120 	  -83.69 	 
0.173399996	  0.120 	  -83.80 	 
0.173599996	  0.121 	  -83.91 	 
0.173799996	  0.120 	  -84.01 	 
0.173999996	  0.120 	  -84.10 	 
0.174199996	  0.120 	  -84.21 	 
0.174399996	  0.120 	  -84.30 	 
0.174599996	  0.119 	  -84.39 	 
0.174799996	  0.120 	  -84.50 	 
0.174999996	  0.119 	  -84.56 	 
0.175199996	  0.119 	  -84.65 	 
0.175399996	  0.119 	  -84.73 	 
0.175599996	  0.120 	  -84.81 	 
0.175799996	  0.119 	  -84.90 	 
0.175999996	  0.119 	  -84.95 	 
0.176199996	  0.119 	  -85.01 	 
0.176399996	  0.119 	  -85.06 	 
0.176599996	  0.119 	  -85.11 	 
0.176799996	  0.118 	  -85.12 	 
0.176999996	  0.118 	  -85.16 	 
0.177199996	  0.118 	  -85.21 	 
0.177399996	  0.119 	  -85.27 	 
0.177599996	  0.118 	  -85.33 	 
0.177799996	  0.118 	  -85.37 	 
0.177999996	  0.118 	  -85.40 	 
0.178199995	  0.119 	  -85.41 	 
0.178399995	  0.118 	  -85.43 	 
0.178599995	  0.118 	  -85.46 	 
0.178799995	  0.119 	  -85.47 	 
0.178999995	  0.118 	  -85.50 	 
0.179199995	  0.118 	  -85.50 	 
0.179399995	  0.119 	  -85.50 	 
0.179599995	  0.118 	  -85.48 	 
0.179799995	  0.118 	  -85.50 	 
0.179999995	  0.118 	  -85.46 	 
0.180199995	  0.118 	  -85.44 	 
0.180399995	  0.118 	  -85.44 	 
0.180599995	  0.118 	  -85.44 	 
0.180799995	  0.117 	  -85.41 	 
0.180999995	  0.118 	  -85.40 	 
0.181199995	  0.118 	  -85.39 	 
0.181399995	  0.118 	  -85.36 	 
0.181599995	  0.118 	  -85.35 	 
0.181799995	  0.118 	  -85.32 	 
0.181999995	  0.117 	  -85.26 	 
0.182199995	  0.118 	  -85.22 	 
0.182399995	  0.118 	  -85.16 	 
0.182599995	  0.118 	  -85.08 	 
0.182799995	  0.118 	  -85.02 	 
0.182999995	  0.118 	  -84.96 	 
0.183199995	  0.118 	  -84.90 	 
0.183399995	  0.118 	  -84.84 	 
0.183599995	  0.119 	  -84.79 	 
0.183799995	  0.118 	  -84.71 	 
0.183999995	  0.118 	  -84.63 	 
0.184199995	  0.118 	  -84.53 	 
0.184399995	  0.119 	  -84.47 	 
0.184599995	  0.118 	  -84.42 	 
0.184799995	  0.118 	  -84.34 	 
0.184999995	  0.118 	  -84.25 	 
0.185199995	  0.118 	  -84.14 	 
0.185399995	  0.118 	  -84.02 	 
0.185599995	  0.118 	  -83.89 	 
0.185799995	  0.118 	  -83.76 	 
0.185999995	  0.119 	  -83.64 	 
0.186199995	  0.118 	  -83.55 	 
0.186399995	  0.119 	  -83.48 	 
0.186599995	  0.119 	  -83.33 	 
0.186799995	  0.119 	  -83.22 	 
0.186999995	  0.119 	  -83.09 	 
0.187199995	  0.119 	  -82.96 	 
0.187399995	  0.118 	  -82.86 	 
0.187599995	  0.119 	  -82.70 	 
0.187799995	  0.119 	  -82.56 	 
0.187999995	  0.119 	  -82.36 	 
0.188199995	  0.119 	  -82.19 	 
0.188399995	  0.119 	  -82.03 	 
0.188599995	  0.119 	  -81.87 	 
0.188799995	  0.119 	  -81.70 	 
0.188999995	  0.120 	  -81.56 	 
0.189199995	  0.119 	  -81.42 	 
0.189399995	  0.120 	  -81.23 	 
0.189599995	  0.120 	  -81.05 	 
0.189799995	  0.120 	  -80.87 	 
0.189999995	  0.120 	  -80.68 	 
0.190199995	  0.120 	  -80.48 	 
0.190399995	  0.120 	  -80.32 	 
0.190599995	  0.120 	  -80.16 	 
0.190799995	  0.120 	  -79.97 	 
0.190999995	  0.120 	  -79.76 	 
0.191199995	  0.120 	  -79.52 	 
0.191399995	  0.120 	  -79.28 	 
0.191599995	  0.120 	  -79.06 	 
0.191799995	  0.120 	  -78.85 	 
0.191999995	  0.121 	  -78.66 	 
0.192199995	  0.121 	  -78.44 	 
0.192399995	  0.121 	  -78.23 	 
0.192599995	  0.121 	  -78.01 	 
0.192799995	  0.121 	  -77.79 	 
0.192999995	  0.121 	  -77.57 	 
0.193199995	  0.122 	  -77.37 	 
0.193399995	  0.122 	  -77.16 	 
0.193599995	  0.122 	  -76.93 	 
0.193799995	  0.121 	  -76.65 	 
0.193999995	  0.121 	  -76.36 	 
0.194199995	  0.121 	  -76.08 	 
0.194399995	  0.121 	  -75.84 	 
0.194599995	  0.122 	  -75.62 	 
0.194799995	  0.122 	  -75.42 	 
0.194999995	  0.122 	  -75.18 	 
0.195199995	  0.123 	  -74.93 	 
0.195399995	  0.123 	  -74.64 	 
0.195599995	  0.123 	  -74.37 	 
0.195799995	  0.123 	  -74.08 	 
0.195999995	  0.123 	  -73.85 	 
0.196199995	  0.123 	  -73.60 	 
0.196399995	  0.124 	  -73.37 	 
0.196599995	  0.123 	  -73.09 	 
0.196799995	  0.124 	  -72.77 	 
0.196999995	  0.123 	  -72.48 	 
0.197199995	  0.123 	  -72.17 	 
0.197399995	  0.124 	  -71.91 	 
0.197599995	  0.124 	  -71.67 	 
0.197799995	  0.124 	  -71.39 	 
0.197999995	  0.125 	  -71.13 	 
0.198199995	  0.124 	  -70.84 	 
0.198399995	  0.125 	  -70.54 	 
0.198599995	  0.125 	  -70.25 	 
0.198799995	  0.125 	  -69.99 	 
0.198999995	  0.125 	  -69.71 	 
0.199199995	  0.125 	  -69.44 	 
0.199399995	  0.125 	  -69.13 	 
0.199599995	  0.125 	  -68.81 	 
0.199799995	  0.126 	  -68.50 	 
0.199999995	  0.126 	  -68.18 	 
0.200199995	  0.126 	  -67.90 	 
0.200399995	  0.127 	  -67.64 	 
0.200599995	  0.127 	  -67.36 	 
0.200799995	  0.127 	  -67.06 	 
0.200999995	  0.127 	  -66.74 	 
0.201199995	  0.127 	  -66.44 	 
0.201399995	  0.127 	  -66.15 	 
0.201599995	  0.128 	  -65.87 	 
0.201799995	  0.128 	  -65.58 	 
0.201999995	  0.128 	  -65.28 	 
0.202199995	  0.128 	  -64.99 	 
0.202399995	  0.128 	  -64.68 	 
0.202599995	  0.129 	  -64.35 	 
0.202799995	  0.128 	  -64.02 	 
0.202999995	  0.129 	  -63.70 	 
0.203199995	  0.130 	  -63.41 	 
0.203399995	  0.129 	  -63.11 	 
0.203599995	  0.129 	  -62.80 	 
0.203799995	  0.130 	  -62.51 	 
0.203999995	  0.130 	  -62.23 	 
0.204199995	  0.131 	  -61.94 	 
0.204399995	  0.131 	  -61.61 	 
0.204599995	  0.131 	  -61.30 	 
