0.000000000	 -0.231 	  -68.12 	 
0.000200000	 -0.231 	  -67.82 	 
0.000400000	 -0.231 	  -67.55 	 
0.000600000	 -0.230 	  -67.30 	 
0.000800000	 -0.230 	  -67.06 	 
0.001000000	 -0.230 	  -66.79 	 
0.001200000	 -0.230 	  -66.49 	 
0.001400000	 -0.230 	  -66.13 	 
0.001600000	 -0.229 	  -65.78 	 
0.001800000	 -0.229 	  -65.46 	 
0.002000000	 -0.229 	  -65.16 	 
0.002200000	 -0.229 	  -64.88 	 
0.002400000	 -0.228 	  -64.63 	 
0.002600000	 -0.228 	  -64.34 	 
0.002800000	 -0.228 	  -64.07 	 
0.003000000	 -0.228 	  -63.75 	 
0.003200000	 -0.227 	  -63.39 	 
0.003400000	 -0.227 	  -63.06 	 
0.003600000	 -0.226 	  -62.73 	 
0.003800000	 -0.226 	  -62.45 	 
0.004000000	 -0.226 	  -62.16 	 
0.004200000	 -0.226 	  -61.89 	 
0.004400000	 -0.226 	  -61.61 	 
0.004600000	 -0.225 	  -61.31 	 
0.004800000	 -0.225 	  -60.98 	 
0.005000000	 -0.225 	  -60.66 	 
0.005200000	 -0.225 	  -60.33 	 
0.005400000	 -0.224 	  -60.01 	 
0.005600000	 -0.225 	  -59.70 	 
0.005800000	 -0.224 	  -59.40 	 
0.006000000	 -0.223 	  -59.13 	 
0.006200000	 -0.224 	  -58.81 	 
0.006400000	 -0.223 	  -58.53 	 
0.006600000	 -0.223 	  -58.22 	 
0.006800000	 -0.223 	  -57.94 	 
0.007000000	 -0.222 	  -57.63 	 
0.007200000	 -0.222 	  -57.34 	 
0.007400000	 -0.222 	  -57.03 	 
0.007600000	 -0.221 	  -56.78 	 
0.007800000	 -0.221 	  -56.49 	 
0.008000000	 -0.221 	  -56.20 	 
0.008200000	 -0.221 	  -55.92 	 
0.008400000	 -0.220 	  -55.62 	 
0.008600000	 -0.219 	  -55.28 	 
0.008800000	 -0.220 	  -54.95 	 
0.009000000	 -0.219 	  -54.64 	 
0.009200000	 -0.219 	  -54.36 	 
0.009400000	 -0.219 	  -54.10 	 
0.009600000	 -0.219 	  -53.83 	 
0.009800000	 -0.219 	  -53.57 	 
0.010000000	 -0.218 	  -53.30 	 
0.010200000	 -0.217 	  -53.00 	 
0.010400000	 -0.217 	  -52.67 	 
0.010600000	 -0.218 	  -52.37 	 
0.010800000	 -0.217 	  -52.08 	 
0.011000000	 -0.217 	  -51.82 	 
0.011200000	 -0.216 	  -51.58 	 
0.011400000	 -0.217 	  -51.31 	 
0.011600000	 -0.216 	  -51.05 	 
0.011800000	 -0.216 	  -50.80 	 
0.012000000	 -0.215 	  -50.51 	 
0.012200000	 -0.215 	  -50.20 	 
0.012400000	 -0.215 	  -49.91 	 
0.012600000	 -0.215 	  -49.64 	 
0.012800000	 -0.214 	  -49.39 	 
0.013000000	 -0.214 	  -49.17 	 
0.013200000	 -0.213 	  -48.92 	 
0.013400000	 -0.213 	  -48.68 	 
0.013600000	 -0.213 	  -48.46 	 
0.013800000	 -0.213 	  -48.19 	 
0.014000000	 -0.213 	  -47.93 	 
0.014200000	 -0.212 	  -47.65 	 
0.014400000	 -0.212 	  -47.41 	 
0.014600000	 -0.212 	  -47.18 	 
0.014800000	 -0.211 	  -46.95 	 
0.015000000	 -0.211 	  -46.71 	 
0.015200000	 -0.211 	  -46.47 	 
0.015400000	 -0.211 	  -46.23 	 
0.015600000	 -0.210 	  -46.01 	 
0.015800000	 -0.210 	  -45.79 	 
0.016000000	 -0.210 	  -45.57 	 
0.016200000	 -0.209 	  -45.36 	 
0.016400000	 -0.209 	  -45.18 	 
0.016600000	 -0.209 	  -44.96 	 
0.016800000	 -0.209 	  -44.74 	 
0.017000000	 -0.209 	  -44.50 	 
0.017200000	 -0.208 	  -44.25 	 
0.017400000	 -0.209 	  -44.05 	 
0.017600000	 -0.208 	  -43.83 	 
0.017800000	 -0.207 	  -43.64 	 
0.018000000	 -0.207 	  -43.43 	 
0.018200000	 -0.207 	  -43.26 	 
0.018400000	 -0.207 	  -43.07 	 
0.018600000	 -0.207 	  -42.90 	 
0.018800000	 -0.206 	  -42.70 	 
0.019000000	 -0.206 	  -42.52 	 
0.019200000	 -0.207 	  -42.32 	 
0.019400000	 -0.205 	  -42.16 	 
0.019600000	 -0.206 	  -42.01 	 
0.019799999	 -0.205 	  -41.80 	 
0.019999999	 -0.205 	  -41.65 	 
0.020199999	 -0.205 	  -41.48 	 
0.020399999	 -0.204 	  -41.33 	 
0.020599999	 -0.204 	  -41.19 	 
0.020799999	 -0.204 	  -41.04 	 
0.020999999	 -0.204 	  -40.90 	 
0.021199999	 -0.204 	  -40.75 	 
0.021399999	 -0.203 	  -40.62 	 
0.021599999	 -0.203 	  -40.47 	 
0.021799999	 -0.204 	  -40.31 	 
0.021999999	 -0.203 	  -40.19 	 
0.022199999	 -0.203 	  -40.05 	 
0.022399999	 -0.203 	  -39.93 	 
0.022599999	 -0.203 	  -39.81 	 
0.022799999	 -0.202 	  -39.66 	 
0.022999999	 -0.202 	  -39.55 	 
0.023199999	 -0.202 	  -39.46 	 
0.023399999	 -0.202 	  -39.33 	 
0.023599999	 -0.202 	  -39.22 	 
0.023799999	 -0.201 	  -39.11 	 
0.023999999	 -0.201 	  -39.01 	 
0.024199999	 -0.201 	  -38.93 	 
0.024399999	 -0.202 	  -38.84 	 
0.024599999	 -0.201 	  -38.74 	 
0.024799999	 -0.201 	  -38.68 	 
0.024999999	 -0.201 	  -38.60 	 
0.025199999	 -0.201 	  -38.51 	 
0.025399999	 -0.200 	  -38.43 	 
0.025599999	 -0.201 	  -38.32 	 
0.025799999	 -0.200 	  -38.24 	 
0.025999999	 -0.200 	  -38.16 	 
0.026199999	 -0.200 	  -38.12 	 
0.026399999	 -0.198 	  -38.08 	 
0.026599999	 -0.200 	  -38.03 	 
0.026799999	 -0.200 	  -38.00 	 
0.026999999	 -0.200 	  -37.98 	 
0.027199999	 -0.199 	  -37.94 	 
0.027399999	 -0.199 	  -37.91 	 
0.027599999	 -0.200 	  -37.88 	 
0.027799999	 -0.199 	  -37.87 	 
0.027999999	 -0.199 	  -37.81 	 
0.028199999	 -0.199 	  -37.79 	 
0.028399999	 -0.200 	  -37.75 	 
0.028599999	 -0.199 	  -37.70 	 
0.028799999	 -0.199 	  -37.71 	 
0.028999999	 -0.199 	  -37.70 	 
0.029199999	 -0.198 	  -37.70 	 
0.029399999	 -0.199 	  -37.73 	 
0.029599999	 -0.199 	  -37.73 	 
0.029799999	 -0.199 	  -37.73 	 
0.029999999	 -0.198 	  -37.73 	 
0.030199999	 -0.198 	  -37.72 	 
0.030399999	 -0.198 	  -37.75 	 
0.030599999	 -0.198 	  -37.76 	 
0.030799999	 -0.198 	  -37.77 	 
0.030999999	 -0.198 	  -37.81 	 
0.031199999	 -0.198 	  -37.84 	 
0.031399999	 -0.198 	  -37.87 	 
0.031599999	 -0.198 	  -37.90 	 
0.031799999	 -0.198 	  -37.94 	 
0.031999999	 -0.198 	  -37.99 	 
0.032199999	 -0.199 	  -38.03 	 
0.032399999	 -0.198 	  -38.06 	 
0.032599999	 -0.198 	  -38.12 	 
0.032799999	 -0.198 	  -38.16 	 
0.032999999	 -0.198 	  -38.19 	 
0.033199999	 -0.199 	  -38.27 	 
0.033399999	 -0.198 	  -38.39 	 
0.033599999	 -0.198 	  -38.47 	 
0.033799999	 -0.199 	  -38.55 	 
0.033999999	 -0.198 	  -38.63 	 
0.034199999	 -0.199 	  -38.70 	 
0.034399999	 -0.198 	  -38.75 	 
0.034599999	 -0.199 	  -38.82 	 
0.034799999	 -0.198 	  -38.91 	 
0.034999999	 -0.198 	  -39.02 	 
0.035199999	 -0.198 	  -39.15 	 
0.035399999	 -0.198 	  -39.26 	 
0.035599999	 -0.199 	  -39.40 	 
0.035799999	 -0.199 	  -39.50 	 
0.035999999	 -0.198 	  -39.61 	 
0.036199999	 -0.198 	  -39.75 	 
0.036399999	 -0.199 	  -39.90 	 
0.036599999	 -0.199 	  -39.99 	 
0.036799999	 -0.200 	  -40.10 	 
0.036999999	 -0.199 	  -40.20 	 
0.037199999	 -0.199 	  -40.34 	 
0.037399999	 -0.199 	  -40.45 	 
0.037599999	 -0.199 	  -40.63 	 
0.037799999	 -0.199 	  -40.79 	 
0.037999999	 -0.200 	  -40.97 	 
0.038199999	 -0.199 	  -41.10 	 
0.038399999	 -0.200 	  -41.26 	 
0.038599999	 -0.201 	  -41.41 	 
0.038799999	 -0.200 	  -41.58 	 
0.038999999	 -0.201 	  -41.73 	 
0.039199999	 -0.200 	  -41.92 	 
0.039399999	 -0.201 	  -42.12 	 
0.039599999	 -0.201 	  -42.33 	 
0.039799999	 -0.201 	  -42.53 	 
0.039999999	 -0.201 	  -42.74 	 
0.040199999	 -0.201 	  -42.86 	 
0.040399999	 -0.201 	  -43.03 	 
0.040599999	 -0.201 	  -43.20 	 
0.040799999	 -0.201 	  -43.40 	 
0.040999999	 -0.202 	  -43.60 	 
0.041199999	 -0.202 	  -43.84 	 
0.041399999	 -0.202 	  -44.08 	 
0.041599999	 -0.202 	  -44.28 	 
0.041799999	 -0.202 	  -44.49 	 
0.041999999	 -0.202 	  -44.65 	 
0.042199999	 -0.203 	  -44.86 	 
0.042399999	 -0.202 	  -45.09 	 
0.042599999	 -0.203 	  -45.31 	 
0.042799999	 -0.203 	  -45.55 	 
0.042999999	 -0.203 	  -45.84 	 
0.043199999	 -0.203 	  -46.10 	 
0.043399999	 -0.203 	  -46.34 	 
0.043599999	 -0.203 	  -46.56 	 
0.043799999	 -0.203 	  -46.76 	 
0.043999999	 -0.203 	  -46.94 	 
0.044199999	 -0.204 	  -47.16 	 
0.044399999	 -0.205 	  -47.41 	 
0.044599999	 -0.204 	  -47.69 	 
0.044799999	 -0.205 	  -48.00 	 
0.044999999	 -0.205 	  -48.27 	 
0.045199999	 -0.205 	  -48.52 	 
0.045399999	 -0.205 	  -48.74 	 
0.045599999	 -0.206 	  -48.97 	 
0.045799999	 -0.205 	  -49.17 	 
0.045999999	 -0.206 	  -49.42 	 
0.046199999	 -0.206 	  -49.71 	 
0.046399999	 -0.206 	  -50.04 	 
0.046599999	 -0.207 	  -50.38 	 
0.046799999	 -0.207 	  -50.70 	 
0.046999999	 -0.207 	  -50.96 	 
0.047199999	 -0.207 	  -51.24 	 
0.047399999	 -0.207 	  -51.44 	 
0.047599999	 -0.208 	  -51.64 	 
0.047799999	 -0.208 	  -51.90 	 
0.047999999	 -0.208 	  -52.20 	 
0.048199999	 -0.209 	  -52.50 	 
0.048399999	 -0.209 	  -52.84 	 
0.048599999	 -0.209 	  -53.15 	 
0.048799999	 -0.209 	  -53.45 	 
0.048999999	 -0.209 	  -53.73 	 
0.049199999	 -0.209 	  -53.96 	 
0.049399999	 -0.210 	  -54.21 	 
0.049599999	 -0.210 	  -54.50 	 
0.049799999	 -0.211 	  -54.81 	 
0.049999999	 -0.211 	  -55.13 	 
0.050199999	 -0.211 	  -55.46 	 
0.050399999	 -0.212 	  -55.75 	 
0.050599999	 -0.211 	  -56.04 	 
0.050799999	 -0.212 	  -56.27 	 
0.050999999	 -0.213 	  -56.52 	 
0.051199999	 -0.212 	  -56.79 	 
0.051399999	 -0.213 	  -57.08 	 
0.051599999	 -0.212 	  -57.44 	 
0.051799999	 -0.213 	  -57.76 	 
0.051999999	 -0.213 	  -58.11 	 
0.052199999	 -0.213 	  -58.42 	 
0.052399999	 -0.214 	  -58.72 	 
0.052599999	 -0.214 	  -58.96 	 
0.052799999	 -0.215 	  -59.22 	 
0.052999999	 -0.215 	  -59.49 	 
0.053199999	 -0.214 	  -59.77 	 
0.053399999	 -0.215 	  -60.10 	 
0.053599999	 -0.216 	  -60.50 	 
0.053799999	 -0.216 	  -60.84 	 
0.053999999	 -0.216 	  -61.17 	 
0.054199999	 -0.216 	  -61.46 	 
0.054399999	 -0.217 	  -61.70 	 
0.054599999	 -0.217 	  -61.96 	 
0.054799999	 -0.217 	  -62.22 	 
0.054999999	 -0.217 	  -62.51 	 
0.055199999	 -0.218 	  -62.80 	 
0.055399999	 -0.219 	  -63.16 	 
0.055599999	 -0.218 	  -63.52 	 
0.055799999	 -0.219 	  -63.86 	 
0.055999999	 -0.219 	  -64.15 	 
0.056199999	 -0.220 	  -64.42 	 
0.056399999	 -0.219 	  -64.65 	 
0.056599999	 -0.220 	  -64.91 	 
0.056799999	 -0.220 	  -65.21 	 
0.056999999	 -0.221 	  -65.53 	 
0.057199999	 -0.221 	  -65.87 	 
0.057399999	 -0.221 	  -66.20 	 
0.057599999	 -0.222 	  -66.51 	 
0.057799999	 -0.222 	  -66.79 	 
0.057999999	 -0.222 	  -67.02 	 
0.058199999	 -0.222 	  -67.28 	 
0.058399999	 -0.223 	  -67.54 	 
0.058599999	 -0.223 	  -67.85 	 
0.058799999	 -0.223 	  -68.15 	 
0.058999999	 -0.224 	  -68.47 	 
0.059199999	 -0.224 	  -68.78 	 
0.059399998	 -0.224 	  -69.06 	 
0.059599998	 -0.224 	  -69.35 	 
0.059799998	 -0.225 	  -69.60 	 
0.059999998	 -0.225 	  -69.85 	 
0.060199998	 -0.225 	  -70.14 	 
0.060399998	 -0.225 	  -70.43 	 
0.060599998	 -0.226 	  -70.71 	 
0.060799998	 -0.226 	  -71.04 	 
0.060999998	 -0.226 	  -71.35 	 
0.061199998	 -0.227 	  -71.63 	 
0.061399998	 -0.227 	  -71.89 	 
0.061599998	 -0.227 	  -72.12 	 
0.061799998	 -0.227 	  -72.37 	 
0.061999998	 -0.227 	  -72.63 	 
0.062199998	 -0.228 	  -72.90 	 
0.062399998	 -0.228 	  -73.18 	 
0.062599998	 -0.229 	  -73.45 	 
0.062799998	 -0.229 	  -73.71 	 
0.062999998	 -0.229 	  -73.95 	 
0.063199998	 -0.229 	  -74.19 	 
0.063399998	 -0.230 	  -74.41 	 
0.063599998	 -0.230 	  -74.66 	 
0.063799998	 -0.230 	  -74.91 	 
0.063999998	 -0.230 	  -75.17 	 
0.064199998	 -0.230 	  -75.44 	 
0.064399998	 -0.231 	  -75.70 	 
0.064599998	 -0.231 	  -75.96 	 
0.064799998	 -0.231 	  -76.21 	 
0.064999998	 -0.231 	  -76.44 	 
0.065199998	 -0.231 	  -76.65 	 
0.065399998	 -0.231 	  -76.86 	 
0.065599998	 -0.232 	  -77.04 	 
0.065799998	 -0.231 	  -77.30 	 
0.065999998	 -0.233 	  -77.52 	 
0.066199998	 -0.232 	  -77.75 	 
0.066399998	 -0.233 	  -77.97 	 
0.066599998	 -0.233 	  -78.17 	 
0.066799998	 -0.233 	  -78.39 	 
0.066999998	 -0.233 	  -78.60 	 
0.067199998	 -0.234 	  -78.82 	 
0.067399998	 -0.233 	  -79.04 	 
0.067599998	 -0.234 	  -79.25 	 
0.067799998	 -0.234 	  -79.44 	 
0.067999998	 -0.235 	  -79.64 	 
0.068199998	 -0.235 	  -79.83 	 
0.068399998	 -0.235 	  -80.01 	 
0.068599998	 -0.235 	  -80.22 	 
0.068799998	 -0.236 	  -80.42 	 
0.068999998	 -0.235 	  -80.61 	 
0.069199998	 -0.236 	  -80.80 	 
0.069399998	 -0.236 	  -80.96 	 
0.069599998	 -0.236 	  -81.14 	 
0.069799998	 -0.237 	  -81.29 	 
0.069999998	 -0.236 	  -81.45 	 
0.070199998	 -0.237 	  -81.58 	 
0.070399998	 -0.237 	  -81.73 	 
0.070599998	 -0.237 	  -81.87 	 
0.070799998	 -0.236 	  -82.05 	 
0.070999998	 -0.237 	  -82.19 	 
0.071199998	 -0.237 	  -82.34 	 
0.071399998	 -0.238 	  -82.50 	 
0.071599998	 -0.238 	  -82.64 	 
0.071799998	 -0.238 	  -82.77 	 
0.071999998	 -0.239 	  -82.91 	 
0.072199998	 -0.238 	  -83.05 	 
0.072399998	 -0.238 	  -83.20 	 
0.072599998	 -0.239 	  -83.33 	 
0.072799998	 -0.238 	  -83.47 	 
0.072999998	 -0.239 	  -83.60 	 
0.073199998	 -0.239 	  -83.70 	 
0.073399998	 -0.239 	  -83.79 	 
0.073599998	 -0.239 	  -83.90 	 
0.073799998	 -0.239 	  -83.99 	 
0.073999998	 -0.239 	  -84.08 	 
0.074199998	 -0.239 	  -84.16 	 
0.074399998	 -0.239 	  -84.28 	 
0.074599998	 -0.240 	  -84.37 	 
0.074799998	 -0.239 	  -84.45 	 
0.074999998	 -0.239 	  -84.55 	 
0.075199998	 -0.240 	  -84.62 	 
0.075399998	 -0.240 	  -84.71 	 
0.075599998	 -0.240 	  -84.78 	 
0.075799998	 -0.239 	  -84.85 	 
0.075999998	 -0.240 	  -84.92 	 
0.076199998	 -0.240 	  -85.00 	 
0.076399998	 -0.241 	  -85.08 	 
0.076599998	 -0.241 	  -85.13 	 
0.076799998	 -0.240 	  -85.19 	 
0.076999998	 -0.240 	  -85.22 	 
0.077199998	 -0.241 	  -85.24 	 
0.077399998	 -0.241 	  -85.26 	 
0.077599998	 -0.240 	  -85.27 	 
0.077799998	 -0.241 	  -85.31 	 
0.077999998	 -0.241 	  -85.31 	 
0.078199998	 -0.240 	  -85.34 	 
0.078399998	 -0.241 	  -85.39 	 
0.078599998	 -0.241 	  -85.41 	 
0.078799998	 -0.241 	  -85.44 	 
0.078999998	 -0.241 	  -85.45 	 
0.079199998	 -0.240 	  -85.45 	 
0.079399998	 -0.241 	  -85.46 	 
0.079599998	 -0.241 	  -85.44 	 
0.079799998	 -0.241 	  -85.43 	 
0.079999998	 -0.241 	  -85.44 	 
0.080199998	 -0.241 	  -85.48 	 
0.080399998	 -0.241 	  -85.49 	 
0.080599998	 -0.241 	  -85.48 	 
0.080799998	 -0.241 	  -85.46 	 
0.080999998	 -0.241 	  -85.41 	 
0.081199998	 -0.241 	  -85.35 	 
0.081399998	 -0.241 	  -85.30 	 
0.081599998	 -0.241 	  -85.26 	 
0.081799998	 -0.241 	  -85.22 	 
0.081999998	 -0.241 	  -85.19 	 
0.082199998	 -0.241 	  -85.19 	 
0.082399998	 -0.241 	  -85.14 	 
0.082599998	 -0.241 	  -85.08 	 
0.082799998	 -0.242 	  -85.03 	 
0.082999998	 -0.242 	  -84.95 	 
0.083199998	 -0.241 	  -84.89 	 
0.083399998	 -0.242 	  -84.82 	 
0.083599998	 -0.241 	  -84.78 	 
0.083799998	 -0.242 	  -84.73 	 
0.083999998	 -0.241 	  -84.69 	 
0.084199998	 -0.241 	  -84.61 	 
0.084399998	 -0.241 	  -84.51 	 
0.084599998	 -0.241 	  -84.41 	 
0.084799998	 -0.242 	  -84.30 	 
0.084999998	 -0.241 	  -84.19 	 
0.085199998	 -0.241 	  -84.08 	 
0.085399998	 -0.241 	  -83.97 	 
0.085599998	 -0.241 	  -83.89 	 
0.085799998	 -0.241 	  -83.80 	 
0.085999998	 -0.241 	  -83.70 	 
0.086199998	 -0.240 	  -83.59 	 
0.086399998	 -0.241 	  -83.46 	 
0.086599998	 -0.241 	  -83.31 	 
0.086799998	 -0.241 	  -83.16 	 
0.086999998	 -0.241 	  -83.05 	 
0.087199998	 -0.241 	  -82.96 	 
0.087399998	 -0.240 	  -82.87 	 
0.087599998	 -0.241 	  -82.76 	 
0.087799998	 -0.240 	  -82.60 	 
0.087999998	 -0.240 	  -82.42 	 
0.088199998	 -0.240 	  -82.24 	 
0.088399998	 -0.240 	  -82.02 	 
0.088599998	 -0.240 	  -81.86 	 
0.088799998	 -0.240 	  -81.71 	 
0.088999998	 -0.240 	  -81.58 	 
0.089199998	 -0.240 	  -81.42 	 
0.089399998	 -0.239 	  -81.27 	 
0.089599998	 -0.239 	  -81.09 	 
0.089799998	 -0.239 	  -80.87 	 
0.089999998	 -0.239 	  -80.66 	 
0.090199998	 -0.239 	  -80.46 	 
0.090399998	 -0.240 	  -80.26 	 
0.090599998	 -0.239 	  -80.09 	 
0.090799998	 -0.239 	  -79.97 	 
0.090999998	 -0.239 	  -79.81 	 
0.091199998	 -0.239 	  -79.58 	 
0.091399998	 -0.239 	  -79.34 	 
0.091599998	 -0.239 	  -79.08 	 
0.091799998	 -0.239 	  -78.81 	 
0.091999998	 -0.239 	  -78.58 	 
0.092199998	 -0.238 	  -78.41 	 
0.092399998	 -0.238 	  -78.22 	 
0.092599998	 -0.238 	  -78.03 	 
0.092799998	 -0.238 	  -77.81 	 
0.092999998	 -0.238 	  -77.56 	 
0.093199998	 -0.238 	  -77.29 	 
0.093399998	 -0.238 	  -77.03 	 
0.093599998	 -0.238 	  -76.79 	 
0.093799998	 -0.237 	  -76.56 	 
0.093999998	 -0.237 	  -76.36 	 
0.094199998	 -0.236 	  -76.17 	 
0.094399998	 -0.237 	  -75.97 	 
0.094599998	 -0.236 	  -75.74 	 
0.094799998	 -0.236 	  -75.46 	 
0.094999998	 -0.236 	  -75.12 	 
0.095199998	 -0.236 	  -74.80 	 
0.095399998	 -0.235 	  -74.54 	 
0.095599998	 -0.235 	  -74.31 	 
0.095799998	 -0.235 	  -74.08 	 
0.095999998	 -0.235 	  -73.86 	 
0.096199998	 -0.235 	  -73.62 	 
0.096399998	 -0.235 	  -73.34 	 
0.096599998	 -0.234 	  -73.03 	 
0.096799998	 -0.235 	  -72.70 	 
0.096999998	 -0.234 	  -72.40 	 
0.097199998	 -0.234 	  -72.12 	 
0.097399998	 -0.234 	  -71.87 	 
0.097599998	 -0.233 	  -71.68 	 
0.097799998	 -0.233 	  -71.42 	 
0.097999998	 -0.234 	  -71.17 	 
0.098199998	 -0.233 	  -70.83 	 
0.098399998	 -0.233 	  -70.46 	 
0.098599998	 -0.233 	  -70.14 	 
0.098799998	 -0.233 	  -69.83 	 
0.098999997	 -0.232 	  -69.57 	 
0.099199997	 -0.232 	  -69.33 	 
0.099399997	 -0.232 	  -69.11 	 
0.099599997	 -0.232 	  -68.82 	 
0.099799997	 -0.231 	  -68.54 	 
0.099999997	 -0.231 	  -68.21 	 
0.100199997	 -0.231 	  -67.88 	 
0.100399997	 -0.231 	  -67.57 	 
0.100599997	 -0.231 	  -67.29 	 
0.100799997	 -0.230 	  -66.99 	 
0.100999997	 -0.230 	  -66.73 	 
0.101199997	 -0.230 	  -66.44 	 
0.101399997	 -0.229 	  -66.16 	 
0.101599997	 -0.229 	  -65.86 	 
0.101799997	 -0.230 	  -65.54 	 
0.101999997	 -0.229 	  -65.19 	 
0.102199997	 -0.229 	  -64.87 	 
0.102399997	 -0.229 	  -64.54 	 
0.102599997	 -0.228 	  -64.27 	 
0.102799997	 -0.228 	  -64.00 	 
0.102999997	 -0.228 	  -63.74 	 
0.103199997	 -0.227 	  -63.45 	 
0.103399997	 -0.227 	  -63.16 	 
0.103599997	 -0.227 	  -62.81 	 
0.103799997	 -0.226 	  -62.48 	 
0.103999997	 -0.226 	  -62.14 	 
0.104199997	 -0.226 	  -61.81 	 
0.104399997	 -0.226 	  -61.49 	 
0.104599997	 -0.226 	  -61.23 	 
0.104799997	 -0.225 	  -60.96 	 
0.104999997	 -0.225 	  -60.66 	 
0.105199997	 -0.225 	  -60.37 	 
0.105399997	 -0.225 	  -60.06 	 
0.105599997	 -0.225 	  -59.73 	 
0.105799997	 -0.224 	  -59.40 	 
0.105999997	 -0.224 	  -59.09 	 
0.106199997	 -0.224 	  -58.81 	 
0.106399997	 -0.223 	  -58.55 	 
0.106599997	 -0.223 	  -58.28 	 
0.106799997	 -0.223 	  -58.00 	 
0.106999997	 -0.222 	  -57.71 	 
0.107199997	 -0.223 	  -57.35 	 
0.107399997	 -0.222 	  -57.02 	 
0.107599997	 -0.222 	  -56.71 	 
0.107799997	 -0.222 	  -56.40 	 
0.107999997	 -0.221 	  -56.14 	 
0.108199997	 -0.221 	  -55.89 	 
0.108399997	 -0.221 	  -55.63 	 
0.108599997	 -0.219 	  -55.33 	 
0.108799997	 -0.220 	  -55.04 	 
0.108999997	 -0.219 	  -54.70 	 
0.109199997	 -0.219 	  -54.40 	 
0.109399997	 -0.219 	  -54.11 	 
0.109599997	 -0.219 	  -53.80 	 
0.109799997	 -0.219 	  -53.53 	 
0.109999997	 -0.218 	  -53.26 	 
0.110199997	 -0.218 	  -52.99 	 
0.110399997	 -0.218 	  -52.70 	 
0.110599997	 -0.217 	  -52.39 	 
0.110799997	 -0.218 	  -52.09 	 
0.110999997	 -0.217 	  -51.80 	 
0.111199997	 -0.216 	  -51.53 	 
0.111399997	 -0.216 	  -51.27 	 
0.111599997	 -0.216 	  -51.01 	 
0.111799997	 -0.215 	  -50.79 	 
0.111999997	 -0.216 	  -50.52 	 
0.112199997	 -0.215 	  -50.27 	 
0.112399997	 -0.215 	  -49.98 	 
0.112599997	 -0.215 	  -49.67 	 
0.112799997	 -0.214 	  -49.39 	 
0.112999997	 -0.214 	  -49.14 	 
0.113199997	 -0.214 	  -48.87 	 
0.113399997	 -0.214 	  -48.64 	 
0.113599997	 -0.213 	  -48.41 	 
0.113799997	 -0.213 	  -48.20 	 
0.113999997	 -0.212 	  -47.93 	 
0.114199997	 -0.212 	  -47.69 	 
0.114399997	 -0.212 	  -47.40 	 
0.114599997	 -0.211 	  -47.19 	 
0.114799997	 -0.212 	  -46.95 	 
0.114999997	 -0.211 	  -46.73 	 
0.115199997	 -0.211 	  -46.50 	 
0.115399997	 -0.210 	  -46.27 	 
0.115599997	 -0.210 	  -46.04 	 
0.115799997	 -0.210 	  -45.81 	 
0.115999997	 -0.209 	  -45.57 	 
0.116199997	 -0.209 	  -45.33 	 
0.116399997	 -0.210 	  -45.09 	 
0.116599997	 -0.209 	  -44.88 	 
0.116799997	 -0.208 	  -44.70 	 
0.116999997	 -0.209 	  -44.49 	 
0.117199997	 -0.208 	  -44.29 	 
0.117399997	 -0.209 	  -44.08 	 
0.117599997	 -0.207 	  -43.89 	 
0.117799997	 -0.207 	  -43.64 	 
0.117999997	 -0.207 	  -43.43 	 
0.118199997	 -0.207 	  -43.23 	 
0.118399997	 -0.207 	  -43.03 	 
0.118599997	 -0.207 	  -42.84 	 
0.118799997	 -0.206 	  -42.70 	 
0.118999997	 -0.207 	  -42.53 	 
0.119199997	 -0.207 	  -42.35 	 
0.119399997	 -0.205 	  -42.18 	 
0.119599997	 -0.206 	  -42.03 	 
0.119799997	 -0.206 	  -41.82 	 
0.119999997	 -0.205 	  -41.66 	 
0.120199997	 -0.205 	  -41.51 	 
0.120399997	 -0.205 	  -41.34 	 
0.120599997	 -0.205 	  -41.19 	 
0.120799997	 -0.205 	  -41.03 	 
0.120999997	 -0.204 	  -40.89 	 
0.121199997	 -0.204 	  -40.73 	 
0.121399997	 -0.204 	  -40.58 	 
0.121599997	 -0.203 	  -40.43 	 
0.121799997	 -0.204 	  -40.28 	 
0.121999997	 -0.203 	  -40.14 	 
0.122199997	 -0.203 	  -40.03 	 
0.122399997	 -0.203 	  -39.92 	 
0.122599997	 -0.203 	  -39.79 	 
0.122799997	 -0.203 	  -39.70 	 
0.122999997	 -0.202 	  -39.60 	 
0.123199997	 -0.202 	  -39.49 	 
0.123399997	 -0.202 	  -39.37 	 
0.123599997	 -0.201 	  -39.24 	 
0.123799997	 -0.202 	  -39.11 	 
0.123999997	 -0.202 	  -38.98 	 
0.124199997	 -0.201 	  -38.90 	 
0.124399997	 -0.202 	  -38.82 	 
0.124599997	 -0.201 	  -38.73 	 
0.124799997	 -0.201 	  -38.67 	 
0.124999997	 -0.201 	  -38.58 	 
0.125199997	 -0.201 	  -38.48 	 
0.125399997	 -0.201 	  -38.42 	 
0.125599997	 -0.200 	  -38.33 	 
0.125799997	 -0.200 	  -38.28 	 
0.125999997	 -0.200 	  -38.22 	 
0.126199997	 -0.200 	  -38.16 	 
0.126399997	 -0.200 	  -38.10 	 
0.126599997	 -0.200 	  -38.05 	 
0.126799997	 -0.199 	  -38.00 	 
0.126999997	 -0.200 	  -37.97 	 
0.127199997	 -0.200 	  -37.92 	 
0.127399997	 -0.199 	  -37.88 	 
0.127599997	 -0.200 	  -37.86 	 
0.127799997	 -0.199 	  -37.83 	 
0.127999997	 -0.199 	  -37.82 	 
0.128199997	 -0.199 	  -37.79 	 
0.128399997	 -0.199 	  -37.79 	 
0.128599997	 -0.199 	  -37.76 	 
0.128799997	 -0.199 	  -37.76 	 
0.128999997	 -0.198 	  -37.73 	 
0.129199997	 -0.199 	  -37.71 	 
0.129399997	 -0.199 	  -37.70 	 
0.129599997	 -0.199 	  -37.69 	 
0.129799997	 -0.199 	  -37.70 	 
0.129999997	 -0.198 	  -37.70 	 
0.130199997	 -0.199 	  -37.73 	 
0.130399997	 -0.199 	  -37.73 	 
0.130599997	 -0.198 	  -37.77 	 
0.130799997	 -0.198 	  -37.78 	 
0.130999997	 -0.198 	  -37.80 	 
0.131199997	 -0.198 	  -37.82 	 
0.131399997	 -0.199 	  -37.86 	 
0.131599997	 -0.198 	  -37.91 	 
0.131799997	 -0.198 	  -37.98 	 
0.131999997	 -0.198 	  -38.03 	 
0.132199997	 -0.198 	  -38.03 	 
0.132399997	 -0.198 	  -38.07 	 
0.132599997	 -0.198 	  -38.09 	 
0.132799997	 -0.198 	  -38.14 	 
0.132999997	 -0.199 	  -38.21 	 
0.133199997	 -0.198 	  -38.27 	 
0.133399997	 -0.198 	  -38.36 	 
0.133599997	 -0.199 	  -38.45 	 
0.133799997	 -0.198 	  -38.54 	 
0.133999997	 -0.199 	  -38.60 	 
0.134199997	 -0.199 	  -38.68 	 
0.134399997	 -0.198 	  -38.76 	 
0.134599997	 -0.199 	  -38.87 	 
0.134799997	 -0.198 	  -38.98 	 
0.134999997	 -0.198 	  -39.08 	 
0.135199997	 -0.199 	  -39.17 	 
0.135399997	 -0.198 	  -39.26 	 
0.135599997	 -0.199 	  -39.35 	 
0.135799997	 -0.199 	  -39.46 	 
0.135999997	 -0.198 	  -39.57 	 
0.136199997	 -0.199 	  -39.70 	 
0.136399997	 -0.199 	  -39.87 	 
0.136599997	 -0.199 	  -39.98 	 
0.136799997	 -0.199 	  -40.11 	 
0.136999997	 -0.199 	  -40.25 	 
0.137199997	 -0.200 	  -40.35 	 
0.137399997	 -0.200 	  -40.47 	 
0.137599997	 -0.199 	  -40.63 	 
0.137799997	 -0.200 	  -40.79 	 
0.137999997	 -0.200 	  -40.97 	 
0.138199997	 -0.200 	  -41.12 	 
0.138399997	 -0.200 	  -41.28 	 
0.138599996	 -0.200 	  -41.43 	 
0.138799996	 -0.200 	  -41.58 	 
0.138999996	 -0.201 	  -41.71 	 
0.139199996	 -0.200 	  -41.86 	 
0.139399996	 -0.200 	  -42.10 	 
0.139599996	 -0.201 	  -42.28 	 
0.139799996	 -0.201 	  -42.48 	 
0.139999996	 -0.201 	  -42.67 	 
0.140199996	 -0.201 	  -42.86 	 
0.140399996	 -0.201 	  -43.07 	 
0.140599996	 -0.202 	  -43.23 	 
0.140799996	 -0.202 	  -43.41 	 
0.140999996	 -0.202 	  -43.65 	 
0.141199996	 -0.202 	  -43.90 	 
0.141399996	 -0.202 	  -44.13 	 
0.141599996	 -0.202 	  -44.32 	 
0.141799996	 -0.202 	  -44.52 	 
0.141999996	 -0.202 	  -44.67 	 
0.142199996	 -0.203 	  -44.85 	 
0.142399996	 -0.203 	  -45.07 	 
0.142599996	 -0.203 	  -45.32 	 
0.142799996	 -0.203 	  -45.55 	 
0.142999996	 -0.203 	  -45.81 	 
0.143199996	 -0.203 	  -46.06 	 
0.143399996	 -0.203 	  -46.30 	 
0.143599996	 -0.203 	  -46.52 	 
0.143799996	 -0.203 	  -46.73 	 
0.143999996	 -0.204 	  -46.95 	 
0.144199996	 -0.204 	  -47.15 	 
0.144399996	 -0.205 	  -47.43 	 
0.144599996	 -0.204 	  -47.72 	 
0.144799996	 -0.205 	  -48.05 	 
0.144999996	 -0.205 	  -48.31 	 
0.145199996	 -0.205 	  -48.57 	 
0.145399996	 -0.205 	  -48.78 	 
0.145599996	 -0.205 	  -48.98 	 
0.145799996	 -0.206 	  -49.20 	 
0.145999996	 -0.207 	  -49.43 	 
0.146199996	 -0.206 	  -49.71 	 
0.146399996	 -0.207 	  -50.02 	 
0.146599996	 -0.207 	  -50.33 	 
0.146799996	 -0.207 	  -50.63 	 
0.146999996	 -0.207 	  -50.92 	 
0.147199996	 -0.207 	  -51.18 	 
0.147399996	 -0.207 	  -51.42 	 
0.147599996	 -0.207 	  -51.66 	 
0.147799996	 -0.207 	  -51.93 	 
0.147999996	 -0.208 	  -52.22 	 
0.148199996	 -0.208 	  -52.55 	 
0.148399996	 -0.209 	  -52.89 	 
0.148599996	 -0.209 	  -53.19 	 
0.148799996	 -0.209 	  -53.48 	 
0.148999996	 -0.209 	  -53.73 	 
0.149199996	 -0.210 	  -53.95 	 
0.149399996	 -0.210 	  -54.21 	 
0.149599996	 -0.210 	  -54.48 	 
0.149799996	 -0.210 	  -54.77 	 
0.149999996	 -0.210 	  -55.10 	 
0.150199996	 -0.211 	  -55.41 	 
0.150399996	 -0.211 	  -55.72 	 
0.150599996	 -0.211 	  -56.03 	 
0.150799996	 -0.212 	  -56.29 	 
0.150999996	 -0.212 	  -56.55 	 
0.151199996	 -0.212 	  -56.81 	 
0.151399996	 -0.212 	  -57.08 	 
0.151599996	 -0.213 	  -57.41 	 
0.151799996	 -0.214 	  -57.78 	 
0.151999996	 -0.214 	  -58.13 	 
0.152199996	 -0.214 	  -58.44 	 
0.152399996	 -0.214 	  -58.74 	 
0.152599996	 -0.214 	  -59.00 	 
0.152799996	 -0.215 	  -59.25 	 
0.152999996	 -0.215 	  -59.51 	 
0.153199996	 -0.215 	  -59.79 	 
0.153399996	 -0.215 	  -60.10 	 
0.153599996	 -0.216 	  -60.44 	 
0.153799996	 -0.216 	  -60.78 	 
0.153999996	 -0.216 	  -61.10 	 
0.154199996	 -0.217 	  -61.42 	 
0.154399996	 -0.217 	  -61.68 	 
0.154599996	 -0.217 	  -61.95 	 
0.154799996	 -0.217 	  -62.23 	 
0.154999996	 -0.217 	  -62.53 	 
0.155199996	 -0.218 	  -62.84 	 
0.155399996	 -0.218 	  -63.16 	 
0.155599996	 -0.219 	  -63.50 	 
0.155799996	 -0.219 	  -63.82 	 
0.155999996	 -0.219 	  -64.16 	 
0.156199996	 -0.220 	  -64.46 	 
0.156399996	 -0.220 	  -64.71 	 
0.156599996	 -0.220 	  -64.97 	 
0.156799996	 -0.220 	  -65.25 	 
0.156999996	 -0.220 	  -65.52 	 
0.157199996	 -0.221 	  -65.83 	 
0.157399996	 -0.221 	  -66.14 	 
0.157599996	 -0.222 	  -66.43 	 
0.157799996	 -0.222 	  -66.72 	 
0.157999996	 -0.222 	  -67.00 	 
0.158199996	 -0.222 	  -67.27 	 
0.158399996	 -0.223 	  -67.56 	 
0.158599996	 -0.223 	  -67.85 	 
0.158799996	 -0.223 	  -68.15 	 
0.158999996	 -0.223 	  -68.45 	 
0.159199996	 -0.224 	  -68.77 	 
0.159399996	 -0.224 	  -69.06 	 
0.159599996	 -0.224 	  -69.37 	 
0.159799996	 -0.225 	  -69.67 	 
0.159999996	 -0.224 	  -69.94 	 
0.160199996	 -0.225 	  -70.19 	 
0.160399996	 -0.225 	  -70.45 	 
0.160599996	 -0.226 	  -70.75 	 
0.160799996	 -0.226 	  -71.05 	 
0.160999996	 -0.226 	  -71.32 	 
0.161199996	 -0.227 	  -71.60 	 
0.161399996	 -0.227 	  -71.85 	 
0.161599996	 -0.227 	  -72.09 	 
0.161799996	 -0.227 	  -72.36 	 
0.161999996	 -0.228 	  -72.61 	 
0.162199996	 -0.229 	  -72.88 	 
0.162399996	 -0.229 	  -73.16 	 
0.162599996	 -0.228 	  -73.43 	 
0.162799996	 -0.228 	  -73.69 	 
0.162999996	 -0.230 	  -73.93 	 
0.163199996	 -0.229 	  -74.21 	 
0.163399996	 -0.229 	  -74.48 	 
0.163599996	 -0.230 	  -74.73 	 
0.163799996	 -0.229 	  -74.97 	 
0.163999996	 -0.230 	  -75.22 	 
0.164199996	 -0.231 	  -75.46 	 
0.164399996	 -0.231 	  -75.71 	 
0.164599996	 -0.231 	  -75.92 	 
0.164799996	 -0.231 	  -76.17 	 
0.164999996	 -0.231 	  -76.38 	 
0.165199996	 -0.231 	  -76.60 	 
0.165399996	 -0.232 	  -76.81 	 
0.165599996	 -0.232 	  -77.04 	 
0.165799996	 -0.233 	  -77.30 	 
0.165999996	 -0.232 	  -77.52 	 
0.166199996	 -0.232 	  -77.75 	 
0.166399996	 -0.233 	  -77.96 	 
0.166599996	 -0.233 	  -78.19 	 
0.166799996	 -0.233 	  -78.40 	 
0.166999996	 -0.234 	  -78.61 	 
0.167199996	 -0.234 	  -78.86 	 
0.167399996	 -0.234 	  -79.08 	 
0.167599996	 -0.235 	  -79.28 	 
0.167799996	 -0.234 	  -79.49 	 
0.167999996	 -0.235 	  -79.68 	 
0.168199996	 -0.235 	  -79.87 	 
0.168399996	 -0.235 	  -80.04 	 
0.168599996	 -0.235 	  -80.21 	 
0.168799996	 -0.235 	  -80.39 	 
0.168999996	 -0.235 	  -80.57 	 
0.169199996	 -0.236 	  -80.74 	 
0.169399996	 -0.235 	  -80.92 	 
0.169599996	 -0.237 	  -81.10 	 
0.169799996	 -0.236 	  -81.27 	 
0.169999996	 -0.236 	  -81.40 	 
0.170199996	 -0.236 	  -81.56 	 
0.170399996	 -0.237 	  -81.72 	 
0.170599996	 -0.237 	  -81.89 	 
0.170799996	 -0.237 	  -82.08 	 
0.170999996	 -0.237 	  -82.26 	 
0.171199996	 -0.238 	  -82.42 	 
0.171399996	 -0.238 	  -82.53 	 
0.171599996	 -0.238 	  -82.66 	 
0.171799996	 -0.238 	  -82.80 	 
0.171999996	 -0.238 	  -82.94 	 
0.172199996	 -0.238 	  -83.05 	 
0.172399996	 -0.239 	  -83.16 	 
0.172599996	 -0.238 	  -83.29 	 
0.172799996	 -0.239 	  -83.42 	 
0.172999996	 -0.239 	  -83.53 	 
0.173199996	 -0.239 	  -83.64 	 
0.173399996	 -0.239 	  -83.77 	 
0.173599996	 -0.239 	  -83.90 	 
0.173799996	 -0.240 	  -83.99 	 
0.173999996	 -0.240 	  -84.10 	 
0.174199996	 -0.239 	  -84.19 	 
0.174399996	 -0.240 	  -84.30 	 
0.174599996	 -0.240 	  -84.42 	 
0.174799996	 -0.240 	  -84.50 	 
0.174999996	 -0.240 	  -84.58 	 
0.175199996	 -0.240 	  -84.65 	 
0.175399996	 -0.240 	  -84.73 	 
0.175599996	 -0.240 	  -84.80 	 
0.175799996	 -0.240 	  -84.87 	 
0.175999996	 -0.240 	  -84.93 	 
0.176199996	 -0.241 	  -84.97 	 
0.176399996	 -0.240 	  -85.02 	 
0.176599996	 -0.241 	  -85.08 	 
0.176799996	 -0.240 	  -85.12 	 
0.176999996	 -0.240 	  -85.17 	 
0.177199996	 -0.240 	  -85.22 	 
0.177399996	 -0.240 	  -85.25 	 
0.177599996	 -0.241 	  -85.26 	 
0.177799996	 -0.242 	  -85.31 	 
0.177999996	 -0.241 	  -85.34 	 
0.178199995	 -0.241 	  -85.36 	 
0.178399995	 -0.242 	  -85.40 	 
0.178599995	 -0.241 	  -85.44 	 
0.178799995	 -0.242 	  -85.47 	 
0.178999995	 -0.241 	  -85.46 	 
0.179199995	 -0.241 	  -85.48 	 
0.179399995	 -0.242 	  -85.48 	 
0.179599995	 -0.241 	  -85.46 	 
0.179799995	 -0.241 	  -85.45 	 
0.179999995	 -0.241 	  -85.44 	 
0.180199995	 -0.242 	  -85.44 	 
0.180399995	 -0.241 	  -85.44 	 
0.180599995	 -0.241 	  -85.43 	 
0.180799995	 -0.241 	  -85.40 	 
0.180999995	 -0.241 	  -85.37 	 
0.181199995	 -0.241 	  -85.33 	 
0.181399995	 -0.241 	  -85.30 	 
0.181599995	 -0.241 	  -85.26 	 
0.181799995	 -0.241 	  -85.25 	 
0.181999995	 -0.242 	  -85.24 	 
0.182199995	 -0.242 	  -85.21 	 
0.182399995	 -0.241 	  -85.17 	 
0.182599995	 -0.242 	  -85.11 	 
0.182799995	 -0.241 	  -85.04 	 
0.182999995	 -0.241 	  -84.98 	 
0.183199995	 -0.241 	  -84.91 	 
0.183399995	 -0.241 	  -84.84 	 
0.183599995	 -0.242 	  -84.76 	 
0.183799995	 -0.241 	  -84.70 	 
0.183999995	 -0.241 	  -84.62 	 
0.184199995	 -0.241 	  -84.56 	 
0.184399995	 -0.241 	  -84.47 	 
0.184599995	 -0.242 	  -84.39 	 
0.184799995	 -0.241 	  -84.32 	 
0.184999995	 -0.241 	  -84.20 	 
0.185199995	 -0.242 	  -84.10 	 
0.185399995	 -0.241 	  -83.99 	 
0.185599995	 -0.241 	  -83.89 	 
0.185799995	 -0.240 	  -83.82 	 
0.185999995	 -0.241 	  -83.74 	 
0.186199995	 -0.241 	  -83.63 	 
0.186399995	 -0.241 	  -83.51 	 
0.186599995	 -0.241 	  -83.38 	 
0.186799995	 -0.240 	  -83.20 	 
0.186999995	 -0.241 	  -83.05 	 
0.187199995	 -0.240 	  -82.91 	 
0.187399995	 -0.241 	  -82.78 	 
0.187599995	 -0.240 	  -82.66 	 
0.187799995	 -0.240 	  -82.55 	 
0.187999995	 -0.241 	  -82.41 	 
0.188199995	 -0.241 	  -82.25 	 
0.188399995	 -0.240 	  -82.08 	 
0.188599995	 -0.240 	  -81.86 	 
0.188799995	 -0.240 	  -81.70 	 
0.188999995	 -0.240 	  -81.53 	 
0.189199995	 -0.240 	  -81.40 	 
0.189399995	 -0.240 	  -81.29 	 
0.189599995	 -0.240 	  -81.14 	 
0.189799995	 -0.240 	  -80.96 	 
0.189999995	 -0.239 	  -80.74 	 
0.190199995	 -0.240 	  -80.50 	 
0.190399995	 -0.240 	  -80.27 	 
0.190599995	 -0.239 	  -80.04 	 
0.190799995	 -0.239 	  -79.85 	 
0.190999995	 -0.239 	  -79.67 	 
0.191199995	 -0.239 	  -79.52 	 
0.191399995	 -0.239 	  -79.34 	 
0.191599995	 -0.239 	  -79.15 	 
0.191799995	 -0.238 	  -78.91 	 
0.191999995	 -0.238 	  -78.66 	 
0.192199995	 -0.238 	  -78.38 	 
0.192399995	 -0.238 	  -78.14 	 
0.192599995	 -0.238 	  -77.95 	 
0.192799995	 -0.238 	  -77.75 	 
0.192999995	 -0.238 	  -77.58 	 
0.193199995	 -0.237 	  -77.39 	 
0.193399995	 -0.238 	  -77.19 	 
0.193599995	 -0.238 	  -76.90 	 
0.193799995	 -0.237 	  -76.62 	 
0.193999995	 -0.237 	  -76.35 	 
0.194199995	 -0.237 	  -76.07 	 
0.194399995	 -0.236 	  -75.82 	 
0.194599995	 -0.237 	  -75.62 	 
0.194799995	 -0.236 	  -75.39 	 
0.194999995	 -0.237 	  -75.13 	 
0.195199995	 -0.236 	  -74.89 	 
0.195399995	 -0.235 	  -74.63 	 
0.195599995	 -0.235 	  -74.36 	 
0.195799995	 -0.235 	  -74.07 	 
0.195999995	 -0.235 	  -73.80 	 
0.196199995	 -0.235 	  -73.53 	 
0.196399995	 -0.235 	  -73.29 	 
0.196599995	 -0.235 	  -73.05 	 
0.196799995	 -0.235 	  -72.79 	 
0.196999995	 -0.234 	  -72.53 	 
0.197199995	 -0.234 	  -72.24 	 
0.197399995	 -0.234 	  -71.92 	 
0.197599995	 -0.233 	  -71.61 	 
0.197799995	 -0.234 	  -71.31 	 
0.197999995	 -0.233 	  -71.02 	 
0.198199995	 -0.233 	  -70.74 	 
0.198399995	 -0.233 	  -70.49 	 
0.198599995	 -0.233 	  -70.23 	 
0.198799995	 -0.232 	  -69.94 	 
0.198999995	 -0.233 	  -69.65 	 
0.199199995	 -0.233 	  -69.33 	 
0.199399995	 -0.232 	  -69.02 	 
0.199599995	 -0.232 	  -68.76 	 
0.199799995	 -0.231 	  -68.45 	 
0.199999995	 -0.231 	  -68.22 	 
0.200199995	 -0.231 	  -67.95 	 
0.200399995	 -0.231 	  -67.68 	 
0.200599995	 -0.231 	  -67.36 	 
0.200799995	 -0.230 	  -67.03 	 
0.200999995	 -0.230 	  -66.69 	 
0.201199995	 -0.230 	  -66.33 	 
0.201399995	 -0.229 	  -66.04 	 
0.201599995	 -0.230 	  -65.78 	 
0.201799995	 -0.229 	  -65.52 	 
0.201999995	 -0.229 	  -65.26 	 
0.202199995	 -0.229 	  -64.95 	 
0.202399995	 -0.229 	  -64.62 	 
0.202599995	 -0.228 	  -64.30 	 
0.202799995	 -0.228 	  -63.97 	 
0.202999995	 -0.227 	  -63.65 	 
0.203199995	 -0.227 	  -63.39 	 
0.203399995	 -0.227 	  -63.11 	 
0.203599995	 -0.226 	  -62.79 	 
0.203799995	 -0.227 	  -62.51 	 
0.203999995	 -0.226 	  -62.19 	 
0.204199995	 -0.226 	  -61.89 	 
0.204399995	 -0.226 	  -61.55 	 
0.204599995	 -0.225 	  -61.22 	 
